-2.000000000000000111e-01
-1.998750390543632682e-01
-1.997501561849162055e-01
-1.996253513428764004e-01
-1.995006244794920169e-01
-1.993759755460416394e-01
-1.992514044938342166e-01
-1.991269112742092284e-01
-1.990024958385364640e-01
-1.988781581382161878e-01
-1.987538981246789460e-01
-1.986297157493857046e-01
-1.985056109638276833e-01
-1.983815837195264942e-01
-1.982576339680339750e-01
-1.981337616609322172e-01
-1.980099667498336213e-01
-1.978862491863808137e-01
-1.977626089222466188e-01
-1.976390459091340590e-01
-1.975155600987762994e-01
-1.973921514429367308e-01
-1.972688198934088311e-01
-1.971455654020161929e-01
-1.970223879206125517e-01
-1.968992874010817018e-01
-1.967762637953374971e-01
-1.966533170553238230e-01
-1.965304471330146519e-01
-1.964076539804138766e-01
-1.962849375495554494e-01
-1.961622977925032152e-01
-1.960397346613510505e-01
-1.959172481082227524e-01
-1.957948380852720105e-01
-1.956725045446823519e-01
-1.955502474386672795e-01
-1.954280667194701060e-01
-1.953059623393639532e-01
-1.951839342506518360e-01
-1.950619824056665230e-01
-1.949401067567705925e-01
-1.948183072563562934e-01
-1.946965838568457952e-01
-1.945749365106907991e-01
-1.944533651703728716e-01
-1.943318697884031943e-01
-1.942104503173226193e-01
-1.940891067097016420e-01
-1.939678389181404561e-01
-1.938466468952688426e-01
-1.937255305937460870e-01
-1.936044899662612284e-01
-1.934835249655326994e-01
-1.933626355443085754e-01
-1.932418216553664081e-01
-1.931210832515133091e-01
-1.930004202855858109e-01
-1.928798327104499222e-01
-1.927593204790011283e-01
-1.926388835441643632e-01
-1.925185218588939540e-01
-1.923982353761735375e-01
-1.922780240490163106e-01
-1.921578878304646409e-01
-1.920378266735903727e-01
-1.919178405314945768e-01
-1.917979293573076893e-01
-1.916780931041894009e-01
-1.915583317253286566e-01
-1.914386451739436834e-01
-1.913190334032819073e-01
-1.911994963666200087e-01
-1.910800340172637835e-01
-1.909606463085482819e-01
-1.908413331938376700e-01
-1.907220946265252848e-01
-1.906029305600335233e-01
-1.904838409478139261e-01
-1.903648257433471214e-01
-1.902458849001428254e-01
-1.901270183717397033e-01
-1.900082261117055638e-01
-1.898895080736371643e-01
-1.897708642111602673e-01
-1.896522944779296393e-01
-1.895337988276289132e-01
-1.894153772139707814e-01
-1.892970295906967748e-01
-1.891787559115774009e-01
-1.890605561304119220e-01
-1.889424302010285772e-01
-1.888243780772844438e-01
-1.887063997130654092e-01
-1.885884950622861433e-01
-1.884706640788901821e-01
-1.883529067168497606e-01
-1.882352229301659241e-01
-1.881176126728684173e-01
-1.880000758990157950e-01
-1.878826125626951726e-01
-1.877652226180224759e-01
-1.876479060191422743e-01
-1.875306627202277254e-01
-1.874134926754806862e-01
-1.872963958391316297e-01
-1.871793721654395615e-01
-1.870624216086921310e-01
-1.869455441232055204e-01
-1.868287396633244724e-01
-1.867120081834222067e-01
-1.865953496379005039e-01
-1.864787639811896769e-01
-1.863622511677483495e-01
-1.862458111520637616e-01
-1.861294438886515468e-01
-1.860131493320557050e-01
-1.858969274368486857e-01
-1.857807781576313044e-01
-1.856647014490327707e-01
-1.855486972657105771e-01
-1.854327655623506377e-01
-1.853169062936670941e-01
-1.852011194144024264e-01
-1.850854048793273698e-01
-1.849697626432409703e-01
-1.848541926609704733e-01
-1.847386948873712964e-01
-1.846232692773271677e-01
-1.845079157857499597e-01
-1.843926343675796886e-01
-1.842774249777845708e-01
-1.841622875713609109e-01
-1.840472221033332134e-01
-1.839322285287539605e-01
-1.838173068027038060e-01
-1.837024568802914926e-01
-1.835876787166537127e-01
-1.834729722669552476e-01
-1.833583374863889393e-01
-1.832437743301755517e-01
-1.831292827535637990e-01
-1.830148627118304838e-01
-1.829005141602802198e-01
-1.827862370542456538e-01
-1.826720313490872438e-01
-1.825578970001933976e-01
-1.824438339629803896e-01
-1.823298421928923607e-01
-1.822159216454012354e-01
-1.821020722760068322e-01
-1.819882940402367255e-01
-1.818745868936463006e-01
-1.817609507918186706e-01
-1.816473856903647599e-01
-1.815338915449232204e-01
-1.814204683111603489e-01
-1.813071159447702252e-01
-1.811938344014745739e-01
-1.810806236370228195e-01
-1.809674836071919202e-01
-1.808544142677866451e-01
-1.807414155746392137e-01
-1.806284874836095733e-01
-1.805156299505851214e-01
-1.804028429314809279e-01
-1.802901263822395406e-01
-1.801774802588310687e-01
-1.800649045172531271e-01
-1.799523991135307810e-01
-1.798399640037166569e-01
-1.797275991438907483e-01
-1.796153044901605267e-01
-1.795030799986608860e-01
-1.793909256255541984e-01
-1.792788413270300918e-01
-1.791668270593056445e-01
-1.790548827786253294e-01
-1.789430084412608757e-01
-1.788312040035113237e-01
-1.787194694217031365e-01
-1.786078046521899776e-01
-1.784962096513527663e-01
-1.783846843755997336e-01
-1.782732287813662830e-01
-1.781618428251151021e-01
-1.780505264633360507e-01
-1.779392796525461340e-01
-1.778281023492896129e-01
-1.777169945101378379e-01
-1.776059560916893043e-01
-1.774949870505696248e-01
-1.773840873434315013e-01
-1.772732569269547809e-01
-1.771624957578462889e-01
-1.770518037928399402e-01
-1.769411809886967113e-01
-1.768306273022045572e-01
-1.767201426901784389e-01
-1.766097271094603238e-01
-1.764993805169191021e-01
-1.763891028694506424e-01
-1.762788941239776808e-01
-1.761687542374500426e-01
-1.760586831668442542e-01
-1.759486808691637927e-01
-1.758387473014390301e-01
-1.757288824207271782e-01
-1.756190861841122608e-01
-1.755093585487051411e-01
-1.753996994716434110e-01
-1.752901089100915299e-01
-1.751805868212406303e-01
-1.750711331623087119e-01
-1.749617478905404200e-01
-1.748524309632071283e-01
-1.747431823376068838e-01
-1.746340019710644897e-01
-1.745248898209313115e-01
-1.744158458445854709e-01
-1.743068699994315685e-01
-1.741979622429010444e-01
-1.740891225324516789e-01
-1.739803508255680642e-01
-1.738716470797611879e-01
-1.737630112525686554e-01
-1.736544433015546063e-01
-1.735459431843096589e-01
-1.734375108584509939e-01
-1.733291462816222150e-01
-1.732208494114934050e-01
-1.731126202057611252e-01
-1.730044586221482772e-01
-1.728963646184042968e-01
-1.727883381523049322e-01
-1.726803791816523548e-01
-1.725724876642751038e-01
-1.724646635580280307e-01
-1.723569068207923549e-01
-1.722492174104756080e-01
-1.721415952850115783e-01
-1.720340404023603942e-01
-1.719265527205084687e-01
-1.718191321974683605e-01
-1.717117787912789406e-01
-1.716044924600053090e-01
-1.714972731617387114e-01
-1.713901208545966504e-01
-1.712830354967227187e-01
-1.711760170462867103e-01
-1.710690654614845096e-01
-1.709621807005382021e-01
-1.708553627216959081e-01
-1.707486114832318380e-01
-1.706419269434463204e-01
-1.705353090606656630e-01
-1.704287577932422915e-01
-1.703222730995545831e-01
-1.702158549380069774e-01
-1.701095032670298657e-01
-1.700032180450796460e-01
-1.698969992306386123e-01
-1.697908467822150935e-01
-1.696847606583432588e-01
-1.695787408175831734e-01
-1.694727872185209094e-01
-1.693668998197682962e-01
-1.692610785799630868e-01
-1.691553234577688469e-01
-1.690496344118749827e-01
-1.689440114009966853e-01
-1.688384543838750140e-01
-1.687329633192767575e-01
-1.686275381659944061e-01
-1.685221788828463185e-01
-1.684168854286764994e-01
-1.683116577623546828e-01
-1.682064958427763046e-01
-1.681013996288625023e-01
-1.679963690795600872e-01
-1.678914041538414892e-01
-1.677865048107047563e-01
-1.676816710091736107e-01
-1.675769027082973095e-01
-1.674721998671507839e-01
-1.673675624448344446e-01
-1.672629904004743207e-01
-1.671584836932219487e-01
-1.670540422822544002e-01
-1.669496661267742543e-01
-1.668453551860095418e-01
-1.667411094192138288e-01
-1.666369287856661052e-01
-1.665328132446708131e-01
-1.664287627555577909e-01
-1.663247772776823563e-01
-1.662208567704251405e-01
-1.661170011931922263e-01
-1.660132105054150098e-01
-1.659094846665502831e-01
-1.658058236360800963e-01
-1.657022273735118678e-01
-1.655986958383783014e-01
-1.654952289902374141e-01
-1.653918267886724802e-01
-1.652884891932919764e-01
-1.651852161637296368e-01
-1.650820076596445085e-01
-1.649788636407206743e-01
-1.648757840666675856e-01
-1.647727688972197013e-01
-1.646698180921368215e-01
-1.645669316112036984e-01
-1.644641094142303139e-01
-1.643613514610517967e-01
-1.642586577115282553e-01
-1.641560281255449727e-01
-1.640534626630122395e-01
-1.639509612838654928e-01
-1.638485239480650668e-01
-1.637461506155963864e-01
-1.636438412464698844e-01
-1.635415958007209181e-01
-1.634394142384099080e-01
-1.633372965196221716e-01
-1.632352426044679783e-01
-1.631332524530824946e-01
-1.630313260256257835e-01
-1.629294632822829159e-01
-1.628276641832636928e-01
-1.627259286888028955e-01
-1.626242567591600352e-01
-1.625226483546195477e-01
-1.624211034354906547e-01
-1.623196219621073355e-01
-1.622182038948283833e-01
-1.621168491940374323e-01
-1.620155578201427637e-01
-1.619143297335773890e-01
-1.618131648947991330e-01
-1.617120632642904954e-01
-1.616110248025586227e-01
-1.615100494701353639e-01
-1.614091372275772152e-01
-1.613082880354653748e-01
-1.612075018544056049e-01
-1.611067786450282868e-01
-1.610061183679883934e-01
-1.609055209839655998e-01
-1.608049864536639229e-01
-1.607045147378121652e-01
-1.606041057971634989e-01
-1.605037595924957150e-01
-1.604034760846110297e-01
-1.603032552343362782e-01
-1.602030970025226098e-01
-1.601030013500457649e-01
-1.600029682378058538e-01
-1.599029976267274389e-01
-1.598030894777594801e-01
-1.597032437518754178e-01
-1.596034604100729781e-01
-1.595037394133742570e-01
-1.594040807228258028e-01
-1.593044842994983945e-01
-1.592049501044872084e-01
-1.591054780989116513e-01
-1.590060682439154993e-01
-1.589067205006668149e-01
-1.588074348303578354e-01
-1.587082111942050844e-01
-1.586090495534493439e-01
-1.585099498693556264e-01
-1.584109121032130918e-01
-1.583119362163351029e-01
-1.582130221700591977e-01
-1.581141699257471167e-01
-1.580153794447846649e-01
-1.579166506885818222e-01
-1.578179836185726603e-01
-1.577193781962153429e-01
-1.576208343829921255e-01
-1.575223521404093829e-01
-1.574239314299974435e-01
-1.573255722133106993e-01
-1.572272744519276066e-01
-1.571290381074506026e-01
-1.570308631415061051e-01
-1.569327495157445129e-01
-1.568346971918401778e-01
-1.567367061314914878e-01
-1.566387762964205621e-01
-1.565409076483736395e-01
-1.564431001491207729e-01
-1.563453537604558852e-01
-1.562476684441967967e-01
-1.561500441621851420e-01
-1.560524808762865367e-01
-1.559549785483902162e-01
-1.558575371404093968e-01
-1.557601566142809979e-01
-1.556628369319657534e-01
-1.555655780554481560e-01
-1.554683799467364569e-01
-1.553712425678626941e-01
-1.552741658808824976e-01
-1.551771498478753397e-01
-1.550801944309443126e-01
-1.549832995922162115e-01
-1.548864652938414521e-01
-1.547896914979942085e-01
-1.546929781668721360e-01
-1.545963252626966489e-01
-1.544997327477126980e-01
-1.544032005841887989e-01
-1.543067287344170868e-01
-1.542103171607132617e-01
-1.541139658254165323e-01
-1.540176746908896721e-01
-1.539214437195189356e-01
-1.538252728737141140e-01
-1.537291621159084798e-01
-1.536331114085587313e-01
-1.535371207141450478e-01
-1.534411899951711455e-01
-1.533453192141640276e-01
-1.532495083336741781e-01
-1.531537573162754517e-01
-1.530580661245651564e-01
-1.529624347211638591e-01
-1.528668630687155527e-01
-1.527713511298876281e-01
-1.526758988673706519e-01
-1.525805062438786164e-01
-1.524851732221487732e-01
-1.523898997649416609e-01
-1.522946858350410493e-01
-1.521995313952540785e-01
-1.521044364084109812e-01
-1.520094008373652772e-01
-1.519144246449937175e-01
-1.518195077941962012e-01
-1.517246502478958592e-01
-1.516298519690389424e-01
-1.515351129205948777e-01
-1.514404330655562403e-01
-1.513458123669386701e-01
-1.512512507877810108e-01
-1.511567482911451155e-01
-1.510623048401159296e-01
-1.509679203978014916e-01
-1.508735949273328769e-01
-1.507793283918641980e-01
-1.506851207545725768e-01
-1.505909719786582002e-01
-1.504968820273441255e-01
-1.504028508638765305e-01
-1.503088784515244636e-01
-1.502149647535799826e-01
-1.501211097333579880e-01
-1.500273133541963899e-01
-1.499335755794559688e-01
-1.498398963725204314e-01
-1.497462756967962993e-01
-1.496527135157130484e-01
-1.495592097927229136e-01
-1.494657644913009731e-01
-1.493723775749452309e-01
-1.492790490071763398e-01
-1.491857787515379064e-01
-1.490925667715961578e-01
-1.489994130309401921e-01
-1.489063174931818945e-01
-1.488132801219556878e-01
-1.487203008809189764e-01
-1.486273797337516744e-01
-1.485345166441564835e-01
-1.484417115758586980e-01
-1.483489644926064277e-01
-1.482562753581702919e-01
-1.481636441363435863e-01
-1.480710707909422552e-01
-1.479785552858048359e-01
-1.478860975847924863e-01
-1.477936976517888468e-01
-1.477013554507002613e-01
-1.476090709454555006e-01
-1.475168441000059838e-01
-1.474246748783255567e-01
-1.473325632444106303e-01
-1.472405091622800699e-01
-1.471485125959753060e-01
-1.470565735095601401e-01
-1.469646918671208835e-01
-1.468728676327662186e-01
-1.467811007706273652e-01
-1.466893912448578585e-01
-1.465977390196336605e-01
-1.465061440591531594e-01
-1.464146063276370313e-01
-1.463231257893283510e-01
-1.462317024084925643e-01
-1.461403361494173769e-01
-1.460490269764128657e-01
-1.459577748538113673e-01
-1.458665797459675340e-01
-1.457754416172582779e-01
-1.456843604320827157e-01
-1.455933361548623350e-01
-1.455023687500407170e-01
-1.454114581820837582e-01
-1.453206044154795040e-01
-1.452298074147382045e-01
-1.451390671443922586e-01
-1.450483835689962697e-01
-1.449577566531269346e-01
-1.448671863613831545e-01
-1.447766726583858687e-01
-1.446862155087782209e-01
-1.445958148772253093e-01
-1.445054707284144369e-01
-1.444151830270549164e-01
-1.443249517378780988e-01
-1.442347768256373730e-01
-1.441446582551081934e-01
-1.440545959910879692e-01
-1.439645899983961197e-01
-1.438746402418741022e-01
-1.437847466863852453e-01
-1.436949092968148878e-01
-1.436051280380702955e-01
-1.435154028750806887e-01
-1.434257337727971315e-01
-1.433361206961926704e-01
-1.432465636102621676e-01
-1.431570624800224123e-01
-1.430676172705119820e-01
-1.429782279467913808e-01
-1.428888944739429012e-01
-1.427996168170706237e-01
-1.427103949413005002e-01
-1.426212288117802152e-01
-1.425321183936792413e-01
-1.424430636521888116e-01
-1.423540645525219472e-01
-1.422651210599133742e-01
-1.421762331396194956e-01
-1.420874007569185027e-01
-1.419986238771102360e-01
-1.419099024655162411e-01
-1.418212364874796849e-01
-1.417326259083654394e-01
-1.416440706935599980e-01
-1.415555708084714481e-01
-1.414671262185296097e-01
-1.413787368891856744e-01
-1.412904027859126777e-01
-1.412021238742050266e-01
-1.411139001195788611e-01
-1.410257314875716927e-01
-1.409376179437426824e-01
-1.408495594536724738e-01
-1.407615559829632212e-01
-1.406736074972385897e-01
-1.405857139621436436e-01
-1.404978753433449856e-01
-1.404100916065307014e-01
-1.403223627174102484e-01
-1.402346886417144833e-01
-1.401470693451957739e-01
-1.400595047936278037e-01
-1.399719949528056562e-01
-1.398845397885458419e-01
-1.397971392666861323e-01
-1.397097933530857539e-01
-1.396225020136251660e-01
-1.395352652142062000e-01
-1.394480829207520312e-01
-1.393609550992069568e-01
-1.392738817155367570e-01
-1.391868627357284172e-01
-1.390998981257900724e-01
-1.390129878517511741e-01
-1.389261318796624622e-01
-1.388393301755957709e-01
-1.387525827056441952e-01
-1.386658894359220073e-01
-1.385792503325646297e-01
-1.384926653617286896e-01
-1.384061344895919088e-01
-1.383196576823531865e-01
-1.382332349062324883e-01
-1.381468661274709298e-01
-1.380605513123307204e-01
-1.379742904270951365e-01
-1.378880834380684650e-01
-1.378019303115761707e-01
-1.377158310139646458e-01
-1.376297855116013769e-01
-1.375437937708748060e-01
-1.374578557581944416e-01
-1.373719714399907199e-01
-1.372861407827151159e-01
-1.372003637528399489e-01
-1.371146403168586603e-01
-1.370289704412854526e-01
-1.369433540926555948e-01
-1.368577912375251449e-01
-1.367722818424711717e-01
-1.366868258740915054e-01
-1.366014232990049593e-01
-1.365160740838511078e-01
-1.364307781952904530e-01
-1.363455356000042307e-01
-1.362603462646946040e-01
-1.361752101560844697e-01
-1.360901272409175411e-01
-1.360050974859582928e-01
-1.359201208579919606e-01
-1.358351973238245691e-01
-1.357503268502828764e-01
-1.356655094042143461e-01
-1.355807449524871477e-01
-1.354960334619901285e-01
-1.354113748996329247e-01
-1.353267692323457949e-01
-1.352422164270795923e-01
-1.351577164508059037e-01
-1.350732692705169102e-01
-1.349888748532254712e-01
-1.349045331659649571e-01
-1.348202441757894443e-01
-1.347360078497735481e-01
-1.346518241550123951e-01
-1.345676930586217901e-01
-1.344836145277379658e-01
-1.343995885295178050e-01
-1.343156150311386188e-01
-1.342316939997982572e-01
-1.341478254027150541e-01
-1.340640092071278822e-01
-1.339802453802959870e-01
-1.338965338894991530e-01
-1.338128747020375930e-01
-1.337292677852318923e-01
-1.336457131064231196e-01
-1.335622106329727443e-01
-1.334787603322625804e-01
-1.333953621716948701e-01
-1.333120161186922281e-01
-1.332287221406975586e-01
-1.331454802051741659e-01
-1.330622902796056717e-01
-1.329791523314960144e-01
-1.328960663283694499e-01
-1.328130322377704675e-01
-1.327300500272638739e-01
-1.326471196644347650e-01
-1.325642411168884705e-01
-1.324814143522505538e-01
-1.323986393381668125e-01
-1.323159160423032221e-01
-1.322332444323460476e-01
-1.321506244760016213e-01
-1.320680561409965648e-01
-1.319855393950776501e-01
-1.319030742060117445e-01
-1.318206605415858379e-01
-1.317382983696071541e-01
-1.316559876579029564e-01
-1.315737283743205754e-01
-1.314915204867275478e-01
-1.314093639630113663e-01
-1.313272587710796468e-01
-1.312452048788600723e-01
-1.311632022543003095e-01
-1.310812508653681208e-01
-1.309993506800511687e-01
-1.309175016663572666e-01
-1.308357037923141564e-01
-1.307539570259694528e-01
-1.306722613353908935e-01
-1.305906166886660891e-01
-1.305090230539025786e-01
-1.304274803992278575e-01
-1.303459886927893219e-01
-1.302645479027542963e-01
-1.301831579973099229e-01
-1.301018189446633000e-01
-1.300205307130413990e-01
-1.299392932706909254e-01
-1.298581065858785411e-01
-1.297769706268906975e-01
-1.296958853620336638e-01
-1.296148507596334709e-01
-1.295338667880359951e-01
-1.294529334156069300e-01
-1.293720506107316204e-01
-1.292912183418152006e-01
-1.292104365772825669e-01
-1.291297052855784055e-01
-1.290490244351670257e-01
-1.289683939945324154e-01
-1.288878139321783800e-01
-1.288072842166282928e-01
-1.287268048164252332e-01
-1.286463757001319319e-01
-1.285659968363307981e-01
-1.284856681936238088e-01
-1.284053897406325639e-01
-1.283251614459983425e-01
-1.282449832783819355e-01
-1.281648552064637570e-01
-1.280847771989437889e-01
-1.280047492245414975e-01
-1.279247712519960556e-01
-1.278448432500659815e-01
-1.277649651875294168e-01
-1.276851370331840430e-01
-1.276053587558468871e-01
-1.275256303243546829e-01
-1.274459517075633985e-01
-1.273663228743486531e-01
-1.272867437936053558e-01
-1.272072144342480116e-01
-1.271277347652104150e-01
-1.270483047554457900e-01
-1.269689243739269002e-01
-1.268895935896456606e-01
-1.268103123716135261e-01
-1.267310806888612695e-01
-1.266518985104390371e-01
-1.265727658054162652e-01
-1.264936825428817357e-01
-1.264146486919436041e-01
-1.263356642217291770e-01
-1.262567291013851900e-01
-1.261778433000776412e-01
-1.260990067869917075e-01
-1.260202195313319395e-01
-1.259414815023220113e-01
-1.258627926692048871e-01
-1.257841530012427655e-01
-1.257055624677169969e-01
-1.256270210379281660e-01
-1.255485286811960088e-01
-1.254700853668595240e-01
-1.253916910642766946e-01
-1.253133457428247666e-01
-1.252350493719001090e-01
-1.251568019209182425e-01
-1.250786033593137003e-01
-1.250004536565401669e-01
-1.249223527820704505e-01
-1.248443007053963716e-01
-1.247662973960288468e-01
-1.246883428234978330e-01
-1.246104369573522996e-01
-1.245325797671603119e-01
-1.244547712225088781e-01
-1.243770112930040334e-01
-1.242992999482707833e-01
-1.242216371579531881e-01
-1.241440228917141675e-01
-1.240664571192356819e-01
-1.239889398102185514e-01
-1.239114709343826504e-01
-1.238340504614666576e-01
-1.237566783612281673e-01
-1.236793546034437585e-01
-1.236020791579088285e-01
-1.235248519944376205e-01
-1.234476730828632934e-01
-1.233705423930378520e-01
-1.232934598948320776e-01
-1.232164255581356671e-01
-1.231394393528570386e-01
-1.230625012489234699e-01
-1.229856112162810294e-01
-1.229087692248945207e-01
-1.228319752447475655e-01
-1.227552292458425065e-01
-1.226785311982004079e-01
-1.226018810718611518e-01
-1.225252788368832307e-01
-1.224487244633438998e-01
-1.223722179213391215e-01
-1.222957591809835515e-01
-1.222193482124104558e-01
-1.221429849857718075e-01
-1.220666694712382178e-01
-1.219904016389989493e-01
-1.219141814592618611e-01
-1.218380089022534779e-01
-1.217618839382188373e-01
-1.216858065374216702e-01
-1.216097766701442623e-01
-1.215337943066873705e-01
-1.214578594173704451e-01
-1.213819719725313800e-01
-1.213061319425266932e-01
-1.212303392977313043e-01
-1.211545940085387713e-01
-1.210788960453610674e-01
-1.210032453786286655e-01
-1.209276419787904955e-01
-1.208520858163140421e-01
-1.207765768616851365e-01
-1.207011150854081089e-01
-1.206257004580056913e-01
-1.205503329500190735e-01
-1.204750125320077636e-01
-1.203997391745497830e-01
-1.203245128482414161e-01
-1.202493335236974326e-01
-1.201742011715508651e-01
-1.200991157624531902e-01
-1.200240772670741196e-01
-1.199490856561017671e-01
-1.198741409002425096e-01
-1.197992429702210981e-01
-1.197243918367804361e-01
-1.196495874706819118e-01
-1.195748298427049827e-01
-1.195001189236474942e-01
-1.194254546843254855e-01
-1.193508370955732173e-01
-1.192762661282432274e-01
-1.192017417532061918e-01
-1.191272639413510498e-01
-1.190528326635848927e-01
-1.189784478908330334e-01
-1.189041095940388815e-01
-1.188298177441640402e-01
-1.187555723121882789e-01
-1.186813732691094636e-01
-1.186072205859435846e-01
-1.185331142337247567e-01
-1.184590541835051636e-01
-1.183850404063551409e-01
-1.183110728733630240e-01
-1.182371515556352587e-01
-1.181632764242963179e-01
-1.180894474504887298e-01
-1.180156646053730496e-01
-1.179419278601278737e-01
-1.178682371859497424e-01
-1.177945925540532929e-01
-1.177209939356710366e-01
-1.176474413020535403e-01
-1.175739346244693007e-01
-1.175004738742047722e-01
-1.174270590225643396e-01
-1.173536900408703315e-01
-1.172803669004629790e-01
-1.172070895727004292e-01
-1.171338580289587594e-01
-1.170606722406318662e-01
-1.169875321791315620e-01
-1.169144378158874925e-01
-1.168413891223471640e-01
-1.167683860699759713e-01
-1.166954286302570587e-01
-1.166225167746914454e-01
-1.165496504747979278e-01
-1.164768297021131077e-01
-1.164040544281913780e-01
-1.163313246246048954e-01
-1.162586402629435800e-01
-1.161860013148150739e-01
-1.161134077518448104e-01
-1.160408595456759173e-01
-1.159683566679692857e-01
-1.158958990904034314e-01
-1.158234867846746480e-01
-1.157511197224968535e-01
-1.156787978756016744e-01
-1.156065212157383892e-01
-1.155342897146739295e-01
-1.154621033441928513e-01
-1.153899620760973355e-01
-1.153178658822072572e-01
-1.152458147343599776e-01
-1.151738086044105797e-01
-1.151018474642316047e-01
-1.150299312857132883e-01
-1.149580600407633102e-01
-1.148862337013070167e-01
-1.148144522392871986e-01
-1.147427156266642712e-01
-1.146710238354160805e-01
-1.145993768375380556e-01
-1.145277746050430423e-01
-1.144562171099614556e-01
-1.143847043243411410e-01
-1.143132362202473884e-01
-1.142418127697629737e-01
-1.141704339449881450e-01
-1.140990997180405392e-01
-1.140278100610551820e-01
-1.139565649461846131e-01
-1.138853643455986497e-01
-1.138142082314845815e-01
-1.137430965760470730e-01
-1.136720293515081082e-01
-1.136010065301070321e-01
-1.135300280841005788e-01
-1.134590939857628017e-01
-1.133882042073850460e-01
-1.133173587212760181e-01
-1.132465574997616742e-01
-1.131758005151853042e-01
-1.131050877399074200e-01
-1.130344191463058812e-01
-1.129637947067757830e-01
-1.128932143937294019e-01
-1.128226781795963335e-01
-1.127521860368233819e-01
-1.126817379378745043e-01
-1.126113338552309773e-01
-1.125409737613911471e-01
-1.124706576288706100e-01
-1.124003854302021710e-01
-1.123301571379357044e-01
-1.122599727246383072e-01
-1.121898321628941597e-01
-1.121197354253046508e-01
-1.120496824844882111e-01
-1.119796733130804106e-01
-1.119097078837339443e-01
-1.118397861691184936e-01
-1.117699081419209900e-01
-1.117000737748452405e-01
-1.116302830406122465e-01
-1.115605359119599821e-01
-1.114908323616434771e-01
-1.114211723624347894e-01
-1.113515558871229633e-01
-1.112819829085140572e-01
-1.112124533994311576e-01
-1.111429673327142820e-01
-1.110735246812204341e-01
-1.110041254178235626e-01
-1.109347695154146163e-01
-1.108654569469014195e-01
-1.107961876852087413e-01
-1.107269617032782816e-01
-1.106577789740686574e-01
-1.105886394705553333e-01
-1.105195431657307464e-01
-1.104504900326040845e-01
-1.103814800442015076e-01
-1.103125131735659681e-01
-1.102435893937572936e-01
-1.101747086778521179e-01
-1.101058709989439222e-01
-1.100370763301429938e-01
-1.099683246445763984e-01
-1.098996159153880214e-01
-1.098309501157385126e-01
-1.097623272188053001e-01
-1.096937471977825346e-01
-1.096252100258811729e-01
-1.095567156763288530e-01
-1.094882641223700048e-01
-1.094198553372657118e-01
-1.093514892942938216e-01
-1.092831659667488076e-01
-1.092148853279418796e-01
-1.091466473512009427e-01
-1.090784520098705274e-01
-1.090102992773117618e-01
-1.089421891269025944e-01
-1.088741215320374045e-01
-1.088060964661273361e-01
-1.087381139026000892e-01
-1.086701738148999619e-01
-1.086022761764878636e-01
-1.085344209608412741e-01
-1.084666081414542571e-01
-1.083988376918374325e-01
-1.083311095855179346e-01
-1.082634237960395096e-01
-1.081957802969624044e-01
-1.081281790618633248e-01
-1.080606200643355747e-01
-1.079931032779889027e-01
-1.079256286764496003e-01
-1.078581962333603345e-01
-1.077908059223803561e-01
-1.077234577171853058e-01
-1.076561515914673112e-01
-1.075888875189349031e-01
-1.075216654733130439e-01
-1.074544854283431272e-01
-1.073873473577829502e-01
-1.073202512354066718e-01
-1.072531970350049380e-01
-1.071861847303846454e-01
-1.071192142953691362e-01
-1.070522857037980585e-01
-1.069853989295274366e-01
-1.069185539464296425e-01
-1.068517507283933549e-01
-1.067849892493235447e-01
-1.067182694831415035e-01
-1.066515914037848428e-01
-1.065849549852074390e-01
-1.065183602013794473e-01
-1.064518070262872595e-01
-1.063852954339335188e-01
-1.063188253983371745e-01
-1.062523968935333435e-01
-1.061860098935734076e-01
-1.061196643725249439e-01
-1.060533603044717110e-01
-1.059870976635137185e-01
-1.059208764237670741e-01
-1.058546965593641365e-01
-1.057885580444533763e-01
-1.057224608531994736e-01
-1.056564049597831789e-01
-1.055903903384013964e-01
-1.055244169632671980e-01
-1.054584848086097121e-01
-1.053925938486741931e-01
-1.053267440577220077e-01
-1.052609354100305511e-01
-1.051951678798933171e-01
-1.051294414416198697e-01
-1.050637560695358297e-01
-1.049981117379828466e-01
-1.049325084213185849e-01
-1.048669460939167658e-01
-1.048014247301670976e-01
-1.047359443044752897e-01
-1.046705047912630526e-01
-1.046051061649680980e-01
-1.045397484000440552e-01
-1.044744314709605687e-01
-1.044091553522032145e-01
-1.043439200182734866e-01
-1.042787254436888383e-01
-1.042135716029826686e-01
-1.041484584707041972e-01
-1.040833860214186446e-01
-1.040183542297070940e-01
-1.039533630701664768e-01
-1.038884125174096423e-01
-1.038235025460652605e-01
-1.037586331307778775e-01
-1.036938042462078879e-01
-1.036290158670314931e-01
-1.035642679679407430e-01
-1.034995605236434940e-01
-1.034348935088633681e-01
-1.033702668983398354e-01
-1.033056806668281591e-01
-1.032411347890992703e-01
-1.031766292399400042e-01
-1.031121639941528223e-01
-1.030477390265560206e-01
-1.029833543119835770e-01
-1.029190098252852209e-01
-1.028547055413263911e-01
-1.027904414349882362e-01
-1.027262174811675588e-01
-1.026620336547768852e-01
-1.025978899307444375e-01
-1.025337862840140224e-01
-1.024697226895451979e-01
-1.024056991223130791e-01
-1.023417155573084908e-01
-1.022777719695378562e-01
-1.022138683340231974e-01
-1.021500046258021488e-01
-1.020861808199279575e-01
-1.020223968914694412e-01
-1.019586528155110305e-01
-1.018949485671526434e-01
-1.018312841215098380e-01
-1.017676594537136880e-01
-1.017040745389108242e-01
-1.016405293522633646e-01
-1.015770238689489569e-01
-1.015135580641608054e-01
-1.014501319131075746e-01
-1.013867453910134026e-01
-1.013233984731179149e-01
-1.012600911346762667e-01
-1.011968233509590170e-01
-1.011335950972521575e-01
-1.010704063488571808e-01
-1.010072570810909565e-01
-1.009441472692858277e-01
-1.008810768887895004e-01
-1.008180459149651126e-01
-1.007550543231911927e-01
-1.006921020888616597e-01
-1.006291891873857813e-01
-1.005663155941881881e-01
-1.005034812847089287e-01
-1.004406862344033313e-01
-1.003779304187420451e-01
-1.003152138132111237e-01
-1.002525363933118446e-01
-1.001898981345609035e-01
-1.001272990124901785e-01
-1.000647390026468964e-01
-1.000022180805935773e-01
-9.993973622190796546e-02
-9.987729340218308438e-02
-9.981488959702720931e-02
-9.975252478206382556e-02
-9.969019893293173951e-02
-9.962791202528487045e-02
-9.956566403479238936e-02
-9.950345493713869116e-02
-9.944128470802335307e-02
-9.937915332316112071e-02
-9.931706075828190816e-02
-9.925500698913081177e-02
-9.919299199146809631e-02
-9.913101574106913949e-02
-9.906907821372445966e-02
-9.900717938523972972e-02
-9.894531923143567997e-02
-9.888349772814823690e-02
-9.882171485122834276e-02
-9.875997057654206657e-02
-9.869826487997054865e-02
-9.863659773741001446e-02
-9.857496912477171913e-02
-9.851337901798200292e-02
-9.845182739298220798e-02
-9.839031422572874774e-02
-9.832883949219302366e-02
-9.826740316836148070e-02
-9.820600523023553796e-02
-9.814464565383165806e-02
-9.808332441518123612e-02
-9.802204149033064140e-02
-9.796079685534125892e-02
-9.789959048628939231e-02
-9.783842235926631936e-02
-9.777729245037820871e-02
-9.771620073574620313e-02
-9.765514719150635015e-02
-9.759413179380961589e-02
-9.753315451882185738e-02
-9.747221534272382248e-02
-9.741131424171114994e-02
-9.735045119199434160e-02
-9.728962616979876243e-02
-9.722883915136464050e-02
-9.716809011294703924e-02
-9.710737903081589906e-02
-9.704670588125591246e-02
-9.698607064056663507e-02
-9.692547328506245785e-02
-9.686491379107249611e-02
-9.680439213494072825e-02
-9.674390829302587091e-02
-9.668346224170139280e-02
-9.662305395735561186e-02
-9.656268341639150099e-02
-9.650235059522682679e-02
-9.644205547029409409e-02
-9.638179801804049041e-02
-9.632157821492796923e-02
-9.626139603743316675e-02
-9.620125146204740185e-02
-9.614114446527671776e-02
-9.608107502364182650e-02
-9.602104311367806733e-02
-9.596104871193550379e-02
-9.590109179497882663e-02
-9.584117233938733993e-02
-9.578129032175501656e-02
-9.572144571869045659e-02
-9.566163850681681791e-02
-9.560186866277195494e-02
-9.554213616320825220e-02
-9.548244098479270747e-02
-9.542278310420687637e-02
-9.536316249814691393e-02
-9.530357914332353297e-02
-9.524403301646194864e-02
-9.518452409430196159e-02
-9.512505235359791644e-02
-9.506561777111867395e-02
-9.500622032364756941e-02
-9.494685998798248205e-02
-9.488753674093580726e-02
-9.482825055933435943e-02
-9.476900142001948302e-02
-9.470978929984699701e-02
-9.465061417568716717e-02
-9.459147602442470604e-02
-9.453237482295877292e-02
-9.447331054820294616e-02
-9.441428317708526474e-02
-9.435529268654813118e-02
-9.429633905354842249e-02
-9.423742225505735148e-02
-9.417854226806053608e-02
-9.411969906955799936e-02
-9.406089263656410016e-02
-9.400212294610760244e-02
-9.394338997523156432e-02
-9.388469370099343514e-02
-9.382603410046497228e-02
-9.376741115073226884e-02
-9.370882482889573983e-02
-9.365027511207009436e-02
-9.359176197738436342e-02
-9.353328540198185825e-02
-9.347484536302014257e-02
-9.341644183767107423e-02
-9.335807480312080520e-02
-9.329974423656967053e-02
-9.324145011523232718e-02
-9.318319241633761518e-02
-9.312497111712864095e-02
-9.306678619486269399e-02
-9.300863762681127467e-02
-9.295052539026010807e-02
-9.289244946250911628e-02
-9.283440982087237670e-02
-9.277640644267814984e-02
-9.271843930526885158e-02
-9.266050838600109474e-02
-9.260261366224561974e-02
-9.254475511138726684e-02
-9.248693271082507328e-02
-9.242914643797213448e-02
-9.237139627025570121e-02
-9.231368218511712409e-02
-9.225600416001179804e-02
-9.219836217240928722e-02
-9.214075619979317233e-02
-9.208318621966110618e-02
-9.202565220952484137e-02
-9.196815414691013324e-02
-9.191069200935682304e-02
-9.185326577441874085e-02
-9.179587541966374720e-02
-9.173852092267377467e-02
-9.168120226104470305e-02
-9.162391941238644255e-02
-9.156667235432286445e-02
-9.150946106449182882e-02
-9.145228552054518456e-02
-9.139514570014874162e-02
-9.133804158098224324e-02
-9.128097314073939372e-02
-9.122394035712784455e-02
-9.116694320786916661e-02
-9.110998167069883635e-02
-9.105305572336624964e-02
-9.099616534363470788e-02
-9.093931050928141802e-02
-9.088249119809745091e-02
-9.082570738788775522e-02
-9.076895905647117124e-02
-9.071224618168037546e-02
-9.065556874136188048e-02
-9.059892671337610448e-02
-9.054232007559720463e-02
-9.048574880591325753e-02
-9.042921288222606491e-02
-9.037271228245130628e-02
-9.031624698451845568e-02
-9.025981696637071228e-02
-9.020342220596512528e-02
-9.014706268127248290e-02
-9.009073837027735399e-02
-9.003444925097803253e-02
-8.997819530138660704e-02
-8.992197649952886340e-02
-8.986579282344431263e-02
-8.980964425118626027e-02
-8.975353076082161208e-02
-8.969745233043106836e-02
-8.964140893810897126e-02
-8.958540056196340196e-02
-8.952942718011604184e-02
-8.947348877070232520e-02
-8.941758531187128656e-02
-8.936171678178567168e-02
-8.930588315862178495e-02
-8.925008442056965585e-02
-8.919432054583288638e-02
-8.913859151262870650e-02
-8.908289729918798805e-02
-8.902723788375514757e-02
-8.897161324458822962e-02
-8.891602335995887896e-02
-8.886046820815228509e-02
-8.880494776746720997e-02
-8.874946201621597419e-02
-8.869401093272448466e-02
-8.863859449533213752e-02
-8.858321268239188750e-02
-8.852786547227023406e-02
-8.847255284334713810e-02
-8.841727477401611912e-02
-8.836203124268419973e-02
-8.830682222777185009e-02
-8.825164770771305733e-02
-8.819650766095527006e-02
-8.814140206595941218e-02
-8.808633090119986908e-02
-8.803129414516441820e-02
-8.797629177635439557e-02
-8.792132377328445991e-02
-8.786639011448273140e-02
-8.781149077849076390e-02
-8.775662574386350334e-02
-8.770179498916928773e-02
-8.764699849298984713e-02
-8.759223623392031755e-02
-8.753750819056917154e-02
-8.748281434155828762e-02
-8.742815466552285308e-02
-8.737352914111146118e-02
-8.731893774698600008e-02
-8.726438046182169450e-02
-8.720985726430713347e-02
-8.715536813314415931e-02
-8.710091304704797865e-02
-8.704649198474705141e-02
-8.699210492498317404e-02
-8.693775184651138244e-02
-8.688343272810002127e-02
-8.682914754853067463e-02
-8.677489628659817988e-02
-8.672067892111066933e-02
-8.666649543088944530e-02
-8.661234579476911888e-02
-8.655822999159745734e-02
-8.650414800023548123e-02
-8.645009979955743662e-02
-8.639608536845072573e-02
-8.634210468581594855e-02
-8.628815773056691674e-02
-8.623424448163058420e-02
-8.618036491794711651e-02
-8.612651901846977986e-02
-8.607270676216502436e-02
-8.601892812801245625e-02
-8.596518309500478239e-02
-8.591147164214783805e-02
-8.585779374846060075e-02
-8.580414939297514865e-02
-8.575053855473661890e-02
-8.569696121280331869e-02
-8.564341734624658642e-02
-8.558990693415083340e-02
-8.553642995561355766e-02
-8.548298638974534402e-02
-8.542957621566976689e-02
-8.537619941252348743e-02
-8.532285595945617029e-02
-8.526954583563056689e-02
-8.521626902022237660e-02
-8.516302549242037168e-02
-8.510981523142627236e-02
-8.505663821645483014e-02
-8.500349442673377220e-02
-8.495038384150381539e-02
-8.489730644001861060e-02
-8.484426220154482612e-02
-8.479125110536203658e-02
-8.473827313076279233e-02
-8.468532825705256395e-02
-8.463241646354976999e-02
-8.457953772958572147e-02
-8.452669203450469126e-02
-8.447387935766380307e-02
-8.442109967843310081e-02
-8.436835297619554863e-02
-8.431563923034694763e-02
-8.426295842029599137e-02
-8.421031052546423812e-02
-8.415769552528611086e-02
-8.410511339920885565e-02
-8.405256412669259714e-02
-8.400004768721026915e-02
-8.394756406024764250e-02
-8.389511322530329718e-02
-8.384269516188862237e-02
-8.379030984952780259e-02
-8.373795726775784543e-02
-8.368563739612849828e-02
-8.363335021420231774e-02
-8.358109570155464185e-02
-8.352887383777352071e-02
-8.347668460245982747e-02
-8.342452797522710572e-02
-8.337240393570168051e-02
-8.332031246352261666e-02
-8.326825353834166332e-02
-8.321622713982329556e-02
-8.316423324764472824e-02
-8.311227184149581892e-02
-8.306034290107916496e-02
-8.300844640610999248e-02
-8.295658233631628131e-02
-8.290475067143858456e-02
-8.285295139123016739e-02
-8.280118447545696536e-02
-8.274944990389748734e-02
-8.269774765634291258e-02
-8.264607771259707691e-02
-8.259444005247640330e-02
-8.254283465580994350e-02
-8.249126150243929478e-02
-8.243972057221873873e-02
-8.238821184501506079e-02
-8.233673530070770297e-02
-8.228529091918859728e-02
-8.223387868036230453e-02
-8.218249856414593102e-02
-8.213115055046910085e-02
-8.207983461927399749e-02
-8.202855075051533607e-02
-8.197729892416034947e-02
-8.192607912018880223e-02
-8.187489131859296276e-02
-8.182373549937756174e-02
-8.177261164255988923e-02
-8.172151972816969756e-02
-8.167045973624917354e-02
-8.161943164685303564e-02
-8.156843544004840907e-02
-8.151747109591490903e-02
-8.146653859454461299e-02
-8.141563791604196354e-02
-8.136476904052392101e-02
-8.131393194811982472e-02
-8.126312661897143463e-02
-8.121235303323290355e-02
-8.116161117107080492e-02
-8.111090101266411889e-02
-8.106022253820416301e-02
-8.100957572789466155e-02
-8.095896056195171775e-02
-8.090837702060377223e-02
-8.085782508409161684e-02
-8.080730473266842240e-02
-8.075681594659966933e-02
-8.070635870616316154e-02
-8.065593299164906804e-02
-8.060553878335981193e-02
-8.055517606161016753e-02
-8.050484480672720489e-02
-8.045454499905024814e-02
-8.040427661893097266e-02
-8.035403964673328014e-02
-8.030383406283334025e-02
-8.025365984761960447e-02
-8.020351698149275066e-02
-8.015340544486575236e-02
-8.010332521816376783e-02
-8.005327628182422328e-02
-8.000325861629672963e-02
-7.995327220204316576e-02
-7.990331701953756749e-02
-7.985339304926619697e-02
-7.980350027172750105e-02
-7.975363866743211128e-02
-7.970380821690283002e-02
-7.965400890067465822e-02
-7.960424069929472601e-02
-7.955450359332233434e-02
-7.950479756332892722e-02
-7.945512258989806398e-02
-7.940547865362547475e-02
-7.935586573511899111e-02
-7.930628381499857382e-02
-7.925673287389628507e-02
-7.920721289245627461e-02
-7.915772385133480749e-02
-7.910826573120023630e-02
-7.905883851273297347e-02
-7.900944217662550506e-02
-7.896007670358239083e-02
-7.891074207432022258e-02
-7.886143826956770742e-02
-7.881216527006551509e-02
-7.876292305656637516e-02
-7.871371160983506310e-02
-7.866453091064834480e-02
-7.861538093979501818e-02
-7.856626167807587158e-02
-7.851717310630368374e-02
-7.846811520530323769e-02
-7.841908795591129300e-02
-7.837009133897658575e-02
-7.832112533535980081e-02
-7.827218992593359959e-02
-7.822328509158257837e-02
-7.817441081320329610e-02
-7.812556707170423276e-02
-7.807675384800577545e-02
-7.802797112304031557e-02
-7.797921887775205452e-02
-7.793049709309715634e-02
-7.788180575004367834e-02
-7.783314482957157110e-02
-7.778451431267263683e-02
-7.773591418035061262e-02
-7.768734441362103171e-02
-7.763880499351136222e-02
-7.759029590106088226e-02
-7.754181711732072158e-02
-7.749336862335387544e-02
-7.744495040023510746e-02
-7.739656242905108841e-02
-7.734820469090025741e-02
-7.729987716689284971e-02
-7.725157983815095220e-02
-7.720331268580840622e-02
-7.715507569101087704e-02
-7.710686883491574273e-02
-7.705869209869226077e-02
-7.701054546352133212e-02
-7.696242891059572322e-02
-7.691434242111987174e-02
-7.686628597631001147e-02
-7.681825955739407519e-02
-7.677026314561177789e-02
-7.672229672221449193e-02
-7.667436026846534414e-02
-7.662645376563914645e-02
-7.657857719502242366e-02
-7.653073053791337177e-02
-7.648291377562192739e-02
-7.643512688946964284e-02
-7.638736986078978330e-02
-7.633964267092724354e-02
-7.629194530123858953e-02
-7.624427773309204459e-02
-7.619663994786746164e-02
-7.614903192695632317e-02
-7.610145365176172738e-02
-7.605390510369845758e-02
-7.600638626419281563e-02
-7.595889711468278849e-02
-7.591143763661792332e-02
-7.586400781145934136e-02
-7.581660762067976567e-02
-7.576923704576352114e-02
-7.572189606820645125e-02
-7.567458466951598739e-02
-7.562730283121113506e-02
-7.558005053482241831e-02
-7.553282776189189363e-02
-7.548563449397316383e-02
-7.543847071263139192e-02
-7.539133639944319010e-02
-7.534423153599673073e-02
-7.529715610389164926e-02
-7.525011008473915519e-02
-7.520309346016186558e-02
-7.515610621179391604e-02
-7.510914832128090524e-02
-7.506221977027992265e-02
-7.501532054045947917e-02
-7.496845061349957651e-02
-7.492160997109163778e-02
-7.487479859493856305e-02
-7.482801646675464602e-02
-7.478126356826561572e-02
-7.473453988120859481e-02
-7.468784538733218292e-02
-7.464118006839633168e-02
-7.459454390617237252e-02
-7.454793688244308603e-02
-7.450135897900259097e-02
-7.445481017765639975e-02
-7.440829046022137683e-02
-7.436179980852575255e-02
-7.431533820440915095e-02
-7.426890562972245091e-02
-7.422250206632796665e-02
-7.417612749609929501e-02
-7.412978190092137099e-02
-7.408346526269043997e-02
-7.403717756331408550e-02
-7.399091878471114603e-02
-7.394468890881179812e-02
-7.389848791755750101e-02
-7.385231579290098269e-02
-7.380617251680625379e-02
-7.376005807124860758e-02
-7.371397243821457834e-02
-7.366791559970196912e-02
-7.362188753771985172e-02
-7.357588823428846958e-02
-7.352991767143936264e-02
-7.348397583121528409e-02
-7.343806269567020040e-02
-7.339217824686930514e-02
-7.334632246688893575e-02
-7.330049533781675397e-02
-7.325469684175146823e-02
-7.320892696080308348e-02
-7.316318567709270693e-02
-7.311747297275265900e-02
-7.307178882992644564e-02
-7.302613323076866114e-02
-7.298050615744509917e-02
-7.293490759213268337e-02
-7.288933751701948127e-02
-7.284379591430466261e-02
-7.279828276619855487e-02
-7.275279805492257390e-02
-7.270734176270925164e-02
-7.266191387180225003e-02
-7.261651436445626384e-02
-7.257114322293714559e-02
-7.252580042952173900e-02
-7.248048596649807329e-02
-7.243519981616514114e-02
-7.238994196083306520e-02
-7.234471238282300098e-02
-7.229951106446710907e-02
-7.225433798810866615e-02
-7.220919313610189849e-02
-7.216407649081213460e-02
-7.211898803461566643e-02
-7.207392774989981876e-02
-7.202889561906289373e-02
-7.198389162451424017e-02
-7.193891574867419814e-02
-7.189396797397400174e-02
-7.184904828285597345e-02
-7.180415665777334366e-02
-7.175929308119032013e-02
-7.171445753558207403e-02
-7.166965000343469838e-02
-7.162487046724529127e-02
-7.158011890952180323e-02
-7.153539531278317598e-02
-7.149069965955925920e-02
-7.144603193239081051e-02
-7.140139211382948159e-02
-7.135678018643785980e-02
-7.131219613278939884e-02
-7.126763993546846032e-02
-7.122311157707028606e-02
-7.117861104020097029e-02
-7.113413830747751521e-02
-7.108969336152771989e-02
-7.104527618499030528e-02
-7.100088676051478920e-02
-7.095652507076159743e-02
-7.091219109840189716e-02
-7.086788482611773576e-02
-7.082360623660199916e-02
-7.077935531255834245e-02
-7.073513203670127314e-02
-7.069093639175604016e-02
-7.064676836045873098e-02
-7.060262792555620226e-02
-7.055851506980612142e-02
-7.051442977597688344e-02
-7.047037202684766632e-02
-7.042634180520844500e-02
-7.038233909385985254e-02
-7.033836387561338832e-02
-7.029441613329118210e-02
-7.025049584972618832e-02
-7.020660300776203344e-02
-7.016273759025305756e-02
-7.011889958006435608e-02
-7.007508896007168253e-02
-7.003130571316154573e-02
-6.998754982223107102e-02
-6.994382127018815287e-02
-6.990012003995130230e-02
-6.985644611444973007e-02
-6.981279947662330509e-02
-6.976918010942255444e-02
-6.972558799580869104e-02
-6.968202311875351662e-02
-6.963848546123951877e-02
-6.959497500625977384e-02
-6.955149173681804409e-02
-6.950803563592863887e-02
-6.946460668661653959e-02
-6.942120487191731637e-02
-6.937783017487712811e-02
-6.933448257855275021e-02
-6.929116206601147743e-02
-6.924786862033130430e-02
-6.920460222460066146e-02
-6.916136286191867932e-02
-6.911815051539491050e-02
-6.907496516814956578e-02
-6.903180680331337526e-02
-6.898867540402760234e-02
-6.894557095344404363e-02
-6.890249343472498733e-02
-6.885944283104333818e-02
-6.881641912558239538e-02
-6.877342230153606073e-02
-6.873045234210868604e-02
-6.868750923051512858e-02
-6.864459294998073724e-02
-6.860170348374132476e-02
-6.855884081504323713e-02
-6.851600492714320090e-02
-6.847319580330846200e-02
-6.843041342681670247e-02
-6.838765778095605430e-02
-6.834492884902509946e-02
-6.830222661433284215e-02
-6.825955106019875041e-02
-6.821690216995261735e-02
-6.817427992693479710e-02
-6.813168431449591333e-02
-6.808911531599710909e-02
-6.804657291480981085e-02
-6.800405709431593670e-02
-6.796156783790772982e-02
-6.791910512898782781e-02
-6.787666895096923503e-02
-6.783425928727530863e-02
-6.779187612133978635e-02
-6.774951943660671716e-02
-6.770718921653055833e-02
-6.766488544457602283e-02
-6.762260810421823198e-02
-6.758035717894260441e-02
-6.753813265224485607e-02
-6.749593450763104185e-02
-6.745376272861748623e-02
-6.741161729873086650e-02
-6.736949820150810175e-02
-6.732740542049642229e-02
-6.728533893925335574e-02
-6.724329874134665763e-02
-6.720128481035440859e-02
-6.715929712986487554e-02
-6.711733568347665047e-02
-6.707540045479849777e-02
-6.703349142744953471e-02
-6.699160858505899541e-02
-6.694975191126641134e-02
-6.690792138972152803e-02
-6.686611700408427728e-02
-6.682433873802484658e-02
-6.678258657522356811e-02
-6.674086049937104359e-02
-6.669916049416796389e-02
-6.665748654332534495e-02
-6.661583863056422250e-02
-6.657421673961591568e-02
-6.653262085422187444e-02
-6.649105095813369337e-02
-6.644950703511315337e-02
-6.640798906893212450e-02
-6.636649704337270472e-02
-6.632503094222699791e-02
-6.628359074929734973e-02
-6.624217644839619501e-02
-6.620078802334605772e-02
-6.615942545797957874e-02
-6.611808873613951587e-02
-6.607677784167871604e-02
-6.603549275846008759e-02
-6.599423347035665577e-02
-6.595299996125150721e-02
-6.591179221503781771e-02
-6.587061021561879670e-02
-6.582945394690772889e-02
-6.578832339282796038e-02
-6.574721853731282928e-02
-6.570613936430579061e-02
-6.566508585776026363e-02
-6.562405800163975678e-02
-6.558305577991771496e-02
-6.554207917657767224e-02
-6.550112817561316858e-02
-6.546020276102766655e-02
-6.541930291683471788e-02
-6.537842862705778302e-02
-6.533757987573039772e-02
-6.529675664689593706e-02
-6.525595892460789305e-02
-6.521518669292963866e-02
-6.517443993593451113e-02
-6.513371863770581194e-02
-6.509302278233677908e-02
-6.505235235393061477e-02
-6.501170733660038836e-02
-6.497108771446918896e-02
-6.493049347166994500e-02
-6.488992459234553534e-02
-6.484938106064876140e-02
-6.480886286074226399e-02
-6.476836997679867591e-02
-6.472790239300041382e-02
-6.468746009353985860e-02
-6.464704306261921662e-02
-6.460665128445058913e-02
-6.456628474325594447e-02
-6.452594342326710419e-02
-6.448562730872572923e-02
-6.444533638388333374e-02
-6.440507063300131285e-02
-6.436483004035079003e-02
-6.432461459021283912e-02
-6.428442426687827616e-02
-6.424425905464774267e-02
-6.420411893783176116e-02
-6.416400390075052695e-02
-6.412391392773413024e-02
-6.408384900312243115e-02
-6.404380911126508757e-02
-6.400379423652145794e-02
-6.396380436326079555e-02
-6.392383947586198489e-02
-6.388389955871380532e-02
-6.384398459621472288e-02
-6.380409457277290419e-02
-6.376422947280636910e-02
-6.372438928074275477e-02
-6.368457398101953770e-02
-6.364478355808382559e-02
-6.360501799639249609e-02
-6.356527728041214131e-02
-6.352556139461902618e-02
-6.348587032349914394e-02
-6.344620405154814680e-02
-6.340656256327144302e-02
-6.336694584318403045e-02
-6.332735387581066300e-02
-6.328778664568567025e-02
-6.324824413735316564e-02
-6.320872633536682439e-02
-6.316923322429000842e-02
-6.312976478869573860e-02
-6.309032101316662533e-02
-6.305090188229499348e-02
-6.301150738068266033e-02
-6.297213749294124085e-02
-6.293279220369180083e-02
-6.289347149756512045e-02
-6.285417535920156951e-02
-6.281490377325103791e-02
-6.277565672437311617e-02
-6.273643419723688719e-02
-6.269723617652106507e-02
-6.265806264691391181e-02
-6.261891359311330674e-02
-6.257978899982659382e-02
-6.254068885177074821e-02
-6.250161313367229299e-02
-6.246256183026726444e-02
-6.242353492630125372e-02
-6.238453240652935133e-02
-6.234555425571623039e-02
-6.230660045863600782e-02
-6.226767100007239014e-02
-6.222876586481856931e-02
-6.218988503767718806e-02
-6.215102850346045094e-02
-6.211219624698999242e-02
-6.207338825309700880e-02
-6.203460450662208470e-02
-6.199584499241533875e-02
-6.195710969533633344e-02
-6.191839860025408204e-02
-6.187971169204708327e-02
-6.184104895560324500e-02
-6.180241037581993974e-02
-6.176379593760397690e-02
-6.172520562587158199e-02
-6.168663942554841739e-02
-6.164809732156958932e-02
-6.160957929887952989e-02
-6.157108534243216358e-02
-6.153261543719082405e-02
-6.149416956812814306e-02
-6.145574772022625171e-02
-6.141734987847657923e-02
-6.137897602788000562e-02
-6.134062615344670205e-02
-6.130230024019626273e-02
-6.126399827315766322e-02
-6.122572023736914254e-02
-6.118746611787839046e-02
-6.114923589974235324e-02
-6.111102956802737934e-02
-6.107284710780909454e-02
-6.103468850417249902e-02
-6.099655374221185644e-02
-6.095844280703080487e-02
-6.092035568374225968e-02
-6.088229235746842050e-02
-6.084425281334081975e-02
-6.080623703650022555e-02
-6.076824501209676654e-02
-6.073027672528977933e-02
-6.069233216124791247e-02
-6.065441130514906409e-02
-6.061651414218040268e-02
-6.057864065753835320e-02
-6.054079083642857628e-02
-6.050296466406599599e-02
-6.046516212567474430e-02
-6.042738320648824435e-02
-6.038962789174904394e-02
-6.035189616670902368e-02
-6.031418801662921658e-02
-6.027650342677984968e-02
-6.023884238244042733e-02
-6.020120486889955075e-02
-6.016359087145511236e-02
-6.012600037541411535e-02
-6.008843336609277774e-02
-6.005088982881649079e-02
-6.001336974891979814e-02
-5.997587311174643748e-02
-5.993839990264926421e-02
-5.990095010699032774e-02
-5.986352371014078133e-02
-5.982612069748094452e-02
-5.978874105440026843e-02
-5.975138476629732187e-02
-5.971405181857981914e-02
-5.967674219666455060e-02
-5.963945588597747982e-02
-5.960219287195361176e-02
-5.956495314003710378e-02
-5.952773667568115462e-02
-5.949054346434812235e-02
-5.945337349150936479e-02
-5.941622674264539911e-02
-5.937910320324575608e-02
-5.934200285880905645e-02
-5.930492569484298315e-02
-5.926787169686425355e-02
-5.923084085039867497e-02
-5.919383314098103366e-02
-5.915684855415524052e-02
-5.911988707547415761e-02
-5.908294869049969533e-02
-5.904603338480284708e-02
-5.900914114396352272e-02
-5.897227195357071516e-02
-5.893542579922238928e-02
-5.889860266652551662e-02
-5.886180254109604770e-02
-5.882502540855895357e-02
-5.878827125454815644e-02
-5.875154006470655749e-02
-5.871483182468606454e-02
-5.867814652014748111e-02
-5.864148413676063820e-02
-5.860484466020426941e-02
-5.856822807616610810e-02
-5.853163437034276939e-02
-5.849506352843985429e-02
-5.845851553617188723e-02
-5.842199037926226746e-02
-5.838548804344341481e-02
-5.834900851445654762e-02
-5.831255177805189094e-02
-5.827611781998849605e-02
-5.823970662603438625e-02
-5.820331818196639029e-02
-5.816695247357031584e-02
-5.813060948664079686e-02
-5.809428920698133519e-02
-5.805799162040434919e-02
-5.802171671273105569e-02
-5.798546446979161578e-02
-5.794923487742495438e-02
-5.791302792147891287e-02
-5.787684358781012423e-02
-5.784068186228411013e-02
-5.780454273077519078e-02
-5.776842617916649880e-02
-5.773233219335002775e-02
-5.769626075922654196e-02
-5.766021186270565979e-02
-5.762418548970576343e-02
-5.758818162615404745e-02
-5.755220025798653272e-02
-5.751624137114796226e-02
-5.748030495159191233e-02
-5.744439098528071608e-02
-5.740849945818548433e-02
-5.737263035628606400e-02
-5.733678366557112827e-02
-5.730095937203802392e-02
-5.726515746169289628e-02
-5.722937792055065448e-02
-5.719362073463488128e-02
-5.715788588997793712e-02
-5.712217337262089079e-02
-5.708648316861354710e-02
-5.705081526401441228e-02
-5.701516964489072165e-02
-5.697954629731838416e-02
-5.694394520738205179e-02
-5.690836636117505704e-02
-5.687280974479937135e-02
-5.683727534436573692e-02
-5.680176314599349324e-02
-5.676627313581070894e-02
-5.673080529995408461e-02
-5.669535962456898753e-02
-5.665993609580948637e-02
-5.662453469983822624e-02
-5.658915542282658140e-02
-5.655379825095446095e-02
-5.651846317041051698e-02
-5.648315016739196420e-02
-5.644785922810467010e-02
-5.641259033876309253e-02
-5.637734348559034214e-02
-5.634211865481811299e-02
-5.630691583268668948e-02
-5.627173500544498108e-02
-5.623657615935047371e-02
-5.620143928066925754e-02
-5.616632435567595755e-02
-5.613123137065383766e-02
-5.609616031189466195e-02
-5.606111116569883340e-02
-5.602608391837528290e-02
-5.599107855624146229e-02
-5.595609506562341379e-02
-5.592113343285570748e-02
-5.588619364428146913e-02
-5.585127568625232464e-02
-5.581637954512846250e-02
-5.578150520727857137e-02
-5.574665265907985390e-02
-5.571182188691804760e-02
-5.567701287718736236e-02
-5.564222561629055680e-02
-5.560746009063882722e-02
-5.557271628665191865e-02
-5.553799419075799298e-02
-5.550329378939376085e-02
-5.546861506900438443e-02
-5.543395801604346362e-02
-5.539932261697310539e-02
-5.536470885826383359e-02
-5.533011672639468609e-02
-5.529554620785306907e-02
-5.526099728913490966e-02
-5.522646995674449638e-02
-5.519196419719462482e-02
-5.515747999700647969e-02
-5.512301734270963482e-02
-5.508857622084217115e-02
-5.505415661795046850e-02
-5.501975852058941380e-02
-5.498538191532220676e-02
-5.495102678872052643e-02
-5.491669312736439240e-02
-5.488238091784219258e-02
-5.484809014675075256e-02
-5.481382080069520379e-02
-5.477957286628912237e-02
-5.474534633015436941e-02
-5.471114117892124373e-02
-5.467695739922831533e-02
-5.464279497772256411e-02
-5.460865390105932443e-02
-5.457453415590218793e-02
-5.454043572892315617e-02
-5.450635860680252270e-02
-5.447230277622892164e-02
-5.443826822389927211e-02
-5.440425493651884770e-02
-5.437026290080119312e-02
-5.433629210346816590e-02
-5.430234253124996413e-02
-5.426841417088497377e-02
-5.423450700911998379e-02
-5.420062103270996412e-02
-5.416675622841823912e-02
-5.413291258301633491e-02
-5.409909008328411123e-02
-5.406528871600964348e-02
-5.403150846798925738e-02
-5.399774932602755678e-02
-5.396401127693736810e-02
-5.393029430753978892e-02
-5.389659840466409085e-02
-5.386292355514783747e-02
-5.382926974583677332e-02
-5.379563696358489328e-02
-5.376202519525439399e-02
-5.372843442771566697e-02
-5.369486464784731933e-02
-5.366131584253615305e-02
-5.362778799867717883e-02
-5.359428110317357441e-02
-5.356079514293670546e-02
-5.352733010488611859e-02
-5.349388597594952055e-02
-5.346046274306283375e-02
-5.342706039317007133e-02
-5.339367891322346904e-02
-5.336031829018335337e-02
-5.332697851101826647e-02
-5.329365956270482041e-02
-5.326036143222782210e-02
-5.322708410658020389e-02
-5.319382757276296808e-02
-5.316059181778531872e-02
-5.312737682866452288e-02
-5.309418259242597998e-02
-5.306100909610317329e-02
-5.302785632673773231e-02
-5.299472427137933567e-02
-5.296161291708578051e-02
-5.292852225092295471e-02
-5.289545225996479527e-02
-5.286240293129335077e-02
-5.282937425199871889e-02
-5.279636620917909501e-02
-5.276337878994067504e-02
-5.273041198139777341e-02
-5.269746577067271898e-02
-5.266454014489588970e-02
-5.263163509120574735e-02
-5.259875059674871262e-02
-5.256588664867931082e-02
-5.253304323416004007e-02
-5.250022034036146146e-02
-5.246741795446211581e-02
-5.243463606364856533e-02
-5.240187465511541437e-02
-5.236913371606519846e-02
-5.233641323370851611e-02
-5.230371319526391782e-02
-5.227103358795795462e-02
-5.223837439902513646e-02
-5.220573561570800852e-02
-5.217311722525699857e-02
-5.214051921493056269e-02
-5.210794157199512278e-02
-5.207538428372501804e-02
-5.204284733740256741e-02
-5.201033072031800014e-02
-5.197783441976955299e-02
-5.194535842306333140e-02
-5.191290271751339974e-02
-5.188046729044176048e-02
-5.184805212917830558e-02
-5.181565722106087901e-02
-5.178328255343520731e-02
-5.175092811365494816e-02
-5.171859388908163491e-02
-5.168627986708473204e-02
-5.165398603504154501e-02
-5.162171238033730347e-02
-5.158945889036514049e-02
-5.155722555252598843e-02
-5.152501235422873860e-02
-5.149281928289009547e-02
-5.146064632593463917e-02
-5.142849347079479078e-02
-5.139636070491088171e-02
-5.136424801573100801e-02
-5.133215539071117606e-02
-5.130008281731519848e-02
-5.126803028301472193e-02
-5.123599777528923399e-02
-5.120398528162600771e-02
-5.117199278952020564e-02
-5.114002028647472026e-02
-5.110806776000033358e-02
-5.107613519761553672e-02
-5.104422258684671032e-02
-5.101232991522799964e-02
-5.098045717030128682e-02
-5.094860433961632268e-02
-5.091677141073056023e-02
-5.088495837120929344e-02
-5.085316520862551842e-02
-5.082139191056005839e-02
-5.078963846460146647e-02
-5.075790485834603960e-02
-5.072619107939784627e-02
-5.069449711536867798e-02
-5.066282295387811163e-02
-5.063116858255337777e-02
-5.059953398902954785e-02
-5.056791916094929840e-02
-5.053632408596311909e-02
-5.050474875172919487e-02
-5.047319314591336425e-02
-5.044165725618927898e-02
-5.041014107023818192e-02
-5.037864457574908750e-02
-5.034716776041867764e-02
-5.031571061195130867e-02
-5.028427311805903216e-02
-5.025285526646158796e-02
-5.022145704488636953e-02
-5.019007844106844474e-02
-5.015871944275055588e-02
-5.012738003768307804e-02
-5.009606021362407458e-02
-5.006475995833922776e-02
-5.003347925960186654e-02
-5.000221810519298732e-02
-4.997097648290118460e-02
-4.993975438052271343e-02
-4.990855178586142693e-02
-4.987736868672881796e-02
-4.984620507094397746e-02
-4.981506092633364302e-02
-4.978393624073210177e-02
-4.975283100198129443e-02
-4.972174519793073899e-02
-4.969067881643751683e-02
-4.965963184536634906e-02
-4.962860427258949936e-02
-4.959759608598682951e-02
-4.956660727344575079e-02
-4.953563782286127953e-02
-4.950468772213595381e-02
-4.947375695917990285e-02
-4.944284552191079846e-02
-4.941195339825384808e-02
-4.938108057614182256e-02
-4.935022704351502143e-02
-4.931939278832130069e-02
-4.928857779851600340e-02
-4.925778206206202908e-02
-4.922700556692981982e-02
-4.919624830109727009e-02
-4.916551025254984469e-02
-4.913479140928048161e-02
-4.910409175928964753e-02
-4.907341129058526846e-02
-4.904274999118281297e-02
-4.901210784910518120e-02
-4.898148485238280891e-02
-4.895088098905358426e-02
-4.892029624716285469e-02
-4.888973061476348247e-02
-4.885918407991574758e-02
-4.882865663068742396e-02
-4.879814825515370325e-02
-4.876765894139727803e-02
-4.873718867750823774e-02
-4.870673745158413809e-02
-4.867630525172999406e-02
-4.864589206605818977e-02
-4.861549788268861028e-02
-4.858512268974848891e-02
-4.855476647537255303e-02
-4.852442922770288519e-02
-4.849411093488899260e-02
-4.846381158508780707e-02
-4.843353116646363643e-02
-4.840326966718819929e-02
-4.837302707544058333e-02
-4.834280337940729394e-02
-4.831259856728217783e-02
-4.828241262726650634e-02
-4.825224554756886441e-02
-4.822209731640525465e-02
-4.819196792199903490e-02
-4.816185735258088352e-02
-4.813176559638888963e-02
-4.810169264166842817e-02
-4.807163847667227791e-02
-4.804160308966051035e-02
-4.801158646890056614e-02
-4.798158860266719256e-02
-4.795160947924247130e-02
-4.792164908691582542e-02
-4.789170741398395686e-02
-4.786178444875091587e-02
-4.783188017952801768e-02
-4.780199459463393974e-02
-4.777212768239458979e-02
-4.774227943114323081e-02
-4.771244982922038386e-02
-4.768263886497384890e-02
-4.765284652675874644e-02
-4.762307280293740647e-02
-4.759331768187949341e-02
-4.756358115196190894e-02
-4.753386320156881284e-02
-4.750416381909162988e-02
-4.747448299292904295e-02
-4.744482071148698604e-02
-4.741517696317861658e-02
-4.738555173642435697e-02
-4.735594501965183917e-02
-4.732635680129596012e-02
-4.729678706979879160e-02
-4.726723581360968429e-02
-4.723770302118516368e-02
-4.720818868098897864e-02
-4.717869278149211532e-02
-4.714921531117270692e-02
-4.711975625851613780e-02
-4.709031561201494631e-02
-4.706089336016890112e-02
-4.703148949148491104e-02
-4.700210399447710130e-02
-4.697273685766677892e-02
-4.694338806958237020e-02
-4.691405761875953179e-02
-4.688474549374104655e-02
-4.685545168307686525e-02
-4.682617617532409265e-02
-4.679691895904699445e-02
-4.676768002281694869e-02
-4.673845935521250133e-02
-4.670925694481933843e-02
-4.668007278023026535e-02
-4.665090685004522064e-02
-4.662175914287125522e-02
-4.659262964732254625e-02
-4.656351835202038325e-02
-4.653442524559317506e-02
-4.650535031667640817e-02
-4.647629355391270228e-02
-4.644725494595176862e-02
-4.641823448145038222e-02
-4.638923214907243048e-02
-4.636024793748887152e-02
-4.633128183537776890e-02
-4.630233383142420139e-02
-4.627340391432038097e-02
-4.624449207276556256e-02
-4.621559829546603715e-02
-4.618672257113520113e-02
-4.615786488849343838e-02
-4.612902523626824514e-02
-4.610020360319411203e-02
-4.607139997801260739e-02
-4.604261434947229392e-02
-4.601384670632879814e-02
-4.598509703734476872e-02
-4.595636533128984874e-02
-4.592765157694072425e-02
-4.589895576308106878e-02
-4.587027787850160576e-02
-4.584161791200001140e-02
-4.581297585238100489e-02
-4.578435168845626513e-02
-4.575574540904448623e-02
-4.572715700297134978e-02
-4.569858645906949013e-02
-4.567003376617855687e-02
-4.564149891314513152e-02
-4.561298188882281085e-02
-4.558448268207210274e-02
-4.555600128176053726e-02
-4.552753767676254865e-02
-4.549909185595954475e-02
-4.547066380823987924e-02
-4.544225352249883082e-02
-4.541386098763865869e-02
-4.538548619256849159e-02
-4.535712912620446652e-02
-4.532878977746956917e-02
-4.530046813529375188e-02
-4.527216418861389202e-02
-4.524387792637372951e-02
-4.521560933752397093e-02
-4.518735841102217154e-02
-4.515912513583283938e-02
-4.513090950092732423e-02
-4.510271149528391477e-02
-4.507453110788774836e-02
-4.504636832773087352e-02
-4.501822314381220824e-02
-4.499009554513751230e-02
-4.496198552071947740e-02
-4.493389305957759539e-02
-4.490581815073827615e-02
-4.487776078323473666e-02
-4.484972094610706339e-02
-4.482169862840221924e-02
-4.479369381917396725e-02
-4.476570650748293301e-02
-4.473773668239656998e-02
-4.470978433298917337e-02
-4.468184944834183853e-02
-4.465393201754253028e-02
-4.462603202968596500e-02
-4.459814947387373552e-02
-4.457028433921422089e-02
-4.454243661482257949e-02
-4.451460628982081835e-02
-4.448679335333769608e-02
-4.445899779450880607e-02
-4.443121960247647939e-02
-4.440345876638988887e-02
-4.437571527540493110e-02
-4.434798911868431670e-02
-4.432028028539752862e-02
-4.429258876472078055e-02
-4.426491454583708629e-02
-4.423725761793619732e-02
-4.420961797021463746e-02
-4.418199559187564046e-02
-4.415439047212924017e-02
-4.412680260019218731e-02
-4.409923196528794942e-02
-4.407167855664677336e-02
-4.404414236350558121e-02
-4.401662337510807432e-02
-4.398912158070461542e-02
-4.396163696955235345e-02
-4.393416953091507093e-02
-4.390671925406332277e-02
-4.387928612827435293e-02
-4.385187014283207368e-02
-4.382447128702714190e-02
-4.379708955015684801e-02
-4.376972492152522709e-02
-4.374237739044295470e-02
-4.371504694622740939e-02
-4.368773357820263104e-02
-4.366043727569933475e-02
-4.363315802805491084e-02
-4.360589582461339014e-02
-4.357865065472549260e-02
-4.355142250774854396e-02
-4.352421137304657989e-02
-4.349701723999022801e-02
-4.346984009795679116e-02
-4.344267993633019881e-02
-4.341553674450100014e-02
-4.338841051186640568e-02
-4.336130122783021790e-02
-4.333420888180286590e-02
-4.330713346320141932e-02
-4.328007496144952587e-02
-4.325303336597746684e-02
-4.322600866622210852e-02
-4.319900085162694386e-02
-4.317200991164203000e-02
-4.314503583572404377e-02
-4.311807861333621927e-02
-4.309113823394841725e-02
-4.306421468703702793e-02
-4.303730796208504739e-02
-4.301041804858202894e-02
-4.298354493602411092e-02
-4.295668861391399584e-02
-4.292984907176089493e-02
-4.290302629908065296e-02
-4.287622028539558872e-02
-4.284943102023463374e-02
-4.282265849313320744e-02
-4.279590269363329341e-02
-4.276916361128342559e-02
-4.274244123563862574e-02
-4.271573555626048679e-02
-4.268904656271708259e-02
-4.266237424458305116e-02
-4.263571859143948373e-02
-4.260907959287404956e-02
-4.258245723848085723e-02
-4.255585151786056564e-02
-4.252926242062032847e-02
-4.250268993637375259e-02
-4.247613405474098824e-02
-4.244959476534861109e-02
-4.242307205782974711e-02
-4.239656592182392686e-02
-4.237007634697722430e-02
-4.234360332294212492e-02
-4.231714683937760901e-02
-4.229070688594912392e-02
-4.226428345232854933e-02
-4.223787652819423893e-02
-4.221148610323097183e-02
-4.218511216713002193e-02
-4.215875470958903304e-02
-4.213241372031213683e-02
-4.210608918900989733e-02
-4.207978110539927624e-02
-4.205348945920368842e-02
-4.202721424015294638e-02
-4.200095543798331582e-02
-4.197471304243742540e-02
-4.194848704326435695e-02
