-2.500000000000000000e-01
-2.497917534481145785e-01
-2.495836803627346778e-01
-2.493757805993650212e-01
-2.491680540136308186e-01
-2.489605004612774897e-01
-2.487531197981705799e-01
-2.485459118802957612e-01
-2.483388765637586093e-01
-2.481320137047846042e-01
-2.479253231597189910e-01
-2.477188047850266417e-01
-2.475124584372920267e-01
-2.473062839732190210e-01
-2.471002812496309597e-01
-2.468944501234703603e-01
-2.466887904517989227e-01
-2.464833020917974460e-01
-2.462779849007656618e-01
-2.460728387361221792e-01
-2.458678634554043729e-01
-2.456630589162683009e-01
-2.454584249764885373e-01
-2.452539614939582280e-01
-2.450496683266888132e-01
-2.448455453328100273e-01
-2.446415923705697881e-01
-2.444378092983340856e-01
-2.442341959745868984e-01
-2.440307522579300281e-01
-2.438274780070831538e-01
-2.436243730808836105e-01
-2.434214373382862506e-01
-2.432186706383634989e-01
-2.430160728403051307e-01
-2.428136438034182165e-01
-2.426113833871270387e-01
-2.424092914509729801e-01
-2.422073678546143582e-01
-2.420056124578265078e-01
-2.418040251205014757e-01
-2.416026057026480489e-01
-2.414013540643916156e-01
-2.412002700659741095e-01
-2.409993535677538434e-01
-2.407986044302054540e-01
-2.405980225139198181e-01
-2.403976076796039141e-01
-2.401973597880807942e-01
-2.399972787002894181e-01
-2.397973642772845415e-01
-2.395976163802367442e-01
-2.393980348704321526e-01
-2.391986196092724948e-01
-2.389993704582749900e-01
-2.388002872790720987e-01
-2.386013699334116611e-01
-2.384026182831565921e-01
-2.382040321902849089e-01
-2.380056115168895925e-01
-2.378073561251785040e-01
-2.376092658774742739e-01
-2.374113406362142464e-01
-2.372135802639503133e-01
-2.370159846233488854e-01
-2.368185535771907269e-01
-2.366212869883709546e-01
-2.364241847198988999e-01
-2.362272466348979416e-01
-2.360304725966055339e-01
-2.358338624683730400e-01
-2.356374161136656209e-01
-2.354411333960621799e-01
-2.352450141792552796e-01
-2.350490583270510303e-01
-2.348532657033689519e-01
-2.346576361722419179e-01
-2.344621695978161280e-01
-2.342668658443508578e-01
-2.340717247762185149e-01
-2.338767462579044443e-01
-2.336819301540068727e-01
-2.334872763292368814e-01
-2.332927846484181833e-01
-2.330984549764870684e-01
-2.329042871784923752e-01
-2.327102811195953802e-01
-2.325164366650696313e-01
-2.323227536803008919e-01
-2.321292320307871138e-01
-2.319358715821382144e-01
-2.317426722000761607e-01
-2.315496337504346358e-01
-2.313567560991592054e-01
-2.311640391123070404e-01
-2.309714826560468892e-01
-2.307790865966589389e-01
-2.305868508005348705e-01
-2.303947751341775541e-01
-2.302028594642011317e-01
-2.300111036573308232e-01
-2.298195075804028153e-01
-2.296280711003643449e-01
-2.294367940842733378e-01
-2.292456763992985758e-01
-2.290547179127194188e-01
-2.288639184919257774e-01
-2.286732780044180569e-01
-2.284827963178070465e-01
-2.282924732998137807e-01
-2.281023088182694558e-01
-2.279123027411154301e-01
-2.277224549364030293e-01
-2.275327652722934912e-01
-2.273432336170578549e-01
-2.271538598390769326e-01
-2.269646438068411431e-01
-2.267755853889504292e-01
-2.265866844541142566e-01
-2.263979408711513930e-01
-2.262093545089898794e-01
-2.260209252366670030e-01
-2.258326529233290747e-01
-2.256445374382314017e-01
-2.254565786507382319e-01
-2.252687764303226425e-01
-2.250811306465664019e-01
-2.248936411691599413e-01
-2.247063078679022163e-01
-2.245191306127006514e-01
-2.243321092735710287e-01
-2.241452437206374049e-01
-2.239585338241320556e-01
-2.237719794543953089e-01
-2.235855804818755177e-01
-2.233993367771289207e-01
-2.232132482108196148e-01
-2.230273146537194440e-01
-2.228415359767078330e-01
-2.226559120507718426e-01
-2.224704427470059476e-01
-2.222851279366120092e-01
-2.220999674908991917e-01
-2.219149612812838235e-01
-2.217301091792893697e-01
-2.215454110565463208e-01
-2.213608667847920819e-01
-2.211764762358708891e-01
-2.209922392817337544e-01
-2.208081557944383266e-01
-2.206242256461488638e-01
-2.204404487091360665e-01
-2.202568248557770503e-01
-2.200733539585552900e-01
-2.198900358900603702e-01
-2.197068705229881236e-01
-2.195238577301403260e-01
-2.193409973844247796e-01
-2.191582893588551462e-01
-2.189757335265507809e-01
-2.187933297607368710e-01
-2.186110779347440747e-01
-2.184289779220086047e-01
-2.182470295960721451e-01
-2.180652328305817123e-01
-2.178835874992894606e-01
-2.177020934760528770e-01
-2.175207506348343645e-01
-2.173395588497014641e-01
-2.171585179948264666e-01
-2.169776279444866063e-01
-2.167968885730637285e-01
-2.166162997550444280e-01
-2.164358613650197716e-01
-2.162555732776853257e-01
-2.160754353678409900e-01
-2.158954475103910253e-01
-2.157156095803438589e-01
-2.155359214528119738e-01
-2.153563830030120196e-01
-2.151769941062644520e-01
-2.149977546379936710e-01
-2.148186644737277995e-01
-2.146397234890986550e-01
-2.144609315598416943e-01
-2.142822885617958195e-01
-2.141037943709033775e-01
-2.139254488632101048e-01
-2.137472519148648775e-01
-2.135692034021198782e-01
-2.133913032013302624e-01
-2.132135511889542145e-01
-2.130359472415528366e-01
-2.128584912357900649e-01
-2.126811830484325316e-01
-2.125040225563495366e-01
-2.123270096365129922e-01
-2.121501441659972009e-01
-2.119734260219789668e-01
-2.117968550817372897e-01
-2.116204312226535322e-01
-2.114441543222110309e-01
-2.112680242579953183e-01
-2.110920409076938453e-01
-2.109162041490959261e-01
-2.107405138600926819e-01
-2.105649699186769863e-01
-2.103895722029433257e-01
-2.102143205910876889e-01
-2.100392149614075665e-01
-2.098642551923018407e-01
-2.096894411622706456e-01
-2.095147727499153678e-01
-2.093402498339384799e-01
-2.091658722931434844e-01
-2.089916400064348589e-01
-2.088175528528180003e-01
-2.086436107113990024e-01
-2.084698134613847398e-01
-2.082961609820826177e-01
-2.081226531529006829e-01
-2.079492898533473189e-01
-2.077760709630314118e-01
-2.076029963616620178e-01
-2.074300659290484461e-01
-2.072572795451000927e-01
-2.070846370898264122e-01
-2.069121384433368349e-01
-2.067397834858405725e-01
-2.065675720976467289e-01
-2.063955041591640227e-01
-2.062235795509008429e-01
-2.060517981534650822e-01
-2.058801598475640815e-01
-2.057086645140046022e-01
-2.055373120336926318e-01
-2.053661022876333841e-01
-2.051950351569311881e-01
-2.050241105227894323e-01
-2.048533282665104815e-01
-2.046826882694954552e-01
-2.045121904132444213e-01
-2.043418345793560631e-01
-2.041716206495277075e-01
-2.040015485055552413e-01
-2.038316180293329727e-01
-2.036618291028536309e-01
-2.034921816082082557e-01
-2.033226754275860582e-01
-2.031533104432744208e-01
-2.029840865376587311e-01
-2.028150035932224371e-01
-2.026460614925467696e-01
-2.024772601183108534e-01
-2.023085993532914850e-01
-2.021400790803631053e-01
-2.019716991824977992e-01
-2.018034595427650180e-01
-2.016353600443317184e-01
-2.014674005704621129e-01
-2.012995810045176415e-01
-2.011319012299569720e-01
-2.009643611303357780e-01
-2.007969605893067944e-01
-2.006296994906196229e-01
-2.004625777181207047e-01
-2.002955951557532643e-01
-2.001287516875571992e-01
-1.999620471976689406e-01
-1.997954815703214815e-01
-1.996290546898442653e-01
-1.994627664406630474e-01
-1.992966167072998673e-01
-1.991306053743729654e-01
-1.989647323265966994e-01
-1.987989974487814338e-01
-1.986334006258335116e-01
-1.984679417427550885e-01
-1.983026206846441875e-01
-1.981374373366945330e-01
-1.979723915841954118e-01
-1.978074833125317566e-01
-1.976427124071838959e-01
-1.974780787537275817e-01
-1.973135822378339066e-01
-1.971492227452691648e-01
-1.969850001618947966e-01
-1.968209143736673605e-01
-1.966569652666383672e-01
-1.964931527269542511e-01
-1.963294766408563152e-01
-1.961659368946806203e-01
-1.960025333748578735e-01
-1.958392659679134007e-01
-1.956761345604670355e-01
-1.955131390392331192e-01
-1.953502792910202512e-01
-1.951875552027314276e-01
-1.950249666613637911e-01
-1.948625135540086040e-01
-1.947001957678512196e-01
-1.945380131901709442e-01
-1.943759657083409809e-01
-1.942140532098283467e-01
-1.940522755821937895e-01
-1.938906327130917595e-01
-1.937291244902702436e-01
-1.935677508015707093e-01
-1.934065115349281605e-01
-1.932454065783708042e-01
-1.930844358200202449e-01
-1.929235991480912349e-01
-1.927628964508915632e-01
-1.926023276168221943e-01
-1.924418925343769626e-01
-1.922815910921426286e-01
-1.921214231787987115e-01
-1.919613886831174898e-01
-1.918014874939639181e-01
-1.916417195002954876e-01
-1.914820845911621716e-01
-1.913225826557064246e-01
-1.911632135831629609e-01
-1.910039772628588650e-01
-1.908448735842132871e-01
-1.906859024367376365e-01
-1.905270637100351938e-01
-1.903683572938013047e-01
-1.902097830778232412e-01
-1.900513409519799246e-01
-1.898930308062421191e-01
-1.897348525306722378e-01
-1.895768060154242318e-01
-1.894188911507435902e-01
-1.892611078269672009e-01
-1.891034559345232957e-01
-1.889459353639313666e-01
-1.887885460058021658e-01
-1.886312877508374841e-01
-1.884741604898302336e-01
-1.883171641136641983e-01
-1.881602985133141726e-01
-1.880035635798456561e-01
-1.878469592044149650e-01
-1.876904852782690647e-01
-1.875341416927454596e-01
-1.873779283392722483e-01
-1.872218451093679015e-01
-1.870658918946413174e-01
-1.869100685867916001e-01
-1.867543750776081424e-01
-1.865988112589704317e-01
-1.864433770228480503e-01
-1.862880722613005080e-01
-1.861328968664773542e-01
-1.859778507306177886e-01
-1.858229337460509389e-01
-1.856681458051955835e-01
-1.855134868005600124e-01
-1.853589566247421938e-01
-1.852045551704294690e-01
-1.850502823303986077e-01
-1.848961379975156971e-01
-1.847421220647360585e-01
-1.845882344251041640e-01
-1.844344749717535814e-01
-1.842808435979069459e-01
-1.841273401968757384e-01
-1.839739646620604241e-01
-1.838207168869501751e-01
-1.836675967651229258e-01
-1.835146041902452618e-01
-1.833617390560723093e-01
-1.832090012564477621e-01
-1.830563906853036604e-01
-1.829039072366604457e-01
-1.827515508046268222e-01
-1.825993212833997292e-01
-1.824472185672642022e-01
-1.822952425505933172e-01
-1.821433931278482465e-01
-1.819916701935778980e-01
-1.818400736424191921e-01
-1.816886033690967017e-01
-1.815372592684227349e-01
-1.813860412352972240e-01
-1.812349491647076427e-01
-1.810839829517289223e-01
-1.809331424915234521e-01
-1.807824276793408291e-01
-1.806318384105180530e-01
-1.804813745804791925e-01
-1.803310360847354965e-01
-1.801808228188852279e-01
-1.800307346786135798e-01
-1.798807715596927037e-01
-1.797309333579815427e-01
-1.795812199694257760e-01
-1.794316312900577359e-01
-1.792821672159964075e-01
-1.791328276434473177e-01
-1.789836124687023966e-01
-1.788345215881399775e-01
-1.786855548982247688e-01
-1.785367122955076047e-01
-1.783879936766256114e-01
-1.782393989383019572e-01
-1.780909279773458531e-01
-1.779425806906524132e-01
-1.777943569752027386e-01
-1.776462567280636673e-01
-1.774982798463878020e-01
-1.773504262274133991e-01
-1.772026957684643134e-01
-1.770550883669499975e-01
-1.769076039203652528e-01
-1.767602423262903399e-01
-1.766130034823908401e-01
-1.764658872864175165e-01
-1.763188936362063142e-01
-1.761720224296783599e-01
-1.760252735648397127e-01
-1.758786469397814745e-01
-1.757321424526795406e-01
-1.755857600017947107e-01
-1.754394994854724943e-01
-1.752933608021431111e-01
-1.751473438503212965e-01
-1.750014485286064125e-01
-1.748556747356822816e-01
-1.747100223703170752e-01
-1.745644913313633140e-01
-1.744190815177577569e-01
-1.742737928285214011e-01
-1.741286251627592596e-01
-1.739835784196605006e-01
-1.738386524984981696e-01
-1.736938472986293003e-01
-1.735491627194947206e-01
-1.734045986606189693e-01
-1.732601550216103792e-01
-1.731158317021608550e-01
-1.729716286020458460e-01
-1.728275456211243455e-01
-1.726835826593386691e-01
-1.725397396167145658e-01
-1.723960163933610235e-01
-1.722524128894702133e-01
-1.721089290053175180e-01
-1.719655646412613370e-01
-1.718223196977430589e-01
-1.716791940752870060e-01
-1.715361876745004344e-01
-1.713933003960733115e-01
-1.712505321407783443e-01
-1.711078828094708959e-01
-1.709653523030889577e-01
-1.708229405226529829e-01
-1.706806473692659143e-01
-1.705384727441130455e-01
-1.703964165484619653e-01
-1.702544786836625856e-01
-1.701126590511469194e-01
-1.699709575524290806e-01
-1.698293740891052561e-01
-1.696879085628535955e-01
-1.695465608754341547e-01
-1.694053309286888132e-01
-1.692642186245411628e-01
-1.691232238649966191e-01
-1.689823465521421153e-01
-1.688415865881461309e-01
-1.687009438752587742e-01
-1.685604183158114222e-01
-1.684200098122169142e-01
-1.682797182669693026e-01
-1.681395435826439355e-01
-1.679994856618972354e-01
-1.678595444074667820e-01
-1.677197197221711455e-01
-1.675800115089098319e-01
-1.674404196706632264e-01
-1.673009441104925943e-01
-1.671615847315398584e-01
-1.670223414370276827e-01
-1.668832141302593330e-01
-1.667442027146185946e-01
-1.666053070935697988e-01
-1.664665271706576022e-01
-1.663278628495070965e-01
-1.661893140338235875e-01
-1.660508806273925941e-01
-1.659125625340798493e-01
-1.657743596578310774e-01
-1.656362719026720498e-01
-1.654982991727085018e-01
-1.653604413721260491e-01
-1.652226984051900494e-01
-1.650850701762457129e-01
-1.649475565897178531e-01
-1.648101575501109417e-01
-1.646728729620089426e-01
-1.645357027300753117e-01
-1.643986467590529965e-01
-1.642617049537641871e-01
-1.641248772191104266e-01
-1.639881634600724447e-01
-1.638515635817101301e-01
-1.637150774891624194e-01
-1.635787050876473525e-01
-1.634424462824618229e-01
-1.633063009789816611e-01
-1.631702690826615232e-01
-1.630343504990348080e-01
-1.628985451337136015e-01
-1.627628528923886209e-01
-1.626272736808291319e-01
-1.624918074048828931e-01
-1.623564539704761278e-01
-1.622212132836133580e-01
-1.620860852503774319e-01
-1.619510697769294405e-01
-1.618161667695086625e-01
-1.616813761344323974e-01
-1.615466977780960767e-01
-1.614121316069730139e-01
-1.612776775276145158e-01
-1.611433354466496604e-01
-1.610091052707853521e-01
-1.608749869068061555e-01
-1.607409802615743510e-01
-1.606070852420297401e-01
-1.604733017551896457e-01
-1.603396297081489119e-01
-1.602060690080796823e-01
-1.600726195622314829e-01
-1.599392812779311113e-01
-1.598060540625824699e-01
-1.596729378236666774e-01
-1.595399324687419018e-01
-1.594070379054433328e-01
-1.592742540414830155e-01
-1.591415807846499886e-01
-1.590090180428100075e-01
-1.588765657239055995e-01
-1.587442237359560082e-01
-1.586119919870570549e-01
-1.584798703853811386e-01
-1.583478588391771247e-01
-1.582159572567703176e-01
-1.580841655465624329e-01
-1.579524836170314306e-01
-1.578209113767314875e-01
-1.576894487342930251e-01
-1.575580955984225151e-01
-1.574268518779025072e-01
-1.572957174815915182e-01
-1.571646923184239764e-01
-1.570337762974101936e-01
-1.569029693276362825e-01
-1.567722713182640171e-01
-1.566416821785309443e-01
-1.565112018177501063e-01
-1.563808301453101512e-01
-1.562505670706751948e-01
-1.561204125033847645e-01
-1.559903663530537443e-01
-1.558604285293722913e-01
-1.557305989421057801e-01
-1.556008775010948031e-01
-1.554712641162550313e-01
-1.553417586975771036e-01
-1.552123611551267657e-01
-1.550830713990445919e-01
-1.549538893395459860e-01
-1.548248148869212082e-01
-1.546958479515352092e-01
-1.545669884438276298e-01
-1.544382362743126624e-01
-1.543095913535791064e-01
-1.541810535922902015e-01
-1.540526229011835724e-01
-1.539242991910712843e-01
-1.537960823728395932e-01
-1.536679723574490841e-01
-1.535399690559344499e-01
-1.534120723794044905e-01
-1.532842822390420578e-01
-1.531565985461040280e-01
-1.530290212119211068e-01
-1.529015501478979966e-01
-1.527741852655130628e-01
-1.526469264763184730e-01
-1.525197736919400859e-01
-1.523927268240773125e-01
-1.522657857845031992e-01
-1.521389504850642338e-01
-1.520122208376803175e-01
-1.518855967543447372e-01
-1.517590781471241379e-01
-1.516326649281583561e-01
-1.515063570096604195e-01
-1.513801543039164921e-01
-1.512540567232858180e-01
-1.511280641802005831e-01
-1.510021765871660260e-01
-1.508763938567601326e-01
-1.507507159016338305e-01
-1.506251426345107391e-01
-1.504996739681872253e-01
-1.503743098155322089e-01
-1.502490500894872738e-01
-1.501238947030664739e-01
-1.499988435693563882e-01
-1.498738966015159269e-01
-1.497490537127763588e-01
-1.496243148164412007e-01
-1.494996798258862170e-01
-1.493751486545593643e-01
-1.492507212159806251e-01
-1.491263974237420908e-01
-1.490021771915077398e-01
-1.488780604330135482e-01
-1.487540470620672961e-01
-1.486301369925485949e-01
-1.485063301384087486e-01
-1.483826264136708650e-01
-1.482590257324294669e-01
-1.481355280088507975e-01
-1.480121331571725152e-01
-1.478888410917037766e-01
-1.477656517268250702e-01
-1.476425649769882165e-01
-1.475195807567163120e-01
-1.473966989806036465e-01
-1.472739195633156473e-01
-1.471512424195887958e-01
-1.470286674642306557e-01
-1.469061946121197337e-01
-1.467838237782054245e-01
-1.466615548775079547e-01
-1.465393878251183557e-01
-1.464173225361984354e-01
-1.462953589259806120e-01
-1.461734969097679415e-01
-1.460517364029339515e-01
-1.459300773209228075e-01
-1.458085195792489797e-01
-1.456870630934974098e-01
-1.455657077793232890e-01
-1.454444535524520854e-01
-1.453233003286794611e-01
-1.452022480238712165e-01
-1.450812965539632904e-01
-1.449604458349615932e-01
-1.448396957829419796e-01
-1.447190463140502759e-01
-1.445984973445020860e-01
-1.444780487905828747e-01
-1.443577005686477732e-01
-1.442374525951216624e-01
-1.441173047864990064e-01
-1.439972570593437695e-01
-1.438773093302894990e-01
-1.437574615160391867e-01
-1.436377135333651023e-01
-1.435180652991089878e-01
-1.433985167301818076e-01
-1.432790677435636095e-01
-1.431597182563038029e-01
-1.430404681855207416e-01
-1.429213174484019189e-01
-1.428022659622037172e-01
-1.426833136442515193e-01
-1.425644604119395142e-01
-1.424457061827307525e-01
-1.423270508741570073e-01
-1.422084944038187471e-01
-1.420900366893851352e-01
-1.419716776485937804e-01
-1.418534171992509585e-01
-1.417352552592313075e-01
-1.416171917464779939e-01
-1.414992265790023795e-01
-1.413813596748842716e-01
-1.412635909522716171e-01
-1.411459203293805587e-01
-1.410283477244954065e-01
-1.409108730559685274e-01
-1.407934962422202618e-01
-1.406762172017389234e-01
-1.405590358530807438e-01
-1.404419521148697891e-01
-1.403249659057978771e-01
-1.402080771446245766e-01
-1.400912857501771802e-01
-1.399745916413505098e-01
-1.398579947371069998e-01
-1.397414949564765585e-01
-1.396250922185565402e-01
-1.395087864425117730e-01
-1.393925775475742812e-01
-1.392764654530434798e-01
-1.391604500782859521e-01
-1.390445313427354501e-01
-1.389287091658928386e-01
-1.388129834673260954e-01
-1.386973541666701171e-01
-1.385818211836267744e-01
-1.384663844379648012e-01
-1.383510438495198225e-01
-1.382357993381941597e-01
-1.381206508239569697e-01
-1.380055982268439396e-01
-1.378906414669574532e-01
-1.377757804644663964e-01
-1.376610151396062132e-01
-1.375463454126787388e-01
-1.374317712040521999e-01
-1.373172924341612422e-01
-1.372029090235066251e-01
-1.370886208926554439e-01
-1.369744279622409355e-01
-1.368603301529625060e-01
-1.367463273855854811e-01
-1.366324195809413278e-01
-1.365186066599273496e-01
-1.364048885435068248e-01
-1.362912651527088403e-01
-1.361777364086282360e-01
-1.360643022324256046e-01
-1.359509625453272086e-01
-1.358377172686249523e-01
-1.357245663236762434e-01
-1.356115096319040481e-01
-1.354985471147967802e-01
-1.353856786939082180e-01
-1.352729042908575319e-01
-1.351602238273291456e-01
-1.350476372250727364e-01
-1.349351444059031513e-01
-1.348227452917004077e-01
-1.347104398044095264e-01
-1.345982278660405873e-01
-1.344861093986686185e-01
-1.343740843244335958e-01
-1.342621525655403047e-01
-1.341503140442583397e-01
-1.340385686829221323e-01
-1.339269164039306181e-01
-1.338153571297475697e-01
-1.337038907829012080e-01
-1.335925172859843968e-01
-1.334812365616544205e-01
-1.333700485326329566e-01
-1.332589531217061307e-01
-1.331479502517242952e-01
-1.330370398456021674e-01
-1.329262218263186079e-01
-1.328154961169166759e-01
-1.327048626405034903e-01
-1.325943213202502302e-01
-1.324838720793921343e-01
-1.323735148412282792e-01
-1.322632495291217181e-01
-1.321530760664993420e-01
-1.320429943768517411e-01
-1.319330043837333155e-01
-1.318231060107621366e-01
-1.317132991816198639e-01
-1.316035838200517727e-01
-1.314939598498666429e-01
-1.313844271949366482e-01
-1.312749857791975228e-01
-1.311656355266482277e-01
-1.310563763613510901e-01
-1.309472082074316923e-01
-1.308381309890788158e-01
-1.307291446305443861e-01
-1.306202490561434448e-01
-1.305114441902540112e-01
-1.304027299573171927e-01
-1.302941062818369633e-01
-1.301855730883802464e-01
-1.300771303015767211e-01
-1.299687778461189047e-01
-1.298605156467620425e-01
-1.297523436283240239e-01
-1.296442617156854382e-01
-1.295362698337893526e-01
-1.294283679076414229e-01
-1.293205558623097273e-01
-1.292128336229247942e-01
-1.291052011146795464e-01
-1.289976582628291346e-01
-1.288902049926910209e-01
-1.287828412296448954e-01
-1.286755668991325652e-01
-1.285683819266579819e-01
-1.284612862377871312e-01
-1.283542797581480044e-01
-1.282473624134305434e-01
-1.281405341293865574e-01
-1.280337948318297503e-01
-1.279271444466356100e-01
-1.278205828997413807e-01
-1.277141101171459792e-01
-1.276077260249099399e-01
-1.275014305491554423e-01
-1.273952236160661444e-01
-1.272891051518872940e-01
-1.271830750829254508e-01
-1.270771333355486532e-01
-1.269712798361861961e-01
-1.268655145113287419e-01
-1.267598372875281265e-01
-1.266542480913973867e-01
-1.265487468496107049e-01
-1.264433334889032978e-01
-1.263380079360714725e-01
-1.262327701179724315e-01
-1.261276199615243843e-01
-1.260225573937063803e-01
-1.259175823415583095e-01
-1.258126947321807909e-01
-1.257078944927352282e-01
-1.256031815504436988e-01
-1.254985558325888151e-01
-1.253940172665138908e-01
-1.252895657796226359e-01
-1.251852012993793228e-01
-1.250809237533086204e-01
-1.249767330689955519e-01
-1.248726291740854671e-01
-1.247686119962840012e-01
-1.246646814633569772e-01
-1.245608375031304199e-01
-1.244570800434904867e-01
-1.243534090123833424e-01
-1.242498243378152428e-01
-1.241463259478523817e-01
-1.240429137706208496e-01
-1.239395877343066471e-01
-1.238363477671555746e-01
-1.237331937974731899e-01
-1.236301257536248227e-01
-1.235271435640354215e-01
-1.234242471571895677e-01
-1.233214364616314201e-01
-1.232187114059646454e-01
-1.231160719188524322e-01
-1.230135179290173242e-01
-1.229110493652412761e-01
-1.228086661563655563e-01
-1.227063682312907189e-01
-1.226041555189765347e-01
-1.225020279484419355e-01
-1.223999854487650141e-01
-1.222980279490828853e-01
-1.221961553785917559e-01
-1.220943676665467714e-01
-1.219926647422620164e-01
-1.218910465351104588e-01
-1.217895129745239086e-01
-1.216880639899929201e-01
-1.215866995110668064e-01
-1.214854194673535698e-01
-1.213842237885198599e-01
-1.212831124042908632e-01
-1.211820852444503854e-01
-1.210811422388406167e-01
-1.209802833173622694e-01
-1.208795084099744260e-01
-1.207788174466945114e-01
-1.206782103575982229e-01
-1.205776870728195449e-01
-1.204772475225506095e-01
-1.203768916370417386e-01
-1.202766193466013461e-01
-1.201764305815958972e-01
-1.200763252724498520e-01
-1.199763033496456105e-01
-1.198763647437235264e-01
-1.197765093852817680e-01
-1.196767372049763467e-01
-1.195770481335210189e-01
-1.194774421016872590e-01
-1.193779190403041895e-01
-1.192784788802585955e-01
-1.191791215524947989e-01
-1.190798469880146315e-01
-1.189806551178774485e-01
-1.188815458732000035e-01
-1.187825191851563933e-01
-1.186835749849780991e-01
-1.185847132039538759e-01
-1.184859337734297108e-01
-1.183872366248087393e-01
-1.182886216895513154e-01
-1.181900888991748166e-01
-1.180916381852536723e-01
-1.179932694794193632e-01
-1.178949827133602551e-01
-1.177967778188216824e-01
-1.176986547276057532e-01
-1.176006133715714469e-01
-1.175026536826344892e-01
-1.174047755927673103e-01
-1.173069790339990176e-01
-1.172092639384153256e-01
-1.171116302381585150e-01
-1.170140778654274183e-01
-1.169166067524773089e-01
-1.168192168316199153e-01
-1.167219080352233651e-01
-1.166246802957120882e-01
-1.165275335455668027e-01
-1.164304677173245012e-01
-1.163334827435783536e-01
-1.162365785569776655e-01
-1.161397550902278641e-01
-1.160430122760904570e-01
-1.159463500473828790e-01
-1.158497683369786174e-01
-1.157532670778070177e-01
-1.156568462028533112e-01
-1.155605056451585871e-01
-1.154642453378196265e-01
-1.153680652139890267e-01
-1.152719652068750072e-01
-1.151759452497414515e-01
-1.150800052759078373e-01
-1.149841452187492091e-01
-1.148883650116960253e-01
-1.147926645882342694e-01
-1.146970438819053112e-01
-1.146015028263058788e-01
-1.145060413550880174e-01
-1.144106594019590473e-01
-1.143153569006814807e-01
-1.142201337850730081e-01
-1.141249899890064839e-01
-1.140299254464098022e-01
-1.139349400912659377e-01
-1.138400338576128490e-01
-1.137452066795433814e-01
-1.136504584912053500e-01
-1.135557892268013874e-01
-1.134611988205889571e-01
-1.133666872068802567e-01
-1.132722543200422455e-01
-1.131779000944965058e-01
-1.130836244647192568e-01
-1.129894273652413267e-01
-1.128953087306480557e-01
-1.128012684955792821e-01
-1.127073065947292591e-01
-1.126134229628466821e-01
-1.125196175347345784e-01
-1.124258902452502790e-01
-1.123322410293053908e-01
-1.122386698218657552e-01
-1.121451765579513093e-01
-1.120517611726362106e-01
-1.119584236010486566e-01
-1.118651637783708713e-01
-1.117719816398391047e-01
-1.116788771207435360e-01
-1.115858501564282179e-01
-1.114929006822911045e-01
-1.114000286337839402e-01
-1.113072339464122457e-01
-1.112145165557352766e-01
-1.111218763973659540e-01
-1.110293134069707949e-01
-1.109368275202699677e-01
-1.108444186730371539e-01
-1.107520868010995474e-01
-1.106598318403377856e-01
-1.105676537266859077e-01
-1.104755523961313268e-01
-1.103835277847148022e-01
-1.102915798285303423e-01
-1.101997084637252045e-01
-1.101079136264998259e-01
-1.100161952531077542e-01
-1.099245532798557162e-01
-1.098329876431034108e-01
-1.097414982792636190e-01
-1.096500851248020242e-01
-1.095587481162373089e-01
-1.094674871901409607e-01
-1.093763022831373277e-01
-1.092851933319035629e-01
-1.091941602731695687e-01
-1.091032030437179279e-01
-1.090123215803839030e-01
-1.089215158200553535e-01
-1.088307856996727080e-01
-1.087401311562289641e-01
-1.086495521267695497e-01
-1.085590485483923923e-01
-1.084686203582477249e-01
-1.083782674935382384e-01
-1.082879898915188599e-01
-1.081977874894968078e-01
-1.081076602248315366e-01
-1.080176080349346673e-01
-1.079276308572699322e-01
-1.078377286293531745e-01
-1.077479012887523069e-01
-1.076581487730872144e-01
-1.075684710200297683e-01
-1.074788679673037428e-01
-1.073893395526847871e-01
-1.072998857140003981e-01
-1.072105063891298365e-01
-1.071212015160041414e-01
-1.070319710326060186e-01
-1.069428148769698689e-01
-1.068537329871816766e-01
-1.067647253013790098e-01
-1.066757917577509929e-01
-1.065869322945381947e-01
-1.064981468500326711e-01
-1.064094353625778533e-01
-1.063207977705685342e-01
-1.062322340124508269e-01
-1.061437440267221088e-01
-1.060553277519310222e-01
-1.059669851266773627e-01
-1.058787160896120655e-01
-1.057905205794372056e-01
-1.057023985349058864e-01
-1.056143498948222403e-01
-1.055263745980413725e-01
-1.054384725834693337e-01
-1.053506437900630505e-01
-1.052628881568302976e-01
-1.051752056228296567e-01
-1.050875961271704739e-01
-1.050000596090128330e-01
-1.049125960075674852e-01
-1.048252052620957941e-01
-1.047378873119097498e-01
-1.046506420963718709e-01
-1.045634695548952192e-01
-1.044763696269432884e-01
-1.043893422520300318e-01
-1.043023873697197512e-01
-1.042155049196270972e-01
-1.041286948414170549e-01
-1.040419570748048472e-01
-1.039552915595559068e-01
-1.038686982354858207e-01
-1.037821770424603579e-01
-1.036957279203953447e-01
-1.036093508092566645e-01
-1.035230456490602025e-01
-1.034368123798718453e-01
-1.033506509418073288e-01
-1.032645612750323627e-01
-1.031785433197624224e-01
-1.030925970162628186e-01
-1.030067223048486136e-01
-1.029209191258846218e-01
-1.028351874197852428e-01
-1.027495271270146004e-01
-1.026639381880863761e-01
-1.025784205435637808e-01
-1.024929741340595835e-01
-1.024075989002359993e-01
-1.023222947828046486e-01
-1.022370617225265566e-01
-1.021518996602121115e-01
-1.020668085367209821e-01
-1.019817882929621028e-01
-1.018968388698936328e-01
-1.018119602085229142e-01
-1.017271522499064440e-01
-1.016424149351497774e-01
-1.015577482054075692e-01
-1.014731520018834904e-01
-1.013886262658301451e-01
-1.013041709385491124e-01
-1.012197859613908485e-01
-1.011354712757547014e-01
-1.010512268230887717e-01
-1.009670525448899819e-01
-1.008829483827039519e-01
-1.007989142781250264e-01
-1.007149501727961777e-01
-1.006310560084089922e-01
-1.005472317267036286e-01
-1.004634772694688039e-01
-1.003797925785416684e-01
-1.002961775958078477e-01
-1.002126322632013872e-01
-1.001291565227046959e-01
-1.000457503163485057e-01
-9.996241358621184292e-02
-9.987914627442195936e-02
-9.979594832315431818e-02
-9.971281967463259399e-02
-9.962976027112853405e-02
-9.954677005496201381e-02
-9.946384896850091195e-02
-9.938099695416115209e-02
-9.929821395440659171e-02
-9.921549991174904992e-02
-9.913285476874821034e-02
-9.905027846801162106e-02
-9.896777095219461140e-02
-9.888533216400029191e-02
-9.880296204617949885e-02
-9.872066054153078030e-02
-9.863842759290027129e-02
-9.855626314318180481e-02
-9.847416713531668975e-02
-9.839213951229382193e-02
-9.831018021714955923e-02
-9.822828919296774930e-02
-9.814646638287959080e-02
-9.806471173006370279e-02
-9.798302517774601372e-02
-9.790140666919974755e-02
-9.781985614774538207e-02
-9.773837355675059346e-02
-9.765695883963028401e-02
-9.757561193984640169e-02
-9.749433280090807896e-02
-9.741312136637143848e-02
-9.733197757983967635e-02
-9.725090138496290948e-02
-9.716989272543825884e-02
-9.708895154500966906e-02
-9.700807778746799170e-02
-9.692727139665090197e-02
-9.684653231644284321e-02
-9.676586049077501306e-02
-9.668525586362530788e-02
-9.660471837901826730e-02
-9.652424798102510195e-02
-9.644384461376358242e-02
-9.636350822139802541e-02
-9.628323874813926597e-02
-9.620303613824464362e-02
-9.612290033601784967e-02
-9.604283128580905216e-02
-9.596282893201471542e-02
-9.588289321907766949e-02
-9.580302409148699905e-02
-9.572322149377801570e-02
-9.564348537053223021e-02
-9.556381566637736635e-02
-9.548421232598722219e-02
-9.540467529408169778e-02
-9.532520451542675355e-02
-9.524579993483431317e-02
-9.516646149716231906e-02
-9.508718914731463523e-02
-9.500798283024101953e-02
-9.492884249093708204e-02
-9.484976807444424340e-02
-9.477075952584970708e-02
-9.469181679028643162e-02
-9.461293981293306121e-02
-9.453412853901391188e-02
-9.445538291379894369e-02
-9.437670288260369134e-02
-9.429808839078923643e-02
-9.421953938376216586e-02
-9.414105580697455788e-02
-9.406263760592394052e-02
-9.398428472615320828e-02
-9.390599711325067767e-02
-9.382777471284989290e-02
-9.374961747062975082e-02
-9.367152533231441758e-02
-9.359349824367320381e-02
-9.351553615052066171e-02
-9.343763899871641854e-02
-9.335980673416523212e-02
-9.328203930281692147e-02
-9.320433665066631124e-02
-9.312669872375323177e-02
-9.304912546816247743e-02
-9.297161683002368171e-02
-9.289417275551142827e-02
-9.281679319084508439e-02
-9.273947808228887035e-02
-9.266222737615170679e-02
-9.258504101878729797e-02
-9.250791895659396524e-02
-9.243086113601474418e-02
-9.235386750353724583e-02
-9.227693800569367055e-02
-9.220007258906075254e-02
-9.212327120025973204e-02
-9.204653378595629987e-02
-9.196986029286058351e-02
-9.189325066772710549e-02
-9.181670485735471399e-02
-9.174022280858662448e-02
-9.166380446831025319e-02
-9.158744978345736976e-02
-9.151115870100384742e-02
-9.143493116796974629e-02
-9.135876713141931338e-02
-9.128266653846082990e-02
-9.120662933624666679e-02
-9.113065547197320149e-02
-9.105474489288083173e-02
-9.097889754625385073e-02
-9.090311337942046099e-02
-9.082739233975281601e-02
-9.075173437466681203e-02
-9.067613943162224077e-02
-9.060060745812259508e-02
-9.052513840171506898e-02
-9.044973220999065477e-02
-9.037438883058387940e-02
-9.029910821117301256e-02
-9.022389029947977535e-02
-9.014873504326957609e-02
-9.007364239035121900e-02
-8.999861228857700124e-02
-8.992364468584274073e-02
-8.984873953008754022e-02
-8.977389676929398155e-02
-8.969911635148790363e-02
-8.962439822473843021e-02
-8.954974233715801146e-02
-8.947514863690224363e-02
-8.940061707216997999e-02
-8.932614759120315051e-02
-8.925174014228684505e-02
-8.917739467374923013e-02
-8.910311113396149341e-02
-8.902888947133785758e-02
-8.895472963433546931e-02
-8.888063157145448256e-02
-8.880659523123787813e-02
-8.873262056227151917e-02
-8.865870751318412346e-02
-8.858485603264716624e-02
-8.851106606937492183e-02
-8.843733757212432489e-02
-8.836367048969503979e-02
-8.829006477092937732e-02
-8.821652036471222535e-02
-8.814303721997110430e-02
-8.806961528567604225e-02
-8.799625451083957495e-02
-8.792295484451673193e-02
-8.784971623580492550e-02
-8.777653863384406174e-02
-8.770342198781631848e-02
-8.763036624694627019e-02
-8.755737136050074920e-02
-8.748443727778883183e-02
-8.741156394816190778e-02
-8.733875132101343031e-02
-8.726599934577912443e-02
-8.719330797193676486e-02
-8.712067714900618987e-02
-8.704810682654939846e-02
-8.697559695417025893e-02
-8.690314748151474478e-02
-8.683075835827067102e-02
-8.675842953416786074e-02
-8.668616095897792306e-02
-8.661395258251435025e-02
-8.654180435463246224e-02
-8.646971622522928169e-02
-8.639768814424363119e-02
-8.632572006165599443e-02
-8.625381192748853010e-02
-8.618196369180504413e-02
-8.611017530471090642e-02
-8.603844671635309249e-02
-8.596677787692007244e-02
-8.589516873664179708e-02
-8.582361924578972567e-02
-8.575212935467665942e-02
-8.568069901365689411e-02
-8.560932817312598420e-02
-8.553801678352086768e-02
-8.546676479531974124e-02
-8.539557215904201859e-02
-8.532443882524842760e-02
-8.525336474454074664e-02
-8.518234986756204052e-02
-8.511139414499638289e-02
-8.504049752756895342e-02
-8.496965996604601001e-02
-8.489888141123477783e-02
-8.482816181398351862e-02
-8.475750112518135038e-02
-8.468689929575838604e-02
-8.461635627668555315e-02
-8.454587201897463544e-02
-8.447544647367825899e-02
-8.440507959188975340e-02
-8.433477132474326288e-02
-8.426452162341357965e-02
-8.419433043911617176e-02
-8.412419772310719690e-02
-8.405412342668332204e-02
-8.398410750118190382e-02
-8.391414989798073876e-02
-8.384425056849811875e-02
-8.377440946419291434e-02
-8.370462653656428331e-02
-8.363490173715190656e-02
-8.356523501753575223e-02
-8.349562632933617279e-02
-8.342607562421379408e-02
-8.335658285386948751e-02
-8.328714797004441173e-02
-8.321777092451988767e-02
-8.314845166911739860e-02
-8.307919015569859011e-02
-8.300998633616515909e-02
-8.294084016245892310e-02
-8.287175158656166774e-02
-8.280272056049524376e-02
-8.273374703632144223e-02
-8.266483096614193893e-02
-8.259597230209839158e-02
-8.252717099637223164e-02
-8.245842700118483082e-02
-8.238974026879726520e-02
-8.232111075151042623e-02
-8.225253840166490971e-02
-8.218402317164102966e-02
-8.211556501385877671e-02
-8.204716388077773481e-02
-8.197881972489713676e-02
-8.191053249875576703e-02
-8.184230215493190630e-02
-8.177412864604340081e-02
-8.170601192474749586e-02
-8.163795194374096065e-02
-8.156994865575986631e-02
-8.150200201357973850e-02
-8.143411197001540480e-02
-8.136627847792096691e-02
-8.129850149018988392e-02
-8.123078095975473645e-02
-8.116311683958743473e-02
-8.109550908269896885e-02
-8.102795764213950591e-02
-8.096046247099834836e-02
-8.089302352240379523e-02
-8.082564074952330868e-02
-8.075831410556323642e-02
-8.069104354376897825e-02
-8.062382901742488894e-02
-8.055667047985416718e-02
-8.048956788441898047e-02
-8.042252118452025700e-02
-8.035553033359783826e-02
-8.028859528513027088e-02
-8.022171599263484831e-02
-8.015489240966766626e-02
-8.008812448982341459e-02
-8.002141218673552991e-02
-7.995475545407598750e-02
-7.988815424555535671e-02
-7.982160851492285658e-02
-7.975511821596613371e-02
-7.968868330251138721e-02
-7.962230372842322990e-02
-7.955597944760477158e-02
-7.948971041399745252e-02
-7.942349658158111281e-02
-7.935733790437392299e-02
-7.929123433643235630e-02
-7.922518583185116092e-02
-7.915919234476331834e-02
-7.909325382933997395e-02
-7.902737023979056197e-02
-7.896154153036251400e-02
-7.889576765534149494e-02
-7.883004856905119484e-02
-7.876438422585332888e-02
-7.869877458014769289e-02
-7.863321958637199682e-02
-7.856771919900196188e-02
-7.850227337255118176e-02
-7.843688206157117815e-02
-7.837154522065133133e-02
-7.830626280441879694e-02
-7.824103476753858921e-02
-7.817586106471342833e-02
-7.811074165068383757e-02
-7.804567648022797677e-02
-7.798066550816168396e-02
-7.791570868933847538e-02
-7.785080597864942054e-02
-7.778595733102321164e-02
-7.772116270142605254e-02
-7.765642204486165878e-02
-7.759173531637125754e-02
-7.752710247103349051e-02
-7.746252346396445554e-02
-7.739799825031759561e-02
-7.733352678528375435e-02
-7.726910902409106496e-02
-7.720474492200496419e-02
-7.714043443432816449e-02
-7.707617751640058468e-02
-7.701197412359940542e-02
-7.694782421133890271e-02
-7.688372773507050340e-02
-7.681968465028281290e-02
-7.675569491250142096e-02
-7.669175847728904039e-02
-7.662787530024532667e-02
-7.656404533700701676e-02
-7.650026854324770698e-02
-7.643654487467793635e-02
-7.637287428704520043e-02
-7.630925673613377092e-02
-7.624569217776482055e-02
-7.618218056779628433e-02
-7.611872186212285951e-02
-7.605531601667601949e-02
-7.599196298742388889e-02
-7.592866273037136848e-02
-7.586541520155988538e-02
-7.580222035706755956e-02
-7.573907815300909285e-02
-7.567598854553571341e-02
-7.561295149083521738e-02
-7.554996694513181621e-02
-7.548703486468630319e-02
-7.542415520579581756e-02
-7.536132792479389997e-02
-7.529855297805053416e-02
-7.523583032197195264e-02
-7.517315991300081712e-02
-7.511054170761596871e-02
-7.504797566233253892e-02
-7.498546173370190804e-02
-7.492299987831158026e-02
-7.486059005278530853e-02
-7.479823221378290032e-02
-7.473592631800032859e-02
-7.467367232216959305e-02
-7.461147018305873402e-02
-7.454931985747184631e-02
-7.448722130224895432e-02
-7.442517447426608146e-02
-7.436317933043515294e-02
-7.430123582770394031e-02
-7.423934392305617247e-02
-7.417750357351131363e-02
-7.411571473612471594e-02
-7.405397736798743913e-02
-7.399229142622629207e-02
-7.393065686800386060e-02
-7.386907365051831320e-02
-7.380754173100355364e-02
-7.374606106672906836e-02
-7.368463161499996805e-02
-7.362325333315689058e-02
-7.356192617857601479e-02
-7.350065010866907445e-02
-7.343942508088319165e-02
-7.337825105270104342e-02
-7.331712798164062572e-02
-7.325605582525533677e-02
-7.319503454113400476e-02
-7.313406408690069360e-02
-7.307314442021485557e-02
-7.301227549877112311e-02
-7.295145728029940602e-02
-7.289068972256486367e-02
-7.282997278336775238e-02
-7.276930642054357801e-02
-7.270869059196288786e-02
-7.264812525553138167e-02
-7.258761036918977283e-02
-7.252714589091381614e-02
-7.246673177871433558e-02
-7.240636799063704387e-02
-7.234605448476265355e-02
-7.228579121920680750e-02
-7.222557815211995413e-02
-7.216541524168752775e-02
-7.210530244612968487e-02
-7.204523972370144302e-02
-7.198522703269255585e-02
-7.192526433142758246e-02
-7.186535157826572096e-02
-7.180548873160089163e-02
-7.174567574986168150e-02
-7.168591259151128881e-02
-7.162619921504752296e-02
-7.156653557900276297e-02
-7.150692164194391576e-02
-7.144735736247241620e-02
-7.138784269922417158e-02
-7.132837761086957551e-02
-7.126896205611339685e-02
-7.120959599369483528e-02
-7.115027938238749350e-02
-7.109101218099921071e-02
-7.103179434837227080e-02
-7.097262584338313862e-02
-7.091350662494259882e-02
-7.085443665199560315e-02
-7.079541588352135373e-02
-7.073644427853321981e-02
-7.067752179607865448e-02
-7.061864839523930570e-02
-7.055982403513083590e-02
-7.050104867490300520e-02
-7.044232227373958821e-02
-7.038364479085836012e-02
-7.032501618551106892e-02
-7.026643641698337994e-02
-7.020790544459494520e-02
-7.014942322769920913e-02
-7.009098972568353347e-02
-7.003260489796910016e-02
-6.997426870401086962e-02
-6.991598110329762250e-02
-6.985774205535183468e-02
-6.979955151972971894e-02
-6.974140945602119723e-02
-6.968331582384981737e-02
-6.962527058287278081e-02
-6.956727369278090101e-02
-6.950932511329853403e-02
-6.945142480418363407e-02
-6.939357272522762854e-02
-6.933576883625547360e-02
-6.927801309712557087e-02
-6.922030546772978132e-02
-6.916264590799335588e-02
-6.910503437787489378e-02
-6.904747083736643976e-02
-6.898995524649327582e-02
-6.893248756531403232e-02
-6.887506775392060465e-02
-6.881769577243808389e-02
-6.876037158102485392e-02
-6.870309513987241101e-02
-6.864586640920548877e-02
-6.858868534928187766e-02
-6.853155192039249444e-02
-6.847446608286139602e-02
-6.841742779704558519e-02
-6.836043702333517713e-02
-6.830349372215320514e-02
-6.824659785395575939e-02
-6.818974937923177881e-02
-6.813294825850314818e-02
-6.807619445232467037e-02
-6.801948792128395538e-02
-6.796282862600148966e-02
-6.790621652713051126e-02
-6.784965158535707919e-02
-6.779313376139997627e-02
-6.773666301601069528e-02
-6.768023930997346671e-02
-6.762386260410513383e-02
-6.756753285925522212e-02
-6.751125003630585597e-02
-6.745501409617170319e-02
-6.739882499980007213e-02
-6.734268270817071744e-02
-6.728658718229596492e-02
-6.723053838322057274e-02
-6.717453627202174538e-02
-6.711858080980914742e-02
-6.706267195772480649e-02
-6.700680967694314094e-02
-6.695099392867087662e-02
-6.689522467414708851e-02
-6.683950187464313131e-02
-6.678382549146258396e-02
-6.672819548594133288e-02
-6.667261181944739157e-02
-6.661707445338102551e-02
-6.656158334917459951e-02
-6.650613846829259157e-02
-6.645073977223164841e-02
-6.639538722252043279e-02
-6.634008078071969294e-02
-6.628482040842216538e-02
-6.622960606725256105e-02
-6.617443771886763471e-02
-6.611931532495599062e-02
-6.606423884723820750e-02
-6.600920824746671356e-02
-6.595422348742584207e-02
-6.589928452893169253e-02
-6.584439133383222786e-02
-6.578954386400717724e-02
-6.573474208136799446e-02
-6.567998594785791344e-02
-6.562527542545182335e-02
-6.557061047615629634e-02
-6.551599106200957368e-02
-6.546141714508149634e-02
-6.540688868747351892e-02
-6.535240565131864021e-02
-6.529796799878141711e-02
-6.524357569205795071e-02
-6.518922869337576143e-02
-6.513492696499390000e-02
-6.508067046920282261e-02
-6.502645916832441864e-02
-6.497229302471194123e-02
-6.491817200074999350e-02
-6.486409605885455620e-02
-6.481006516147287677e-02
-6.475607927108349704e-02
-6.470213835019621162e-02
-6.464824236135204016e-02
-6.459439126712322732e-02
-6.454058503011315950e-02
-6.448682361295642040e-02
-6.443310697831866607e-02
-6.437943508889665267e-02
-6.432580790741829202e-02
-6.427222539664242951e-02
-6.421868751935902453e-02
-6.416519423838897007e-02
-6.411174551658416210e-02
-6.405834131682743016e-02
-6.400498160203250964e-02
-6.395166633514406951e-02
-6.389839547913758744e-02
-6.384516899701941917e-02
-6.379198685182674300e-02
-6.373884900662749042e-02
-6.368575542452040161e-02
-6.363270606863488665e-02
-6.357970090213117820e-02
-6.352673988820006779e-02
-6.347382299006311401e-02
-6.342095017097246212e-02
-6.336812139421084400e-02
-6.331533662309164756e-02
-6.326259582095875023e-02
-6.320989895118661606e-02
-6.315724597718018474e-02
-6.310463686237487158e-02
-6.305207157023659525e-02
-6.299955006426165294e-02
-6.294707230797680353e-02
-6.289463826493912890e-02
-6.284224789873611716e-02
-6.278990117298555163e-02
-6.273759805133555245e-02
-6.268533849746450726e-02
-6.263312247508102948e-02
-6.258094994792402777e-02
-6.252882087976255332e-02
-6.247673523439586235e-02
-6.242469297565338832e-02
-6.237269406739463784e-02
-6.232073847350928786e-02
-6.226882615791705378e-02
-6.221695708456768947e-02
-6.216513121744104281e-02
-6.211334852054688910e-02
-6.206160895792505600e-02
-6.200991249364525004e-02
-6.195825909180718849e-02
-6.190664871654042584e-02
-6.185508133200441627e-02
-6.180355690238849287e-02
-6.175207539191178430e-02
-6.170063676482325649e-02
-6.164924098540162239e-02
-6.159788801795536978e-02
-6.154657782682271955e-02
-6.149531037637158415e-02
-6.144408563099957449e-02
-6.139290355513395137e-02
-6.134176411323158384e-02
-6.129066726977899782e-02
-6.123961298929223723e-02
-6.118860123631697512e-02
-6.113763197542834704e-02
-6.108670517123106908e-02
-6.103582078835927821e-02
-6.098497879147658091e-02
-6.093417914527606699e-02
-6.088342181448017087e-02
-6.083270676384077563e-02
-6.078203395813908116e-02
-6.073140336218561114e-02
-6.068081494082026850e-02
-6.063026865891216893e-02
-6.057976448135975883e-02
-6.052930237309066958e-02
-6.047888229906175916e-02
-6.042850422425911222e-02
-6.037816811369792896e-02
-6.032787393242259461e-02
-6.027762164550656832e-02
-6.022741121805245262e-02
-6.017724261519188239e-02
-6.012711580208553175e-02
-6.007703074392314185e-02
-6.002698740592338905e-02
-5.997698575333398896e-02
-5.992702575143154381e-02
-5.987710736552159796e-02
-5.982723056093863789e-02
-5.977739530304595345e-02
-5.972760155723575576e-02
-5.967784928892903157e-02
-5.962813846357560565e-02
-5.957846904665407145e-02
-5.952884100367175635e-02
-5.947925430016476334e-02
-5.942970890169785303e-02
-5.938020477386453388e-02
-5.933074188228690954e-02
-5.928132019261574820e-02
-5.923193967053044101e-02
-5.918260028173894655e-02
-5.913330199197781162e-02
-5.908404476701210190e-02
-5.903482857263540190e-02
-5.898565337466982195e-02
-5.893651913896588018e-02
-5.888742583140261361e-02
-5.883837341788741154e-02
-5.878936186435613359e-02
-5.874039113677295698e-02
-5.869146120113041820e-02
-5.864257202344941300e-02
-5.859372356977910618e-02
-5.854491580619698016e-02
-5.849614869880873785e-02
-5.844742221374831653e-02
-5.839873631717790864e-02
-5.835009097528782995e-02
-5.830148615429661674e-02
-5.825292182045090084e-02
-5.820439794002547212e-02
-5.815591447932317443e-02
-5.810747140467491939e-02
-5.805906868243970731e-02
-5.801070627900451609e-02
-5.796238416078436373e-02
-5.791410229422220418e-02
-5.786586064578895516e-02
-5.781765918198349119e-02
-5.776949786933254644e-02
-5.772137667439079106e-02
-5.767329556374071325e-02
-5.762525450399264004e-02
-5.757725346178473730e-02
-5.752929240378294035e-02
-5.748137129668096090e-02
-5.743349010720023851e-02
-5.738564880208996827e-02
-5.733784734812700373e-02
-5.729008571211587769e-02
-5.724236386088880912e-02
-5.719468176130560605e-02
-5.714703938025370716e-02
-5.709943668464812633e-02
-5.705187364143141093e-02
-5.700435021757369047e-02
-5.695686638007257246e-02
-5.690942209595318407e-02
-5.686201733226809579e-02
-5.681465205609731450e-02
-5.676732623454831816e-02
-5.672003983475591010e-02
-5.667279282388235084e-02
-5.662558516911718465e-02
-5.657841683767734359e-02
-5.653128779680702265e-02
-5.648419801377770749e-02
-5.643714745588818832e-02
-5.639013609046442804e-02
-5.634316388485968025e-02
-5.629623080645434346e-02
-5.624933682265597507e-02
-5.620248190089934676e-02
-5.615566600864627805e-02
-5.610888911338576812e-02
-5.606215118263382924e-02
-5.601545218393358394e-02
-5.596879208485516788e-02
-5.592217085299570900e-02
-5.587558845597938306e-02
-5.582904486145726791e-02
-5.578254003710745451e-02
-5.573607395063491510e-02
-5.568964656977150318e-02
-5.564325786227602294e-02
-5.559690779593405574e-02
-5.555059633855808504e-02
-5.550432345798735762e-02
-5.545808912208791824e-02
-5.541189329875260972e-02
-5.536573595590096875e-02
-5.531961706147931618e-02
-5.527353658346061127e-02
-5.522749448984454884e-02
-5.518149074865743436e-02
-5.513552532795220479e-02
-5.508959819580846323e-02
-5.504370932033234021e-02
-5.499785866965657688e-02
-5.495204621194043487e-02
-5.490627191536968932e-02
-5.486053574815665662e-02
-5.481483767854009037e-02
-5.476917767478523685e-02
-5.472355570518373791e-02
-5.467797173805368643e-02
-5.463242574173954313e-02
-5.458691768461212263e-02
-5.454144753506863508e-02
-5.449601526153256131e-02
-5.445062083245372914e-02
-5.440526421630822312e-02
-5.435994538159837075e-02
-5.431466429685279096e-02
-5.426942093062624844e-02
-5.422421525149977162e-02
-5.417904722808050688e-02
-5.413391682900176721e-02
-5.408882402292300440e-02
-5.404376877852975353e-02
-5.399875106453367463e-02
-5.395377084967243470e-02
-5.390882810270980485e-02
-5.386392279243552156e-02
-5.381905488766532825e-02
-5.377422435724097532e-02
-5.372943117003013691e-02
-5.368467529492645246e-02
-5.363995670084942963e-02
-5.359527535674448590e-02
-5.355063123158292776e-02
-5.350602429436186053e-02
-5.346145451410427851e-02
-5.341692185985891933e-02
-5.337242630070031940e-02
-5.332796780572880702e-02
-5.328354634407040519e-02
-5.323916188487689410e-02
-5.319481439732570704e-02
-5.315050385061999977e-02
-5.310623021398855337e-02
-5.306199345668576040e-02
-5.301779354799168037e-02
-5.297363045721190794e-02
-5.292950415367764921e-02
-5.288541460674562461e-02
-5.284136178579807580e-02
-5.279734566024279346e-02
-5.275336619951299238e-02
-5.270942337306741554e-02
-5.266551715039016757e-02
-5.262164750099084659e-02
-5.257781439440441240e-02
-5.253401780019117950e-02
-5.249025768793687957e-02
-5.244653402725251573e-02
-5.240284678777445276e-02
-5.235919593916432691e-02
-5.231558145110902502e-02
-5.227200329332073320e-02
-5.222846143553681875e-02
-5.218495584751990657e-02
-5.214148649905775423e-02
-5.209805335996331443e-02
-5.205465640007470030e-02
-5.201129558925511598e-02
-5.196797089739289832e-02
-5.192468229440144051e-02
-5.188142975021922676e-02
-5.183821323480975601e-02
-5.179503271816154886e-02
-5.175188817028816141e-02
-5.170877956122806735e-02
-5.166570686104475507e-02
-5.162267003982662361e-02
-5.157966906768696874e-02
-5.153670391476402463e-02
-5.149377455122085973e-02
-5.145088094724543926e-02
-5.140802307305051416e-02
-5.136520089887368357e-02
-5.132241439497731844e-02
-5.127966353164856161e-02
-5.123694827919932776e-02
-5.119426860796622708e-02
-5.115162448831061387e-02
-5.110901589061850325e-02
-5.106644278530058506e-02
-5.102390514279222383e-02
-5.098140293355335473e-02
-5.093893612806858762e-02
-5.089650469684706829e-02
-5.085410861042250624e-02
-5.081174783935320932e-02
-5.076942235422193805e-02
-5.072713212563601665e-02
-5.068487712422721503e-02
-5.064265732065179049e-02
-5.060047268559043909e-02
-5.055832318974824713e-02
-5.051620880385476048e-02
-5.047412949866384585e-02
-5.043208524495379486e-02
-5.039007601352719218e-02
-5.034810177521093638e-02
-5.030616250085628849e-02
-5.026425816133871932e-02
-5.022238872755802053e-02
-5.018055417043817273e-02
-5.013875446092739413e-02
-5.009698956999813352e-02
-5.005525946864695930e-02
-5.001356412789466355e-02
-4.997190351878612324e-02
-4.993027761239037660e-02
-4.988868637980053283e-02
-4.984712979213378609e-02
-4.980560782053140151e-02
-4.976412043615866670e-02
-4.972266761020490561e-02
-4.968124931388343685e-02
-4.963986551843152517e-02
-4.959851619511045778e-02
-4.955720131520539168e-02
-4.951592085002546467e-02
-4.947467477090366356e-02
-4.943346304919690043e-02
-4.939228565628590167e-02
-4.935114256357525653e-02
-4.931003374249337545e-02
-4.926895916449246238e-02
-4.922791880104851470e-02
-4.918691262366126082e-02
-4.914594060385419488e-02
-4.910500271317452814e-02
-4.906409892319314736e-02
-4.902322920550467727e-02
-4.898239353172734178e-02
-4.894159187350303336e-02
-4.890082420249727835e-02
-4.886009049039916757e-02
-4.881939070892143268e-02
-4.877872482980031427e-02
-4.873809282479562438e-02
-4.869749466569069096e-02
-4.865693032429233011e-02
-4.861639977243088773e-02
-4.857590298196011458e-02
-4.853543992475726349e-02
-4.849501057272297827e-02
-4.845461489778130765e-02
-4.841425287187971910e-02
-4.837392446698900866e-02
-4.833362965510334952e-02
-4.829336840824021565e-02
-4.825314069844043041e-02
-4.821294649776806246e-02
-4.817278577831047431e-02
-4.813265851217828767e-02
-4.809256467150532788e-02
-4.805250422844866559e-02
-4.801247715518853348e-02
-4.797248342392834708e-02
-4.793252300689469780e-02
-4.789259587633727666e-02
-4.785270200452892975e-02
-4.781284136376556110e-02
-4.777301392636616045e-02
-4.773321966467280325e-02
-4.769345855105057430e-02
-4.765373055788759554e-02
-4.761403565759496359e-02
-4.757437382260679137e-02
-4.753474502538013874e-02
-4.749514923839497776e-02
-4.745558643415426908e-02
-4.741605658518380922e-02
-4.737655966403234165e-02
-4.733709564327143876e-02
-4.729766449549550889e-02
-4.725826619332183093e-02
-4.721890070939045725e-02
-4.717956801636426223e-02
-4.714026808692885900e-02
-4.710100089379262722e-02
-4.706176640968669916e-02
-4.702256460736487648e-02
-4.698339545960370650e-02
-4.694425893920237819e-02
-4.690515501898276374e-02
-4.686608367178935614e-02
-4.682704487048925529e-02
-4.678803858797220966e-02
-4.674906479715049135e-02
-4.671012347095900019e-02
-4.667121458235513193e-02
-4.663233810431880594e-02
-4.659349400985249301e-02
-4.655468227198110431e-02
-4.651590286375206773e-02
-4.647715575823520989e-02
-4.643844092852283945e-02
-4.639975834772964991e-02
-4.636110798899271968e-02
-4.632248982547153976e-02
-4.628390383034793054e-02
-4.624534997682606952e-02
-4.620682823813244272e-02
-4.616833858751583086e-02
-4.612988099824731625e-02
-4.609145544362023422e-02
-4.605306189695018704e-02
-4.601470033157496753e-02
-4.597637072085460075e-02
-4.593807303817130927e-02
-4.589980725692946462e-02
-4.586157335055562889e-02
-4.582337129249845070e-02
-4.578520105622874148e-02
-4.574706261523939221e-02
-4.570895594304534570e-02
-4.567088101318366594e-02
-4.563283779921339933e-02
-4.559482627471567878e-02
-4.555684641329358492e-02
-4.551889818857221548e-02
-4.548098157419864368e-02
-4.544309654384187658e-02
-4.540524307119287589e-02
-4.536742112996448861e-02
-4.532963069389150251e-02
-4.529187173673053513e-02
-4.525414423226008925e-02
-4.521644815428052522e-02
-4.517878347661397759e-02
-4.514115017310445233e-02
-4.510354821761769495e-02
-4.506597758404122522e-02
-4.502843824628434410e-02
-4.499093017827804353e-02
-4.495345335397506886e-02
-4.491600774734984952e-02
-4.487859333239846427e-02
-4.484121008313871060e-02
-4.480385797360997291e-02
-4.476653697787330577e-02
-4.472924707001132982e-02
-4.469198822412829425e-02
-4.465476041434998655e-02
-4.461756361482374644e-02
-4.458039779971849359e-02
-4.454326294322460272e-02
-4.450615901955400078e-02
-4.446908600294006281e-02
-4.443204386763762587e-02
-4.439503258792300289e-02
-4.435805213809389247e-02
-4.432110249246945521e-02
-4.428418362539018882e-02
-4.424729551121799054e-02
-4.421043812433613635e-02
-4.417361143914918381e-02
-4.413681543008306923e-02
-4.410005007158499662e-02
-4.406331533812347240e-02
-4.402661120418826374e-02
-4.398993764429037084e-02
-4.395329463296206163e-02
-4.391668214475678844e-02
-4.388010015424921584e-02
-4.384354863603518587e-02
-4.380702756473168341e-02
-4.377053691497687082e-02
-4.373407666142999778e-02
-4.369764677877145675e-02
-4.366124724170271365e-02
-4.362487802494631473e-02
-4.358853910324585190e-02
-4.355223045136594889e-02
-4.351595204409228895e-02
-4.347970385623151079e-02
-4.344348586261128492e-02
-4.340729803808020260e-02
-4.337114035750782443e-02
-4.333501279578467341e-02
-4.329891532782213781e-02
-4.326284792855255440e-02
-4.322681057292909745e-02
-4.319080323592582732e-02
-4.315482589253766266e-02
-4.311887851778031105e-02
-4.308296108669034535e-02
-4.304707357432507181e-02
-4.301121595576263418e-02
-4.297538820610188881e-02
-4.293959030046245323e-02
-4.290382221398468532e-02
-4.286808392182961391e-02
-4.283237539917899434e-02
-4.279669662123523899e-02
-4.276104756322139655e-02
-4.272542820038120748e-02
-4.268983850797897217e-02
-4.265427846129964812e-02
-4.261874803564873887e-02
-4.258324720635235650e-02
-4.254777594875713137e-02
-4.251233423823023994e-02
-4.247692205015939776e-02
-4.244153935995279014e-02
-4.240618614303912071e-02
-4.237086237486752810e-02
-4.233556803090761378e-02
-4.230030308664942812e-02
-4.226506751760341490e-02
-4.222986129930043908e-02
-4.219468440729173125e-02
-4.215953681714887380e-02
-4.212441850446384944e-02
-4.208932944484891636e-02
-4.205426961393668450e-02
-4.201923898738003232e-02
-4.198423754085215537e-02
-4.194926525004647605e-02
-4.191432209067667142e-02
-4.187940803847668703e-02
-4.184452306920061898e-02
-4.180966715862282496e-02
-4.177484028253778542e-02
-4.174004241676017302e-02
-4.170527353712481095e-02
-4.167053361948663132e-02
-4.163582263972070291e-02
-4.160114057372216873e-02
-4.156648739740625292e-02
-4.153186308670826776e-02
-4.149726761758352339e-02
-4.146270096600741806e-02
-4.142816310797530627e-02
-4.139365401950257511e-02
-4.135917367662458877e-02
-4.132472205539663296e-02
-4.129029913189399825e-02
-4.125590488221185514e-02
-4.122153928246533039e-02
-4.118720230878940292e-02
-4.115289393733895240e-02
-4.111861414428872458e-02
-4.108436290583330347e-02
-4.105014019818711141e-02
-4.101594599758436738e-02
-4.098178028027910785e-02
-4.094764302254513821e-02
-4.091353420067601193e-02
-4.087945379098507220e-02
-4.084540176980534093e-02
-4.081137811348960198e-02
-4.077738279841029712e-02
-4.074341580095957455e-02
-4.070947709754924038e-02
-4.067556666461074472e-02
-4.064168447859518862e-02
-4.060783051597326165e-02
-4.057400475323526268e-02
-4.054020716689109294e-02
-4.050643773347018667e-02
-4.047269642952156660e-02
-4.043898323161375374e-02
-4.040529811633481599e-02
-4.037164106029229871e-02
-4.033801204011325248e-02
-4.030441103244419149e-02
-4.027083801395107271e-02
-4.023729296131930977e-02
-4.020377585125372438e-02
-4.017028666047852553e-02
-4.013682536573735804e-02
-4.010339194379318462e-02
-4.006998637142837605e-02
-4.003660862544458632e-02
-4.000325868266285667e-02
-3.996993651992347685e-02
-3.993664211408606141e-02
-3.990337544202950809e-02
-3.987013648065193538e-02
-3.983692520687075189e-02
-3.980374159762256614e-02
-3.977058562986318657e-02
-3.973745728056766319e-02
-3.970435652673016957e-02
-3.967128334536409312e-02
-3.963823771350193093e-02
-3.960521960819532450e-02
-3.957222900651503894e-02
-3.953926588555092825e-02
-3.950633022241194919e-02
-3.947342199422609194e-02
-3.944054117814042859e-02
-3.940768775132106466e-02
-3.937486169095310434e-02
-3.934206297424068521e-02
-3.930929157840690191e-02
-3.927654748069386165e-02
-3.924383065836258705e-02
-3.921114108869307169e-02
-3.917847874898422456e-02
-3.914584361655384925e-02
-3.911323566873868562e-02
-3.908065488289429873e-02
-3.904810123639514824e-02
-3.901557470663454680e-02
-3.898307527102460451e-02
-3.895060290699628447e-02
-3.891815759199932639e-02
-3.888573930350226054e-02
-3.885334801899238688e-02
-3.882098371597574732e-02
-3.878864637197713960e-02
-3.875633596454006874e-02
-3.872405247122676086e-02
-3.869179586961811468e-02
-3.865956613731370145e-02
-3.862736325193177889e-02
-3.859518719110921481e-02
-3.856303793250153572e-02
-3.853091545378285049e-02
-3.849881973264589891e-02
-3.846675074680198231e-02
-3.843470847398094969e-02
-3.840269289193123936e-02
-3.837070397841979563e-02
-3.833874171123211744e-02
-3.830680606817216116e-02
-3.827489702706239616e-02
-3.824301456574378394e-02
-3.821115866207569489e-02
-3.817932929393600544e-02
-3.814752643922097314e-02
-3.811575007584526442e-02
-3.808400018174198237e-02
-3.805227673486257650e-02
-3.802057971317688440e-02
-3.798890909467306232e-02
-3.795726485735764766e-02
-3.792564697925546874e-02
-3.789405543840965174e-02
-3.786249021288164152e-02
-3.783095128075112529e-02
-3.779943862011608813e-02
-3.776795220909271583e-02
-3.773649202581544349e-02
-3.770505804843694159e-02
-3.767365025512802584e-02
-3.764226862407776125e-02
-3.761091313349332332e-02
-3.757958376160008135e-02
-3.754828048664151513e-02
-3.751700328687923580e-02
-3.748575214059297195e-02
-3.745452702608052797e-02
-3.742332792165781186e-02
-3.739215480565876576e-02
-3.736100765643538685e-02
-3.732988645235772035e-02
-3.729879117181380405e-02
-3.726772179320971684e-02
-3.723667829496947468e-02
-3.720566065553509300e-02
-3.717466885336656590e-02
-3.714370286694177598e-02
-3.711276267475659141e-02
-3.708184825532474804e-02
-3.705095958717791182e-02
-3.702009664886561635e-02
-3.698925941895524899e-02
-3.695844787603208559e-02
-3.692766199869919330e-02
-3.689690176557752083e-02
-3.686616715530578042e-02
-3.683545814654048262e-02
-3.680477471795594313e-02
-3.677411684824419963e-02
-3.674348451611509497e-02
-3.671287770029615233e-02
-3.668229637953263761e-02
-3.665174053258753867e-02
-3.662121013824148896e-02
-3.659070517529285776e-02
-3.656022562255761138e-02
-3.652977145886941029e-02
-3.649934266307952591e-02
-3.646893921405684053e-02
-3.643856109068786125e-02
-3.640820827187665060e-02
-3.637788073654488197e-02
-3.634757846363174255e-02
-3.631730143209399575e-02
-3.628704962090593261e-02
-3.625682300905933714e-02
-3.622662157556351403e-02
-3.619644529944523320e-02
-3.616629415974876444e-02
-3.613616813553580109e-02
-3.610606720588549479e-02
-3.607599134989442069e-02
-3.604594054667656366e-02
-3.601591477536331826e-02
-3.598591401510344706e-02
-3.595593824506308767e-02
-3.592598744442573183e-02
-3.589606159239220468e-02
-3.586616066818068549e-02
-3.583628465102661753e-02
-3.580643352018277048e-02
-3.577660725491920574e-02
-3.574680583452322091e-02
-3.571702923829939841e-02
-3.568727744556952908e-02
-3.565755043567266080e-02
-3.562784818796502911e-02
-3.559817068182005717e-02
-3.556851789662839741e-02
-3.553888981179779971e-02
-3.550928640675323628e-02
-3.547970766093676287e-02
-3.545015355380759514e-02
-3.542062406484203924e-02
-3.539111917353350567e-02
-3.536163885939249546e-02
-3.533218310194654460e-02
-3.530275188074029347e-02
-3.527334517533537578e-02
-3.524396296531046024e-02
-3.521460523026125056e-02
-3.518527194980041600e-02
-3.515596310355763310e-02
-3.512667867117953008e-02
-3.509741863232968689e-02
-3.506818296668864215e-02
-3.503897165395383761e-02
-3.500978467383965981e-02
-3.498062200607734984e-02
-3.495148363041505196e-02
-3.492236952661780663e-02
-3.489327967446745338e-02
-3.486421405376273486e-02
-3.483517264431916505e-02
-3.480615542596911943e-02
-3.477716237856173787e-02
-3.474819348196295926e-02
-3.471924871605550078e-02
-3.469032806073880926e-02
-3.466143149592912365e-02
-3.463255900155937095e-02
-3.460371055757919395e-02
-3.457488614395497206e-02
-3.454608574066973109e-02
-3.451730932772320570e-02
-3.448855688513176310e-02
-3.445982839292843075e-02
-3.443112383116287561e-02
-3.440244317990134859e-02
-3.437378641922676087e-02
-3.434515352923855902e-02
-3.431654449005280827e-02
-3.428795928180210922e-02
-3.425939788463561175e-02
-3.423086027871902887e-02
-3.420234644423456732e-02
-3.417385636138096233e-02
-3.414539001037342897e-02
-3.411694737144365525e-02
-3.408852842483982293e-02
-3.406013315082653120e-02
-3.403176152968486606e-02
-3.400341354171228930e-02
-3.397508916722270789e-02
-3.394678838654641845e-02
-3.391851118003008647e-02
-3.389025752803678099e-02
-3.386202741094588436e-02
-3.383382080915317558e-02
-3.380563770307070531e-02
-3.377747807312691392e-02
-3.374934189976645099e-02
-3.372122916345033500e-02
-3.369313984465582834e-02
-3.366507392387646513e-02
-3.363703138162200262e-02
-3.360901219841846282e-02
-3.358101635480809088e-02
-3.355304383134929957e-02
-3.352509460861674562e-02
-3.349716866720124642e-02
-3.346926598770977312e-02
-3.344138655076545757e-02
-3.341353033700759922e-02
-3.338569732709160964e-02
-3.335788750168897782e-02
-3.333010084148733954e-02
-3.330233732719042189e-02
-3.327459693951796693e-02
-3.324687965920583577e-02
-3.321918546700591834e-02
-3.319151434368614734e-02
-3.316386627003042875e-02
-3.313624122683873213e-02
-3.310863919492701424e-02
-3.308106015512716352e-02
-3.305350408828708342e-02
-3.302597097527062986e-02
-3.299846079695755580e-02
-3.297097353424358057e-02
-3.294350916804033441e-02
-3.291606767927534455e-02
-3.288864904889199359e-02
-3.286125325784958889e-02
-3.283388028712327933e-02
-3.280653011770402749e-02
-3.277920273059867218e-02
-3.275189810682987285e-02
-3.272461622743608189e-02
-3.269735707347153075e-02
-3.267012062600625766e-02
-3.264290686612608683e-02
-3.261571577493253132e-02
-3.258854733354291100e-02
-3.256140152309024843e-02
-3.253427832472329667e-02
-3.250717771960647678e-02
-3.248009968891994032e-02
-3.245304421385949989e-02
-3.242601127563660840e-02
-3.239900085547841452e-02
-3.237201293462767943e-02
-3.234504749434276988e-02
-3.231810451589769984e-02
-3.229118398058206107e-02
-3.226428586970105789e-02
-3.223741016457540992e-02
-3.221055684654145629e-02
-3.218372589695105840e-02
-3.215691729717159303e-02
-3.213013102858598702e-02
-3.210336707259266870e-02
-3.207662541060556094e-02
-3.204990602405404648e-02
-3.202320889438299567e-02
-3.199653400305275952e-02
-3.196988133153907952e-02
-3.194325086133315700e-02
-3.191664257394163234e-02
-3.189005645088650170e-02
-3.186349247370518639e-02
-3.183695062395047737e-02
-3.181043088319054912e-02
-3.178393323300889722e-02
-3.175745765500436607e-02
-3.173100413079116972e-02
-3.170457264199877390e-02
-3.167816317027197931e-02
-3.165177569727088691e-02
-3.162541020467087016e-02
-3.159906667416252646e-02
-3.157274508745176039e-02
-3.154644542625969356e-02
-3.152016767232265065e-02
-3.149391180739220114e-02
-3.146767781323511759e-02
-3.144146567163332712e-02
-3.141527536438395996e-02
-3.138910687329930088e-02
-3.136296018020680310e-02
-3.133683526694900495e-02
-3.131073211538362711e-02
-3.128465070738349618e-02
-3.125859102483648233e-02
-3.123255304964560330e-02
-3.120653676372893426e-02
-3.118054214901961468e-02
-3.115456918746580678e-02
