-2.500000000000000000e-01
-2.499166805540124769e-01
-2.498333888765452704e-01
-2.497501249583437555e-01
-2.496668887901563605e-01
-2.495836803627346778e-01
-2.495004996668332697e-01
-2.494173466932098626e-01
-2.493342214326252360e-01
-2.492511238758432501e-01
-2.491680540136308186e-01
-2.490850118367580190e-01
-2.490019973359978711e-01
-2.489190105021265864e-01
-2.488360513259233742e-01
-2.487531197981705799e-01
-2.486702159096535747e-01
-2.485873396511608102e-01
-2.485044910134838192e-01
-2.484216699874171874e-01
-2.483388765637586093e-01
-2.482561107333087769e-01
-2.481733724868715185e-01
-2.480906618152536602e-01
-2.480079787092651644e-01
-2.479253231597189910e-01
-2.478426951574312087e-01
-2.477600946932209114e-01
-2.476775217579103017e-01
-2.475949763423245520e-01
-2.475124584372920267e-01
-2.474299680336440044e-01
-2.473475051222149002e-01
-2.472650696938421822e-01
-2.471826617393663439e-01
-2.471002812496309597e-01
-2.470179282154826295e-01
-2.469356026277710336e-01
-2.468533044773488783e-01
-2.467710337550718946e-01
-2.466887904517989227e-01
-2.466065745583918278e-01
-2.465243860657154729e-01
-2.464422249646378293e-01
-2.463600912460298942e-01
-2.462779849007656618e-01
-2.461959059197222355e-01
-2.461138542937797158e-01
-2.460318300138212844e-01
-2.459498330707330926e-01
-2.458678634554043729e-01
-2.457859211587274106e-01
-2.457040061715974888e-01
-2.456221184849129713e-01
-2.455402580895751918e-01
-2.454584249764885373e-01
-2.453766191365605032e-01
-2.452948405607014992e-01
-2.452130892398250439e-01
-2.451313651648476255e-01
-2.450496683266888132e-01
-2.449679987162712014e-01
-2.448863563245203545e-01
-2.448047411423648900e-01
-2.447231531607364785e-01
-2.446415923705697881e-01
-2.445600587628025124e-01
-2.444785523283753426e-01
-2.443970730582319950e-01
-2.443156209433192672e-01
-2.442341959745868984e-01
-2.441527981429876537e-01
-2.440714274394773231e-01
-2.439900838550147499e-01
-2.439087673805617751e-01
-2.438274780070831538e-01
-2.437462157255468331e-01
-2.436649805269235913e-01
-2.435837724021873429e-01
-2.435025913423149169e-01
-2.434214373382862506e-01
-2.433403103810841961e-01
-2.432592104616946582e-01
-2.431781375711065396e-01
-2.430970917003117127e-01
-2.430160728403051307e-01
-2.429350809820846613e-01
-2.428541161166511975e-01
-2.427731782350086853e-01
-2.426922673281640130e-01
-2.426113833871270387e-01
-2.425305264029107011e-01
-2.424496963665309091e-01
-2.423688932690064857e-01
-2.422881171013593626e-01
-2.422073678546143582e-01
-2.421266455197993994e-01
-2.420459500879452719e-01
-2.419652815500858700e-01
-2.418846398972580025e-01
-2.418040251205014757e-01
-2.417234372108590934e-01
-2.416428761593766572e-01
-2.415623419571029384e-01
-2.414818345950896783e-01
-2.414013540643916156e-01
-2.413209003560664867e-01
-2.412404734611749701e-01
-2.411600733707807698e-01
-2.410797000759505038e-01
-2.409993535677538434e-01
-2.409190338372633744e-01
-2.408387408755546799e-01
-2.407584746737063408e-01
-2.406782352227998800e-01
-2.405980225139198181e-01
-2.405178365381535899e-01
-2.404376772865916834e-01
-2.403575447503275009e-01
-2.402774389204574146e-01
-2.401973597880807942e-01
-2.401173073442999517e-01
-2.400372815802201965e-01
-2.399572824869497245e-01
-2.398773100555997850e-01
-2.397973642772845415e-01
-2.397174451431211273e-01
-2.396375526442296455e-01
-2.395576867717331693e-01
-2.394778475167576581e-01
-2.393980348704321526e-01
-2.393182488238885242e-01
-2.392384893682616698e-01
-2.391587564946894562e-01
-2.390790501943126367e-01
-2.389993704582749900e-01
-2.389197172777231815e-01
-2.388400906438068738e-01
-2.387604905476786721e-01
-2.386809169804940955e-01
-2.386013699334116611e-01
-2.385218493975927723e-01
-2.384423553642018856e-01
-2.383628878244062610e-01
-2.382834467693761837e-01
-2.382040321902849089e-01
-2.381246440783085505e-01
-2.380452824246262200e-01
-2.379659472204199711e-01
-2.378866384568747439e-01
-2.378073561251785040e-01
-2.377281002165220758e-01
-2.376488707220992258e-01
-2.375696676331067458e-01
-2.374904909407442033e-01
-2.374113406362142464e-01
-2.373322167107224101e-01
-2.372531191554770880e-01
-2.371740479616896990e-01
-2.370950031205745490e-01
-2.370159846233488854e-01
-2.369369924612328426e-01
-2.368580266254495803e-01
-2.367790871072250614e-01
-2.367001738977882186e-01
-2.366212869883709546e-01
-2.365424263702080587e-01
-2.364635920345372067e-01
-2.363847839725990718e-01
-2.363060021756371587e-01
-2.362272466348979416e-01
-2.361485173416308370e-01
-2.360698142870881200e-01
-2.359911374625250080e-01
-2.359124868591996327e-01
-2.358338624683730400e-01
-2.357552642813091903e-01
-2.356766922892749305e-01
-2.355981464835400774e-01
-2.355196268553773065e-01
-2.354411333960621799e-01
-2.353626660968732298e-01
-2.352842249490918747e-01
-2.352058099440024197e-01
-2.351274210728921121e-01
-2.350490583270510303e-01
-2.349707216977722224e-01
-2.348924111763516509e-01
-2.348141267540880817e-01
-2.347358684222833058e-01
-2.346576361722419179e-01
-2.345794299952714823e-01
-2.345012498826823666e-01
-2.344230958257879360e-01
-2.343449678159044147e-01
-2.342668658443508578e-01
-2.341887899024493180e-01
-2.341107399815246792e-01
-2.340327160729047118e-01
-2.339547181679201004e-01
-2.338767462579044443e-01
-2.337988003341941456e-01
-2.337208803881285768e-01
-2.336429864110499410e-01
-2.335651183943033837e-01
-2.334872763292368814e-01
-2.334094602072013247e-01
-2.333316700195504911e-01
-2.332539057576409891e-01
-2.331761674128323969e-01
-2.330984549764870684e-01
-2.330207684399702994e-01
-2.329431077946502726e-01
-2.328654730318980293e-01
-2.327878641430874695e-01
-2.327102811195953802e-01
-2.326327239528014346e-01
-2.325551926340881648e-01
-2.324776871548409896e-01
-2.324002075064481865e-01
-2.323227536803008919e-01
-2.322453256677931288e-01
-2.321679234603218067e-01
-2.320905470492866385e-01
-2.320131964260902790e-01
-2.319358715821382144e-01
-2.318585725088387894e-01
-2.317812991976032078e-01
-2.317040516398455596e-01
-2.316268298269827663e-01
-2.315496337504346358e-01
-2.314724634016238347e-01
-2.313953187719758886e-01
-2.313181998529191263e-01
-2.312411066358848188e-01
-2.311640391123070404e-01
-2.310869972736227518e-01
-2.310099811112716894e-01
-2.309329906166965873e-01
-2.308560257813428718e-01
-2.307790865966589389e-01
-2.307021730540959881e-01
-2.306252851451080499e-01
-2.305484228611520137e-01
-2.304715861936876553e-01
-2.303947751341775541e-01
-2.303179896740871757e-01
-2.302412298048847339e-01
-2.301644955180414120e-01
-2.300877868050311692e-01
-2.300111036573308232e-01
-2.299344460664199674e-01
-2.298578140237811651e-01
-2.297812075208996996e-01
-2.297046265492637684e-01
-2.296280711003643449e-01
-2.295515411656952609e-01
-2.294750367367532351e-01
-2.293985578050377339e-01
-2.293221043620511379e-01
-2.292456763992985758e-01
-2.291692739082880625e-01
-2.290928968805304722e-01
-2.290165453075393986e-01
-2.289402191808314058e-01
-2.288639184919257774e-01
-2.287876432323446285e-01
-2.287113933936129884e-01
-2.286351689672586340e-01
-2.285589699448121737e-01
-2.284827963178070465e-01
-2.284066480777795227e-01
-2.283305252162687038e-01
-2.282544277248164388e-01
-2.281783555949675191e-01
-2.281023088182694558e-01
-2.280262873862725914e-01
-2.279502912905301271e-01
-2.278743205225980395e-01
-2.277983750740351365e-01
-2.277224549364030293e-01
-2.276465601012661599e-01
-2.275706905601917462e-01
-2.274948463047498370e-01
-2.274190273265133122e-01
-2.273432336170578549e-01
-2.272674651679619240e-01
-2.271917219708067814e-01
-2.271160040171765482e-01
-2.270403112986580929e-01
-2.269646438068411431e-01
-2.268890015333181742e-01
-2.268133844696844925e-01
-2.267377926075382077e-01
-2.266622259384802329e-01
-2.265866844541142566e-01
-2.265111681460467985e-01
-2.264356770058871260e-01
-2.263602110252473654e-01
-2.262847701957423907e-01
-2.262093545089898794e-01
-2.261339639566103676e-01
-2.260585985302270284e-01
-2.259832582214660324e-01
-2.259079430219561591e-01
-2.258326529233290747e-01
-2.257573879172191933e-01
-2.256821479952637877e-01
-2.256069331491028229e-01
-2.255317433703791230e-01
-2.254565786507382319e-01
-2.253814389818285524e-01
-2.253063243553012074e-01
-2.252312347628101230e-01
-2.251561701960120288e-01
-2.250811306465664019e-01
-2.250061161061355230e-01
-2.249311265663844484e-01
-2.248561620189810095e-01
-2.247812224555958138e-01
-2.247063078679022163e-01
-2.246314182475763754e-01
-2.245565535862972528e-01
-2.244817138757465580e-01
-2.244068991076087205e-01
-2.243321092735710287e-01
-2.242573443653234633e-01
-2.241826043745588637e-01
-2.241078892929727340e-01
-2.240331991122634647e-01
-2.239585338241320556e-01
-2.238838934202824482e-01
-2.238092778924212212e-01
-2.237346872322577562e-01
-2.236601214315042108e-01
-2.235855804818755177e-01
-2.235110643750893022e-01
-2.234365731028660484e-01
-2.233621066569289326e-01
-2.232876650290038789e-01
-2.232132482108196148e-01
-2.231388561941076154e-01
-2.230644889706020761e-01
-2.229901465320399956e-01
-2.229158288701610924e-01
-2.228415359767078330e-01
-2.227672678434254872e-01
-2.226930244620620170e-01
-2.226188058243681600e-01
-2.225446119220973740e-01
-2.224704427470059476e-01
-2.223962982908528341e-01
-2.223221785453997623e-01
-2.222480835024111812e-01
-2.221740131536543428e-01
-2.220999674908991917e-01
-2.220259465059184201e-01
-2.219519501904875236e-01
-2.218779785363846346e-01
-2.218040315353906888e-01
-2.217301091792893697e-01
-2.216562114598670807e-01
-2.215823383689129733e-01
-2.215084898982188910e-01
-2.214346660395794808e-01
-2.213608667847920819e-01
-2.212870921256567813e-01
-2.212133420539763862e-01
-2.211396165615564235e-01
-2.210659156402052239e-01
-2.209922392817337544e-01
-2.209185874779557579e-01
-2.208449602206877249e-01
-2.207713575017488106e-01
-2.206977793129609733e-01
-2.206242256461488638e-01
-2.205506964931397973e-01
-2.204771918457639202e-01
-2.204037116958540155e-01
-2.203302560352456418e-01
-2.202568248557770503e-01
-2.201834181492892395e-01
-2.201100359076258728e-01
-2.200366781226334167e-01
-2.199633447861609470e-01
-2.198900358900603702e-01
-2.198167514261862299e-01
-2.197434913863957895e-01
-2.196702557625490881e-01
-2.195970445465087739e-01
-2.195238577301403260e-01
-2.194506953053118603e-01
-2.193775572638941851e-01
-2.193044435977608841e-01
-2.192313542987882058e-01
-2.191582893588551462e-01
-2.190852487698433104e-01
-2.190122325236371625e-01
-2.189392406121237200e-01
-2.188662730271927759e-01
-2.187933297607368710e-01
-2.187204108046511553e-01
-2.186475161508334986e-01
-2.185746457911845742e-01
-2.185017997176076088e-01
-2.184289779220086047e-01
-2.183561803962962844e-01
-2.182834071323819791e-01
-2.182106581221798236e-01
-2.181379333576065893e-01
-2.180652328305817123e-01
-2.179925565330273485e-01
-2.179199044568684018e-01
-2.178472765940324130e-01
-2.177746729364495870e-01
-2.177020934760528770e-01
-2.176295382047778726e-01
-2.175570071145628837e-01
-2.174845001973489400e-01
-2.174120174450796805e-01
-2.173395588497014641e-01
-2.172671244031633420e-01
-2.171947140974170298e-01
-2.171223279244169635e-01
-2.170499658761202433e-01
-2.169776279444866063e-01
-2.169053141214785096e-01
-2.168330243990611028e-01
-2.167607587692021720e-01
-2.166885172238722512e-01
-2.166162997550444280e-01
-2.165441063546945932e-01
-2.164719370148012467e-01
-2.163997917273455807e-01
-2.163276704843114240e-01
-2.162555732776853257e-01
-2.161835000994564715e-01
-2.161114509416167395e-01
-2.160394257961607001e-01
-2.159674246550854770e-01
-2.158954475103910253e-01
-2.158234943540798534e-01
-2.157515651781571620e-01
-2.156796599746308163e-01
-2.156077787355113740e-01
-2.155359214528119738e-01
-2.154640881185485579e-01
-2.153922787247395665e-01
-2.153204932634062152e-01
-2.152487317265723565e-01
-2.151769941062644520e-01
-2.151052803945116554e-01
-2.150335905833458128e-01
-2.149619246648013793e-01
-2.148902826309154468e-01
-2.148186644737277995e-01
-2.147470701852808583e-01
-2.146754997576197366e-01
-2.146039531827921287e-01
-2.145324304528484494e-01
-2.144609315598416943e-01
-2.143894564958275517e-01
-2.143180052528643742e-01
-2.142465778230130680e-01
-2.141751741983373425e-01
-2.141037943709033775e-01
-2.140324383327801283e-01
-2.139611060760391592e-01
-2.138897975927546158e-01
-2.138185128750033637e-01
-2.137472519148648775e-01
-2.136760147044212688e-01
-2.136048012357572856e-01
-2.135336115009603408e-01
-2.134624454921204284e-01
-2.133913032013302624e-01
-2.133201846206850827e-01
-2.132490897422828768e-01
-2.131780185582241860e-01
-2.131069710606122436e-01
-2.130359472415528366e-01
-2.129649470931544719e-01
-2.128939706075282101e-01
-2.128230177767877762e-01
-2.127520885930495598e-01
-2.126811830484325316e-01
-2.126103011350582439e-01
-2.125394428450509965e-01
-2.124686081705376151e-01
-2.123977971036475620e-01
-2.123270096365129922e-01
-2.122562457612685582e-01
-2.121855054700516885e-01
-2.121147887550022815e-01
-2.120440956082629835e-01
-2.119734260219789668e-01
-2.119027799882980401e-01
-2.118321574993706768e-01
-2.117615585473499040e-01
-2.116909831243914408e-01
-2.116204312226535322e-01
-2.115499028342970600e-01
-2.114793979514855982e-01
-2.114089165663852188e-01
-2.113384586711646862e-01
-2.112680242579953183e-01
-2.111976133190510974e-01
-2.111272258465085871e-01
-2.110568618325469326e-01
-2.109865212693479153e-01
-2.109162041490959261e-01
-2.108459104639779369e-01
-2.107756402061835566e-01
-2.107053933679049751e-01
-2.106351699413369916e-01
-2.105649699186769863e-01
-2.104947932921249765e-01
-2.104246400538835327e-01
-2.103545101961578900e-01
-2.102844037111558095e-01
-2.102143205910876889e-01
-2.101442608281665070e-01
-2.100742244146078519e-01
-2.100042113426299206e-01
-2.099342216044534637e-01
-2.098642551923018407e-01
-2.097943120984010201e-01
-2.097243923149795242e-01
-2.096544958342685117e-01
-2.095846226485016672e-01
-2.095147727499153678e-01
-2.094449461307484606e-01
-2.093751427832424572e-01
-2.093053626996414229e-01
-2.092356058721920320e-01
-2.091658722931434844e-01
-2.090961619547476169e-01
-2.090264748492588753e-01
-2.089568109689342035e-01
-2.088871703060332097e-01
-2.088175528528180003e-01
-2.087479586015533184e-01
-2.086783875445064884e-01
-2.086088396739473882e-01
-2.085393149821484493e-01
-2.084698134613847398e-01
-2.084003351039338259e-01
-2.083308799020759383e-01
-2.082614478480937781e-01
-2.081920389342727384e-01
-2.081226531529006829e-01
-2.080532904962680563e-01
-2.079839509566679401e-01
-2.079146345263959139e-01
-2.078453411977501664e-01
-2.077760709630314118e-01
-2.077068238145430012e-01
-2.076375997445907562e-01
-2.075683987454831625e-01
-2.074992208095312041e-01
-2.074300659290484461e-01
-2.073609340963509795e-01
-2.072918253037575320e-01
-2.072227395435893016e-01
-2.071536768081701507e-01
-2.070846370898264122e-01
-2.070156203808869999e-01
-2.069466266736834092e-01
-2.068776559605496612e-01
-2.068087082338223304e-01
-2.067397834858405725e-01
-2.066708817089460970e-01
-2.066020028954831111e-01
-2.065331470377984591e-01
-2.064643141282414551e-01
-2.063955041591640227e-01
-2.063267171229205832e-01
-2.062579530118681670e-01
-2.061892118183662748e-01
-2.061204935347770439e-01
-2.060517981534650822e-01
-2.059831256667975508e-01
-2.059144760671442198e-01
-2.058458493468773021e-01
-2.057772454983716470e-01
-2.057086645140046022e-01
-2.056401063861560408e-01
-2.055715711072083896e-01
-2.055030586695466288e-01
-2.054345690655582923e-01
-2.053661022876333841e-01
-2.052976583281644896e-01
-2.052292371795467196e-01
-2.051608388341777667e-01
-2.050924632844577655e-01
-2.050241105227894323e-01
-2.049557805415780642e-01
-2.048874733332314013e-01
-2.048191888901597646e-01
-2.047509272047760009e-01
-2.046826882694954552e-01
-2.046144720767360536e-01
-2.045462786189181925e-01
-2.044781078884648495e-01
-2.044099598778014726e-01
-2.043418345793560631e-01
-2.042737319855591482e-01
-2.042056520888438087e-01
-2.041375948816455399e-01
-2.040695603564024740e-01
-2.040015485055552413e-01
-2.039335593215469145e-01
-2.038655927968231751e-01
-2.037976489238321753e-01
-2.037297276950245928e-01
-2.036618291028536309e-01
-2.035939531397750191e-01
-2.035260997982469566e-01
-2.034582690707301689e-01
-2.033904609496879623e-01
-2.033226754275860582e-01
-2.032549124968927590e-01
-2.031871721500788097e-01
-2.031194543796175367e-01
-2.030517591779847641e-01
-2.029840865376587311e-01
-2.029164364511203411e-01
-2.028488089108528569e-01
-2.027812039093421226e-01
-2.027136214390764801e-01
-2.026460614925467696e-01
-2.025785240622463290e-01
-2.025110091406709667e-01
-2.024435167203190722e-01
-2.023760467936914498e-01
-2.023085993532914850e-01
-2.022411743916249505e-01
-2.021737719012002554e-01
-2.021063918745281962e-01
-2.020390343041220949e-01
-2.019716991824977992e-01
-2.019043865021736273e-01
-2.018370962556703674e-01
-2.017698284355113614e-01
-2.017025830342223658e-01
-2.016353600443317184e-01
-2.015681594583701719e-01
-2.015009812688709767e-01
-2.014338254683699092e-01
-2.013666920494052159e-01
-2.012995810045176415e-01
-2.012324923262503729e-01
-2.011654260071491229e-01
-2.010983820397620747e-01
-2.010313604166399093e-01
-2.009643611303357780e-01
-2.008973841734053023e-01
-2.008304295384066296e-01
-2.007634972179003219e-01
-2.006965872044494670e-01
-2.006296994906196229e-01
-2.005628340689788180e-01
-2.004959909320975509e-01
-2.004291700725488179e-01
-2.003623714829080860e-01
-2.002955951557532643e-01
-2.002288410836647881e-01
-2.001621092592255347e-01
-2.000953996750208519e-01
-2.000287123236385300e-01
-1.999620471976689406e-01
-1.998954042897047589e-01
-1.998287835923412692e-01
-1.997621850981761704e-01
-1.996956087998096319e-01
-1.996290546898442653e-01
-1.995625227608851804e-01
-1.994960130055399294e-01
-1.994295254164185627e-01
-1.993630599861335728e-01
-1.992966167072998673e-01
-1.992301955725349072e-01
-1.991637965744585403e-01
-1.990974197056931405e-01
-1.990310649588634406e-01
-1.989647323265966994e-01
-1.988984218015226735e-01
-1.988321333762734788e-01
-1.987658670434837849e-01
-1.986996227957905925e-01
-1.986334006258335116e-01
-1.985672005262544559e-01
-1.985010224896978925e-01
-1.984348665088106756e-01
-1.983687325762421849e-01
-1.983026206846441875e-01
-1.982365308266709203e-01
-1.981704629949790630e-01
-1.981044171822277100e-01
-1.980383933810785091e-01
-1.979723915841954118e-01
-1.979064117842449233e-01
-1.978404539738959633e-01
-1.977745181458198664e-01
-1.977086042926904375e-01
-1.976427124071838959e-01
-1.975768424819789315e-01
-1.975109945097566766e-01
-1.974451684832006781e-01
-1.973793643949969534e-01
-1.973135822378339066e-01
-1.972478220044024400e-01
-1.971820836873958149e-01
-1.971163672795098187e-01
-1.970506727734425978e-01
-1.969850001618947966e-01
-1.969193494375694187e-01
-1.968537205931719936e-01
-1.967881136214103543e-01
-1.967225285149948877e-01
-1.966569652666383672e-01
-1.965914238690559257e-01
-1.965259043149652496e-01
-1.964604065970863844e-01
-1.963949307081417628e-01
-1.963294766408563152e-01
-1.962640443879573871e-01
-1.961986339421746550e-01
-1.961332452962403772e-01
-1.960678784428891153e-01
-1.960025333748578735e-01
-1.959372100848860987e-01
-1.958719085657156245e-01
-1.958066288100907826e-01
-1.957413708107582084e-01
-1.956761345604670355e-01
-1.956109200519688118e-01
-1.955457272780174449e-01
-1.954805562313693124e-01
-1.954154069047832065e-01
-1.953502792910202512e-01
-1.952851733828441239e-01
-1.952200891730207777e-01
-1.951550266543186363e-01
-1.950899858195085657e-01
-1.950249666613637911e-01
-1.949599691726599526e-01
-1.948949933461751050e-01
-1.948300391746897176e-01
-1.947651066509866746e-01
-1.947001957678512196e-01
-1.946353065180710662e-01
-1.945704388944362595e-01
-1.945055928897393149e-01
-1.944407684967751349e-01
-1.943759657083409809e-01
-1.943111845172365293e-01
-1.942464249162638990e-01
-1.941816868982275957e-01
-1.941169704559344567e-01
-1.940522755821937895e-01
-1.939876022698172886e-01
-1.939229505116190078e-01
-1.938583203004154154e-01
-1.937937116290254225e-01
-1.937291244902702436e-01
-1.936645588769735082e-01
-1.936000147819613437e-01
-1.935354921980620979e-01
-1.934709911181066166e-01
-1.934065115349281605e-01
-1.933420534413622660e-01
-1.932776168302469677e-01
-1.932132016944226316e-01
-1.931488080267320107e-01
-1.930844358200202449e-01
-1.930200850671349166e-01
-1.929557557609258567e-01
-1.928914478942454491e-01
-1.928271614599483263e-01
-1.927628964508915632e-01
-1.926986528599346216e-01
-1.926344306799392947e-01
-1.925702299037697907e-01
-1.925060505242927045e-01
-1.924418925343769626e-01
-1.923777559268939619e-01
-1.923136406947173471e-01
-1.922495468307232336e-01
-1.921854743277900679e-01
-1.921214231787987115e-01
-1.920573933766323294e-01
-1.919933849141765292e-01
-1.919293977843192778e-01
-1.918654319799508456e-01
-1.918014874939639181e-01
-1.917375643192535950e-01
-1.916736624487172802e-01
-1.916097818752547921e-01
-1.915459225917682529e-01
-1.914820845911621716e-01
-1.914182678663434722e-01
-1.913544724102214378e-01
-1.912906982157075997e-01
-1.912269452757159871e-01
-1.911632135831629609e-01
-1.910995031309671854e-01
-1.910358139120497400e-01
-1.909721459193340354e-01
-1.909084991457458413e-01
-1.908448735842132871e-01
-1.907812692276669164e-01
-1.907176860690395215e-01
-1.906541241012663368e-01
-1.905905833172849284e-01
-1.905270637100351938e-01
-1.904635652724593897e-01
-1.904000879975021598e-01
-1.903366318781104238e-01
-1.902731969072335716e-01
-1.902097830778232412e-01
-1.901463903828334301e-01
-1.900830188152205225e-01
-1.900196683679432341e-01
-1.899563390339626401e-01
-1.898930308062421191e-01
-1.898297436777474367e-01
-1.897664776414467180e-01
-1.897032326903103361e-01
-1.896400088173111620e-01
-1.895768060154242318e-01
-1.895136242776270796e-01
-1.894504635968994877e-01
-1.893873239662235974e-01
-1.893242053785838819e-01
-1.892611078269672009e-01
-1.891980313043626905e-01
-1.891349758037618456e-01
-1.890719413181585207e-01
-1.890089278405488460e-01
-1.889459353639313666e-01
-1.888829638813069034e-01
-1.888200133856786089e-01
-1.887570838700519948e-01
-1.886941753274349043e-01
-1.886312877508374841e-01
-1.885684211332722404e-01
-1.885055754677539552e-01
-1.884427507472998253e-01
-1.883799469649293234e-01
-1.883171641136641983e-01
-1.882544021865286410e-01
-1.881916611765490632e-01
-1.881289410767542358e-01
-1.880662418801753166e-01
-1.880035635798456561e-01
-1.879409061688010474e-01
-1.878782696400795316e-01
-1.878156539867215091e-01
-1.877530592017696842e-01
-1.876904852782690647e-01
-1.876279322092669899e-01
-1.875653999878131584e-01
-1.875028886069594891e-01
-1.874403980597603159e-01
-1.873779283392722483e-01
-1.873154794385541722e-01
-1.872530513506673322e-01
-1.871906440686753048e-01
-1.871282575856438868e-01
-1.870658918946413174e-01
-1.870035469887380009e-01
-1.869412228610067839e-01
-1.868789195045227614e-01
-1.868166369123633042e-01
-1.867543750776081424e-01
-1.866921339933392820e-01
-1.866299136526410607e-01
-1.865677140486001195e-01
-1.865055351743053758e-01
-1.864433770228480503e-01
-1.863812395873216954e-01
-1.863191228608221672e-01
-1.862570268364475701e-01
-1.861949515072983952e-01
-1.861328968664773542e-01
-1.860708629070894626e-01
-1.860088496222420951e-01
-1.859468570050449021e-01
-1.858848850486097826e-01
-1.858229337460509389e-01
-1.857610030904849607e-01
-1.856990930750306024e-01
-1.856372036928090330e-01
-1.855753349369435867e-01
-1.855134868005600124e-01
-1.854516592767862515e-01
-1.853898523587526326e-01
-1.853280660395916490e-01
-1.852663003124382368e-01
-1.852045551704294690e-01
-1.851428306067048057e-01
-1.850811266144059553e-01
-1.850194431866769018e-01
-1.849577803166639611e-01
-1.848961379975156971e-01
-1.848345162223829774e-01
-1.847729149844188623e-01
-1.847113342767788824e-01
-1.846497740926206499e-01
-1.845882344251041640e-01
-1.845267152673916999e-01
-1.844652166126477810e-01
-1.844037384540392621e-01
-1.843422807847351907e-01
-1.842808435979069459e-01
-1.842194268867281548e-01
-1.841580306443748039e-01
-1.840966548640250167e-01
-1.840352995388593038e-01
-1.839739646620604241e-01
-1.839126502268133290e-01
-1.838513562263053569e-01
-1.837900826537260390e-01
-1.837288295022671825e-01
-1.836675967651229258e-01
-1.836063844354896002e-01
-1.835451925065658407e-01
-1.834840209715525583e-01
-1.834228698236529120e-01
-1.833617390560723093e-01
-1.833006286620184611e-01
-1.832395386347013266e-01
-1.831784689673331135e-01
-1.831174196531283049e-01
-1.830563906853036604e-01
-1.829953820570781597e-01
-1.829343937616730587e-01
-1.828734257923119166e-01
-1.828124781422205136e-01
-1.827515508046268222e-01
-1.826906437727612298e-01
-1.826297570398562331e-01
-1.825688905991466326e-01
-1.825080444438695326e-01
-1.824472185672642022e-01
-1.823864129625722419e-01
-1.823256276230374728e-01
-1.822648625419059365e-01
-1.822041177124260058e-01
-1.821433931278482465e-01
-1.820826887814254169e-01
-1.820220046664126623e-01
-1.819613407760672930e-01
-1.819006971036488673e-01
-1.818400736424191921e-01
-1.817794703856423222e-01
-1.817188873265845606e-01
-1.816583244585144863e-01
-1.815977817747028711e-01
-1.815372592684227349e-01
-1.814767569329493735e-01
-1.814162747615603033e-01
-1.813558127475352888e-01
-1.812953708841563150e-01
-1.812349491647076427e-01
-1.811745475824757257e-01
-1.811141661307492656e-01
-1.810538048028192404e-01
-1.809934635919788204e-01
-1.809331424915234521e-01
-1.808728414947507468e-01
-1.808125605949605919e-01
-1.807522997854551783e-01
-1.806920590595388065e-01
-1.806318384105180530e-01
-1.805716378317017701e-01
-1.805114573164009750e-01
-1.804512968579289611e-01
-1.803911564496012143e-01
-1.803310360847354965e-01
-1.802709357566517623e-01
-1.802108554586721589e-01
-1.801507951841211375e-01
-1.800907549263253415e-01
-1.800307346786135798e-01
-1.799707344343169924e-01
-1.799107541867688564e-01
-1.798507939293046975e-01
-1.797908536552622616e-01
-1.797309333579815427e-01
-1.796710330308047276e-01
-1.796111526670761682e-01
-1.795512922601425754e-01
-1.794914518033527417e-01
-1.794316312900577359e-01
-1.793718307136108192e-01
-1.793120500673675288e-01
-1.792522893446855115e-01
-1.791925485389247452e-01
-1.791328276434473177e-01
-1.790731266516175924e-01
-1.790134455568021254e-01
-1.789537843523696936e-01
-1.788941430316912384e-01
-1.788345215881399775e-01
-1.787749200150913209e-01
-1.787153383059228162e-01
-1.786557764540143145e-01
-1.785962344527478596e-01
-1.785367122955076047e-01
-1.784772099756800068e-01
-1.784177274866537433e-01
-1.783582648218195732e-01
-1.782988219745705594e-01
-1.782393989383019572e-01
-1.781799957064112150e-01
-1.781206122722979457e-01
-1.780612486293639829e-01
-1.780019047710134084e-01
-1.779425806906524132e-01
-1.778832763816894924e-01
-1.778239918375352224e-01
-1.777647270516024280e-01
-1.777054820173061822e-01
-1.776462567280636673e-01
-1.775870511772943139e-01
-1.775278653584197175e-01
-1.774686992648636663e-01
-1.774095528900521690e-01
-1.773504262274133991e-01
-1.772913192703776952e-01
-1.772322320123776995e-01
-1.771731644468480804e-01
-1.771141165672258100e-01
-1.770550883669499975e-01
-1.769960798394619728e-01
-1.769370909782052026e-01
-1.768781217766254299e-01
-1.768191722281704514e-01
-1.767602423262903399e-01
-1.767013320644373608e-01
-1.766424414360658890e-01
-1.765835704346325474e-01
-1.765247190535960964e-01
-1.764658872864175165e-01
-1.764070751265598980e-01
-1.763482825674886068e-01
-1.762895096026710906e-01
-1.762307562255770732e-01
-1.761720224296783599e-01
-1.761133082084489765e-01
-1.760546135553651415e-01
-1.759959384639052382e-01
-1.759372829275497596e-01
-1.758786469397814745e-01
-1.758200304940852332e-01
-1.757614335839481345e-01
-1.757028562028593588e-01
-1.756442983443103900e-01
-1.755857600017947107e-01
-1.755272411688081347e-01
-1.754687418388485021e-01
-1.754102620054159567e-01
-1.753518016620126685e-01
-1.752933608021431111e-01
-1.752349394193137844e-01
-1.751765375070334918e-01
-1.751181550588130909e-01
-1.750597920681656594e-01
-1.750014485286064125e-01
-1.749431244336527580e-01
-1.748848197768241852e-01
-1.748265345516424596e-01
-1.747682687516314282e-01
-1.747100223703170752e-01
-1.746517954012276330e-01
-1.745935878378933881e-01
-1.745353996738468749e-01
-1.744772309026227375e-01
-1.744190815177577569e-01
-1.743609515127909071e-01
-1.743028408812632990e-01
-1.742447496167181809e-01
-1.741866777127009935e-01
-1.741286251627592596e-01
-1.740705919604427498e-01
-1.740125780993032889e-01
-1.739545835728948942e-01
-1.738966083747737756e-01
-1.738386524984981696e-01
-1.737807159376286159e-01
-1.737227986857276529e-01
-1.736649007363600672e-01
-1.736070220830927546e-01
-1.735491627194947206e-01
-1.734913226391371632e-01
-1.734335018355934177e-01
-1.733757003024389565e-01
-1.733179180332513336e-01
-1.732601550216103792e-01
-1.732024112610979216e-01
-1.731446867452980098e-01
-1.730869814677968022e-01
-1.730292954221825941e-01
-1.729716286020458460e-01
-1.729139810009791278e-01
-1.728563526125771188e-01
-1.727987434304367187e-01
-1.727411534481568534e-01
-1.726835826593386691e-01
-1.726260310575853940e-01
-1.725684986365024209e-01
-1.725109853896972523e-01
-1.724534913107795275e-01
-1.723960163933610235e-01
-1.723385606310555984e-01
-1.722811240174793312e-01
-1.722237065462503547e-01
-1.721663082109889387e-01
-1.721089290053175180e-01
-1.720515689228606093e-01
-1.719942279572448662e-01
-1.719369061020990519e-01
-1.718796033510541221e-01
-1.718223196977430589e-01
-1.717650551358010091e-01
-1.717078096588652847e-01
-1.716505832605752513e-01
-1.715933759345724396e-01
-1.715361876745004344e-01
-1.714790184740050405e-01
-1.714218683267340892e-01
-1.713647372263375490e-01
-1.713076251664675809e-01
-1.712505321407783443e-01
-1.711934581429261915e-01
-1.711364031665695562e-01
-1.710793672053690095e-01
-1.710223502529872319e-01
-1.709653523030889577e-01
-1.709083733493411417e-01
-1.708514133854127648e-01
-1.707944724049749174e-01
-1.707375504017008550e-01
-1.706806473692659143e-01
-1.706237633013475141e-01
-1.705668981916252103e-01
-1.705100520337806680e-01
-1.704532248214976342e-01
-1.703964165484619653e-01
-1.703396272083616825e-01
-1.702828567948867777e-01
-1.702261053017294912e-01
-1.701693727225840613e-01
-1.701126590511469194e-01
-1.700559642811164673e-01
-1.699992884061933829e-01
-1.699426314200802590e-01
-1.698859933164819369e-01
-1.698293740891052561e-01
-1.697727737316591934e-01
-1.697161922378548626e-01
-1.696596296014053762e-01
-1.696030858160260113e-01
-1.695465608754341547e-01
-1.694900547733492191e-01
-1.694335675034927824e-01
-1.693770990595884762e-01
-1.693206494353619862e-01
-1.692642186245411628e-01
-1.692078066208559384e-01
-1.691514134180382989e-01
-1.690950390098222844e-01
-1.690386833899441554e-01
-1.689823465521421153e-01
-1.689260284901565046e-01
-1.688697291977298287e-01
-1.688134486686065638e-01
-1.687571868965332955e-01
-1.687009438752587742e-01
-1.686447195985337488e-01
-1.685885140601110499e-01
-1.685323272537456452e-01
-1.684761591731945840e-01
-1.684200098122169142e-01
-1.683638791645738486e-01
-1.683077672240286260e-01
-1.682516739843465947e-01
-1.681955994392952125e-01
-1.681395435826439355e-01
-1.680835064081643015e-01
-1.680274879096300411e-01
-1.679714880808168276e-01
-1.679155069155024438e-01
-1.678595444074667820e-01
-1.678036005504917882e-01
-1.677476753383614627e-01
-1.676917687648619149e-01
-1.676358808237813081e-01
-1.675800115089098319e-01
-1.675241608140398131e-01
-1.674683287329656045e-01
-1.674125152594836408e-01
-1.673567203873924658e-01
-1.673009441104925943e-01
-1.672451864225866780e-01
-1.671894473174794504e-01
-1.671337267889776157e-01
-1.670780248308900706e-01
-1.670223414370276827e-01
-1.669666766012033732e-01
-1.669110303172322285e-01
-1.668554025789312778e-01
-1.667997933801196597e-01
-1.667442027146185946e-01
-1.666886305762513565e-01
-1.666330769588432181e-01
-1.665775418562215893e-01
-1.665220252622158781e-01
-1.664665271706576022e-01
-1.664110475753803053e-01
-1.663555864702195575e-01
-1.663001438490130657e-01
-1.662447197056004800e-01
-1.661893140338235875e-01
-1.661339268275262016e-01
-1.660785580805541894e-01
-1.660232077867554723e-01
-1.659678759399800252e-01
-1.659125625340798493e-01
-1.658572675629089999e-01
-1.658019910203236136e-01
-1.657467329001818535e-01
-1.656914931963439086e-01
-1.656362719026720498e-01
-1.655810690130305740e-01
-1.655258845212858043e-01
-1.654707184213061733e-01
-1.654155707069620840e-01
-1.653604413721260491e-01
-1.653053304106725241e-01
-1.652502378164781294e-01
-1.651951635834214005e-01
-1.651401077053830380e-01
-1.650850701762457129e-01
-1.650300509898941226e-01
-1.649750501402150460e-01
-1.649200676210972605e-01
-1.648651034264315973e-01
-1.648101575501109417e-01
-1.647552299860301772e-01
-1.647003207280862414e-01
-1.646454297701780978e-01
-1.645905571062067918e-01
-1.645357027300753117e-01
-1.644808666356887550e-01
-1.644260488169542456e-01
-1.643712492677808501e-01
-1.643164679820797724e-01
-1.642617049537641871e-01
-1.642069601767493503e-01
-1.641522336449524333e-01
-1.640975253522928001e-01
-1.640428352926917022e-01
-1.639881634600724447e-01
-1.639335098483604425e-01
-1.638788744514829976e-01
-1.638242572633695771e-01
-1.637696582779515631e-01
-1.637150774891624194e-01
-1.636605148909376084e-01
-1.636059704772146461e-01
-1.635514442419329917e-01
-1.634969361790341857e-01
-1.634424462824618229e-01
-1.633879745461614130e-01
-1.633335209640805752e-01
-1.632790855301688993e-01
-1.632246682383780012e-01
-1.631702690826615232e-01
-1.631158880569751057e-01
-1.630615251552764433e-01
-1.630071803715251733e-01
-1.629528536996829868e-01
-1.628985451337136015e-01
-1.628442546675827607e-01
-1.627899822952581232e-01
-1.627357280107094850e-01
-1.626814918079085848e-01
-1.626272736808291319e-01
-1.625730736234469453e-01
-1.625188916297397590e-01
-1.624647276936873885e-01
-1.624105818092715647e-01
-1.623564539704761278e-01
-1.623023441712868609e-01
-1.622482524056915454e-01
-1.621941786676799890e-01
-1.621401229512440256e-01
-1.620860852503774319e-01
-1.620320655590760384e-01
-1.619780638713376464e-01
-1.619240801811620833e-01
-1.618701144825511473e-01
-1.618161667695086625e-01
-1.617622370360403961e-01
-1.617083252761542245e-01
-1.616544314838599117e-01
-1.616005556531692477e-01
-1.615466977780960767e-01
-1.614928578526561298e-01
-1.614390358708672202e-01
-1.613852318267491315e-01
-1.613314457143236458e-01
-1.612776775276145158e-01
-1.612239272606474927e-01
-1.611701949074503259e-01
-1.611164804620527635e-01
-1.610627839184865240e-01
-1.610091052707853521e-01
-1.609554445129849076e-01
-1.609018016391229045e-01
-1.608481766432390547e-01
-1.607945695193749580e-01
-1.607409802615743510e-01
-1.606874088638828024e-01
-1.606338553203479624e-01
-1.605803196250194242e-01
-1.605268017719488072e-01
-1.604733017551896457e-01
-1.604198195687975281e-01
-1.603663552068299580e-01
-1.603129086633464651e-01
-1.602594799324085773e-01
-1.602060690080796823e-01
-1.601526758844253329e-01
-1.600993005555128856e-01
-1.600459430154117790e-01
-1.599926032581933943e-01
-1.599392812779311113e-01
-1.598859770687002246e-01
-1.598326906245780554e-01
-1.597794219396439230e-01
-1.597261710079790620e-01
-1.596729378236666774e-01
-1.596197223807920007e-01
-1.595665246734422060e-01
-1.595133446957064105e-01
-1.594601824416757574e-01
-1.594070379054433328e-01
-1.593539110811041382e-01
-1.593008019627552563e-01
-1.592477105444956298e-01
-1.591946368204262274e-01
-1.591415807846499886e-01
-1.590885424312717678e-01
-1.590355217543984179e-01
-1.589825187481387625e-01
-1.589295334066035681e-01
-1.588765657239055995e-01
-1.588236156941595367e-01
-1.587706833114820304e-01
-1.587177685699917573e-01
-1.586648714638092261e-01
-1.586119919870570549e-01
-1.585591301338596937e-01
-1.585062858983436185e-01
-1.584534592746372483e-01
-1.584006502568709729e-01
-1.583478588391771247e-01
-1.582950850156899514e-01
-1.582423287805457268e-01
-1.581895901278826400e-01
-1.581368690518408504e-01
-1.580841655465624329e-01
-1.580314796061914884e-01
-1.579788112248739773e-01
-1.579261603967578864e-01
-1.578735271159930897e-01
-1.578209113767314875e-01
-1.577683131731268673e-01
-1.577157324993349874e-01
-1.576631693495135489e-01
-1.576106237178221958e-01
-1.575580955984225151e-01
-1.575055849854780643e-01
-1.574530918731543438e-01
-1.574006162556187693e-01
-1.573481581270407270e-01
-1.572957174815915182e-01
-1.572432943134443872e-01
-1.571908886167746044e-01
-1.571385003857592721e-01
-1.570861296145774355e-01
-1.570337762974101936e-01
-1.569814404284404774e-01
-1.569291220018531885e-01
-1.568768210118351714e-01
-1.568245374525752411e-01
-1.567722713182640171e-01
-1.567200226030942556e-01
-1.566677913012604895e-01
-1.566155774069592499e-01
-1.565633809143889832e-01
-1.565112018177501063e-01
-1.564590401112449236e-01
-1.564068957890776823e-01
-1.563547688454545725e-01
-1.563026592745837273e-01
-1.562505670706751948e-01
-1.561984922279409382e-01
-1.561464347405948638e-01
-1.560943946028528206e-01
-1.560423718089325451e-01
-1.559903663530537443e-01
-1.559383782294380405e-01
-1.558864074323089433e-01
-1.558344539558919606e-01
-1.557825177944144601e-01
-1.557305989421057801e-01
-1.556786973931971185e-01
-1.556268131419216993e-01
-1.555749461825145230e-01
-1.555230965092126716e-01
-1.554712641162550313e-01
-1.554194489978824312e-01
-1.553676511483376710e-01
-1.553158705618654378e-01
-1.552641072327122784e-01
-1.552123611551267657e-01
-1.551606323233593321e-01
-1.551089207316622975e-01
-1.550572263742899526e-01
-1.550055492454985029e-01
-1.549538893395459860e-01
-1.549022466506924378e-01
-1.548506211731998095e-01
-1.547990129013319116e-01
-1.547474218293544979e-01
-1.546958479515352092e-01
-1.546442912621436572e-01
-1.545927517554512576e-01
-1.545412294257314523e-01
-1.544897242672595150e-01
-1.544382362743126624e-01
-1.543867654411699986e-01
-1.543353117621125425e-01
-1.542838752314232287e-01
-1.542324558433868509e-01
-1.541810535922902015e-01
-1.541296684724218491e-01
-1.540783004780724164e-01
-1.540269496035342744e-01
-1.539756158431018207e-01
-1.539242991910712843e-01
-1.538729996417408097e-01
-1.538217171894104562e-01
-1.537704518283821709e-01
-1.537192035529597878e-01
-1.536679723574490841e-01
-1.536167582361576966e-01
-1.535655611833951495e-01
-1.535143811934728819e-01
-1.534632182607042761e-01
-1.534120723794044905e-01
-1.533609435438906821e-01
-1.533098317484818673e-01
-1.532587369874989780e-01
-1.532076592552648053e-01
-1.531565985461040280e-01
-1.531055548543432399e-01
-1.530545281743109221e-01
-1.530035185003374709e-01
-1.529525258267551147e-01
-1.529015501478979966e-01
-1.528505914581021752e-01
-1.527996497517055408e-01
-1.527487250230479543e-01
-1.526978172664710531e-01
-1.526469264763184730e-01
-1.525960526469356537e-01
-1.525451957726699503e-01
-1.524943558478706052e-01
-1.524435328668887202e-01
-1.523927268240773125e-01
-1.523419377137912867e-01
-1.522911655303873790e-01
-1.522404102682242133e-01
-1.521896719216623561e-01
-1.521389504850642338e-01
-1.520882459527940767e-01
-1.520375583192180580e-01
-1.519868875787042384e-01
-1.519362337256225381e-01
-1.518855967543447372e-01
-1.518349766592445305e-01
-1.517843734346974172e-01
-1.517337870750808393e-01
-1.516832175747740985e-01
-1.516326649281583561e-01
-1.515821291296166606e-01
-1.515316101735338927e-01
-1.514811080542968758e-01
-1.514306227662942372e-01
-1.513801543039164921e-01
-1.513297026615560703e-01
-1.512792678336071783e-01
-1.512288498144659932e-01
-1.511784485985305237e-01
-1.511280641802005831e-01
-1.510776965538779271e-01
-1.510273457139661712e-01
-1.509770116548707630e-01
-1.509266943709990094e-01
-1.508763938567601326e-01
-1.508261101065651866e-01
-1.507758431148270295e-01
-1.507255928759605179e-01
-1.506753593843822570e-01
-1.506251426345107391e-01
-1.505749426207663444e-01
-1.505247593375712845e-01
-1.504745927793496307e-01
-1.504244429405273420e-01
-1.503743098155322089e-01
-1.503241933987938261e-01
-1.502740936847438147e-01
-1.502240106678154608e-01
-1.501739443424439657e-01
-1.501238947030664739e-01
-1.500738617441219058e-01
-1.500238454600509586e-01
-1.499738458452963830e-01
-1.499238628943025953e-01
-1.498738966015159269e-01
-1.498239469613845964e-01
-1.497740139683586547e-01
-1.497240976168899562e-01
-1.496741979014322987e-01
-1.496243148164412007e-01
-1.495744483563740956e-01
-1.495245985156903323e-01
-1.494747652888510081e-01
-1.494249486703190799e-01
-1.493751486545593643e-01
-1.493253652360385653e-01
-1.492755984092251631e-01
-1.492258481685894977e-01
-1.491761145086037965e-01
-1.491263974237420908e-01
-1.490766969084802440e-01
-1.490270129572959790e-01
-1.489773455646688505e-01
-1.489276947250803007e-01
-1.488780604330135482e-01
-1.488284426829536156e-01
-1.487788414693875239e-01
-1.487292567868039317e-01
-1.486796886296934683e-01
-1.486301369925485949e-01
-1.485806018698635211e-01
-1.485310832561343442e-01
-1.484815811458590207e-01
-1.484320955335373393e-01
-1.483826264136708650e-01
-1.483331737807629946e-01
-1.482837376293190679e-01
-1.482343179538461453e-01
-1.481849147488531193e-01
-1.481355280088507975e-01
-1.480861577283517083e-01
-1.480368039018703230e-01
-1.479874665239228615e-01
-1.479381455890273755e-01
-1.478888410917037766e-01
-1.478395530264737801e-01
-1.477902813878609611e-01
-1.477410261703906436e-01
-1.476917873685900662e-01
-1.476425649769882165e-01
-1.475933589901159693e-01
-1.475441694025060035e-01
-1.474949962086927746e-01
-1.474458394032125974e-01
-1.473966989806036465e-01
-1.473475749354058451e-01
-1.472984672621609203e-01
-1.472493759554125703e-01
-1.472003010097061027e-01
-1.471512424195887958e-01
-1.471022001796097045e-01
-1.470531742843196599e-01
-1.470041647282713526e-01
-1.469551715060192776e-01
-1.469061946121197337e-01
-1.468572340411308519e-01
-1.468082897876125947e-01
-1.467593618461266736e-01
-1.467104502112366593e-01
-1.466615548775079547e-01
-1.466126758395077112e-01
-1.465638130918049120e-01
-1.465149666289704000e-01
-1.464661364455767667e-01
-1.464173225361984354e-01
-1.463685248954116891e-01
-1.463197435177945038e-01
-1.462709783979267153e-01
-1.462222295303900466e-01
-1.461734969097679415e-01
-1.461247805306455927e-01
-1.460760803876101632e-01
-1.460273964752504539e-01
-1.459787287881571805e-01
-1.459300773209228075e-01
-1.458814420681416313e-01
-1.458328230244096968e-01
-1.457842201843249363e-01
-1.457356335424870308e-01
-1.456870630934974098e-01
-1.456385088319594179e-01
-1.455899707524781206e-01
-1.455414488496603598e-01
-1.454929431181148647e-01
-1.454444535524520854e-01
-1.453959801472842761e-01
-1.453475228972255229e-01
-1.452990817968917159e-01
-1.452506568409004661e-01
-1.452022480238712165e-01
-1.451538553404252696e-01
-1.451054787851855932e-01
-1.450571183527770425e-01
-1.450087740378262491e-01
-1.449604458349615932e-01
-1.449121337388132869e-01
-1.448638377440133462e-01
-1.448155578451955083e-01
-1.447672940369953698e-01
-1.447190463140502759e-01
-1.446708146709993481e-01
-1.446225991024835400e-01
-1.445743996031455536e-01
-1.445262161676298951e-01
-1.444780487905828747e-01
-1.444298974666525237e-01
-1.443817621904886772e-01
-1.443336429567430301e-01
-1.442855397600689704e-01
-1.442374525951216624e-01
-1.441893814565581577e-01
-1.441413263390372013e-01
-1.440932872372192863e-01
-1.440452641457667660e-01
-1.439972570593437695e-01
-1.439492659726161194e-01
-1.439012908802515256e-01
-1.438533317769194186e-01
-1.438053886572909501e-01
-1.437574615160391867e-01
-1.437095503478388325e-01
-1.436616551473664238e-01
-1.436137759093003008e-01
-1.435659126283205522e-01
-1.435180652991089878e-01
-1.434702339163493046e-01
-1.434224184747268649e-01
-1.433746189689288353e-01
-1.433268353936441863e-01
-1.432790677435636095e-01
-1.432313160133796004e-01
-1.431835801977864031e-01
-1.431358602914800660e-01
-1.430881562891583025e-01
-1.430404681855207416e-01
-1.429927959752687050e-01
-1.429451396531052354e-01
-1.428974992137352074e-01
-1.428498746518652440e-01
-1.428022659622037172e-01
-1.427546731394607749e-01
-1.427070961783483416e-01
-1.426595350735800627e-01
-1.426119898198713876e-01
-1.425644604119395142e-01
-1.425169468445033616e-01
-1.424694491122837081e-01
-1.424219672100029699e-01
-1.423745011323854226e-01
-1.423270508741570073e-01
-1.422796164300455246e-01
-1.422321977947804406e-01
-1.421847949630930530e-01
-1.421374079297163529e-01
-1.420900366893851352e-01
-1.420426812368358882e-01
-1.419953415668069596e-01
-1.419480176740383348e-01
-1.419007095532718032e-01
-1.418534171992509585e-01
-1.418061406067210317e-01
-1.417588797704291137e-01
-1.417116346851239606e-01
-1.416644053455561603e-01
-1.416171917464779939e-01
-1.415699938826434912e-01
-1.415228117488084580e-01
-1.414756453397304214e-01
-1.414284946501686846e-01
-1.413813596748842716e-01
-1.413342404086399828e-01
-1.412871368462003119e-01
-1.412400489823315564e-01
-1.411929768118017070e-01
-1.411459203293805587e-01
-1.410988795298395992e-01
-1.410518544079520376e-01
-1.410048449584929142e-01
-1.409578511762389352e-01
-1.409108730559685274e-01
-1.408639105924619772e-01
-1.408169637805011809e-01
-1.407700326148698111e-01
-1.407231170903533446e-01
-1.406762172017389234e-01
-1.406293329438154383e-01
-1.405824643113735561e-01
-1.405356112992056095e-01
-1.404887739021057347e-01
-1.404419521148697891e-01
-1.403951459322953232e-01
-1.403483553491816360e-01
-1.403015803603298306e-01
-1.402548209605426477e-01
-1.402080771446245766e-01
-1.401613489073819108e-01
-1.401146362436226089e-01
-1.400679391481563507e-01
-1.400212576157946198e-01
-1.399745916413505098e-01
-1.399279412196389460e-01
-1.398813063454765748e-01
-1.398346870136817077e-01
-1.397880832190744327e-01
-1.397414949564765585e-01
-1.396949222207115870e-01
-1.396483650066047688e-01
-1.396018233089831306e-01
-1.395552971226753092e-01
-1.395087864425117730e-01
-1.394622912633246281e-01
-1.394158115799478126e-01
-1.393693473872168187e-01
-1.393228986799690539e-01
-1.392764654530434798e-01
-1.392300477012808901e-01
-1.391836454195237438e-01
-1.391372586026162206e-01
-1.390908872454042489e-01
-1.390445313427354501e-01
-1.389981908894591667e-01
-1.389518658804264339e-01
-1.389055563104900914e-01
-1.388592621745045608e-01
-1.388129834673260954e-01
-1.387667201838126141e-01
-1.387204723188237288e-01
-1.386742398672207999e-01
-1.386280228238668810e-01
-1.385818211836267744e-01
-1.385356349413668919e-01
-1.384894640919555331e-01
-1.384433086302625238e-01
-1.383971685511594940e-01
-1.383510438495198225e-01
-1.383049345202184699e-01
-1.382588405581322011e-01
-1.382127619581394740e-01
-1.381666987151204395e-01
-1.381206508239569697e-01
-1.380746182795326016e-01
-1.380286010767326488e-01
-1.379825992104440624e-01
-1.379366126755555422e-01
-1.378906414669574532e-01
-1.378446855795418813e-01
-1.377987450082026333e-01
-1.377528197478351812e-01
-1.377069097933367459e-01
-1.376610151396062132e-01
-1.376151357815441623e-01
-1.375692717140528931e-01
-1.375234229320363988e-01
-1.374775894304003931e-01
-1.374317712040521999e-01
-1.373859682479010025e-01
-1.373401805568575107e-01
-1.372944081258341831e-01
-1.372486509497452822e-01
-1.372029090235066251e-01
-1.371571823420357494e-01
-1.371114709002519416e-01
-1.370657746930761811e-01
-1.370200937154310572e-01
-1.369744279622409355e-01
-1.369287774284318748e-01
-1.368831421089315159e-01
-1.368375219986693314e-01
-1.367919170925763761e-01
-1.367463273855854811e-01
-1.367007528726310872e-01
-1.366551935486494118e-01
-1.366096494085782542e-01
-1.365641204473571346e-01
-1.365186066599273496e-01
-1.364731080412317776e-01
-1.364276245862150183e-01
-1.363821562898233364e-01
-1.363367031470047452e-01
-1.362912651527088403e-01
-1.362458423018869935e-01
-1.362004345894922142e-01
-1.361550420104791770e-01
-1.361096645598042776e-01
-1.360643022324256046e-01
-1.360189550233028566e-01
-1.359736229273974806e-01
-1.359283059396725890e-01
-1.358830040550929041e-01
-1.358377172686249523e-01
-1.357924455752368142e-01
-1.357471889698983469e-01
-1.357019474475809895e-01
-1.356567210032579573e-01
-1.356115096319040481e-01
-1.355663133284958077e-01
-1.355211320880113923e-01
-1.354759659054306786e-01
-1.354308147757352365e-01
-1.353856786939082180e-01
-1.353405576549345235e-01
-1.352954516538007190e-01
-1.352503606854950080e-01
-1.352052847450072870e-01
-1.351602238273291456e-01
-1.351151779274537834e-01
-1.350701470403760929e-01
-1.350251311610926597e-01
-1.349801302846017070e-01
-1.349351444059031513e-01
-1.348901735199985741e-01
-1.348452176218911946e-01
-1.348002767065858976e-01
-1.347553507690892605e-01
-1.347104398044095264e-01
-1.346655438075565481e-01
-1.346206627735419548e-01
-1.345757966973789022e-01
-1.345309455740822668e-01
-1.344861093986686185e-01
-1.344412881661561643e-01
-1.343964818715647491e-01
-1.343516905099159109e-01
-1.343069140762328251e-01
-1.342621525655403047e-01
-1.342174059728648838e-01
-1.341726742932347338e-01
-1.341279575216796083e-01
-1.340832556532310371e-01
-1.340385686829221323e-01
-1.339938966057876157e-01
-1.339492394168640133e-01
-1.339045971111893496e-01
-1.338599696838033981e-01
-1.338153571297475697e-01
-1.337707594440648851e-01
-1.337261766218000303e-01
-1.336816086579993845e-01
-1.336370555477109645e-01
-1.335925172859843968e-01
-1.335479938678710288e-01
-1.335034852884237622e-01
-1.334589915426972195e-01
-1.334145126257476610e-01
-1.333700485326329566e-01
-1.333255992584126692e-01
-1.332811647981480274e-01
-1.332367451469018138e-01
-1.331923402997385042e-01
-1.331479502517242952e-01
-1.331035749979269101e-01
-1.330592145334157650e-01
-1.330148688532619139e-01
-1.329705379525381037e-01
-1.329262218263186079e-01
-1.328819204696794765e-01
-1.328376338776983134e-01
-1.327933620454543606e-01
-1.327491049680285806e-01
-1.327048626405034903e-01
-1.326606350579632443e-01
-1.326164222154937178e-01
-1.325722241081823405e-01
-1.325280407311182351e-01
-1.324838720793921343e-01
-1.324397181480963803e-01
-1.323955789323249810e-01
-1.323514544271736371e-01
-1.323073446277395759e-01
-1.322632495291217181e-01
-1.322191691264206215e-01
-1.321751034147384540e-01
-1.321310523891789934e-01
-1.320870160448477382e-01
-1.320429943768517411e-01
-1.319989873802996649e-01
-1.319549950503019209e-01
-1.319110173819704190e-01
-1.318670543704187348e-01
-1.318231060107621366e-01
-1.317791722981174474e-01
-1.317352532276031551e-01
-1.316913487943393579e-01
-1.316474589934477912e-01
-1.316035838200517727e-01
-1.315597232692763408e-01
-1.315158773362480604e-01
-1.314720460160951898e-01
-1.314282293039475691e-01
-1.313844271949366482e-01
-1.313406396841955703e-01
-1.312968667668590328e-01
-1.312531084380633983e-01
-1.312093646929465840e-01
-1.311656355266482277e-01
-1.311219209343094938e-01
-1.310782209110732122e-01
-1.310345354520838501e-01
-1.309908645524874571e-01
-1.309472082074316923e-01
-1.309035664120658804e-01
-1.308599391615409002e-01
-1.308163264510092960e-01
-1.307727282756251941e-01
-1.307291446305443861e-01
-1.306855755109242456e-01
-1.306420209119237008e-01
-1.305984808287034282e-01
-1.305549552564255755e-01
-1.305114441902540112e-01
-1.304679476253541581e-01
-1.304244655568930766e-01
-1.303809979800393815e-01
-1.303375448899633804e-01
-1.302941062818369633e-01
-1.302506821508336021e-01
-1.302072724921283786e-01
-1.301638773008980121e-01
-1.301204965723208040e-01
-1.300771303015767211e-01
-1.300337784838472288e-01
-1.299904411143154581e-01
-1.299471181881661774e-01
-1.299038097005857373e-01
-1.298605156467620425e-01
-1.298172360218846633e-01
-1.297739708211447796e-01
-1.297307200397350979e-01
-1.296874836728499902e-01
-1.296442617156854382e-01
-1.296010541634389779e-01
-1.295578610113098106e-01
-1.295146822544986365e-01
-1.294715178882078488e-01
-1.294283679076414229e-01
-1.293852323080048883e-01
-1.293421110845054123e-01
-1.292990042323517441e-01
-1.292559117467542151e-01
-1.292128336229247942e-01
-1.291697698560770602e-01
-1.291267204414260628e-01
-1.290836853741886003e-01
-1.290406646495829979e-01
-1.289976582628291346e-01
-1.289546662091485274e-01
-1.289116884837643306e-01
-1.288687250819011976e-01
-1.288257759987854190e-01
-1.287828412296448954e-01
-1.287399207697090819e-01
-1.286970146142090432e-01
-1.286541227583774261e-01
-1.286112451974484594e-01
-1.285683819266579819e-01
-1.285255329412434144e-01
-1.284826982364437598e-01
-1.284398778074995751e-01
-1.283970716496530828e-01
-1.283542797581480044e-01
-1.283115021282296986e-01
-1.282687387551451064e-01
-1.282259896341427230e-01
-1.281832547604726258e-01
-1.281405341293865574e-01
-1.280978277361377315e-01
-1.280551355759809995e-01
-1.280124576441727946e-01
-1.279697939359711600e-01
-1.279271444466356100e-01
-1.278845091714273796e-01
-1.278418881056091749e-01
-1.277992812444453397e-01
-1.277566885832017718e-01
-1.277141101171459792e-01
-1.276715458415469684e-01
-1.276289957516754114e-01
-1.275864598428035068e-01
-1.275439381102050629e-01
-1.275014305491554423e-01
-1.274589371549315342e-01
-1.274164579228118932e-01
-1.273739928480766281e-01
-1.273315419260073467e-01
-1.272891051518872940e-01
-1.272466825210012698e-01
-1.272042740286356832e-01
-1.271618796700784149e-01
-1.271194994406190659e-01
-1.270771333355486532e-01
-1.270347813501598311e-01
-1.269924434797468638e-01
-1.269501197196055420e-01
-1.269078100650331831e-01
-1.268655145113287419e-01
-1.268232330537927277e-01
-1.267809656877271485e-01
-1.267387124084357053e-01
-1.266964732112235426e-01
-1.266542480913973867e-01
-1.266120370442656295e-01
-1.265698400651381061e-01
-1.265276571493262892e-01
-1.264854882921431500e-01
-1.264433334889032978e-01
-1.264011927349228681e-01
-1.263590660255195230e-01
-1.263169533560125346e-01
-1.262748547217227013e-01
-1.262327701179724315e-01
-1.261906995400856324e-01
-1.261486429833877931e-01
-1.261066004432059851e-01
-1.260645719148687782e-01
-1.260225573937063803e-01
-1.259805568750504701e-01
-1.259385703542343637e-01
-1.258965978265928487e-01
-1.258546392874623499e-01
-1.258126947321807909e-01
-1.257707641560876499e-01
-1.257288475545240147e-01
-1.256869449228324442e-01
-1.256450562563571072e-01
-1.256031815504436988e-01
-1.255613208004394687e-01
-1.255194740016932764e-01
-1.254776411495553967e-01
-1.254358222393777977e-01
-1.253940172665138908e-01
-1.253522262263186970e-01
-1.253104491141487919e-01
-1.252686859253622220e-01
-1.252269366553186714e-01
-1.251852012993793228e-01
-1.251434798529069414e-01
-1.251017723112657354e-01
-1.250600786698216060e-01
-1.250183989239419258e-01
-1.249767330689955519e-01
-1.249350811003529932e-01
-1.248934430133862433e-01
-1.248518188034688364e-01
-1.248102084659758887e-01
-1.247686119962840012e-01
-1.247270293897713433e-01
-1.246854606418176387e-01
-1.246439057478041373e-01
-1.246023647031136161e-01
-1.245608375031304199e-01
-1.245193241432404202e-01
-1.244778246188309873e-01
-1.244363389252911012e-01
-1.243948670580112131e-01
-1.243534090123833424e-01
-1.243119647838010627e-01
-1.242705343676594326e-01
-1.242291177593550788e-01
-1.241877149542861686e-01
-1.241463259478523817e-01
-1.241049507354549247e-01
-1.240635893124965861e-01
-1.240222416743816253e-01
-1.239809078165158562e-01
-1.239395877343066471e-01
-1.238982814231628649e-01
-1.238569888784949308e-01
-1.238157100957147649e-01
-1.237744450702358695e-01
-1.237331937974731899e-01
-1.236919562728433092e-01
-1.236507324917642536e-01
-1.236095224496555761e-01
-1.235683261419384255e-01
-1.235271435640354215e-01
-1.234859747113707107e-01
-1.234448195793699937e-01
-1.234036781634604563e-01
-1.233625504590708383e-01
-1.233214364616314201e-01
-1.232803361665739394e-01
-1.232392495693317158e-01
-1.231981766653395816e-01
-1.231571174500338678e-01
-1.231160719188524322e-01
-1.230750400672346728e-01
-1.230340218906215005e-01
-1.229930173844553110e-01
-1.229520265441800958e-01
-1.229110493652412761e-01
-1.228700858430858411e-01
-1.228291359731623067e-01
-1.227881997509206735e-01
-1.227472771718124411e-01
-1.227063682312907189e-01
-1.226654729248100317e-01
-1.226245912478264588e-01
-1.225837231957975920e-01
-1.225428687641825498e-01
-1.225020279484419355e-01
-1.224612007440378791e-01
-1.224203871464340510e-01
-1.223795871510955646e-01
-1.223388007534891159e-01
-1.222980279490828853e-01
-1.222572687333465385e-01
-1.222165231017513093e-01
-1.221757910497698746e-01
-1.221350725728764380e-01
-1.220943676665467714e-01
-1.220536763262580759e-01
-1.220129985474890932e-01
-1.219723343257200776e-01
-1.219316836564327960e-01
-1.218910465351104588e-01
-1.218504229572378861e-01
-1.218098129183013134e-01
-1.217692164137885169e-01
-1.217286334391887992e-01
-1.216880639899929201e-01
-1.216475080616931381e-01
-1.216069656497832940e-01
-1.215664367497586440e-01
-1.215259213571159708e-01
-1.214854194673535698e-01
-1.214449310759712491e-01
-1.214044561784702742e-01
-1.213639947703534505e-01
-1.213235468471250550e-01
-1.212831124042908632e-01
-1.212426914373582049e-01
-1.212022839418358117e-01
-1.211618899132339833e-01
-1.211215093470644905e-01
-1.210811422388406167e-01
-1.210407885840771025e-01
-1.210004483782902290e-01
-1.209601216169977483e-01
-1.209198082957188974e-01
-1.208795084099744260e-01
-1.208392219552865826e-01
-1.207989489271790590e-01
-1.207586893211771151e-01
-1.207184431328074403e-01
-1.206782103575982229e-01
-1.206379909910791776e-01
-1.205977850287814762e-01
-1.205575924662378035e-01
-1.205174132989822872e-01
-1.204772475225506095e-01
-1.204370951324798961e-01
-1.203969561243087433e-01
-1.203568304935773020e-01
-1.203167182358271386e-01
-1.202766193466013461e-01
-1.202365338214445023e-01
-1.201964616559026561e-01
-1.201564028455233274e-01
-1.201163573858555628e-01
-1.200763252724498520e-01
-1.200363065008581698e-01
-1.199963010666340035e-01
-1.199563089653323117e-01
-1.199163301925095099e-01
-1.198763647437235264e-01
-1.198364126145337466e-01
-1.197964738005010410e-01
-1.197565482971877787e-01
-1.197166361001577722e-01
-1.196767372049763467e-01
-1.196368516072102983e-01
-1.195969793024278804e-01
-1.195571202861988314e-01
-1.195172745540944020e-01
-1.194774421016872590e-01
-1.194376229245515675e-01
-1.193978170182630194e-01
-1.193580243783986944e-01
-1.193182450005371847e-01
-1.192784788802585955e-01
-1.192387260131444471e-01
-1.191989863947777450e-01
-1.191592600207430075e-01
-1.191195468866261542e-01
-1.190798469880146315e-01
-1.190401603204973568e-01
-1.190004868796646770e-01
-1.189608266611084375e-01
-1.189211796604219551e-01
-1.188815458732000035e-01
-1.188419252950388139e-01
-1.188023179215361158e-01
-1.187627237482910963e-01
-1.187231427709043857e-01
-1.186835749849780991e-01
-1.186440203861158366e-01
-1.186044789699226137e-01
-1.185649507320049728e-01
-1.185254356679708576e-01
-1.184859337734297108e-01
-1.184464450439924460e-01
-1.184069694752714202e-01
-1.183675070628804477e-01
-1.183280578024348273e-01
-1.182886216895513154e-01
-1.182491987198481115e-01
-1.182097888889448861e-01
-1.181703921924627670e-01
-1.181310086260243392e-01
-1.180916381852536723e-01
-1.180522808657762657e-01
-1.180129366632190480e-01
-1.179736055732105021e-01
-1.179342875913804572e-01
-1.178949827133602551e-01
-1.178556909347827225e-01
-1.178164122512820738e-01
-1.177771466584940085e-01
-1.177378941520556971e-01
-1.176986547276057532e-01
-1.176594283807842201e-01
-1.176202151072326396e-01
-1.175810149025939694e-01
-1.175418277625126240e-01
-1.175026536826344892e-01
-1.174634926586068939e-01
-1.174243446860785828e-01
-1.173852097606998129e-01
-1.173460878781222572e-01
-1.173069790339990176e-01
-1.172678832239846813e-01
-1.172288004437352787e-01
-1.171897306889082557e-01
-1.171506739551625570e-01
-1.171116302381585150e-01
-1.170725995335579472e-01
-1.170335818370241282e-01
-1.169945771442217480e-01
-1.169555854508169401e-01
-1.169166067524773089e-01
-1.168776410448718744e-01
-1.168386883236711277e-01
-1.167997485845469752e-01
-1.167608218231727946e-01
-1.167219080352233651e-01
-1.166830072163749649e-01
-1.166441193623052597e-01
-1.166052444686933726e-01
-1.165663825312198837e-01
-1.165275335455668027e-01
-1.164886975074175546e-01
-1.164498744124570634e-01
-1.164110642563716130e-01
-1.163722670348489724e-01
-1.163334827435783536e-01
-1.162947113782503705e-01
-1.162559529345571080e-01
-1.162172074081920664e-01
-1.161784747948502033e-01
-1.161397550902278641e-01
-1.161010482900228930e-01
-1.160623543899345078e-01
-1.160236733856633978e-01
-1.159850052729116815e-01
-1.159463500473828790e-01
-1.159077077047819815e-01
-1.158690782408153958e-01
-1.158304616511909579e-01
-1.157918579316179336e-01
-1.157532670778070177e-01
-1.157146890854703486e-01
-1.156761239503214522e-01
-1.156375716680753535e-01
-1.155990322344484511e-01
-1.155605056451585871e-01
-1.155219918959250053e-01
-1.154834909824684341e-01
-1.154450029005109762e-01
-1.154065276457761774e-01
-1.153680652139890267e-01
-1.153296156008759010e-01
-1.152911788021646067e-01
-1.152527548135844349e-01
-1.152143436308660229e-01
-1.151759452497414515e-01
-1.151375596659442585e-01
-1.150991868752093833e-01
-1.150608268732731393e-01
-1.150224796558733525e-01
-1.149841452187492091e-01
-1.149458235576412968e-01
-1.149075146682916881e-01
-1.148692185464438298e-01
-1.148309351878425838e-01
-1.147926645882342694e-01
-1.147544067433665799e-01
-1.147161616489886238e-01
-1.146779293008509948e-01
-1.146397096947056327e-01
-1.146015028263058788e-01
-1.145633086914065873e-01
-1.145251272857639308e-01
-1.144869586051355109e-01
-1.144488026452804147e-01
-1.144106594019590473e-01
-1.143725288709332849e-01
-1.143344110479664194e-01
-1.142963059288231165e-01
-1.142582135092694712e-01
-1.142201337850730081e-01
-1.141820667520026394e-01
-1.141440124058286792e-01
-1.141059707423228986e-01
-1.140679417572584287e-01
-1.140299254464098022e-01
-1.139919218055530370e-01
-1.139539308304654691e-01
-1.139159525169258780e-01
-1.138779868607144863e-01
-1.138400338576128490e-01
-1.138020935034039643e-01
-1.137641657938722739e-01
-1.137262507248035653e-01
-1.136883482919850419e-01
-1.136504584912053500e-01
-1.136125813182544825e-01
-1.135747167689238751e-01
-1.135368648390063795e-01
-1.134990255242961932e-01
-1.134611988205889571e-01
-1.134233847236817139e-01
-1.133855832293728799e-01
-1.133477943334623012e-01
-1.133100180317512112e-01
-1.132722543200422455e-01
-1.132345031941394270e-01
-1.131967646498481944e-01
-1.131590386829753742e-01
-1.131213252893291804e-01
-1.130836244647192568e-01
-1.130459362049566208e-01
-1.130082605058536638e-01
-1.129705973632242205e-01
-1.129329467728834857e-01
-1.128953087306480557e-01
-1.128576832323359425e-01
-1.128200702737665317e-01
-1.127824698507605833e-01
-1.127448819591403140e-01
-1.127073065947292591e-01
-1.126697437533523694e-01
-1.126321934308360390e-01
-1.125946556230079665e-01
-1.125571303256973077e-01
-1.125196175347345784e-01
-1.124821172459516960e-01
-1.124446294551819381e-01
-1.124071541582600253e-01
-1.123696913510220247e-01
-1.123322410293053908e-01
-1.122948031889490078e-01
-1.122573778257930782e-01
-1.122199649356792478e-01
-1.121825645144505224e-01
-1.121451765579513093e-01
-1.121078010620273763e-01
-1.120704380225259061e-01
-1.120330874352954559e-01
-1.119957492961859147e-01
-1.119584236010486566e-01
-1.119211103457363604e-01
-1.118838095261030924e-01
-1.118465211380043345e-01
-1.118092451772969426e-01
-1.117719816398391047e-01
-1.117347305214904662e-01
-1.116974918181120185e-01
-1.116602655255660853e-01
-1.116230516397164474e-01
-1.115858501564282179e-01
-1.115486610715678839e-01
-1.115114843810033479e-01
-1.114743200806038725e-01
-1.114371681662400526e-01
-1.114000286337839402e-01
-1.113629014791088917e-01
-1.113257866980896793e-01
-1.112886842866024351e-01
-1.112515942405246788e-01
-1.112145165557352766e-01
-1.111774512281145100e-01
-1.111403982535439788e-01
-1.111033576279066987e-01
-1.110663293470870588e-01
-1.110293134069707949e-01
-1.109923098034450162e-01
-1.109553185323982200e-01
-1.109183395897202634e-01
-1.108813729713023777e-01
-1.108444186730371539e-01
-1.108074766908185710e-01
-1.107705470205419540e-01
-1.107336296581040019e-01
-1.106967245994028015e-01
-1.106598318403377856e-01
-1.106229513768097333e-01
-1.105860832047208531e-01
-1.105492273199746717e-01
-1.105123837184760621e-01
-1.104755523961313268e-01
-1.104387333488480866e-01
-1.104019265725353222e-01
-1.103651320631034022e-01
-1.103283498164640553e-01
-1.102915798285303423e-01
-1.102548220952167396e-01
-1.102180766124390421e-01
-1.101813433761143907e-01
-1.101446223821613696e-01
-1.101079136264998259e-01
-1.100712171050510085e-01
-1.100345328137375400e-01
-1.099978607484834031e-01
-1.099612009052138850e-01
-1.099245532798557162e-01
-1.098879178683369040e-01
-1.098512946665868434e-01
-1.098146836705363172e-01
-1.097780848761174266e-01
-1.097414982792636190e-01
-1.097049238759097434e-01
-1.096683616619919671e-01
-1.096318116334478177e-01
-1.095952737862161824e-01
-1.095587481162373089e-01
-1.095222346194527768e-01
-1.094857332918055537e-01
-1.094492441292399115e-01
-1.094127671277014963e-01
-1.093763022831373277e-01
-1.093398495914957441e-01
-1.093034090487264576e-01
-1.092669806507804986e-01
-1.092305643936102993e-01
-1.091941602731695687e-01
-1.091577682854134312e-01
-1.091213884262983436e-01
-1.090850206917820531e-01
-1.090486650778237504e-01
-1.090123215803839030e-01
-1.089759901954243243e-01
-1.089396709189082296e-01
-1.089033637468001248e-01
-1.088670686750658756e-01
-1.088307856996727080e-01
-1.087945148165891801e-01
-1.087582560217851685e-01
-1.087220093112319513e-01
-1.086857746809021114e-01
