-6.999999999999999556e-01
-6.998334027584917072e-01
-6.996669442901877201e-01
-6.995006244794920169e-01
-6.993344432109046549e-01
-6.991684003690219473e-01
-6.990024958385364640e-01
-6.988367295042365868e-01
-6.986711012510069541e-01
-6.985056109638276833e-01
-6.983402585277751484e-01
-6.981750438280213134e-01
-6.980099667498336213e-01
-6.978450271785752168e-01
-6.976802249997047234e-01
-6.975155600987763549e-01
-6.973510323614391382e-01
-6.971866416734380234e-01
-6.970223879206125517e-01
-6.968582709888977433e-01
-6.966942907643235428e-01
-6.965304471330147074e-01
-6.963667399811908076e-01
-6.962031691951665602e-01
-6.960397346613510505e-01
-6.958764362662480663e-01
-6.957132738964558749e-01
-6.955502474386672240e-01
-6.953873567796695632e-01
-6.952246018063440447e-01
-6.950619824056665230e-01
-6.948994984647068884e-01
-6.947371498706289561e-01
-6.945749365106907991e-01
-6.944128582722440823e-01
-6.942509150427346176e-01
-6.940891067097016975e-01
-6.939274331607784285e-01
-6.937658942836915088e-01
-6.936044899662612284e-01
-6.934432200964011361e-01
-6.932820845621184835e-01
-6.931210832515133369e-01
-6.929602160527792432e-01
-6.927994828542031192e-01
-6.926388835441643632e-01
-6.924784180111358545e-01
-6.923180861436831757e-01
-6.921578878304646132e-01
-6.919978229602314901e-01
-6.918378914218276110e-01
-6.916780931041893732e-01
-6.915184278963457665e-01
-6.913588956874180402e-01
-6.911994963666200364e-01
-6.910402298232576346e-01
-6.908810959467293067e-01
-6.907220946265253403e-01
-6.905632257522279494e-01
-6.904044892135117184e-01
-6.902458849001428254e-01
-6.900874127019793747e-01
-6.899290725089713971e-01
-6.897708642111602950e-01
-6.896127876986790639e-01
-6.894548428617526259e-01
-6.892970295906968303e-01
-6.891393477759191200e-01
-6.889817973079184199e-01
-6.888243780772844715e-01
-6.886670899746984986e-01
-6.885099328909325411e-01
-6.883529067168497884e-01
-6.881960113434042459e-01
-6.880392466616408464e-01
-6.878826125626951171e-01
-6.877261089377935122e-01
-6.875697356782528580e-01
-6.874134926754806862e-01
-6.872573798209747897e-01
-6.871013970063235554e-01
-6.869455441232055204e-01
-6.867898210633894829e-01
-6.866342277187345022e-01
-6.864787639811896769e-01
-6.863234297427939223e-01
-6.861682248956763042e-01
-6.860131493320557050e-01
-6.858582029442407135e-01
-6.857033856246297354e-01
-6.855486972657105493e-01
-6.853941377600609730e-01
-6.852397070003477531e-01
-6.850854048793273421e-01
-6.849312312898456767e-01
-6.847771861248375114e-01
-6.846232692773271955e-01
-6.844694806404278964e-01
-6.843158201073420432e-01
-6.841622875713608831e-01
-6.840088829258647030e-01
-6.838556060643222745e-01
-6.837024568802915203e-01
-6.835494352674187368e-01
-6.833965411194389272e-01
-6.832437743301755795e-01
-6.830911347935406663e-01
-6.829386224035344233e-01
-6.827862370542456816e-01
-6.826339786398509801e-01
-6.824818470546155647e-01
-6.823298421928923885e-01
-6.821779639491224456e-01
-6.820262122178347708e-01
-6.818745868936463284e-01
-6.817230878712615683e-01
-6.815717150454729811e-01
-6.814204683111603211e-01
-6.812693475632913831e-01
-6.811183526969211144e-01
-6.809674836071919479e-01
-6.808167401893335802e-01
-6.806661223386633042e-01
-6.805156299505851214e-01
-6.803652629205906299e-01
-6.802150211442581362e-01
-6.800649045172530993e-01
-6.799149129353279086e-01
-6.797650462943217731e-01
-6.796153044901604989e-01
-6.794656874188568230e-01
-6.793161949765099683e-01
-6.791668270593056445e-01
-6.790175835635162693e-01
-6.788684643855004142e-01
-6.787194694217031365e-01
-6.785705985686556474e-01
-6.784218517229755330e-01
-6.782732287813663108e-01
-6.781247296406174296e-01
-6.779763541976047136e-01
-6.778281023492895851e-01
-6.776799739927193977e-01
-6.775319690250271032e-01
-6.773840873434314735e-01
-6.772363288452371011e-01
-6.770886934278337321e-01
-6.769411809886967113e-01
-6.767937914253869813e-01
-6.766465246355506391e-01
-6.764993805169190466e-01
-6.763523589673088310e-01
-6.762054598846216624e-01
-6.760586831668442542e-01
-6.759120287120483628e-01
-6.757654964183905655e-01
-6.756190861841122608e-01
-6.754727979075398903e-01
-6.753266314870841613e-01
-6.751805868212406025e-01
-6.750346638085895634e-01
-6.748888623477953264e-01
-6.747431823376068838e-01
-6.745976236768577161e-01
-6.744521862644653476e-01
-6.743068699994315685e-01
-6.741616747808423238e-01
-6.740166005078674916e-01
-6.738716470797612157e-01
-6.737268143958612399e-01
-6.735821023555892406e-01
-6.734375108584509384e-01
-6.732930398040355424e-01
-6.731486890920158617e-01
-6.730044586221483049e-01
-6.728603482942727698e-01
-6.727163580083128647e-01
-6.725724876642751315e-01
-6.724287371622496012e-01
-6.722851064024095713e-01
-6.721415952850116060e-01
-6.719982037103949812e-01
-6.718549315789822396e-01
-6.717117787912789684e-01
-6.715687452478733555e-01
-6.714258308494366334e-01
-6.712830354967227464e-01
-6.711403590905681282e-01
-6.709978015318919242e-01
-6.708553627216958803e-01
-6.707130425610642321e-01
-6.705708409511633716e-01
-6.704287577932422915e-01
-6.702867929886320297e-01
-6.701449464387460031e-01
-6.700032180450796737e-01
-6.698616077092104382e-01
-6.697201153327977385e-01
-6.695787408175831734e-01
-6.694374840653898318e-01
-6.692963449781228480e-01
-6.691553234577688469e-01
-6.690144194063962768e-01
-6.688736327261550763e-01
-6.687329633192767853e-01
-6.685924110880741011e-01
-6.684519759349416557e-01
-6.683116577623546828e-01
-6.681714564728701289e-01
-6.680313719691260976e-01
-6.678914041538415169e-01
-6.677515529298165831e-01
-6.676118181999323165e-01
-6.674721998671507839e-01
-6.673326978345147653e-01
-6.671933120051478650e-01
-6.670540422822544002e-01
-6.669148885691191797e-01
-6.667758507691078362e-01
-6.666369287856661607e-01
-6.664981225223205463e-01
-6.663594318826778773e-01
-6.662208567704250850e-01
-6.660823970893295920e-01
-6.659440527432387569e-01
-6.658058236360800963e-01
-6.656677096718611741e-01
-6.655297107546694901e-01
-6.653918267886724802e-01
-6.652540576781174053e-01
-6.651164033273312404e-01
-6.649788636407206743e-01
-6.648414385227721102e-01
-6.647041278780512208e-01
-6.645669316112037261e-01
-6.644298496269540610e-01
-6.642928818301067073e-01
-6.641560281255449727e-01
-6.640192884182315458e-01
-6.638826626132083852e-01
-6.637461506155963864e-01
-6.636097523305954926e-01
-6.634734676634848061e-01
-6.633372965196221438e-01
-6.632012388044441487e-01
-6.630652944234664004e-01
-6.629294632822828603e-01
-6.627937452865666490e-01
-6.626581403420688243e-01
-6.625226483546196032e-01
-6.623872692301270293e-01
-6.622520028745779719e-01
-6.621168491940374601e-01
-6.619818080946486827e-01
-6.618468794826332102e-01
-6.617120632642905509e-01
-6.615773593459982616e-01
-6.614427676342120588e-01
-6.613082880354653748e-01
-6.611739204563696903e-01
-6.610396648036140910e-01
-6.609055209839655998e-01
-6.607714889042686224e-01
-6.606375684714453911e-01
-6.605037595924957428e-01
-6.603700621744965638e-01
-6.602364761246026781e-01
-6.601030013500457372e-01
-6.599696377581352191e-01
-6.598363852562572074e-01
-6.597032437518753900e-01
-6.595702131525305045e-01
-6.594372933658398939e-01
-6.593044842994983945e-01
-6.591717858612773373e-01
-6.590391979590251026e-01
-6.589067205006667871e-01
-6.587743533942040930e-01
-6.586420965477153278e-01
-6.585099498693556264e-01
-6.583779132673563961e-01
-6.582459866500254275e-01
-6.581141699257471167e-01
-6.579824630029820209e-01
-6.578508657902670809e-01
-6.577193781962153984e-01
-6.575880001295157928e-01
-6.574567314989339106e-01
-6.573255722133106715e-01
-6.571945221815633786e-01
-6.570635813126850522e-01
-6.569327495157445407e-01
-6.568020266998862988e-01
-6.566714127743307206e-01
-6.565409076483736950e-01
-6.564105112313864954e-01
-6.562802234328162232e-01
-6.561500441621851420e-01
-6.560199733290910107e-01
-6.558900108432068610e-01
-6.557601566142809979e-01
-6.556304105521367775e-01
-6.555007725666728291e-01
-6.553712425678627218e-01
-6.552418204657550760e-01
-6.551125061704734520e-01
-6.549832995922162393e-01
-6.548542006412565453e-01
-6.547252092279425284e-01
-6.545963252626966211e-01
-6.544675486560161959e-01
-6.543388793184730101e-01
-6.542103171607132062e-01
-6.540818620934577554e-01
-6.539535140275015701e-01
-6.538252728737141695e-01
-6.536971385430390136e-01
-6.535691109464940585e-01
-6.534411899951710900e-01
-6.533133756002363901e-01
-6.531856676729297373e-01
-6.530580661245651841e-01
-6.529305708665303909e-01
-6.528031818102870698e-01
-6.526758988673706519e-01
-6.525487219493901758e-01
-6.524216509680281773e-01
-6.522946858350410215e-01
-6.521678264622585708e-01
-6.520410727615839619e-01
-6.519144246449937175e-01
-6.517878820245377458e-01
-6.516614448123394521e-01
-6.515351129205948499e-01
-6.514088862615737829e-01
-6.512827647476187032e-01
-6.511567482911451155e-01
-6.510308368046417993e-01
-6.509050302006700317e-01
-6.507793283918641425e-01
-6.506537312909314030e-01
-6.505282388106513602e-01
-6.504028508638765027e-01
-6.502775673635319276e-01
-6.501523882226152296e-01
-6.500273133541963899e-01
-6.499023426714177765e-01
-6.497774760874943656e-01
-6.496527135157130761e-01
-6.495280548694333245e-01
-6.494035000620865805e-01
-6.492790490071763676e-01
-6.491547016182784846e-01
-6.490304578090404508e-01
-6.489063174931819500e-01
-6.487822805844942753e-01
-6.486583469968407734e-01
-6.485345166441565112e-01
-6.484107894404480543e-01
-6.482871652997937995e-01
-6.481636441363436418e-01
-6.480402258643188640e-01
-6.479169103980125799e-01
-6.477936976517888468e-01
-6.476705875400833312e-01
-6.475475799774028651e-01
-6.474246748783255567e-01
-6.473018721575005685e-01
-6.471791717296483393e-01
-6.470565735095601401e-01
-6.469340774120984072e-01
-6.468116833521961873e-01
-6.466893912448579140e-01
-6.465672010051581875e-01
-6.464451125482428839e-01
-6.463231257893283788e-01
-6.462012406437014356e-01
-6.460794570267197612e-01
-6.459577748538113395e-01
-6.458361940404746537e-01
-6.457147145022785750e-01
-6.455933361548623628e-01
-6.454720589139353315e-01
-6.453508826952774058e-01
-6.452298074147382323e-01
-6.451088329882377348e-01
-6.449879593317661142e-01
-6.448671863613831823e-01
-6.447465139932188061e-01
-6.446259421434726855e-01
-6.445054707284144646e-01
-6.443850996643833984e-01
-6.442648288677883528e-01
-6.441446582551082489e-01
-6.440245877428908416e-01
-6.439046172477541630e-01
-6.437847466863853008e-01
-6.436649759755406208e-01
-6.435453050320462109e-01
-6.434257337727971038e-01
-6.433062621147578319e-01
-6.431868899749619839e-01
-6.430676172705119820e-01
-6.429484439185798594e-01
-6.428293698364060393e-01
-6.427103949413004447e-01
-6.425915191506416102e-01
-6.424727423818766825e-01
-6.423540645525219750e-01
-6.422354855801621909e-01
-6.421170053824509782e-01
-6.419986238771102638e-01
-6.418803409819306971e-01
-6.417621566147714285e-01
-6.416440706935599980e-01
-6.415260831362922245e-01
-6.414081938610323164e-01
-6.412904027859126499e-01
-6.411727098291339910e-01
-6.410551149089650513e-01
-6.409376179437427101e-01
-6.408202188518717923e-01
-6.407029175518251796e-01
-6.405857139621435881e-01
-6.404686080014357907e-01
-6.403515995883779510e-01
-6.402346886417145111e-01
-6.401178750802570816e-01
-6.400011588228851078e-01
-6.398845397885458697e-01
-6.397680178962537045e-01
-6.396515930650906734e-01
-6.395352652142062277e-01
-6.394190342628170987e-01
-6.393029001302074077e-01
-6.391868627357284449e-01
-6.390709219987985579e-01
-6.389550778389034846e-01
-6.388393301755957987e-01
-6.387236789284951310e-01
-6.386081240172882811e-01
-6.384926653617286618e-01
-6.383773028816366324e-01
-6.382620364968994986e-01
-6.381468661274709575e-01
-6.380317916933716527e-01
-6.379168131146888410e-01
-6.378019303115761707e-01
-6.376871432042540144e-01
-6.375724517130090252e-01
-6.374578557581944693e-01
-6.373433552602296714e-01
-6.372289501396003475e-01
-6.371146403168586048e-01
-6.370004257126227198e-01
-6.368863062475766945e-01
-6.367722818424711440e-01
-6.366583524181224085e-01
-6.365445178954127758e-01
-6.364307781952904808e-01
-6.363171332387695944e-01
-6.362035829469301351e-01
-6.360901272409175133e-01
-6.359767660419433088e-01
-6.358634992712841605e-01
-6.357503268502828764e-01
-6.356372487003473237e-01
-6.355242647429510949e-01
-6.354113748996329525e-01
-6.352985790919972731e-01
-6.351858772417137144e-01
-6.350732692705168825e-01
-6.349607551002069972e-01
-6.348483346526491156e-01
-6.347360078497735758e-01
-6.346237746135754421e-01
-6.345116348661151706e-01
-6.343995885295178327e-01
-6.342876355259734478e-01
-6.341757757777368720e-01
-6.340640092071279099e-01
-6.339523357365306477e-01
-6.338407552883941198e-01
-6.337292677852318645e-01
-6.336178731496221461e-01
-6.335065713042075108e-01
-6.333953621716948978e-01
-6.332842456748558613e-01
-6.331732217365261262e-01
-6.330622902796056994e-01
-6.329514512270588700e-01
-6.328407045019140975e-01
-6.327300500272639017e-01
-6.326194877262648619e-01
-6.325090175221376176e-01
-6.323986393381668680e-01
-6.322883530977008171e-01
-6.321781587241520617e-01
-6.320680561409965925e-01
-6.319580452717743491e-01
-6.318481260400887756e-01
-6.317382983696071541e-01
-6.316285621840602715e-01
-6.315189174072424194e-01
-6.314093639630113941e-01
-6.312999017752883857e-01
-6.311905307680579780e-01
-6.310812508653681485e-01
-6.309720619913299355e-01
-6.308629640701178820e-01
-6.307539570259694806e-01
-6.306450407831853955e-01
-6.305362152661292408e-01
-6.304274803992278020e-01
-6.303188361069709256e-01
-6.302102823139108523e-01
-6.301018189446633277e-01
-6.299934459239062701e-01
-6.298851631763808800e-01
-6.297769706268907530e-01
-6.296688682003019899e-01
-6.295608558215435302e-01
-6.294529334156069300e-01
-6.293451009075459179e-01
-6.292373582224768391e-01
-6.291297052855784333e-01
-6.290221420220916126e-01
-6.289146683573196839e-01
-6.288072842166283483e-01
-6.286999895254449244e-01
-6.285927842092594586e-01
-6.284856681936238365e-01
-6.283786414041516721e-01
-6.282717037665190851e-01
-6.281648552064638125e-01
-6.280580956497852085e-01
-6.279514250223449112e-01
-6.278448432500659537e-01
-6.277383502589333197e-01
-6.276319459749934992e-01
-6.275256303243547107e-01
-6.274194032331864568e-01
-6.273132646277199687e-01
-6.272072144342479838e-01
-6.271012525791245240e-01
-6.269953789887647844e-01
-6.268895935896456884e-01
-6.267838963083048887e-01
-6.266782870713416553e-01
-6.265727658054163207e-01
-6.264673324372499463e-01
-6.263619868936252111e-01
-6.262567291013851900e-01
-6.261515589874344645e-01
-6.260464764787380121e-01
-6.259414815023219836e-01
-6.258365739852732590e-01
-6.257317538547392255e-01
-6.256270210379282215e-01
-6.255223754621090926e-01
-6.254178170546111915e-01
-6.253133457428248221e-01
-6.252089614542001295e-01
-6.251046641162480988e-01
-6.250004536565401114e-01
-6.248963300027078338e-01
-6.247922930824429955e-01
-6.246883428234978330e-01
-6.245844791536846463e-01
-6.244807020008757981e-01
-6.243770112930040472e-01
-6.242734069580616607e-01
-6.241698889241014125e-01
-6.240664571192356957e-01
-6.239631114716368554e-01
-6.238598519095369666e-01
-6.237566783612281673e-01
-6.236535907550621038e-01
-6.235505890194501522e-01
-6.234476730828633073e-01
-6.233448428738321834e-01
-6.232420983209469023e-01
-6.231394393528570941e-01
-6.230368658982716745e-01
-6.229343778859592895e-01
-6.228319752447475377e-01
-6.227296579035236368e-01
-6.226274257912336463e-01
-6.225252788368832446e-01
-6.224232169695369521e-01
-6.223212401183184639e-01
-6.222193482124104280e-01
-6.221175411810547784e-01
-6.220158189535520687e-01
-6.219141814592619166e-01
-6.218126286276025594e-01
-6.217111603880514092e-01
-6.216097766701442762e-01
-6.215084774034758119e-01
-6.214072625176992881e-01
-6.213061319425267071e-01
-6.212050856077283578e-01
-6.211041234431331493e-01
-6.210032453786287210e-01
-6.209024513441604443e-01
-6.208017412697328652e-01
-6.207011150854081505e-01
-6.206005727213070866e-01
-6.205001141076086357e-01
-6.203997391745498247e-01
-6.202994478524257449e-01
-6.201992400715898857e-01
-6.200991157624531347e-01
-6.199990748554851105e-01
-6.198991172812127193e-01
-6.197992429702210426e-01
-6.196994518531530050e-01
-6.195997438607090402e-01
-6.195001189236475359e-01
-6.194005769727845001e-01
-6.193011179389936727e-01
-6.192017417532061918e-01
-6.191024483464108163e-01
-6.190032376496538147e-01
-6.189041095940388537e-01
-6.188050641107269989e-01
-6.187061011309367142e-01
-6.186072205859436401e-01
-6.185084224070807046e-01
-6.184097065257380121e-01
-6.183110728733630657e-01
-6.182125213814601006e-01
-6.181140519815906398e-01
-6.180156646053730496e-01
-6.179173591844828728e-01
-6.178191356506524956e-01
-6.177209939356710366e-01
-6.176229339713845690e-01
-6.175249556896957870e-01
-6.174270590225643396e-01
-6.173292439020063860e-01
-6.172315102600947068e-01
-6.171338580289587039e-01
-6.170362871407845118e-01
-6.169387975278143310e-01
-6.168413891223472056e-01
-6.167440618567382460e-01
-6.166468156633991837e-01
-6.165496504747979278e-01
-6.164525662234586756e-01
-6.163555628419616905e-01
-6.162586402629435245e-01
-6.161617984190970176e-01
-6.160650372431706323e-01
-6.159683566679692301e-01
-6.158717566263536281e-01
-6.157752370512402651e-01
-6.156787978756016466e-01
-6.155824390324663442e-01
-6.154861604549182186e-01
-6.153899620760973077e-01
-6.152938438291992718e-01
-6.151978056474750600e-01
-6.151018474642315770e-01
-6.150059692128313493e-01
-6.149101708266920818e-01
-6.148144522392872124e-01
-6.147188133841454682e-01
-6.146232541948508654e-01
-6.145277746050430423e-01
-6.144323745484165933e-01
-6.143370539587215129e-01
-6.142418127697629737e-01
-6.141466509154012154e-01
-6.140515683295516558e-01
-6.139565649461846686e-01
-6.138616406993255836e-01
-6.137667955230550199e-01
-6.136720293515081082e-01
-6.135773421188750465e-01
-6.134827337594007668e-01
-6.133882042073850460e-01
-6.132937533971823951e-01
-6.131993812632019480e-01
-6.131050877399074617e-01
-6.130108727618173159e-01
-6.129167362635044025e-01
-6.128226781795963474e-01
-6.127286984447748441e-01
-6.126347969937762095e-01
-6.125409737613911609e-01
-6.124472286824645950e-01
-6.123535616918958091e-01
-6.122599727246382795e-01
-6.121664617156996613e-01
-6.120730286001417886e-01
-6.119796733130804522e-01
-6.118863957896856220e-01
-6.117931959651812246e-01
-6.117000737748452543e-01
-6.116070291540094406e-01
-6.115140620380594694e-01
-6.114211723624347616e-01
-6.113283600626288061e-01
-6.112356250741883823e-01
-6.111429673327142265e-01
-6.110503867738609207e-01
-6.109578833333361159e-01
-6.108654569469014195e-01
-6.107731075503718410e-01
-6.106808350796159024e-01
-6.105886394705553055e-01
-6.104965206591655980e-01
-6.104044785814751739e-01
-6.103125131735659403e-01
-6.102206243715730949e-01
-6.101288121116850149e-01
-6.100370763301430355e-01
-6.099454169632417821e-01
-6.098538339473289493e-01
-6.097623272188053001e-01
-6.096708967141243329e-01
-6.095795423697927262e-01
-6.094882641223700048e-01
-6.093970619084684293e-01
-6.093059356647531066e-01
-6.092148853279418796e-01
-6.091239108348054376e-01
-6.090330121221670945e-01
-6.089421891269025666e-01
-6.088514417859405281e-01
-6.087607700362618335e-01
-6.086701738148999619e-01
-6.085796530589410169e-01
-6.084892077055232829e-01
-6.083988376918374463e-01
-6.083085429551265966e-01
-6.082183234326860033e-01
-6.081281790618633387e-01
-6.080381097800582335e-01
-6.079481155247224988e-01
-6.078581962333603483e-01
-6.077683518435276211e-01
-6.076785822928324476e-01
-6.075888875189349170e-01
-6.074992674595468545e-01
-6.074097220524322660e-01
-6.073202512354066718e-01
-6.072308549463376615e-01
-6.071415331231444501e-01
-6.070522857037981002e-01
-6.069631126263209664e-01
-6.068740138287875840e-01
-6.067849892493235586e-01
-6.066960388261063430e-01
-6.066071624973649046e-01
-6.065183602013795028e-01
-6.064296318764816895e-01
-6.063409774610548642e-01
-6.062523968935333851e-01
-6.061638901124027923e-01
-6.060754570562001398e-01
-6.059870976635137740e-01
-6.058988118729826677e-01
-6.058105996232974189e-01
-6.057224608531994736e-01
-6.056343955014813485e-01
-6.055464035069866302e-01
-6.054584848086097537e-01
-6.053706393452958912e-01
-6.052828670560413959e-01
-6.051951678798933587e-01
-6.051075417559492742e-01
-6.050199886233580404e-01
-6.049325084213186265e-01
-6.048451010890808499e-01
-6.047577665659453761e-01
-6.046705047912630526e-01
-6.045833157044355755e-01
-6.044961992449147115e-01
-6.044091553522031868e-01
-6.043221839658537986e-01
-6.042352850254695262e-01
-6.041484584707041972e-01
-6.040617042412613769e-01
-6.039750222768951460e-01
-6.038884125174096562e-01
-6.038018749026592413e-01
-6.037154093725483062e-01
-6.036290158670314376e-01
-6.035426943261131827e-01
-6.034564446898478263e-01
-6.033702668983398354e-01
-6.032841608917436371e-01
-6.031981266102632855e-01
-6.031121639941527945e-01
-6.030262729837159164e-01
-6.029404535193060299e-01
-6.028547055413263633e-01
-6.027690289902296605e-01
-6.026834238065184035e-01
-6.025978899307444792e-01
-6.025124273035092903e-01
-6.024270358654637558e-01
-6.023417155573085324e-01
-6.022564663197931267e-01
-6.021712880937167833e-01
-6.020861808199279297e-01
-6.020011444393243982e-01
-6.019161788928528711e-01
-6.018312841215098796e-01
-6.017464600663403607e-01
-6.016617066684388782e-01
-6.015770238689489569e-01
-6.014924116090629713e-01
-6.014078698300224790e-01
-6.013233984731178872e-01
-6.012389974796885639e-01
-6.011546667911226161e-01
-6.010704063488572224e-01
-6.009862160943779674e-01
-6.009020959692195074e-01
-6.008180459149651265e-01
-6.007340658732466254e-01
-6.006501557857446549e-01
-6.005663155941881604e-01
-6.004825452403549368e-01
-6.003988446660710743e-01
-6.003152138132110682e-01
-6.002316526236981531e-01
-6.001481610395034139e-01
-6.000647390026468964e-01
-5.999813864551963860e-01
-5.998981033392684070e-01
-5.998148895970272232e-01
-5.997317451706856151e-01
-5.996486700025043248e-01
-5.995656640347923894e-01
-5.994827272099066962e-01
-5.993998594702522054e-01
-5.993170607582819498e-01
-5.992343310164967018e-01
-5.991516701874453066e-01
-5.990690782137244597e-01
-5.989865550379785963e-01
-5.989041006028998915e-01
-5.988217148512283705e-01
-5.987393977257516875e-01
-5.986571491693051250e-01
-5.985749691247717053e-01
-5.984928575350819679e-01
-5.984108143432138593e-01
-5.983288394921930653e-01
-5.982469329250924561e-01
-5.981650945850325307e-01
-5.980833244151811945e-01
-5.980016223587535373e-01
-5.979199883590120557e-01
-5.978384223592663194e-01
-5.977569243028734158e-01
-5.976754941332373949e-01
-5.975941317938096020e-01
-5.975128372280883449e-01
-5.974316103796191157e-01
-5.973504511919943694e-01
-5.972693596088534118e-01
-5.971883355738828447e-01
-5.971073790308158991e-01
-5.970264899234326572e-01
-5.969456681955602750e-01
-5.968649137910725377e-01
-5.967842266538898599e-01
-5.967036067279795075e-01
-5.966230539573555980e-01
-5.965425682860785450e-01
-5.964621496582556137e-01
-5.963817980180404765e-01
-5.963015133096334353e-01
-5.962212954772810880e-01
-5.961411444652766622e-01
-5.960610602179599038e-01
-5.959810426797165217e-01
-5.959010917949788544e-01
-5.958212075082254255e-01
-5.957413897639810552e-01
-5.956616385068168595e-01
-5.955819536813498072e-01
-5.955023352322433849e-01
-5.954227831042069319e-01
-5.953432972419958613e-01
-5.952638775904117718e-01
-5.951845240943020032e-01
-5.951052366985599695e-01
-5.950260153481251590e-01
-5.949468599879824682e-01
-5.948677705631630896e-01
-5.947887470187437353e-01
-5.947097892998469693e-01
-5.946308973516410967e-01
-5.945520711193398311e-01
-5.944733105482029600e-01
-5.943946155835354572e-01
-5.943159861706881486e-01
-5.942374222550573792e-01
-5.941589237820845693e-01
-5.940804906972572130e-01
-5.940021229461076580e-01
-5.939238204742138816e-01
-5.938455832271991586e-01
-5.937674111507322827e-01
-5.936893041905267898e-01
-5.936112622923419568e-01
-5.935332854019819138e-01
-5.934553734652959767e-01
-5.933775264281786477e-01
-5.932997442365697260e-01
-5.932220268364534199e-01
-5.931443741738595676e-01
-5.930667861948626385e-01
-5.929892628455821768e-01
-5.929118040721823579e-01
-5.928344098208724322e-01
-5.927570800379062810e-01
-5.926798146695828606e-01
-5.926026136622456475e-01
-5.925254769622826378e-01
-5.924484045161269030e-01
-5.923713962702557012e-01
-5.922944521711912547e-01
-5.922175721654999725e-01
-5.921407561997931168e-01
-5.920640042207262477e-01
-5.919873161749993340e-01
-5.919106920093568647e-01
-5.918341316705874045e-01
-5.917576351055242601e-01
-5.916812022610447031e-01
-5.916048330840704139e-01
-5.915285275215672600e-01
-5.914522855205451846e-01
-5.913761070280584287e-01
-5.912999919912051983e-01
-5.912239403571278862e-01
-5.911479520730127390e-01
-5.910720270860903014e-01
-5.909961653436347495e-01
-5.909203667929643355e-01
-5.908446313814410544e-01
-5.907689590564711990e-01
-5.906933497655042498e-01
-5.906178034560337631e-01
-5.905423200755972601e-01
-5.904668995717754498e-01
-5.903915418921930058e-01
-5.903162469845184557e-01
-5.902410147964634035e-01
-5.901658452757834183e-01
-5.900907383702773679e-01
-5.900156940277876405e-01
-5.899407121962002565e-01
-5.898657928234443126e-01
-5.897909358574926486e-01
-5.897161412463610697e-01
-5.896414089381090129e-01
-5.895667388808389919e-01
-5.894921310226967082e-01
-5.894175853118712727e-01
-5.893431016965948732e-01
-5.892686801251425521e-01
-5.891943205458328725e-01
-5.891200229070271410e-01
-5.890457871571297410e-01
-5.889716132445882435e-01
-5.888975011178927410e-01
-5.888234507255766248e-01
-5.887494620162159187e-01
-5.886755349384297231e-01
-5.886016694408796601e-01
-5.885278654722702063e-01
-5.884541229813486929e-01
-5.883804419169050837e-01
-5.883068222277718640e-01
-5.882332638628242627e-01
-5.881597667709801414e-01
-5.880863309011998830e-01
-5.880129562024861700e-01
-5.879396426238845397e-01
-5.878663901144827175e-01
-5.877931986234108397e-01
-5.877200680998415638e-01
-5.876469984929898471e-01
-5.875739897521128352e-01
-5.875010418265098622e-01
-5.874281546655228947e-01
-5.873553282185356439e-01
-5.872825624349743423e-01
-5.872098572643071890e-01
-5.871372126560443494e-01
-5.870646285597381775e-01
-5.869921049249832157e-01
-5.869196417014156397e-01
-5.868472388387139249e-01
-5.867748962865981799e-01
-5.867026139948305907e-01
-5.866303919132150879e-01
-5.865582299915974573e-01
-5.864861281798652293e-01
-5.864140864279476784e-01
-5.863421046858159347e-01
-5.862701829034825396e-01
-5.861983210310018899e-01
-5.861265190184697937e-01
-5.860547768160238036e-01
-5.859830943738429943e-01
-5.859114716421478519e-01
-5.858399085712002741e-01
-5.857684051113039025e-01
-5.856969612128033464e-01
-5.856255768260848482e-01
-5.855542519015759506e-01
-5.854829863897453857e-01
-5.854117802411031857e-01
-5.853406334062007943e-01
-5.852695458356305114e-01
-5.851985174800261591e-01
-5.851275482900623048e-01
-5.850566382164548163e-01
-5.849857872099606393e-01
-5.849149952213776871e-01
-5.848442622015448400e-01
-5.847735881013418346e-01
-5.847029728716897079e-01
-5.846324164635497977e-01
-5.845619188279247425e-01
-5.844914799158578145e-01
-5.844210996784331424e-01
-5.843507780667754892e-01
-5.842805150320504737e-01
-5.842103105254642381e-01
-5.841401644982637809e-01
-5.840700769017364014e-01
-5.840000476872102553e-01
-5.839300768060540214e-01
-5.838601642096766797e-01
-5.837903098495278442e-01
-5.837205136770975411e-01
-5.836507756439162087e-01
-5.835810957015545863e-01
-5.835114738016240477e-01
-5.834419098957758232e-01
-5.833724039357016666e-01
-5.833029558731336328e-01
-5.832335656598438556e-01
-5.831642332476447699e-01
-5.830949585883886677e-01
-5.830257416339682530e-01
-5.829565823363163091e-01
-5.828874806474053649e-01
-5.828184365192481398e-01
-5.827494499038974318e-01
-5.826805207534458964e-01
-5.826116490200259346e-01
-5.825428346558099157e-01
-5.824740776130102882e-01
-5.824053778438789131e-01
-5.823367353007077307e-01
-5.822681499358282053e-01
-5.821996217016116582e-01
-5.821311505504691564e-01
-5.820627364348510691e-01
-5.819943793072477334e-01
-5.819260791201887884e-01
-5.818578358262437300e-01
-5.817896493780212452e-01
-5.817215197281696559e-01
-5.816534468293768079e-01
-5.815854306343697377e-01
-5.815174710959148952e-01
-5.814495681668183646e-01
-5.813817217999251996e-01
-5.813139319481198664e-01
-5.812461985643260221e-01
-5.811785216015068478e-01
-5.811109010126641605e-01
-5.810433367508393010e-01
-5.809758287691126899e-01
-5.809083770206038277e-01
-5.808409814584709618e-01
-5.807736420359119744e-01
-5.807063587061631615e-01
-5.806391314225000100e-01
-5.805719601382369754e-01
-5.805048448067271494e-01
-5.804377853813629251e-01
-5.803707818155749987e-01
-5.803038340628333680e-01
-5.802369420766462227e-01
-5.801701058105610542e-01
-5.801033252181637678e-01
-5.800366002530787934e-01
-5.799699308689694188e-01
-5.799033170195375675e-01
-5.798367586585234656e-01
-5.797702557397060863e-01
-5.797038082169028161e-01
-5.796374160439696777e-01
-5.795710791748007740e-01
-5.795047975633289550e-01
-5.794385711635252623e-01
-5.793723999293992621e-01
-5.793062838149986016e-01
-5.792402227744093413e-01
-5.791742167617557335e-01
-5.791082657312002224e-01
-5.790423696369435547e-01
-5.789765284332246686e-01
-5.789107420743202503e-01
-5.788450105145455105e-01
-5.787793337082534073e-01
-5.787137116098350909e-01
-5.786481441737196807e-01
-5.785826313543742661e-01
-5.785171731063036837e-01
-5.784517693840509622e-01
-5.783864201421968776e-01
-5.783211253353598424e-01
-5.782558849181963501e-01
-5.781906988454004193e-01
-5.781255670717042605e-01
-5.780604895518771658e-01
-5.779954662407265076e-01
-5.779304970930971841e-01
-5.778655820638717300e-01
-5.778007211079703165e-01
-5.777359141803506404e-01
-5.776711612360077019e-01
-5.776064622299743601e-01
-5.775418171173207771e-01
-5.774772258531543079e-01
-5.774126883926200549e-01
-5.773482046909002019e-01
-5.772837747032146805e-01
-5.772193983848200594e-01
-5.771550756910108770e-01
-5.770908065771184203e-01
-5.770265909985113906e-01
-5.769624289105956816e-01
-5.768983202688142686e-01
-5.768342650286472084e-01
-5.767702631456117501e-01
-5.767063145752621134e-01
-5.766424192731895992e-01
-5.765785771950224792e-01
-5.765147882964257731e-01
-5.764510525331019153e-01
-5.763873698607897555e-01
-5.763237402352653360e-01
-5.762601636123414472e-01
-5.761966399478675172e-01
-5.761331691977298330e-01
-5.760697513178516527e-01
-5.760063862641928711e-01
-5.759430739927496878e-01
-5.758798144595553836e-01
-5.758166076206797657e-01
-5.757534534322291675e-01
-5.756903518503464490e-01
-5.756273028312111073e-01
-5.755643063310391661e-01
-5.755013623060829531e-01
-5.754384707126314336e-01
-5.753756315070097660e-01
-5.753128446455796352e-01
-5.752501100847391413e-01
-5.751874277809225777e-01
-5.751247976906005421e-01
-5.750622197702799365e-01
-5.749996939765038562e-01
-5.749372202658515896e-01
-5.748747985949385075e-01
-5.748124289204165072e-01
-5.747501111989731237e-01
-5.746878453873321968e-01
-5.746256314422535372e-01
-5.745634693205330379e-01
-5.745013589790025632e-01
-5.744393003745299486e-01
-5.743772934640190009e-01
-5.743153382044091648e-01
-5.742534345526760786e-01
-5.741915824658311296e-01
-5.741297819009213432e-01
-5.740680328150298273e-01
-5.740063351652752166e-01
-5.739446889088117842e-01
-5.738830940028297745e-01
-5.738215504045549586e-01
-5.737600580712486353e-01
-5.736986169602077412e-01
-5.736372270287650732e-01
-5.735758882342885112e-01
-5.735146005341816844e-01
-5.734533638858837490e-01
-5.733921782468692774e-01
-5.733310435746481470e-01
-5.732699598267658736e-01
-5.732089269608030557e-01
-5.731479449343758192e-01
-5.730870137051354840e-01
-5.730261332307686750e-01
-5.729653034689973223e-01
-5.729045243775785501e-01
-5.728437959143046765e-01
-5.727831180370031028e-01
-5.727224907035364243e-01
-5.726619138718022084e-01
-5.726013874997334385e-01
-5.725409115452977371e-01
-5.724804859664980317e-01
-5.724201107213719997e-01
-5.723597857679925127e-01
-5.722995110644670813e-01
-5.722392865689384100e-01
-5.721791122395838425e-01
-5.721189880346156942e-01
-5.720589139122809197e-01
-5.719988898308615566e-01
-5.719389157486741704e-01
-5.718789916240700766e-01
-5.718191174154352296e-01
-5.717592930811903340e-01
-5.716995185797907331e-01
-5.716397938697264092e-01
-5.715801189095217616e-01
-5.715204936577359396e-01
-5.714609180729625093e-01
-5.714013921138294538e-01
-5.713419157389993952e-01
-5.712824889071691503e-01
-5.712231115770702861e-01
-5.711637837074683421e-01
-5.711045052571636083e-01
-5.710452761849903469e-01
-5.709860964498172375e-01
-5.709269660105472655e-01
-5.708678848261177219e-01
-5.708088528554999819e-01
-5.707498700576995043e-01
-5.706909363917560540e-01
-5.706320518167434797e-01
-5.705732162917698247e-01
-5.705144297759768834e-01
-5.704556922285408671e-01
-5.703970036086716267e-01
-5.703383638756134300e-01
-5.702797729886439626e-01
-5.702212309070752161e-01
-5.701627375902530437e-01
-5.701042929975570495e-01
-5.700458970884005883e-01
-5.699875498222310988e-01
-5.699292511585295484e-01
-5.698710010568107664e-01
-5.698127994766233329e-01
-5.697546463775493564e-01
-5.696965417192049186e-01
-5.696384854612395188e-01
-5.695804775633361849e-01
-5.695225179852118069e-01
-5.694646066866165812e-01
-5.694067436273342331e-01
-5.693489287671823496e-01
-5.692911620660114913e-01
-5.692334434837059698e-01
-5.691757729801834031e-01
-5.691181505153949383e-01
-5.690605760493248066e-01
-5.690030495419908796e-01
-5.689455709534440020e-01
-5.688881402437687695e-01
-5.688307573730824185e-01
-5.687734223015360469e-01
-5.687161349893133933e-01
-5.686588953966318361e-01
-5.686017034837412831e-01
-5.685445592109255042e-01
-5.684874625385007985e-01
-5.684304134268166608e-01
-5.683734118362557819e-01
-5.683164577272336038e-01
-5.682595510601987643e-01
-5.682026917956326528e-01
-5.681458798940496324e-01
-5.680891153159971507e-01
-5.680323980220551849e-01
-5.679757279728367969e-01
-5.679191051289878001e-01
-5.678625294511867594e-01
-5.678060009001451025e-01
-5.677495194366066755e-01
-5.676930850213484092e-01
-5.676366976151796528e-01
-5.675803571789426183e-01
-5.675240636735118249e-01
-5.674678170597946547e-01
-5.674116172987309081e-01
-5.673554643512929152e-01
-5.672993581784857575e-01
-5.672432987413467131e-01
-5.671872860009454786e-01
-5.671313199183846132e-01
-5.670754004547985394e-01
-5.670195275713543204e-01
-5.669637012292514378e-01
-5.669079213897215697e-01
-5.668521880140285907e-01
-5.667965010634689049e-01
-5.667408604993710020e-01
-5.666852662830955678e-01
-5.666297183760354850e-01
-5.665742167396159434e-01
-5.665187613352938856e-01
-5.664633521245588943e-01
-5.664079890689320829e-01
-5.663526721299670941e-01
-5.662974012692493231e-01
-5.662421764483962505e-01
-5.661869976290571094e-01
-5.661318647729135511e-01
-5.660767778416787577e-01
-5.660217367970977742e-01
-5.659667416009478424e-01
-5.659117922150378455e-01
-5.658568886012083077e-01
-5.658020307213319500e-01
-5.657472185373128015e-01
-5.656924520110869770e-01
-5.656377311046222323e-01
-5.655830557799177427e-01
-5.655284259990046580e-01
-5.654738417239455472e-01
-5.654193029168347318e-01
-5.653648095397979523e-01
-5.653103615549928129e-01
-5.652559589246078930e-01
-5.652016016108637464e-01
-5.651472895760123460e-01
-5.650930227823367513e-01
-5.650388011921518849e-01
-5.649846247678037559e-01
-5.649304934716699034e-01
-5.648764072661591751e-01
-5.648223661137116158e-01
-5.647683699767986898e-01
-5.647144188179230584e-01
-5.646605125996186914e-01
-5.646066512844505336e-01
-5.645528348350151715e-01
-5.644990632139399445e-01
-5.644453363838832782e-01
-5.643916543075351289e-01
-5.643380169476162056e-01
-5.642844242668783039e-01
-5.642308762281041945e-01
-5.641773727941078453e-01
-5.641239139277340886e-01
-5.640704995918587317e-01
-5.640171297493884461e-01
-5.639638043632607678e-01
-5.639105233964443187e-01
-5.638572868119382520e-01
-5.638040945727729181e-01
-5.637509466420090876e-01
-5.636978429827386172e-01
-5.636447835580837840e-01
-5.635917683311979509e-01
-5.635387972652649013e-01
-5.634858703234991717e-01
-5.634329874691459406e-01
-5.633801486654809176e-01
-5.633273538758106769e-01
-5.632746030634719903e-01
-5.632218961918324940e-01
-5.631692332242900223e-01
-5.631166141242731626e-01
-5.630640388552409226e-01
-5.630115073806826187e-01
-5.629590196641180988e-01
-5.629065756690976308e-01
-5.628541753592015695e-01
-5.628018186980409121e-01
-5.627495056492569647e-01
-5.626972361765210096e-01
-5.626450102435350820e-01
-5.625928278140308603e-01
-5.625406888517707760e-01
-5.624885933205470145e-01
-5.624365411841824036e-01
-5.623845324065293028e-01
-5.623325669514708247e-01
-5.622806447829195031e-01
-5.622287658648186248e-01
-5.621769301611407865e-01
-5.621251376358893381e-01
-5.620733882530970504e-01
-5.620216819768267813e-01
-5.619700187711715866e-01
-5.619183986002540543e-01
-5.618668214282269702e-01
-5.618152872192728742e-01
-5.617637959376039491e-01
-5.617123475474625760e-01
-5.616609420131204455e-01
-5.616095792988795576e-01
-5.615582593690711111e-01
-5.615069821880563916e-01
-5.614557477202262170e-01
-5.614045559300011590e-01
-5.613534067818312101e-01
-5.613023002401962280e-01
-5.612512362696056023e-01
-5.612002148345981434e-01
-5.611492358997423047e-01
-5.610982994296361825e-01
-5.610474053889069612e-01
-5.609965537422119120e-01
-5.609457444542370608e-01
-5.608949774896982987e-01
-5.608442528133408267e-01
-5.607935703899391555e-01
-5.607429301842971059e-01
-5.606923321612479194e-01
-5.606417762856540365e-01
-5.605912625224073187e-01
-5.605407908364286040e-01
-5.604903611926681517e-01
-5.604399735561054197e-01
-5.603896278917490648e-01
-5.603393241646366096e-01
-5.602890623398351089e-01
-5.602388423824404828e-01
-5.601886642575775177e-01
-5.601385279304006426e-01
-5.600884333660928194e-01
-5.600383805298659867e-01
-5.599883693869615042e-01
-5.599383999026492642e-01
-5.598884720422282468e-01
-5.598385857710262981e-01
-5.597887410544002407e-01
-5.597389378577356522e-01
-5.596891761464469761e-01
-5.596394558859775215e-01
-5.595897770417991302e-01
-5.595401395794128430e-01
-5.594905434643481223e-01
-5.594409886621631856e-01
-5.593914751384448936e-01
-5.593420028588090842e-01
-5.592925717888997950e-01
-5.592431818943899291e-01
-5.591938331409810337e-01
-5.591445254944030774e-01
-5.590952589204146728e-01
-5.590460333848028540e-01
-5.589968488533832991e-01
-5.589477052919999966e-01
-5.588986026665254681e-01
-5.588495409428607674e-01
-5.588005200869352596e-01
-5.587515400647065089e-01
-5.587026008421608347e-01
-5.586537023853125339e-01
-5.586048446602043249e-01
-5.585560276329072371e-01
-5.585072512695206104e-01
-5.584585155361718734e-01
-5.584098203990168763e-01
-5.583611658242395581e-01
-5.583125517780518354e-01
-5.582639782266941575e-01
-5.582154451364348402e-01
-5.581669524735702881e-01
-5.581185002044251053e-01
-5.580700882953517628e-01
-5.580217167127310418e-01
-5.579733854229714796e-01
-5.579250943925095907e-01
-5.578768435878100895e-01
-5.578286329753654460e-01
-5.577804625216959966e-01
-5.577323321933500555e-01
-5.576842419569036924e-01
-5.576361917789611766e-01
-5.575881816261540891e-01
-5.575402114651420993e-01
-5.574922812626126323e-01
-5.574443909852807577e-01
-5.573965405998893008e-01
-5.573487300732090644e-01
-5.573009593720380517e-01
-5.572532284632022437e-01
-5.572055373135551548e-01
-5.571578858899779441e-01
-5.571102741593793040e-01
-5.570627020886956826e-01
-5.570151696448907286e-01
-5.569676767949558460e-01
-5.569202235059099726e-01
-5.568728097447993575e-01
-5.568254354786977833e-01
-5.567781006747065664e-01
-5.567308052999541124e-01
-5.566835493215964714e-01
-5.566363327068171163e-01
-5.565891554228266092e-01
-5.565420174368629347e-01
-5.564949187161913891e-01
-5.564478592281046909e-01
-5.564008389399224264e-01
-5.563538578189917150e-01
-5.563069158326866548e-01
-5.562600129484088773e-01
-5.562131491335866595e-01
-5.561663243556759229e-01
-5.561195385821593451e-01
-5.560727917805468046e-01
-5.560260839183752690e-01
-5.559794149632086846e-01
-5.559327848826380869e-01
-5.558861936442814899e-01
-5.558396412157837752e-01
-5.557931275648169134e-01
-5.557466526590798539e-01
-5.557002164662981913e-01
-5.556538189542247208e-01
-5.556074600906388827e-01
-5.555611398433468739e-01
-5.555148581801820917e-01
-5.554686150690043567e-01
-5.554224104777004678e-01
-5.553762443741838695e-01
-5.553301167263946514e-01
-5.552840275022998817e-01
-5.552379766698931629e-01
-5.551919641971946318e-01
-5.551459900522511814e-01
-5.551000542031364615e-01
-5.550541566179504338e-01
-5.550082972648199275e-01
-5.549624761118979732e-01
-5.549166931273643577e-01
-5.548709482794255132e-01
-5.548252415363139622e-01
-5.547795728662890946e-01
-5.547339422376365015e-01
-5.546883496186680862e-01
-5.546427949777226196e-01
-5.545972782831646297e-01
-5.545517995033854008e-01
-5.545063586068025296e-01
-5.544609555618597030e-01
-5.544155903370271421e-01
-5.543702629008011584e-01
-5.543249732217043757e-01
-5.542797212682856189e-01
-5.542345070091200254e-01
-5.541893304128086006e-01
-5.541441914479787734e-01
-5.540990900832840627e-01
-5.540540262874041888e-01
-5.540090000290447403e-01
-5.539640112769373959e-01
-5.539190599998400355e-01
-5.538741461665366295e-01
-5.538292697458367941e-01
-5.537844307065764582e-01
-5.537396290176174185e-01
-5.536948646478473401e-01
-5.536501375661798674e-01
-5.536054477415545128e-01
-5.535607951429366569e-01
-5.535161797393176597e-01
-5.534716014997145273e-01
-5.534270603931700228e-01
-5.533825563887531107e-01
-5.533380894555579577e-01
-5.532936595627048204e-01
-5.532492666793397129e-01
-5.532049107746340733e-01
-5.531605918177853187e-01
-5.531163097780162907e-01
-5.530720646245756988e-01
-5.530278563267376768e-01
-5.529836848538020044e-01
-5.529395501750941078e-01
-5.528954522599648369e-01
-5.528513910777905771e-01
-5.528073665979733597e-01
-5.527633787899406403e-01
-5.527194276231452985e-01
-5.526755130670657490e-01
-5.526316350912057196e-01
-5.525877936650943623e-01
-5.525439887582863641e-01
-5.525002203403615031e-01
-5.524564883809250926e-01
-5.524127928496076478e-01
-5.523691337160652193e-01
-5.523255109499788373e-01
-5.522819245210549566e-01
-5.522383743990251226e-01
-5.521948605536464161e-01
-5.521513829547005647e-01
-5.521079415719951644e-01
-5.520645363753622359e-01
-5.520211673346595571e-01
-5.519778344197695530e-01
-5.519345376005999615e-01
-5.518912768470836117e-01
-5.518480521291783125e-01
-5.518048634168668531e-01
-5.517617106801570026e-01
-5.517185938890816210e-01
-5.516755130136985485e-01
-5.516324680240904943e-01
-5.515894588903651474e-01
-5.515464855826549551e-01
-5.515035480711173443e-01
-5.514606463259346114e-01
-5.514177803173139214e-01
-5.513749500154871974e-01
-5.513321553907111205e-01
-5.512893964132673519e-01
-5.512466730534619774e-01
-5.512039852816259522e-01
-5.511613330681152112e-01
-5.511187163833101144e-01
-5.510761351976155575e-01
-5.510335894814614166e-01
-5.509910792053019923e-01
-5.509486043396163435e-01
-5.509061648549079537e-01
-5.508637607217049537e-01
-5.508213919105600098e-01
-5.507790583920504357e-01
-5.507367601367779697e-01
-5.506944971153686641e-01
-5.506522692984733292e-01
-5.506100766567669780e-01
-5.505679191609492706e-01
-5.505257967817441811e-01
-5.504837094898998862e-01
-5.504416572561893206e-01
-5.503996400514092890e-01
-5.503576578463814650e-01
-5.503157106119512809e-01
-5.502737983189889270e-01
-5.502319209383884635e-01
-5.501900784410684864e-01
-5.501482707979715725e-01
-5.501064979800648347e-01
-5.500647599583392555e-01
-5.500230567038100205e-01
-5.499813881875167398e-01
-5.499397543805226718e-01
-5.498981552539157214e-01
-5.498565907788074414e-01
-5.498150609263336985e-01
-5.497735656676541183e-01
-5.497321049739528620e-01
-5.496906788164375168e-01
-5.496492871663400948e-01
-5.496079299949161445e-01
-5.495666072734457508e-01
-5.495253189732323129e-01
-5.494840650656035441e-01
-5.494428455219108054e-01
-5.494016603135294385e-01
-5.493605094118586551e-01
-5.493193927883213146e-01
-5.492783104143642570e-01
-5.492372622614581923e-01
-5.491962483010972562e-01
-5.491552685047996762e-01
-5.491143228441071056e-01
-5.490734112905852893e-01
-5.490325338158231760e-01
-5.489916903914338064e-01
-5.489508809890535357e-01
-5.489101055803426998e-01
-5.488693641369848386e-01
-5.488286566306874725e-01
-5.487879830331812148e-01
-5.487473433162208813e-01
-5.487067374515841589e-01
-5.486661654110726039e-01
-5.486256271665113093e-01
-5.485851226897484612e-01
-5.485446519526562259e-01
-5.485042149271297518e-01
-5.484638115850878348e-01
-5.484234418984725856e-01
-5.483831058392494295e-01
-5.483428033794073286e-01
-5.483025344909583376e-01
-5.482622991459380479e-01
-5.482220973164052547e-01
-5.481819289744419565e-01
-5.481417940921534671e-01
-5.481016926416684143e-01
-5.480616245951385190e-01
-5.480215899247387057e-01
-5.479815886026672134e-01
-5.479416206011452628e-01
-5.479016858924172784e-01
-5.478617844487508881e-01
-5.478219162424368127e-01
-5.477820812457886435e-01
-5.477422794311432863e-01
-5.477025107708605178e-01
-5.476627752373233182e-01
-5.476230728029374273e-01
-5.475834034401317885e-01
-5.475437671213583268e-01
-5.475041638190916160e-01
-5.474645935058295443e-01
-5.474250561540926485e-01
-5.473855517364243362e-01
-5.473460802253911073e-01
-5.473066415935822215e-01
-5.472672358136096982e-01
-5.472278628581083160e-01
-5.471885226997358354e-01
-5.471492153111726653e-01
-5.471099406651220853e-01
-5.470706987343099126e-01
-5.470314894914849457e-01
-5.469923129094184100e-01
-5.469531689609042902e-01
-5.469140576187595526e-01
-5.468749788558232572e-01
-5.468359326449575564e-01
-5.467969189590470291e-01
-5.467579377709986810e-01
-5.467189890537422770e-01
-5.466800727802302307e-01
-5.466411889234372712e-01
-5.466023374563606652e-01
-5.465635183520203277e-01
-5.465247315834584896e-01
-5.464859771237399189e-01
-5.464472549459518103e-01
-5.464085650232035629e-01
-5.463699073286274466e-01
-5.463312818353778244e-01
-5.462926885166311530e-01
-5.462541273455867596e-01
-5.462155982954660649e-01
-5.461771013395126939e-01
-5.461386364509925873e-01
-5.461002036031941120e-01
-5.460618027694278398e-01
-5.460234339230263245e-01
-5.459850970373447687e-01
-5.459467920857601353e-01
-5.459085190416719247e-01
-5.458702778785016196e-01
-5.458320685696926855e-01
-5.457938910887110140e-01
-5.457557454090444793e-01
-5.457176315042029380e-01
-5.456795493477184511e-01
-5.456414989131451732e-01
-5.456034801740589080e-01
-5.455654931040581079e-01
-5.455275376767625417e-01
-5.454896138658145155e-01
-5.454517216448778738e-01
-5.454138609876386656e-01
-5.453760318678047003e-01
-5.453382342591058807e-01
-5.453004681352937588e-01
-5.452627334701418693e-01
-5.452250302374456181e-01
-5.451873584110221715e-01
-5.451497179647105673e-01
-5.451121088723716035e-01
-5.450745311078877275e-01
-5.450369846451634803e-01
-5.449994694581248300e-01
-5.449619855207195052e-01
-5.449245328069169947e-01
-5.448871112907086589e-01
-5.448497209461070634e-01
-5.448123617471468672e-01
-5.447750336678841565e-01
-5.447377366823965561e-01
-5.447004707647835620e-01
-5.446632358891658754e-01
-5.446260320296859581e-01
-5.445888591605079210e-01
-5.445517172558171914e-01
-5.445146062898208461e-01
-5.444775262367472779e-01
-5.444404770708464181e-01
-5.444034587663898472e-01
-5.443664712976703512e-01
-5.443295146390021433e-01
-5.442925887647207528e-01
-5.442556936491834696e-01
-5.442188292667684557e-01
-5.441819955918756335e-01
-5.441451925989259086e-01
-5.441084202623617250e-01
-5.440716785566467317e-01
-5.440349674562658944e-01
-5.439982869357252726e-01
-5.439616369695523534e-01
-5.439250175322957181e-01
-5.438884285985253753e-01
-5.438518701428320945e-01
-5.438153421398281839e-01
-5.437788445641469348e-01
-5.437423773904429547e-01
-5.437059405933916123e-01
-5.436695341476897037e-01
-5.436331580280548970e-01
-5.435968122092260657e-01
-5.435604966659629556e-01
-5.435242113730466285e-01
-5.434879563052786855e-01
-5.434517314374822661e-01
-5.434155367445010487e-01
-5.433793722011998062e-01
-5.433432377824644055e-01
-5.433071334632013638e-01
-5.432710592183384035e-01
-5.432350150228237862e-01
-5.431990008516269786e-01
-5.431630166797379866e-01
-5.431270624821677995e-01
-5.430911382339483895e-01
-5.430552439101322681e-01
-5.430193794857928191e-01
-5.429835449360240762e-01
-5.429477402359411675e-01
-5.429119653606795382e-01
-5.428762202853956165e-01
-5.428405049852663700e-01
-5.428048194354895273e-01
-5.427691636112834672e-01
-5.427335374878871077e-01
-5.426979410405602389e-01
-5.426623742445830789e-01
-5.426268370752562742e-01
-5.425913295079015652e-01
-5.425558515178605656e-01
-5.425204030804959832e-01
-5.424849841711908427e-01
-5.424495947653485972e-01
-5.424142348383933498e-01
-5.423789043657695208e-01
-5.423436033229420694e-01
-5.423083316853964941e-01
-5.422730894286384995e-01
-5.422378765281942181e-01
-5.422026929596104328e-01
-5.421675386984539102e-01
-5.421324137203121785e-01
-5.420973180007926384e-01
-5.420622515155235632e-01
-5.420272142401529880e-01
-5.419922061503494870e-01
-5.419572272218020625e-01
-5.419222774302195900e-01
-5.418873567513314837e-01
-5.418524651608872533e-01
-5.418176026346566143e-01
-5.417827691484294883e-01
-5.417479646780158919e-01
-5.417131891992461590e-01
-5.416784426879706071e-01
-5.416437251200597602e-01
-5.416090364714041261e-01
-5.415743767179143076e-01
-5.415397458355211135e-01
-5.415051438001753370e-01
-5.414705705878477549e-01
-5.414360261745292391e-01
-5.414015105362305347e-01
-5.413670236489824816e-01
-5.413325654888357930e-01
-5.412981360318612767e-01
-5.412637352541496139e-01
-5.412293631318112475e-01
-5.411950196409767155e-01
-5.411607047577963181e-01
-5.411264184584404502e-01
-5.410921607190989358e-01
-5.410579315159818048e-01
-5.410237308253188493e-01
-5.409895586233595122e-01
-5.409554148863729983e-01
-5.409212995906484966e-01
-5.408872127124948470e-01
-5.408531542282404292e-01
-5.408191241142338290e-01
-5.407851223468427282e-01
-5.407511489024549034e-01
-5.407172037574776713e-01
-5.406832868883379994e-01
-5.406493982714826174e-01
-5.406155378833775726e-01
-5.405817057005087856e-01
-5.405479016993817165e-01
-5.405141258565214768e-01
-5.404803781484723846e-01
-5.404466585517986310e-01
-5.404129670430838361e-01
-5.403793035989310489e-01
-5.403456681959630803e-01
-5.403120608108217260e-01
-5.402784814201687658e-01
-5.402449300006850752e-01
-5.402114065290709588e-01
-5.401779109820463720e-01
-5.401444433363505881e-01
-5.401110035687419764e-01
-5.400775916559985568e-01
-5.400442075749175563e-01
-5.400108513023157419e-01
-5.399775228150288653e-01
-5.399442220899123290e-01
-5.399109491038404096e-01
-5.398777038337070344e-01
-5.398444862564251157e-01
-5.398112963489269944e-01
-5.397781340881638856e-01
-5.397449994511067661e-01
-5.397118924147452645e-01
-5.396788129560883274e-01
-5.396457610521643300e-01
-5.396127366800204106e-01
-5.395797398167229142e-01
-5.395467704393575037e-01
-5.395138285250287158e-01
-5.394809140508601830e-01
-5.394480269939947448e-01
-5.394151673315940032e-01
-5.393823350408387673e-01
-5.393495300989290531e-01
-5.393167524830833059e-01
-5.392840021705396225e-01
-5.392512791385545290e-01
-5.392185833644037585e-01
-5.391859148253819178e-01
-5.391532734988024878e-01
-5.391206593619978227e-01
-5.390880723923193729e-01
-5.390555125671371295e-01
-5.390229798638402903e-01
-5.389904742598364829e-01
-5.389579957325525417e-01
-5.389255442594338419e-01
-5.388931198179447435e-01
-5.388607223855681472e-01
-5.388283519398058274e-01
-5.387960084581784326e-01
-5.387636919182250406e-01
-5.387314022975038252e-01
-5.386991395735911681e-01
-5.386669037240826574e-01
-5.386346947265922003e-01
-5.386025125587523554e-01
-5.385703571982144444e-01
-5.385382286226483295e-01
-5.385061268097426357e-01
-5.384740517372043067e-01
-5.384420033827589380e-01
-5.384099817241507768e-01
-5.383779867391427221e-01
-5.383460184055157693e-01
-5.383140767010697880e-01
-5.382821616036231882e-01
-5.382502730910124766e-01
-5.382184111410929228e-01
-5.381865757317382259e-01
-5.381547668408404039e-01
-5.381229844463101264e-01
-5.380912285260759376e-01
-5.380594990580854775e-01
-5.380277960203041498e-01
-5.379961193907160100e-01
-5.379644691473234319e-01
-5.379328452681471084e-01
-5.379012477312258289e-01
-5.378696765146171455e-01
-5.378381315963963738e-01
-5.378066129546574814e-01
-5.377751205675123103e-01
-5.377436544130913543e-01
-5.377122144695430928e-01
-5.376808007150341018e-01
-5.376494131277493871e-01
-5.376180516858919400e-01
-5.375867163676829596e-01
-5.375554071513619636e-01
-5.375241240151862332e-01
-5.374928669374314794e-01
-5.374616358963913987e-01
-5.374304308703777844e-01
-5.373992518377204153e-01
-5.373680987767671668e-01
-5.373369716658841222e-01
-5.373058704834550170e-01
-5.372747952078820166e-01
-5.372437458175849390e-01
-5.372127222910016986e-01
-5.371817246065881957e-01
-5.371507527428183160e-01
-5.371198066781837088e-01
-5.370888863911942313e-01
-5.370579918603772818e-01
-5.370271230642783555e-01
-5.369962799814608223e-01
-5.369654625905059264e-01
-5.369346708700126758e-01
-5.369039047985978419e-01
-5.368731643548961818e-01
-5.368424495175601052e-01
-5.368117602652600073e-01
-5.367810965766837139e-01
-5.367504584305370363e-01
-5.367198458055435495e-01
-5.366892586804444809e-01
-5.366586970339987106e-01
-5.366281608449829932e-01
-5.365976500921915138e-01
-5.365671647544363321e-01
-5.365367048105469383e-01
-5.365062702393706973e-01
-5.364758610197725153e-01
-5.364454771306348402e-01
-5.364151185508577724e-01
-5.363847852593589538e-01
-5.363544772350734569e-01
-5.363241944569543396e-01
-5.362939369039716464e-01
-5.362637045551131854e-01
-5.362334973893844170e-01
-5.362033153858081214e-01
-5.361731585234243980e-01
-5.361430267812912209e-01
-5.361129201384835508e-01
-5.360828385740941116e-01
-5.360527820672329469e-01
-5.360227505970274198e-01
-5.359927441426224348e-01
-5.359627626831801050e-01
-5.359328061978798630e-01
-5.359028746659187936e-01
-5.358729680665109685e-01
-5.358430863788880005e-01
-5.358132295822986002e-01
-5.357833976560090194e-01
-5.357535905793026076e-01
-5.357238083314800337e-01
-5.356940508918589527e-01
-5.356643182397747838e-01
-5.356346103545797099e-01
-5.356049272156432339e-01
-5.355752688023520669e-01
-5.355456350941101284e-01
-5.355160260703384356e-01
-5.354864417104751029e-01
-5.354568819939755642e-01
-5.354273469003121289e-01
-5.353978364089744257e-01
-5.353683504994689590e-01
-5.353388891513193304e-01
-5.353094523440664609e-01
-5.352800400572680362e-01
-5.352506522704987280e-01
-5.352212889633506387e-01
-5.351919501154323022e-01
-5.351626357063696826e-01
-5.351333457158053974e-01
-5.351040801233993838e-01
-5.350748389088281209e-01
-5.350456220517852968e-01
-5.350164295319814745e-01
-5.349872613291439816e-01
-5.349581174230171321e-01
-5.349289977933622264e-01
-5.348999024199569963e-01
-5.348708312825967148e-01
-5.348417843610927536e-01
-5.348127616352738034e-01
-5.347837630849852086e-01
-5.347547886900890779e-01
-5.347258384304641732e-01
-5.346969122860062429e-01
-5.346680102366276888e-01
-5.346391322622576769e-01
-5.346102783428420269e-01
-5.345814484583433224e-01
-5.345526425887406896e-01
-5.345238607140301301e-01
-5.344951028142242988e-01
-5.344663688693522818e-01
-5.344376588594600408e-01
-5.344089727646100796e-01
-5.343803105648815555e-01
-5.343516722403699459e-01
-5.343230577711877149e-01
-5.342944671374636467e-01
-5.342659003193431788e-01
-5.342373572969881801e-01
-5.342088380505771728e-01
-5.341803425603049993e-01
-5.341518708063831555e-01
-5.341234227690396796e-01
-5.340949984285190411e-01
-5.340665977650819185e-01
-5.340382207590057551e-01
-5.340098673905842031e-01
-5.339815376401275682e-01
-5.339532314879622543e-01
-5.339249489144313188e-01
-5.338966898998940280e-01
-5.338684544247260799e-01
-5.338402424693194925e-01
-5.338120540140827153e-01
-5.337838890394404068e-01
-5.337557475258334350e-01
-5.337276294537190990e-01
-5.336995348035711295e-01
-5.336714635558791331e-01
-5.336434156911493698e-01
-5.336153911899039759e-01
-5.335873900326817409e-01
-5.335594122000372197e-01
-5.335314576725412872e-01
-5.335035264307813607e-01
-5.334756184553605118e-01
-5.334477337268982433e-01
-5.334198722260302672e-01
-5.333920339334081717e-01
-5.333642188296998654e-01
-5.333364268955893550e-01
-5.333086581117765235e-01
-5.332809124589776850e-01
-5.332531899179250301e-01
-5.332254904693666253e-01
-5.331978140940668576e-01
-5.331701607728058789e-01
-5.331425304863802728e-01
-5.331149232156020545e-01
-5.330873389412996710e-01
-5.330597776443173341e-01
-5.330322393055152430e-01
-5.330047239057694730e-01
-5.329772314259723087e-01
-5.329497618470315778e-01
-5.329223151498712063e-01
-5.328948913154309963e-01
-5.328674903246666261e-01
-5.328401121585496503e-01
-5.328127567980674995e-01
-5.327854242242232585e-01
-5.327581144180361106e-01
-5.327308273605407818e-01
-5.327035630327880966e-01
-5.326763214158443116e-01
-5.326491024907916705e-01
-5.326219062387282932e-01
-5.325947326407676208e-01
-5.325675816780394145e-01
-5.325404533316886457e-01
-5.325133475828761620e-01
-5.324862644127785760e-01
-5.324592038025881546e-01
-5.324321657335129299e-01
-5.324051501867761438e-01
-5.323781571436172477e-01
-5.323511865852910141e-01
-5.323242384930678694e-01
-5.322973128482337835e-01
-5.322704096320906020e-01
-5.322435288259553809e-01
-5.322166704111608304e-01
-5.321898343690554256e-01
-5.321630206810029629e-01
-5.321362293283827816e-01
-5.321094602925898753e-01
-5.320827135550345588e-01
-5.320559890971426897e-01
-5.320292869003556691e-01
-5.320026069461303297e-01
-5.319759492159388259e-01
-5.319493136912688547e-01
-5.319227003536236564e-01
-5.318961091845215705e-01
-5.318695401654965904e-01
-5.318429932780980307e-01
-5.318164685038905271e-01
-5.317899658244541472e-01
-5.317634852213841690e-01
-5.317370266762913023e-01
-5.317105901708015780e-01
-5.316841756865562374e-01
-5.316577832052120645e-01
-5.316314127084407204e-01
-5.316050641779295205e-01
-5.315787375953808791e-01
-5.315524329425123096e-01
-5.315261502010568684e-01
-5.314998893527624890e-01
-5.314736503793925371e-01
-5.314474332627254771e-01
-5.314212379845550949e-01
-5.313950645266900530e-01
-5.313689128709544462e-01
-5.313427829991873574e-01
-5.313166748932430794e-01
-5.312905885349910040e-01
-5.312645239063154001e-01
-5.312384809891160797e-01
-5.312124597653076208e-01
-5.311864602168197003e-01
-5.311604823255969832e-01
-5.311345260735994556e-01
-5.311085914428017585e-01
-5.310826784151938540e-01
-5.310567869727805812e-01
-5.310309170975817672e-01
-5.310050687716320050e-01
-5.309792419769814309e-01
-5.309534366956945028e-01
-5.309276529098510000e-01
-5.309018906015454675e-01
-5.308761497528873274e-01
-5.308504303460012119e-01
-5.308247323630262970e-01
-5.307990557861167469e-01
-5.307734005974416025e-01
-5.307477667791847820e-01
-5.307221543135449693e-01
-5.306965631827358365e-01
-5.306709933689857106e-01
-5.306454448545376845e-01
-5.306199176216499502e-01
-5.305944116525950216e-01
-5.305689269296605115e-01
-5.305434634351487988e-01
-5.305180211513768063e-01
-5.304926000606762226e-01
-5.304672001453936137e-01
-5.304418213878900890e-01
-5.304164637705415242e-01
-5.303911272757384499e-01
-5.303658118858861625e-01
-5.303405175834043916e-01
-5.303152443507277436e-01
-5.302899921703052577e-01
-5.302647610246008503e-01
-5.302395508960928705e-01
-5.302143617672742115e-01
-5.301891936206523104e-01
-5.301640464387495921e-01
-5.301389202041024706e-01
-5.301138148992622368e-01
-5.300887305067946143e-01
-5.300636670092800928e-01
-5.300386243893132621e-01
-5.300136026295033664e-01
-5.299886017124744164e-01
-5.299636216208644113e-01
-5.299386623373262273e-01
-5.299137238445270626e-01
-5.298888061251483261e-01
-5.298639091618861929e-01
-5.298390329374510488e-01
-5.298141774345678234e-01
-5.297893426359755464e-01
-5.297645285244281244e-01
-5.297397350826932305e-01
-5.297149622935534152e-01
-5.296902101398053286e-01
-5.296654786042598317e-01
-5.296407676697423295e-01
-5.296160773190925486e-01
-5.295914075351642047e-01
-5.295667583008256685e-01
-5.295421295989592991e-01
-5.295175214124620000e-01
-5.294929337242446632e-01
-5.294683665172323916e-01
-5.294438197743647212e-01
-5.294192934785953986e-01
-5.293947876128920482e-01
-5.293703021602369496e-01
-5.293458371036261489e-01
-5.293213924260700143e-01
-5.292969681105932356e-01
-5.292725641402342696e-01
-5.292481804980461169e-01
-5.292238171670955449e-01
-5.291994741304636429e-01
-5.291751513712454891e-01
-5.291508488725502612e-01
-5.291265666175013482e-01
-5.291023045892359056e-01
-5.290780627709054107e-01
-5.290538411456752188e-01
-5.290296396967247849e-01
-5.290054584072474420e-01
-5.289812972604508445e-01
-5.289571562395561921e-01
-5.289330353277990060e-01
-5.289089345084286853e-01
-5.288848537647083958e-01
-5.288607930799155143e-01
-5.288367524373412953e-01
-5.288127318202906491e-01
-5.287887312120828076e-01
-5.287647505960504368e-01
-5.287407899555406354e-01
-5.287168492739137138e-01
-5.286929285345445262e-01
-5.286690277208212496e-01
-5.286451468161461609e-01
-5.286212858039354145e-01
-5.285974446676185989e-01
-5.285736233906395132e-01
-5.285498219564556122e-01
-5.285260403485381175e-01
-5.285022785503720177e-01
-5.284785365454560679e-01
-5.284548143173026791e-01
-5.284311118494382509e-01
-5.284074291254026168e-01
-5.283837661287493770e-01
-5.283601228430461205e-01
-5.283364992518736480e-01
-5.283128953388267490e-01
-5.282893110875139797e-01
-5.282657464815572190e-01
-5.282422015045922237e-01
-5.282186761402682951e-01
-5.281951703722483904e-01
-5.281716841842090115e-01
-5.281482175598403161e-01
-5.281247704828461176e-01
-5.281013429369436629e-01
-5.280779349058637440e-01
-5.280545463733509193e-01
-5.280311773231630701e-01
-5.280078277390717334e-01
-5.279844976048618799e-01
-5.279611869043320249e-01
-5.279378956212942287e-01
-5.279146237395739849e-01
-5.278913712430102212e-01
-5.278681381154552987e-01
-5.278449243407753455e-01
-5.278217299028493681e-01
-5.277985547855703619e-01
-5.277753989728444228e-01
-5.277522624485910807e-01
-5.277291451967432989e-01
-5.277060472012474746e-01
-5.276829684460633274e-01
-5.276599089151640110e-01
-5.276368685925357793e-01
-5.276138474621785424e-01
-5.275908455081054216e-01
-5.275678627143427502e-01
-5.275448990649302949e-01
-5.275219545439210345e-01
-5.274990291353813809e-01
-5.274761228233908472e-01
-5.274532355920422688e-01
-5.274303674254416929e-01
-5.274075183077084894e-01
-5.273846882229752397e-01
-5.273618771553876261e-01
-5.273390850891047643e-01
-5.273163120082987598e-01
-5.272935578971549297e-01
-5.272708227398719139e-01
-5.272481065206612305e-01
-5.272254092237479428e-01
-5.272027308333698814e-01
-5.271800713337781996e-01
-5.271574307092371514e-01
-5.271348089440240914e-01
-5.271122060224294747e-01
-5.270896219287567463e-01
-5.270670566473225627e-01
-5.270445101624565698e-01
-5.270219824585015145e-01
-5.269994735198131330e-01
-5.269769833307602624e-01
-5.269545118757246183e-01
-5.269320591391011277e-01
-5.269096251052975965e-01
-5.268872097587348202e-01
-5.268648130838464727e-01
-5.268424350650794397e-01
-5.268200756868933743e-01
-5.267977349337610304e-01
-5.267754127901678185e-01
-5.267531092406123605e-01
-5.267308242696060461e-01
-5.267085578616732544e-01
-5.266863100013511323e-01
-5.266640806731899271e-01
-5.266418698617523209e-01
-5.266196775516143180e-01
-5.265975037273646908e-01
-5.265753483736047569e-01
-5.265532114749489345e-01
-5.265310930160242986e-01
-5.265089929814710246e-01
-5.264869113559416114e-01
-5.264648481241017697e-01
-5.264428032706296445e-01
-5.264207767802164817e-01
-5.263987686375660724e-01
-5.263767788273948645e-01
-5.263548073344322953e-01
-5.263328541434202368e-01
-5.263109192391135505e-01
-5.262890026062796434e-01
-5.262671042296985791e-01
-5.262452240941631887e-01
-5.262233621844789599e-01
-5.262015184854639260e-01
-5.261796929819488877e-01
-5.261578856587771913e-01
-5.261360965008050616e-01
-5.261143254929008251e-01
-5.260925726199460195e-01
-5.260708378668342844e-01
-5.260491212184722487e-01
-5.260274226597786429e-01
-5.260057421756851870e-01
-5.259840797511359245e-01
-5.259624353710875555e-01
-5.259408090205093256e-01
-5.259192006843826928e-01
-5.258976103477021047e-01
-5.258760379954742215e-01
-5.258544836127181377e-01
-5.258329471844656045e-01
-5.258114286957608075e-01
-5.257899281316603668e-01
-5.257684454772331151e-01
-5.257469807175608745e-01
-5.257255338377372356e-01
-5.257041048228687785e-01
-5.256826936580741849e-01
-5.256613003284844599e-01
-5.256399248192432649e-01
-5.256185671155063632e-01
-5.255972272024421743e-01
-5.255759050652312192e-01
-5.255546006890665645e-01
-5.255333140591532670e-01
-5.255120451607091514e-01
-5.254907939789641436e-01
-5.254695604991603819e-01
-5.254483447065524393e-01
-5.254271465864071011e-01
-5.254059661240034762e-01
-5.253848033046328858e-01
-5.253636581135989747e-01
-5.253425305362176001e-01
-5.253214205578167206e-01
-5.253003281637367294e-01
-5.252792533393300101e-01
-5.252581960699613806e-01
-5.252371563410077604e-01
-5.252161341378581705e-01
-5.251951294459137332e-01
-5.251741422505881163e-01
-5.251531725373066450e-01
-5.251322202915071902e-01
-5.251112854986393907e-01
-5.250903681441654314e-01
-5.250694682135591540e-01
-5.250485856923069461e-01
-5.250277205659068525e-01
-5.250068728198691304e-01
-5.249860424397164715e-01
-5.249652294109831141e-01
-5.249444337192157306e-01
-5.249236553499726510e-01
