-2.000000000000000000e+00
-1.340640092071278655e+00
-8.986579282344431263e-01
-6.023884238244042733e-01
-4.037930359893107668e-01
-2.706705664732254046e-01
-1.814359065788250236e-01
-1.216201252504359454e-01
-8.152440795673242258e-02
-5.464744489458511767e-02
-3.663127777746835734e-02
-2.455467980613687193e-02
-1.645949409804006031e-02
-1.103312884152154311e-02
-7.395727432965864059e-03
-4.957504353332716981e-03
-3.323114546347867831e-03
-2.227550295689606497e-03
-1.493171616753358405e-03
-1.000902866881221666e-03
-6.709252558050237064e-04
-4.497346483576963893e-04
-3.014661501909530073e-04
-2.020788036741868370e-04
-1.354574729817077964e-04
-9.079985952496970835e-05
-6.086496601680724906e-05
-4.079900682234384430e-05
-2.734839213136192713e-05
-1.833217547249523430e-05
-1.228842470665641961e-05
-8.237177415071416324e-06
-5.521545144074397294e-06
-3.701202395163816312e-06
-2.480990159913426808e-06
-1.663057438207135754e-06
-1.114780738538919112e-06
-7.472598759770520338e-07
-5.009032744655243944e-07
-3.357655059991326367e-07
-2.250703494385182329e-07
-1.508691669968851649e-07
-1.011306269667104051e-07
-6.778988652393848658e-08
-4.544091985547711173e-08
-3.045995948942525831e-08
-2.041792144719527559e-08
-1.368654204443597540e-08
-9.174363493295047690e-09
-6.149759759173212128e-09
-4.122307244877115740e-09
-2.763265182159081344e-09
-1.852272044113550827e-09
-1.241615081880724889e-09
-8.322794788448297677e-10
-5.578936185737849277e-10
-3.739672760853694401e-10
-2.506777617213669453e-10
-1.680343287771779624e-10
-1.126367790014854419e-10
-7.550269088558195452e-11
-5.061096723023801015e-11
-3.392554588368130679e-11
-2.274097347853347745e-11
-1.524373038902578062e-11
-1.021817805612665020e-11
-6.849449584983184468e-12
-4.591323361124709431e-12
-3.077656086793625519e-12
-2.063014569781364293e-12
-1.382880021388040604e-12
-9.269721995985985868e-13
-6.213680475086891028e-13
-4.165154582111003633e-13
-2.791986611226195741e-13
-1.871524593768034963e-13
-1.254520451851422110e-13
-8.409302070376944263e-14
-5.636923750942678579e-14
-3.778542988231276817e-14
-2.532833109818835107e-14
-1.697808806774355420e-14
-1.138075277516701338e-14
-7.628746724170139391e-15
-5.113701855339967406e-15
-3.427816863084026000e-15
-2.297734357464228284e-15
-1.540217400273093670e-15
-1.032438598655946999e-15
-6.920642889800262837e-16
-4.639045660487139268e-16
-3.109645300699175813e-16
-2.084457581119184079e-16
-1.397253701735140729e-16
-9.366071656705683931e-17
-6.278265584096059191e-17
-4.208447275355246132e-17
-2.821006571354693785e-17
-1.890977254777308328e-17
-1.267559960474673983e-17
-8.496708510583177742e-18
-5.695514039965531904e-18
-3.817817233466330800e-18
-2.559159423692793575e-18
-1.715455862702295981e-18
-1.149904452858711979e-18
-7.708040057768395263e-19
-5.166853766367870266e-19
-3.463445654531107141e-19
-2.321617050587229745e-19
-1.556226448226759322e-19
-1.043169784417242189e-19
-6.992576179135546994e-20
-4.687263986305828066e-20
-3.141967011081721478e-20
-2.106123471510762348e-20
-1.411776782379836647e-20
-9.463422777569001810e-21
-6.343521991914735364e-21
-4.252189953648381902e-21
-2.850328165481870309e-21
-1.910632107102489240e-21
-1.280735001990112891e-21
-8.585023454934622650e-22
-5.754713317528827455e-22
-3.857499695927835641e-22
-2.585759373756815172e-22
-1.733286342453756475e-22
-1.161856580866540424e-22
-7.788157567732708595e-23
-5.220558139335409490e-23
-3.499444772291048160e-23
-2.345747980861316095e-23
-1.572401894518956399e-23
-1.054012510320474815e-23
-7.065257144401614221e-24
-4.735983494288926473e-24
-3.174624673915785297e-24
-2.128014557565093729e-24
-1.426450816191546206e-24
-9.561785767770937643e-25
-6.409456676035144603e-25
-4.296387294143320372e-25
-2.879954528797069873e-25
-1.930491252323802488e-25
-1.294046985129091976e-25
-8.674256346440145235e-26
-5.814527913470702062e-26
-3.897594618633168982e-26
-2.612635804190449357e-26
-1.751302152539304007e-26
-1.173932939512462189e-26
-7.869107820567481168e-27
-5.274820716542173106e-27
-3.535818065542298795e-27
-2.370129728467961948e-27
-1.588745468697083801e-27
-1.064967935715944023e-27
-7.138693556955872986e-28
-4.785209393732989512e-28
-3.207621781097275853e-28
-2.150133179970032837e-28
-1.441277372180280308e-28
-9.661171144700052503e-29
-6.476076686473584623e-29
-4.341044022607278932e-29
-2.909888829076831626e-29
-1.950556813865390888e-29
-1.307497333265371389e-29
-8.764416726259267554e-30
-5.874964223421605614e-30
-3.938106288701682450e-30
-2.639791588735774984e-30
-1.769505219285847902e-30
-1.186134820052003737e-30
-7.950899471817293683e-31
-5.329647299973278097e-31
-3.572569423471839158e-31
-2.394764900407146835e-31
-1.605258918285465499e-31
-1.076037232004227649e-31
-7.212893268931316680e-32
-4.834946948080234238e-32
-3.240961860816998224e-32
-2.172481703742619800e-32
-1.456258035664328692e-32
-9.761589535062770194e-33
-6.543389146524346614e-33
-4.386164913927277545e-33
-2.940134267023663615e-33
-1.970830937222251494e-33
-1.321087484567274416e-33
-8.855514234722497268e-34
-5.936028709488410602e-34
-3.979039037813181300e-34
-2.667229631004522735e-34
-1.787897489042562609e-34
-1.198463527162024689e-34
-8.033541266992784765e-35
-5.385043751919857494e-35
-3.609702775690830597e-35
-2.419656130776038416e-35
-1.621944008972224958e-35
-1.087221582761484967e-35
-7.287864214076254708e-36
-4.885201475481055413e-36
-3.274648477937815587e-36
-2.195062518481831169e-36
-1.471394408439839228e-36
-9.863051676019836563e-37
-6.611401253521468674e-37
-4.431754792620569259e-37
-2.970694076608110179e-37
-1.991315790189738186e-37
-1.334818892151492143e-37
-8.947558612362241451e-38
-5.997727900945204079e-38
-4.020397242670862208e-38
-2.694952864788674256e-38
-1.806480928389037590e-38
-1.210920379080237151e-38
-8.117042042505538210e-39
-5.441015995605577992e-39
-3.647222092654960044e-39
-2.444806081050694382e-39
-1.638802524798102938e-39
-1.098522183865980211e-39
-7.363614408602210892e-40
-4.935978349362902611e-40
-3.308685234375888099e-40
-2.217878038624272924e-40
-1.486688108952047435e-40
-9.965568416333825246e-41
-6.680120279608164163e-41
-4.477818533350590806e-41
-3.001571525414789606e-41
-2.012013563095294625e-41
-1.348693024238380096e-41
-9.040559700954112618e-42
-6.060068394931558668e-42
-4.062185325469621861e-42
-2.722964254374079872e-42
-1.825257524345448899e-42
-1.223506707746131422e-42
-8.201410726613073165e-43
-5.497570015820429494e-43
-3.685131386088879533e-43
-2.470217440370498381e-43
-1.655836268347182120e-43
-1.109940243625973741e-43
-7.440151952041672240e-44
-4.987282999004697285e-44
-3.343075769485618255e-44
-2.240930703702217121e-44
-1.502140772468360421e-44
-1.006915071752996463e-44
-6.749553572514438062e-45
-4.524361061447930647e-45
-3.032769914991613133e-45
-2.032926469032697389e-45
-1.362711364309059670e-45
-9.134527444569326047e-46
-6.123056857157573038e-46
-4.104407754368677953e-46
-2.751266794857470578e-46
-1.844229284585175130e-46
-1.236223858943401557e-46
-8.286656340373036788e-47
-5.554711859560345288e-47
-3.723434709415233466e-47
-2.495892925825902597e-47
-1.673047060939635900e-47
-1.121476982908857430e-47
-7.517485028113708461e-48
-5.039120910117453365e-48
-3.377823760449064863e-48
-2.264222978604480339e-48
-1.517754051253120734e-48
-1.017380965506764067e-48
-6.819708556342830995e-49
-4.571387353437343146e-49
-3.064292581202841867e-49
-2.054056744098574419e-49
-1.376875411263963943e-49
-9.229471890638079824e-50
-6.186700022617122041e-50
-4.147069043969376157e-50
-2.779863512466550753e-50
-1.863398237649361522e-50
-1.249073192443859810e-50
-8.372787998608462861e-51
-5.612447636673840830e-51
-3.762136158187856573e-51
-2.521835282748812689e-51
-1.690436742826498150e-51
-1.133133635271787794e-51
-7.595621905599119006e-52
-5.091497625430554708e-52
-3.412932922668938471e-52
-2.287757353840011315e-52
-1.533529614744399947e-52
-1.027955641952476492e-52
-6.890592732361850800e-53
-4.618902437569610994e-53
-3.096142894585814897e-53
-2.075406647631669114e-53
-1.391186679583124365e-53
-9.325403191023360442e-54
-6.251004696307641158e-54
-4.190173755797971247e-54
-2.808757464883807548e-54
-1.882766433163848853e-54
-1.262056082152758264e-54
-8.459814910881906914e-55
-5.670783520515395786e-55
-3.801239870530003163e-55
-2.548047285006164813e-55
-1.708007173386332877e-55
-1.144911447093522244e-55
-7.674570939224667520e-56
-5.144418745284829623e-56
-3.448407010165913274e-56
-2.311536345804022985e-56
-1.549469149732441525e-56
-1.038640231779447052e-56
-6.962213679808620930e-57
-4.666911394359246196e-57
-3.128324260711121411e-57
-2.096978462454334036e-57
-1.405646699488125383e-57
-9.422331603107193002e-58
-6.315977753957835985e-58
-4.233726498793066244e-58
-2.837951741573338764e-58
-1.902335942058352377e-58
-1.275173916255798764e-58
-8.547746382480286385e-59
-5.729725748605121993e-59
-3.840750027576660840e-59
-2.574531735296555567e-59
-1.725760231324191708e-59
-1.156811677707701177e-59
-7.754340570555869510e-60
-5.197889928231154324e-60
-3.484249815980072920e-60
-2.335562497047417272e-60
-1.565574360539928432e-60
-1.049435877429335455e-60
-7.034579056698996266e-61
-4.715419357127788396e-61
-3.160840120547226057e-61
-2.118774495116500211e-61
-1.420257017105622718e-61
-9.520267490887023721e-62
-6.381626142762953894e-62
-4.277731929799078358e-62
-2.867449464111025777e-62
-1.922108856787761329e-62
-1.288428097367511401e-62
-8.636591815409965217e-63
-5.789280623296600584e-63
-3.880670853921389934e-63
-2.601291465449735139e-63
-1.743697814872421518e-63
-1.168835599537518583e-63
-7.834939328900790458e-64
-5.251916891635189524e-64
-3.520465172576231701e-64
-2.359838376548218101e-64
-1.581846969204460844e-64
-1.060343733218464728e-64
-7.107696600645989040e-65
-4.764431512552348968e-65
-3.193693950827813933e-65
-2.140797076142630935e-65
-1.435019194632882165e-65
-9.619221326083340203e-66
-6.447956882127151897e-66
-4.322194754063387993e-66
-2.897253786518752439e-66
-1.942087291556169229e-66
-1.301820042681153961e-66
-8.726360709401440987e-67
-5.849454512449701010e-67
-3.921006618068639285e-67
-2.628329336729802034e-67
-1.761821841993531934e-67
-1.180984498231692540e-67
-7.916375832220625190e-68
-5.306505412289522091e-68
-3.557056952254261165e-68
-2.384366579986453784e-68
-1.598288715662350233e-68
-1.071364965461053865e-68
-7.181574129688206251e-69
-4.813953101220927379e-69
-3.226889264423802430e-69
-2.163048560280461092e-69
-1.449934810504554866e-69
-9.719203689260837344e-70
-6.514977064415042262e-70
-4.367119725739800888e-70
-2.927367895601034937e-70
-1.962273382542582868e-70
-1.315351184120446315e-70
-8.817062662926452722e-71
-5.910253850111942327e-71
-3.961761632889329554e-71
-2.655648240140665024e-71
-1.780134250585545058e-71
-1.193259672802114007e-71
-7.998658788051804347e-72
-5.361661327030226089e-72
-3.594029067562489472e-72
-2.409149730021899925e-72
-1.614901357935018886e-72
-1.082500752594012170e-72
-7.256219543124283125e-73
-4.863989418191885059e-73
-3.260429610719228486e-73
-2.185531326753262339e-73
-1.465005459561570462e-73
-9.820225270957691561e-74
-6.582693855708857493e-74
-4.412511648397256705e-74
-2.957795011286426648e-74
-1.982669288129490703e-74
-1.329022968492400700e-74
-8.908707374222683506e-75
-5.971685137206954469e-75
-4.002940256082885784e-75
-2.683251096735378837e-75
-1.798636998688828483e-75
-1.205662435762527098e-75
-8.081796994437735376e-76
-5.417390533362163110e-76
-3.631385471716341001e-76
-2.434190476574035678e-76
-1.631686672316659424e-76
-1.093752285303035999e-76
-7.331640822359126087e-77
-4.914545813560514127e-77
-3.294318575990123442e-77
-2.208247779513811575e-77
-1.480232753221787987e-77
-9.922296872830844598e-78
-6.651114496575213020e-78
-4.458375375532579274e-78
-2.988538386971227407e-78
-2.003277189133816861e-78
-1.342836857642318713e-78
-9.001304642331470987e-79
-6.033754942228411643e-79
-4.044546890642406764e-79
-2.711140857928704351e-79
-1.817332064695861498e-79
-1.218194113268966410e-79
-8.165799340867937551e-80
-5.473698990088512879e-80
-3.669130159021343799e-80
-2.459491497105925403e-80
-1.648646453564297996e-80
-1.105120766649707471e-80
-7.407846031755897760e-81
-4.965627693031512896e-81
-3.328559783788709998e-81
-2.231200347501613044e-81
-1.495618319652007162e-81
-1.002542940880901741e-81
-6.720246302839874177e-82
-4.504715811090434260e-82
-3.019601309867594753e-82
-2.024099289039711298e-82
-1.356794328609834901e-82
-9.094864368146336364e-83
-6.096469901943713413e-83
-4.086585985325775960e-83
-2.739320505812156988e-83
-1.836221447562417774e-83
-1.230856045261661113e-83
-8.250674809230369348e-84
-5.530592717948358971e-84
-3.707267165299494308e-84
-2.485055496910027729e-84
-1.665782515089838611e-84
-1.116607412200377254e-84
-7.484843319498887924e-85
-5.017240518496012895e-85
-3.363156895330198687e-85
-2.254391484902803813e-85
-1.511163803942392179e-85
-1.012963390626050245e-85
-6.790096666368674713e-86
-4.551537909986794645e-86
-3.050987101355288301e-86
-2.045137814234606689e-86
-1.370896873786960659e-86
-9.189396555469842286e-87
-6.159836722102430141e-87
-4.129062035131698675e-87
-2.767793053473475122e-87
-1.855307167021451846e-87
-1.243649585608064067e-87
-8.336432474770201829e-88
-5.588077800260928680e-88
-3.745800568321618650e-88
-2.510885209397656848e-88
-1.683096689153633728e-88
-1.128213450155921478e-88
-7.562640918465404294e-89
-5.069389808616710226e-89
-3.398113609884534821e-89
-2.277823671412120767e-89
-1.526870868282076487e-89
-1.023492150717312197e-89
-6.860673055859403280e-90
-4.598846678639118741e-90
-3.082699117336203591e-90
-2.066395014246875473e-90
-1.385146001077773228e-90
-9.284911312085293682e-91
-6.223862178153806675e-91
-4.171979581779510632e-91
-2.796561545318252387e-91
-1.874591263799218860e-91
-1.256576102247892484e-91
-8.423081507060866248e-92
-5.646160383574950520e-92
-3.784734488242649328e-92
-2.536983396391470303e-92
-1.700590827060773263e-92
-1.139940121483156849e-92
-7.641247147104576133e-93
-5.122081139416953275e-93
-3.433433665172232736e-93
-2.301499412498551530e-93
-1.542741192137017256e-93
-1.034130346934356575e-93
-6.931983017639053268e-94
-4.646647175502053561e-94
-3.114740748593892266e-94
-2.087873161986527320e-94
-1.399543234059376932e-94
-9.381418850835703410e-95
-6.288553115971767600e-95
-4.215343214195734313e-95
-2.825629057395688329e-95
-1.894075799833107129e-95
-1.269636977339147458e-95
-8.510631170985224922e-96
-5.704846678327129933e-96
-3.824073088042483832e-96
-2.563352848420272657e-96
-1.718266799358703324e-96
-1.151788680047630166e-96
-7.720670410328512304e-97
-5.175320144877377592e-97
-3.469120837763355352e-97
-2.325421239672780757e-97
-1.558776472429702896e-97
-1.044879116758344008e-97
-7.004034176471273151e-98
-4.694944511607388155e-98
-3.147115421155507957e-98
-2.109574553988418420e-98
-1.414090112145121791e-98
-9.478929490716550096e-99
-6.353916452585660520e-99
-4.259157569003923083e-99
-2.854998697727735020e-99
-1.913762858492534722e-99
-1.282833607406005312e-99
-8.599090827724537558e-100
-5.764142959505086755e-100
-3.863820573971434109e-100
-2.589996385017967075e-100
-1.736126496037373350e-100
-1.163760392747458689e-100
-7.800919200409478803e-101
-5.229112517538754128e-101
-3.505178943482095349e-101
-2.349591710758058476e-101
-1.574978423720289335e-101
-1.055739609493346937e-101
-7.076834236372241604e-102
-4.743743851111602271e-102
-3.179826596658392191e-102
-2.131501510657391536e-102
-1.428788190748929918e-102
-9.577453657979949797e-103
-6.419959176921285943e-103
-4.303427331020776820e-103
-2.884673606640859334e-103
-1.933654544801338397e-103
-1.296167403488248878e-103
-8.688469935761331511e-104
-5.824055567318770048e-104
-3.903981195999217586e-104
-2.616916855024525030e-104
-1.754171826731469944e-104
-1.175856539649053889e-104
-7.882002097888567821e-105
-5.283464009109640316e-105
-3.541611837814098450e-105
-2.374013410163897718e-105
-1.591348778390280022e-105
-1.066712986389324743e-105
-7.150390981433024238e-106
-4.793050411847114142e-106
-3.212877772720478883e-106
-2.153656376516861437e-106
-1.443639041451722451e-106
-9.677001887247592955e-107
-6.486688350546923160e-107
-4.348157233757433437e-107
-2.914656957102464315e-107
-1.953752985663009157e-107
-1.309639791291888601e-107
-8.778778051889037547e-108
-5.884590907878885952e-108
-3.944559248270257021e-108
-2.644117136890810336e-108
-1.772404720924260913e-108
-1.188078414123761943e-108
-7.963927772493848411e-109
-5.338380431082552784e-109
-3.578423416318992235e-109
-2.398688949161942943e-109
-1.607889286827449543e-109
-1.077800420766381136e-109
-7.224712276653478778e-110
-4.842869465880580282e-110
-3.246272483313644424e-110
-2.176041520459080471e-110
-1.458644252169585128e-110
-9.777584822639314526e-111
-6.554111108428916121e-111
-4.393352059924741156e-111
-2.944951955059590198e-111
-1.974060330088279096e-111
-1.323252211341897055e-111
-8.870024832234820422e-112
-5.945755453880706408e-112
-3.985559069562058884e-112
-2.671600138986507913e-112
-1.790827128154297240e-112
-1.200427322986287562e-112
-8.046704984065800687e-113
-5.393867655354318247e-113
-3.615617615047129110e-113
-2.423620966165714860e-113
-1.624601717613179484e-113
-1.089003098140008106e-113
-7.299806068781806707e-114
-4.893206340076892680e-114
-3.280014299142299325e-114
-2.198659335998671352e-114
-1.473805427323267163e-114
-9.879213218909300143e-115
-6.622234659694952525e-115
-4.439016641945627595e-115
-2.975561839782029916e-115
-1.994578749424513672e-115
-1.337006119135978272e-115
-8.962220033291298940e-116
-6.007555745297488452e-116
-4.026985043749573630e-116
-2.699368799910953106e-116
-1.809441018223519543e-116
-1.212904586634322344e-116
-8.130342583495754535e-117
-5.449931614854516647e-117
-3.653198410960241355e-117
-2.448812127012249025e-117
-1.641487857711426457e-117
-1.100322216348091419e-117
-7.375680387165060038e-118
-4.944066416668476431e-118
-3.314106828024546895e-118
-2.221512241528365120e-118
-1.489124188010063797e-118
-9.981897942597126385e-119
-6.691066288404530714e-119
-4.485155862470940970e-119
-3.006489884208436415e-119
-2.015310437588328533e-119
-1.350902985300343421e-119
-9.055373512961779391e-120
-6.069998390078586609e-120
-4.068841600273595751e-120
-2.727426088807183318e-120
-1.828248381408076203e-120
-1.225511539190002925e-120
-8.214849513670686909e-121
-5.506578304179395421e-121
-3.691169822356468969e-121
-2.474265125247407006e-121
-1.658549512660162213e-121
-1.111758985678772258e-121
-7.452343344607048904e-122
-4.995455133830501034e-122
-3.348553715278308203e-122
-2.244602680578089971e-122
-1.504602172176858836e-122
-1.008564997318880552e-122
-6.760613354327418414e-123
-4.531774654902015382e-123
-3.037739395296958896e-123
-2.036257611299778922e-123
-1.364944295746842154e-123
-9.149495231611273282e-124
-6.133090064856670618e-124
-4.111133214615304864e-124
-2.755775005679639601e-124
-1.847251228670977325e-124
-1.238249528642148991e-124
-8.300234810430327403e-125
-5.563813780234083289e-125
-3.729535909300319943e-125
-2.499982682413674898e-125
-1.675788506763873866e-125
-1.123314628999980641e-125
-7.529803138237483990e-126
-5.047377986262766536e-126
-3.383358644110814788e-126
-2.267933122075490971e-126
-1.520241034795428913e-126
-1.019048040429305009e-126
-6.830883293731153339e-127
-4.578878003917789843e-127
-3.069313714377819056e-127
-2.057422510319605412e-127
-1.379131551832151511e-127
-9.244595253133515227e-128
-6.196837515661098933e-128
-4.153864408773418704e-128
-2.784418581714865074e-128
-1.866451591877534082e-128
-1.251119916990669292e-128
-8.386507603532620444e-129
-5.621644162878353581e-129
-3.768300774056686350e-129
-2.525967548341727228e-129
-1.693206683288996111e-129
-1.134990381890093248e-129
-7.608068050385923812e-130
-5.099840525777084933e-130
-3.418525336013198052e-130
-2.291506060610418362e-130
-1.536042448039269737e-130
-1.029640044482402697e-130
-6.901883620175976463e-131
-4.626470946008826887e-131
-3.101216217511255356e-131
-2.078807397688545028e-131
-1.393466270517844734e-131
-9.340683746026535283e-132
-6.261247558640641689e-132
-4.197039751748624154e-132
-2.813359879605449785e-132
-1.885851524011988867e-132
-1.264124080392125559e-132
-8.473677117631809060e-133
-5.680075635582226548e-133
-3.807468561529261382e-133
-2.552222501443601996e-133
-1.710805904660908730e-133
-1.146787492770304767e-133
-7.687146449469034664e-134
-5.152848361890609419e-134
-3.454057551157260227e-134
-2.315324016701534943e-134
-1.552008101462741125e-134
-1.040342142020213430e-134
-6.973621925317813258e-135
-4.674558570014286212e-135
-3.133450315848340178e-135
-2.100414559969776185e-135
-1.407949984532899366e-135
-9.437770984479385494e-136
-6.326327080790186284e-136
-4.240663860031886063e-136
-2.842601993878148509e-136
-1.905453099397443816e-136
-1.277263409306802567e-136
-8.561752673261930225e-137
-5.739114446086825844e-137
-3.847043459704592312e-137
-2.578750349010345866e-137
-1.728588052662976980e-137
-1.158707223037729148e-137
-7.767046790884960642e-138
-5.206407162426794017e-138
-3.489959088798289921e-138
-2.339389537065687646e-138
-1.568139702181200307e-138
-1.051155477356439829e-138
-7.046105879721591963e-139
-4.723146017667073061e-139
-3.166019455995530785e-139
-2.122246307492702358e-139
-1.422584242537506126e-139
-9.535867349472835225e-140
-6.392083040688526376e-140
-4.284741398097815799e-140
-2.872148051223802911e-140
-1.925258413917555168e-140
-1.290539308647673416e-140
-8.650743687835302174e-141
-5.798766907072078321e-141
-3.887029700098585595e-141
-2.605553927512040223e-141
-1.746555028638152016e-141
-1.170750847200529952e-141
-7.847777617916961882e-142
-5.260522654119677234e-142
-3.526233787681106192e-142
-2.363705194890744914e-142
-1.584438975053879902e-142
-1.062081206698741668e-142
-7.119343233679040929e-143
-4.772238484143360285e-143
-3.198927120383917884e-143
-2.144304974600451543e-143
-1.437370609288575948e-143
-9.634983329886151428e-144
-6.458522469242048348e-144
-4.329277078904393417e-144
-2.902001210832297197e-144
-1.945269585240519992e-144
-1.303953197930184030e-144
-8.740659676648998641e-145
-5.859039396833013376e-145
-3.927431558209818986e-145
-2.632636102900938757e-145
-1.764708753691683426e-145
-1.182919653014131776e-145
-7.929347562648682102e-146
-5.315200623227369679e-146
-3.562885526450307767e-146
-2.388273590109937640e-146
-1.600907662868231155e-146
-1.073120498272603893e-146
-7.193341818038963906e-147
-4.821841218617802947e-147
-3.232176827640502182e-147
-2.166592919899357336e-147
-1.452310665807377849e-147
-9.735129523620736798e-148
-6.525652470436141220e-148
-4.374275664395436437e-148
-2.932164664730192388e-148
-1.965488753045950547e-148
-1.317506511424322699e-148
-8.831510253901764696e-149
-5.919938359959786042e-149
-3.968253353976481370e-149
-2.659999770918504011e-149
-1.783051168896922067e-149
-1.195214941618844609e-149
-8.011765346884460289e-150
-5.370446916150453755e-150
-3.599918224065806470e-150
-2.413097349680383070e-150
-1.617547526526178282e-150
-1.084274532445887043e-150
-7.268109545044147248e-151
-4.871959524825896047e-151
-3.265772132965140520e-151
-2.189112526511026294e-151
-1.467406009548099222e-151
-9.836316638732779902e-152
-6.593480222096256712e-152
-4.419741966010740548e-152
-2.962641638121865567e-152
-1.985918079252995916e-152
-1.331200698307906729e-152
-8.923305133724008651e-153
-5.981470308028070286e-153
-4.009499452238048674e-153
-2.687647857404140425e-153
-1.801584235502771675e-153
-1.207638027679258743e-153
-8.095039783083677589e-154
-5.426267440056797690e-154
-3.637335840220645953e-154
-2.438179127863839397e-154
-1.634360345232768047e-154
-1.095544501855277319e-154
-7.343654409176960211e-155
-4.922598761629437048e-155
-3.299716628510500182e-155
-2.211866202327647486e-155
-1.482658254568977094e-155
-9.938555494577634868e-156
-6.662012976653187146e-156
-4.465680845200292739e-156
-2.993435389735030983e-156
-2.006559748251943186e-156
-1.345037222821457615e-156
-9.016054131213483583e-157
-6.043641820294975758e-157
-4.051174263202904716e-157
-2.715583318608629998e-157
-1.820309935143289063e-157
-1.220190239524408749e-157
-8.179179775302579821e-158
-5.482668163514408538e-158
-3.675142375765196284e-158
-2.463521606510370952e-158
-1.651347916685861490e-158
-1.106931611533748881e-158
-7.419984488015815921e-159
-4.973764343590604690e-159
-3.334013943765961717e-159
-2.234856380268713665e-159
-1.498069031704800409e-159
-1.004185702296893099e-159
-6.731258061919994384e-160
-4.512097213943825541e-160
-3.024549212168173618e-160
-2.027415967137672811e-160
-1.359017564425068627e-160
-9.109767163486750920e-161
-6.106459544402186023e-161
-4.093282242918535136e-161
-2.743809141510080101e-161
-1.839230270049982069e-161
-1.232872919290073275e-161
-8.264194320145867095e-162
-5.539655117127772930e-162
-3.713341873134737734e-162
-2.489127495345659425e-162
-1.668512057268716037e-162
-1.118437079039346864e-162
-7.497107943096379383e-163
-5.025461741550636465e-163
-3.368667745946451877e-163
-2.258085518541650219e-163
-1.513639988741197808e-163
-1.014623226934407280e-163
-6.801222881875162959e-164
-4.558996035277047404e-164
-3.055986432243276806e-164
-2.048488965945532571e-164
-1.373143217956139620e-164
-9.204454250739064734e-165
-6.169930197088134636e-165
-4.135827893748893810e-165
-2.772328344133144905e-165
-1.858347263265279584e-165
-1.245687423062214946e-165
-8.350092507730523424e-166
-5.597234394183898604e-166
-3.751938416781486015e-166
-2.514999532259906591e-166
-1.685854602244110430e-166
-1.130062134585627814e-166
-7.575033020785880926e-167
-5.077696483214506289e-167
-3.403681740383429284e-167
-2.281556100904537145e-167
-1.529372790591170746e-167
-1.025169239394751100e-167
-6.871914917453874191e-168
-4.606382323820782103e-168
-3.087750411361371896e-168
-2.069780997890248556e-168
-1.387415693789514325e-168
-9.300125517315240064e-169
-6.234060564904116649e-169
-4.178815764855586054e-169
-2.801143975872356631e-169
-1.877662958859254268e-169
-1.258635121021907047e-169
-8.436883522654964596e-170
-5.655412151303530806e-170
-3.790936133612167511e-170
-2.541140483601134320e-170
-1.703377405950480944e-170
-1.141808021172820154e-170
-7.653768053164444828e-171
-5.130474153743120605e-171
-3.439059670921824647e-171
-2.305270636931549435e-171
-1.545269119472598760e-171
-1.035824867302347700e-171
-6.943341727349460935e-172
-4.654261146318171671e-172
-3.119844545861777507e-172
-2.091294339606152524e-172
-1.401836517998899999e-172
-9.396791192794308724e-173
-6.298857504941314539e-173
-4.222250452684049641e-173
-2.830259117817235529e-173
-1.897179422148080190e-173
-1.271717397592125371e-173
-8.524576644982962566e-174
-5.714194609099120083e-174
-3.830339193428011365e-174
-2.567553144470836674e-174
-1.721082342000582900e-174
-1.153675994720982825e-174
-7.733321458915547622e-175
-5.183800396348784762e-175
-3.474805320320162095e-175
-2.329231662281815951e-175
-1.561330675088450923e-175
-1.046591250002110581e-175
-7.015510948819280387e-176
-4.702637622176178289e-176
-3.152272267385957490e-176
-2.113031291391072331e-176
-1.416407232519961540e-176
-9.494461613080146612e-177
-6.364327945563638573e-177
-4.266136601455978622e-177
-2.859676883082362476e-177
-1.916898739914757288e-177
-1.284935651585348224e-177
-8.613181251235444805e-178
-5.773588052841251067e-178
-3.870151809371452812e-178
-2.594240339022696603e-178
-1.738971303481246027e-178
-1.165667324204230950e-178
-7.813701744227939369e-179
-5.237680912899746593e-179
-3.510922510654827894e-179
-2.353441738969759736e-179
-1.577559174808440356e-179
-1.057469538681502857e-179
-7.088430298502873554e-180
-4.751516924012704323e-180
-3.185037043243387560e-180
-2.134994177452172737e-180
-1.431129395315513424e-180
-9.593147221508733516e-181
-6.430478887148180462e-181
-4.310478903664472836e-181
-2.889400417140087265e-181
-1.936823020632672498e-181
-1.298291296353408706e-181
-8.702706815392570152e-182
-5.833598833128751824e-182
-3.910378238376405468e-182
-2.621204920765144838e-182
-1.757046203156176151e-182
-1.177783291786353158e-182
-7.894917503702529003e-183
-5.292121464529574552e-183
-3.547415103729538155e-183
-2.377903455639560224e-183
-1.593956353852561518e-183
-1.068460896493273051e-183
-7.162107573246675736e-184
-4.800904278210748327e-184
-3.218142376782999922e-184
-2.157185346154348430e-184
-1.446004580541622345e-184
-9.692858569964276191e-185
-6.497317402835172562e-185
-4.355282100576732180e-185
-2.919432898156691482e-185
-1.956954394690397724e-185
-1.311785759938543944e-185
-8.793162909908709147e-186
-5.894233366569015557e-186
-3.951022781623208955e-186
-2.648449772865589152e-186
-1.775308973670380622e-186
-1.190025192958172531e-186
-7.976977421273108304e-187
-5.347127872252863670e-187
-3.584287001487070744e-187
-2.402619427841811319e-187
-1.610523965476989592e-187
-1.079566498680060442e-187
-7.236550650937273633e-188
-4.850804965475619416e-188
-3.251591807767598947e-188
-2.179607170271810084e-188
-1.461034378716242345e-188
-9.793606320006899137e-189
-6.564850639282101725e-189
-4.400550982740774442e-189
-2.949777537332873465e-189
-1.977295014619911266e-189
-1.325420485226013893e-189
-8.884559206733011348e-190
-5.955498136463770929e-190
-3.992089784999422864e-190
-2.675977808459279255e-190
-1.793761567756712119e-190
-1.202394336675667058e-190
-8.059890271134434902e-191
-5.402706017588851535e-191
-3.621542146427266848e-191
-2.427592298313050527e-191
-1.627263781161004632e-191
-1.090787532699997842e-191
-7.311767491345389849e-192
-4.901224321400644560e-192
-3.285388912752162601e-192
-2.202262047241058650e-192
-1.476220396889201259e-192
-9.895401244014853652e-193
-6.633085817429310275e-193
-4.446290390497409589e-193
-2.980437579246112263e-193
-1.997847055326648573e-193
-1.339196930098679753e-193
-8.976905478345543236e-194
-6.017399693501961448e-194
-4.033583639563168616e-194
-2.703791970960646272e-194
-1.812405958445070332e-194
-1.214892045500194271e-194
-8.143664918679944560e-195
-5.458861843188484720e-195
-3.659184522028383264e-195
-2.452824737258880927e-195
-1.644177590796765342e-195
-1.102125198353616784e-195
-7.387766136974512129e-196
-4.952167737037405188e-196
-3.319537305467007778e-196
-2.225152399417717131e-196
-1.491564258813946502e-196
-9.998254226333016280e-197
-6.702030233271724537e-197
-4.492505214498796066e-197
-3.011416302198250886e-197
-2.018612714321937562e-197
-1.353116567592438801e-197
-9.070211598801703423e-198
-6.079944656461540058e-198
-4.075508782013531013e-198
-2.731895234377869448e-198
-1.831244139272758635e-198
-1.227519655739838193e-198
-8.228310321451523815e-199
-5.515601353471036888e-199
-3.697218153172813706e-199
-2.478319442638658023e-199
-1.661267202880603063e-199
-1.113580707912385482e-199
-7.464554713922471045e-200
-5.003640659471888430e-200
-3.354040637203069025e-200
-2.248280674335417277e-200
-1.507067605121503623e-200
-1.010217626443890020e-200
-6.771691258638595125e-201
-4.539200396229862762e-201
-3.042717018565862681e-201
-2.039594211958422966e-201
-1.367180886054024598e-201
-9.164487544787485576e-202
-6.143139712915130120e-202
-4.117869695164727536e-202
-2.760290603631490287e-202
-1.850278124498044998e-202
-1.240278517592223633e-202
-8.313835530094526895e-203
-5.572930615265824203e-203
-3.735647106578283476e-203
-2.504079140454514474e-203
-1.678534444706297070e-203
-1.125155286247956902e-203
-7.542141432749905506e-204
-5.055648592408046167e-204
-3.388902597203053869e-204
-2.271649344967371152e-204
-1.522732093495392698e-204
-1.020717847011800344e-204
-6.842076341983252626e-205
-4.586380928537676788e-205
-3.074343075154248739e-205
-2.060793791666791588e-205
-1.381391389300074840e-205
-9.259743396688303553e-206
-6.206991619946452273e-206
-4.160670908425190980e-206
-2.788981114874782415e-206
-1.869509949315435492e-206
-1.253169995289165609e-206
-8.400249689327344767e-207
-5.630855758460578449e-207
-3.774475491231425414e-207
-2.530106585042698780e-207
-1.695981162560838346e-207
-1.136850170963384006e-207
-7.620534589357739760e-208
-5.108197096754578139e-208
-3.424126913055725523e-208
-2.295260909991307190e-208
-1.538559398849211455e-208
-1.031327207065133630e-208
-6.913193009177234790e-209
-4.634051856165049054e-209
-3.106297853555989369e-209
-2.082213720196105733e-209
-1.395749596777845769e-209
-9.355989339663718206e-210
-6.271507204872477013e-210
-4.203916998282818883e-210
-2.817969835819009794e-210
-1.888941670073177007e-210
-1.266195467242118302e-210
-8.487562038918738422e-211
-5.689382976658159192e-211
-3.813707458827966134e-211
-2.556404559367936289e-211
-1.713609221921272333e-211
-1.148666612525389265e-211
-7.699742565875945507e-212
-5.161291791220652507e-212
-3.459717351094277366e-212
-2.319117894055868600e-212
-1.554551213505640237e-212
-1.042046841001824087e-212
-6.985048864316510724e-213
-4.682218276289673924e-213
-3.138584770511477384e-213
-2.103856287856057907e-213
-1.410257043727993762e-213
-9.453235664738549179e-214
-6.336693365973075440e-214
-4.247612588792898383e-214
-2.847259866061281608e-214
-1.908575364493561454e-214
-1.279356326189840113e-214
-8.575781914675307083e-215
-5.748518527836885726e-215
-3.853347204216434256e-215
-2.582975875321574079e-215
-1.731420507654542671e-215
-1.160605874398003372e-215
-7.779773831557207061e-216
-5.214938352916408037e-216
-3.495677716799828105e-216
-2.343222848051072794e-216
-1.570709247377303475e-216
-1.052877895010582240e-216
-7.057651590534165160e-217
-4.730885339070203574e-217
-3.171207278274941923e-217
-2.125723808761740895e-217
-1.424915281348257103e-217
-9.551492769902713494e-218
-6.402557073230044285e-218
-4.291762352073468901e-218
-2.876854337415813474e-218
-1.928413131894440260e-218
-1.292653979347242151e-218
-8.664918749441660005e-219
-5.808268735020940544e-219
-3.893398965846468127e-219
-2.609823374021374470e-219
-1.749416924218934828e-219
-1.172669233177923025e-219
-7.860636943684210023e-220
-5.269142517959666819e-220
-3.532011855207148870e-220
-2.367578349380933607e-220
-1.587035228149956211e-220
-1.063821527193684119e-220
-7.131008950821501644e-221
-4.780058248195333159e-221
-3.204168864983406310e-221
-2.147818621081565533e-221
-1.439725876959631105e-221
-9.650771161222482537e-222
-6.469105369070221877e-222
-4.336371008804650682e-222
-2.906756414249446283e-222
-1.948457093414122910e-222
-1.306089848555778123e-222
-8.754982074106102367e-223
-5.868639986956132974e-223
-3.933867026223118439e-223
-2.636949926115724474e-223
-1.767600395867608026e-223
-1.184857978730616215e-223
-7.942340548484192621e-224
-5.323910082090770460e-224
-3.568723651316364764e-224
-2.392187002238914657e-224
-1.603530901466683821e-224
-1.074878907690742083e-224
-7.205128788860122347e-225
-4.829742261440988229e-225
-3.237473055029469303e-225
-2.170143087286545082e-225
-1.454690414173874485e-225
-9.751081453966569535e-226
-6.536345369119544310e-226
-4.381443328733150582e-226
-2.936969293819016814e-226
-1.968709392238067089e-226
-1.319665370435846679e-226
-8.845981518621153061e-227
-5.929638738792680152e-227
-3.974755712362310233e-227
-2.664358432091184805e-227
-1.785972866854847172e-227
-1.197173414328434925e-227
-8.024893382052982299e-228
-5.379246901288974866e-228
-3.605817030509177856e-228
-2.417051437887059297e-228
-1.620198031114814376e-228
-1.086051218803759159e-228
-7.280019029856145282e-229
-4.879942691233613036e-229
-3.271123409439071213e-229
-2.192699594403256268e-229
-1.469810493062751750e-229
-9.852434373735118500e-230
-6.604284262965390235e-230
-4.426984131183508788e-230
-2.967496206613704571e-230
-1.989172193827928674e-230
-1.333381996539580947e-230
-8.937926813035249163e-231
-5.991271512777099623e-231
-4.016069396256394195e-231
-2.692051822580969619e-231
-1.804536301642843203e-231
-1.209616856790240516e-231
-8.108304271291376998e-232
-5.435158892402512511e-232
-3.643295958966349335e-232
-2.442174314935837419e-232
-1.637038399214883714e-232
-1.097339655123854964e-232
-7.355687681392881697e-233
-4.930664905215173251e-233
-3.305123526250221101e-233
-2.215490554269573158e-233
-1.485087730329538129e-233
-9.954840757613685599e-234
-6.672929314921215884e-234
-4.472998285570657828e-234
-2.998340416701127208e-234
-2.009847686153663373e-234
-1.347241193507024241e-234
-9.030827788527585616e-235
-6.053544898945880147e-235
-4.057812495340303564e-235
-2.720033058680566848e-235
-1.823292685113052402e-235
-1.222189636621453549e-235
-8.192582134843926862e-236
-5.491652033779461152e-236
-3.681164444094844695e-236
-2.467558319630190378e-236
-1.654053806410171571e-236
-1.108745423658315710e-236
-7.432142834284635217e-237
-4.981914326821237294e-237
-3.339477040900118714e-237
-2.238518403791179137e-237
-1.500523759480963047e-237
-1.005831155532872557e-237
-6.742287864808907210e-238
-4.519490711923827795e-238
-3.029505222074493531e-238
-2.030738079926230261e-238
-1.361244443222507399e-238
-9.124694378466901884e-239
-6.116465555834515934e-239
-4.099989472962488194e-239
-2.748305132261913943e-239
-1.842244022777831782e-239
-1.234893098157345568e-239
-8.277735984058498863e-240
-5.548732365905086958e-240
-3.719426534953024365e-240
-2.493206166135946279e-240
-1.671246072060625410e-240
-1.120269743960457851e-240
-7.509392663439250035e-241
-5.033696435856405025e-241
-3.374187626612775198e-241
-2.261785605204011486e-241
-1.516120231002961423e-241
-1.016285783041492351e-241
-6.812367328737543749e-242
-4.566466381411139303e-242
-3.060993955007783728e-242
-2.051845608835444407e-242
-1.375393242972630686e-242
-9.219536619465420999e-243
-6.180040211187463093e-243
-4.142604838865376512e-243
-2.776871066295448710e-243
-1.861392340994242561e-243
-1.247728599705675380e-243
-8.363774923947110724e-244
-5.606405992052080511e-244
-3.758086322686492596e-244
-2.519120596829173387e-244
-1.688617034435897193e-244
-1.131913848259661074e-244
-7.587445428738109034e-245
-5.086016769084167125e-245
-3.409258994790610261e-245
-2.285294646335511020e-245
-1.531878812536654759e-245
-1.026849076140614257e-245
-6.883175199901675555e-246
-4.613930316869566671e-246
-3.092809982409310379e-246
-2.073172529788140665e-246
-1.389689105607440936e-246
-9.315364652459214553e-247
-6.244275662675370376e-247
-4.185663149663870900e-247
-2.805733915172428875e-247
-1.880739687182179853e-247
-1.260697513692897909e-247
-8.450708154156585331e-248
-5.664679078928123763e-248
-3.797147940964309248e-248
-2.545304382591386570e-248
-1.706168550913217515e-248
-1.143678981592733937e-248
-7.666309475912519440e-249
-5.138880920817254558e-249
-3.444694895413968915e-249
-2.309048040872413178e-249
-1.547801189056133959e-249
-1.037522164302148663e-249
-6.954719049380281833e-250
-4.661887593345634550e-250
-3.124956706184137091e-250
-2.094721123148778267e-250
-1.404133559700946950e-250
-9.412188723789462900e-251
-6.309178778626821374e-251
-4.229169009335824758e-251
-2.834896765030553395e-251
-1.900288130041608540e-251
-1.273801226810499081e-251
-8.538544969958869192e-252
-5.723557857339685451e-252
-3.836615566419669993e-252
-2.571760323103541979e-252
-1.723902498175436018e-252
-1.155566401937938198e-252
-7.745993237442064073e-253
-5.192294543514032633e-253
-3.480499117439004096e-253
-2.333048328628768530e-253
-1.563889063049842787e-253
-1.048306188738108142e-253
-7.027006526943901731e-254
-4.710343338633881316e-254
-3.157437563596802131e-254
-2.116493692984913300e-254
-1.418728149715658321e-254
-9.510019186294790366e-255
-6.374756498757081756e-255
-4.273127069712935687e-255
-2.864362734086176399e-255
-1.920039759775240713e-255
-1.287041140162826372e-255
-8.627294763237271342e-256
-5.783048622856368892e-256
-3.876493419099509976e-256
-2.598491247147400104e-256
-1.741820772411090568e-256
-1.167577380348461633e-256
-7.826505233453696345e-257
-5.246263348386973695e-257
-3.516675489205522974e-257
-2.357298075816704181e-257
-1.580144154701213076e-257
-1.059202302522287634e-257
-7.100045361878111434e-258
-4.759302733828829900e-258
-3.190256027637757754e-258
-2.138492567311666165e-258
-1.433474436167261118e-258
-9.608866500425724456e-259
-6.441015834915098123e-259
-4.317542030976668315e-259
-2.894134972965153594e-259
-1.939996688311399561e-259
-1.300418669417914763e-259
-8.716967023497422449e-260
-5.843157736482074251e-260
-3.916785762912254748e-260
-2.625500012907138931e-260
-1.759925289518525166e-260
-1.179713201089236192e-260
-7.907854072630062471e-261
-5.300793106008621505e-261
-3.553227878845179363e-261
-2.381799875322671978e-261
-1.596568202073828234e-261
-1.070211670713190778e-261
-7.173843363803606824e-262
-4.808771013877409179e-262
-3.223415607397226019e-262
-2.160720098342310291e-262
-1.448373995790981232e-262
-9.708741235354555233e-263
-6.507963871831122669e-263
-4.362418642164214910e-263
-2.924216665041981604e-263
-1.960161049529169513e-263
-1.313935244957689764e-263
-8.807571338879076182e-264
-5.903891625339733538e-264
-3.957496906086795881e-264
-2.652789508274061312e-264
-1.778217985309170203e-264
-1.191975161773871954e-264
-7.990048453136185403e-265
-5.355889646932749132e-265
-3.590160194693846094e-265
-2.406556346982553324e-265
-1.613162961296741866e-265
-1.081335470479444778e-265
-7.248408423516852046e-266
-4.858753468137042250e-266
-3.256919848437518487e-266
-2.183178662739074418e-266
-1.463428421711315007e-266
-9.809654070113024749e-267
-6.575607767872008770e-267
-4.407761701672372507e-267
-2.954611026779219443e-267
-1.980534999488099218e-267
-1.327592312031936734e-267
-8.899117397178288193e-268
-5.965256783353244120e-268
-3.998631201631847038e-268
-2.680362651157464393e-268
-1.796700815715916514e-268
-1.204364573502991134e-268
-8.073097163542364315e-269
-5.411558862316030123e-269
-3.627476385712335305e-269
-2.431570137863666088e-269
-1.629930206751695492e-269
-1.092574891224700501e-269
-7.323748513831414857e-270
-4.909255440945030532e-270
-3.290772333174686297e-270
-2.205870661866514136e-270
-1.478639323611061321e-270
-9.911615794730957826e-271
-6.643954755811776644e-271
-4.453576057774049624e-271
-2.985321308070389522e-271
-2.001120716656964058e-271
-1.341391330912398117e-271
-8.991614986890266791e-272
-6.027259771946479235e-272
-4.040193047800012659e-272
-2.708222389794236209e-272
-1.815375757001662588e-272
-1.216882761005365742e-272
-8.157009083770183695e-273
-5.467806704546082414e-273
-3.665180441905390256e-273
-2.456843922547001928e-273
-1.646871731264124458e-273
-1.103931134715660478e-273
-7.399871690427938960e-274
-4.960282332185592581e-274
-3.324976681260490313e-274
-2.228798522050009769e-274
-1.494008327904591523e-274
-1.001463731138657065e-274
-6.713012143599029260e-275
-4.499866609135209732e-275
-3.016350792589818423e-275
-2.021920402148260361e-275
-1.355333777048450953e-275
-9.085073998247952082e-276
-6.089907220742895397e-276
-4.082186888561242399e-276
-2.736371703066206305e-276
-1.834244805970001963e-276
-1.229531062778471913e-276
-8.241793186039325504e-277
-5.524639187882224486e-277
-3.703276394751172822e-277
-2.482380403412358888e-277
-1.663989346293379191e-277
-1.115405415210216664e-277
-7.476786092721307418e-278
-5.011839597871119094e-278
-3.359536549968284812e-278
-2.251964694833204520e-278
-1.509537077911262510e-278
-1.011872963558004927e-278
-6.782787315143589661e-279
-4.546638305337104370e-279
-3.047702798141038217e-279
-2.042936279952894000e-279
-1.369421141225932657e-279
-9.179504424286614840e-280
-6.153205828272297489e-280
-4.124617214074344315e-280
-2.764813600817767588e-280
-1.853309980180169876e-280
-1.242310831232568182e-280
-8.327458535824074279e-281
-5.582062389093597690e-281
-3.741768317631116064e-281
-2.508182310929243416e-281
-1.681284882127713833e-281
-1.126998959586899066e-281
-7.554499944724248898e-282
-5.063932750723908953e-282
-3.394455634586709390e-282
-2.275371657241891208e-282
-1.525227234030608011e-282
-1.022390389730231192e-282
-6.853287731103794319e-283
-4.593896147409081514e-283
-3.079380677013921650e-283
-2.064170597177277081e-283
-1.383654929725316821e-283
-9.274916361909346993e-284
-6.217162362691919639e-284
-4.167488561170312457e-284
-2.793551124176747407e-284
-1.872573318161111724e-284
-1.255223432834894861e-284
-8.414014292829190591e-285
-5.640082448113277127e-285
-3.780660326264179164e-285
-2.534252403946577346e-285
-1.698760188079437883e-285
-1.138713007476945987e-285
-7.633021555932582933e-286
-5.116567360763871778e-286
-3.429737668811766206e-286
-2.299021912048121651e-286
-1.541080473921075390e-286
-1.033017134223306142e-286
-6.924520929681865390e-287
-4.641645188359200983e-287
-3.111387816342114321e-287
-2.085625624285220548e-287
-1.398036664483850845e-287
-9.371320012963478127e-288
-6.281783662504530037e-288
-4.210805513836059188e-288
-2.822587345881774974e-288
-1.892036879630912448e-288
-1.268270248255349382e-288
-8.501469711961767413e-289
-5.698705568692934795e-289
-3.819956579149889122e-289
-2.560593469989663920e-289
-1.716417132682067818e-289
-1.150548811395829871e-289
-7.712359322211203442e-290
-5.169749055908123682e-290
-3.465386425148720796e-290
-2.322917988037022752e-290
-1.557098492678027234e-290
-1.043754333293983538e-290
-6.996494527435369929e-291
-4.689890533718148399e-291
-3.143727638464129756e-291
-2.107303655338835051e-291
-1.412567883257831035e-291
-9.468725685338762837e-292
-6.347076637294543090e-292
-4.254572703703105692e-292
-2.851925370608305046e-292
-1.911702745716410080e-292
-1.281452672515111122e-292
-8.589834144327441912e-293
-5.757938019064208347e-293
-3.859661278009565831e-293
-2.587208325557405230e-293
-1.734257603891468765e-293
-1.162507636878081007e-293
-7.792521726689152807e-294
-5.223483522568110929e-294
-3.501405715314339017e-294
-2.347062440279011752e-294
-1.573283003016203968e-294
-1.054603135008934597e-294
-7.069216220085346452e-295
-4.738637342083605585e-295
-3.176403601291754215e-295
-2.129207008245465565e-295
-1.427250139786538733e-295
-9.567143794061069728e-296
-6.413048268464742843e-296
-4.298794810546161231e-296
-2.881568335302808149e-296
-1.931573019175062655e-296
-1.294772115134656154e-296
-8.679117038227445319e-297
-5.817786132613455302e-297
-3.899778668238600192e-297
-2.614099816422562366e-297
-1.752283509286168004e-297
-1.174590762612222454e-297
-7.873517340672794632e-298
-5.277776506261712561e-298
-3.537799390643246886e-298
-2.371457850400892124e-298
-1.589635735452340311e-298
-1.065564699368334330e-298
-7.142693783344689737e-299
-4.787890825670195847e-299
-3.209419198676933897e-299
-2.151338025004836025e-299
-1.442085003959495831e-299
-9.666584862413463038e-300
-6.479705609980554071e-300
-4.343476562779654307e-300
-2.911519409517244340e-300
-1.951649824621300923e-300
-1.308230000285478803e-300
-8.769327940165864918e-301
-5.878256308553734646e-301
-3.940313039359115981e-301
-2.641270817938092540e-301
-1.770496776272691768e-301
-1.186799480577088639e-301
-7.955354824555250401e-302
-5.332633812225841380e-302
-3.574571342502514012e-302
-2.396106826863744347e-302
-1.606158438489651317e-302
-1.076640198428937989e-302
-7.216935073747219649e-303
-4.837656250870566540e-303
-3.242777960787861070e-303
-2.173699071958725240e-303
-1.457074061983032176e-303
-9.767059523058242722e-304
-6.547055789129379184e-304
-4.388622737966705577e-304
-2.941781795746962278e-304
-1.971935308751954154e-304
-1.321827766941942491e-304
-8.860476495877293767e-305
-5.939355012613627280e-305
-3.981268725477262191e-305
-2.668724235342230177e-305
-1.788899352291070746e-305
-1.199135096180903018e-305
-8.038042928748606732e-306
-5.388061306035333096e-306
-3.611725502704533642e-306
-2.421012005241050393e-306
-1.622852878806053124e-306
-1.087830816430244495e-306
-7.291948029485250750e-307
-4.887938938814153923e-307
-3.276483454485371976e-307
-2.196292540045695151e-307
-1.472218916551027594e-307
-9.868578519170463152e-308
-6.615106007276815651e-308
-4.434238163328530380e-308
-2.972358729775436842e-308
-1.992431640577324011e-308
-1.335566869034686682e-308
-8.952572451350259545e-309
-6.001088777726637741e-309
-4.022650105749766079e-309
-2.696463004071206099e-309
-1.807493205022456669e-309
-1.211598928399788040e-309
-8.121590494616920114e-310
-5.444064914234334362e-310
-3.649265843930214833e-310
-2.446176048499638618e-310
-1.639720841441603786e-310
-1.099137749920715055e-310
-7.367740671264242589e-311
-4.938744265939922347e-311
-3.310539283702717112e-311
-2.219120845055220808e-311
-1.487521187015981211e-311
-9.971152705596409030e-312
-6.683863540639430344e-312
-4.480327716258908042e-312
-3.003253481012725267e-312
-2.013141011653365296e-312
-1.349448775608738221e-312
-9.045625653881348776e-313
-6.063464204702469720e-313
-4.064461604836719831e-313
-2.724490090052185663e-313
-1.826280322575088454e-313
-1.224192309874103547e-313
-8.206006455265135226e-314
-5.500650625216072348e-314
-3.687196380501186419e-314
-2.471601646847530742e-314
-1.656764130441071674e-314
-1.110562208310558880e-314
-7.444321105023870846e-315
-4.990077667102332831e-315
-3.344949084988997767e-315
-2.242186431150804934e-315
-1.502982506514477962e-315
-1.007479307507465893e-315
-6.753335783888869084e-316
-4.526896341459384279e-316
-3.034469379485984964e-316
-2.034065595973924480e-316
-1.363474939090671453e-316
-9.139646272570343634e-317
-6.126488118278333335e-317
-4.106707244696358480e-317
-2.752808285953382068e-317
-1.845263053632763021e-317
-1.236917059514561103e-317
-8.291300974065714430e-318
-5.557823500571516975e-318
-3.725521765091753216e-318
-2.497294332156247957e-318
-1.673983339926394716e-318
-1.122102132208805501e-318
-7.521655392287137389e-319
-5.041939915809920983e-319
-3.379705456941631110e-319
-2.265488612440451904e-319
-1.518560169057655378e-319
-1.017972856691304380e-319
-6.823046569067614775e-320
-4.574059749198260506e-320
-3.066171398090776053e-320
-2.055313086699585624e-320
-1.377455020605395365e-320
-9.239027577231310376e-321
-6.185701885932406733e-321
-4.150151425066470971e-321
-2.776648929627805578e-321
-1.867568141279911937e-321
-1.245045427519941291e-321
-8.399115979301191251e-322
-5.632348362590210604e-322
-3.754898908393473736e-322
-2.569141358374482030e-322
-1.679823195860238250e-322
-1.086944420850742397e-322
-7.905050333459944707e-323
-4.940656458412465442e-323
-2.964393875047479265e-323
-1.976262583364986177e-323
-1.976262583364986177e-323
-9.881312916824930884e-324
-9.881312916824930884e-324
0.000000000000000000e+00
0.000000000000000000e+00
0.000000000000000000e+00
0.000000000000000000e+00
0.000000000000000000e+00
0.000000000000000000e+00
0.000000000000000000e+00
0.000000000000000000e+00
0.000000000000000000e+00
0.000000000000000000e+00
0.000000000000000000e+00
0.000000000000000000e+00
0.000000000000000000e+00
0.000000000000000000e+00
0.000000000000000000e+00
0.000000000000000000e+00
0.000000000000000000e+00
0.000000000000000000e+00
0.000000000000000000e+00
0.000000000000000000e+00
0.000000000000000000e+00
0.000000000000000000e+00
0.000000000000000000e+00
0.000000000000000000e+00
0.000000000000000000e+00
0.000000000000000000e+00
0.000000000000000000e+00
0.000000000000000000e+00
0.000000000000000000e+00
0.000000000000000000e+00
0.000000000000000000e+00
0.000000000000000000e+00
0.000000000000000000e+00
0.000000000000000000e+00
0.000000000000000000e+00
0.000000000000000000e+00
0.000000000000000000e+00
0.000000000000000000e+00
0.000000000000000000e+00
0.000000000000000000e+00
0.000000000000000000e+00
0.000000000000000000e+00
0.000000000000000000e+00
0.000000000000000000e+00
0.000000000000000000e+00
0.000000000000000000e+00
0.000000000000000000e+00
0.000000000000000000e+00
0.000000000000000000e+00
0.000000000000000000e+00
0.000000000000000000e+00
0.000000000000000000e+00
0.000000000000000000e+00
0.000000000000000000e+00
0.000000000000000000e+00
0.000000000000000000e+00
0.000000000000000000e+00
0.000000000000000000e+00
0.000000000000000000e+00
0.000000000000000000e+00
0.000000000000000000e+00
0.000000000000000000e+00
0.000000000000000000e+00
0.000000000000000000e+00
0.000000000000000000e+00
0.000000000000000000e+00
0.000000000000000000e+00
0.000000000000000000e+00
0.000000000000000000e+00
0.000000000000000000e+00
0.000000000000000000e+00
0.000000000000000000e+00
0.000000000000000000e+00
0.000000000000000000e+00
0.000000000000000000e+00
0.000000000000000000e+00
0.000000000000000000e+00
0.000000000000000000e+00
0.000000000000000000e+00
0.000000000000000000e+00
0.000000000000000000e+00
0.000000000000000000e+00
0.000000000000000000e+00
0.000000000000000000e+00
0.000000000000000000e+00
0.000000000000000000e+00
0.000000000000000000e+00
0.000000000000000000e+00
0.000000000000000000e+00
0.000000000000000000e+00
0.000000000000000000e+00
0.000000000000000000e+00
0.000000000000000000e+00
0.000000000000000000e+00
0.000000000000000000e+00
0.000000000000000000e+00
0.000000000000000000e+00
0.000000000000000000e+00
0.000000000000000000e+00
0.000000000000000000e+00
0.000000000000000000e+00
0.000000000000000000e+00
0.000000000000000000e+00
0.000000000000000000e+00
0.000000000000000000e+00
0.000000000000000000e+00
0.000000000000000000e+00
0.000000000000000000e+00
0.000000000000000000e+00
0.000000000000000000e+00
0.000000000000000000e+00
0.000000000000000000e+00
0.000000000000000000e+00
0.000000000000000000e+00
0.000000000000000000e+00
0.000000000000000000e+00
0.000000000000000000e+00
0.000000000000000000e+00
0.000000000000000000e+00
0.000000000000000000e+00
0.000000000000000000e+00
0.000000000000000000e+00
0.000000000000000000e+00
0.000000000000000000e+00
0.000000000000000000e+00
0.000000000000000000e+00
0.000000000000000000e+00
0.000000000000000000e+00
0.000000000000000000e+00
0.000000000000000000e+00
0.000000000000000000e+00
0.000000000000000000e+00
0.000000000000000000e+00
0.000000000000000000e+00
0.000000000000000000e+00
0.000000000000000000e+00
0.000000000000000000e+00
0.000000000000000000e+00
0.000000000000000000e+00
0.000000000000000000e+00
0.000000000000000000e+00
0.000000000000000000e+00
0.000000000000000000e+00
0.000000000000000000e+00
0.000000000000000000e+00
0.000000000000000000e+00
0.000000000000000000e+00
0.000000000000000000e+00
0.000000000000000000e+00
0.000000000000000000e+00
0.000000000000000000e+00
0.000000000000000000e+00
0.000000000000000000e+00
0.000000000000000000e+00
0.000000000000000000e+00
0.000000000000000000e+00
0.000000000000000000e+00
0.000000000000000000e+00
0.000000000000000000e+00
0.000000000000000000e+00
0.000000000000000000e+00
0.000000000000000000e+00
0.000000000000000000e+00
0.000000000000000000e+00
0.000000000000000000e+00
0.000000000000000000e+00
0.000000000000000000e+00
0.000000000000000000e+00
0.000000000000000000e+00
0.000000000000000000e+00
0.000000000000000000e+00
0.000000000000000000e+00
0.000000000000000000e+00
0.000000000000000000e+00
0.000000000000000000e+00
0.000000000000000000e+00
0.000000000000000000e+00
0.000000000000000000e+00
0.000000000000000000e+00
0.000000000000000000e+00
0.000000000000000000e+00
0.000000000000000000e+00
0.000000000000000000e+00
0.000000000000000000e+00
0.000000000000000000e+00
0.000000000000000000e+00
0.000000000000000000e+00
0.000000000000000000e+00
0.000000000000000000e+00
0.000000000000000000e+00
0.000000000000000000e+00
0.000000000000000000e+00
0.000000000000000000e+00
0.000000000000000000e+00
0.000000000000000000e+00
0.000000000000000000e+00
0.000000000000000000e+00
0.000000000000000000e+00
0.000000000000000000e+00
0.000000000000000000e+00
0.000000000000000000e+00
0.000000000000000000e+00
0.000000000000000000e+00
0.000000000000000000e+00
0.000000000000000000e+00
0.000000000000000000e+00
0.000000000000000000e+00
0.000000000000000000e+00
0.000000000000000000e+00
0.000000000000000000e+00
0.000000000000000000e+00
0.000000000000000000e+00
0.000000000000000000e+00
0.000000000000000000e+00
0.000000000000000000e+00
0.000000000000000000e+00
0.000000000000000000e+00
0.000000000000000000e+00
0.000000000000000000e+00
0.000000000000000000e+00
0.000000000000000000e+00
0.000000000000000000e+00
0.000000000000000000e+00
0.000000000000000000e+00
0.000000000000000000e+00
0.000000000000000000e+00
0.000000000000000000e+00
0.000000000000000000e+00
0.000000000000000000e+00
0.000000000000000000e+00
0.000000000000000000e+00
0.000000000000000000e+00
0.000000000000000000e+00
0.000000000000000000e+00
0.000000000000000000e+00
0.000000000000000000e+00
0.000000000000000000e+00
0.000000000000000000e+00
0.000000000000000000e+00
0.000000000000000000e+00
0.000000000000000000e+00
0.000000000000000000e+00
0.000000000000000000e+00
0.000000000000000000e+00
0.000000000000000000e+00
0.000000000000000000e+00
0.000000000000000000e+00
0.000000000000000000e+00
0.000000000000000000e+00
0.000000000000000000e+00
0.000000000000000000e+00
0.000000000000000000e+00
0.000000000000000000e+00
0.000000000000000000e+00
0.000000000000000000e+00
0.000000000000000000e+00
0.000000000000000000e+00
0.000000000000000000e+00
0.000000000000000000e+00
0.000000000000000000e+00
0.000000000000000000e+00
0.000000000000000000e+00
0.000000000000000000e+00
0.000000000000000000e+00
0.000000000000000000e+00
0.000000000000000000e+00
0.000000000000000000e+00
0.000000000000000000e+00
0.000000000000000000e+00
0.000000000000000000e+00
0.000000000000000000e+00
0.000000000000000000e+00
0.000000000000000000e+00
0.000000000000000000e+00
0.000000000000000000e+00
0.000000000000000000e+00
0.000000000000000000e+00
0.000000000000000000e+00
0.000000000000000000e+00
0.000000000000000000e+00
0.000000000000000000e+00
0.000000000000000000e+00
0.000000000000000000e+00
0.000000000000000000e+00
0.000000000000000000e+00
0.000000000000000000e+00
0.000000000000000000e+00
0.000000000000000000e+00
0.000000000000000000e+00
0.000000000000000000e+00
0.000000000000000000e+00
0.000000000000000000e+00
0.000000000000000000e+00
0.000000000000000000e+00
0.000000000000000000e+00
0.000000000000000000e+00
0.000000000000000000e+00
0.000000000000000000e+00
0.000000000000000000e+00
0.000000000000000000e+00
0.000000000000000000e+00
0.000000000000000000e+00
0.000000000000000000e+00
0.000000000000000000e+00
0.000000000000000000e+00
0.000000000000000000e+00
0.000000000000000000e+00
0.000000000000000000e+00
0.000000000000000000e+00
0.000000000000000000e+00
0.000000000000000000e+00
0.000000000000000000e+00
0.000000000000000000e+00
0.000000000000000000e+00
0.000000000000000000e+00
0.000000000000000000e+00
0.000000000000000000e+00
0.000000000000000000e+00
0.000000000000000000e+00
0.000000000000000000e+00
0.000000000000000000e+00
0.000000000000000000e+00
0.000000000000000000e+00
0.000000000000000000e+00
0.000000000000000000e+00
0.000000000000000000e+00
0.000000000000000000e+00
0.000000000000000000e+00
0.000000000000000000e+00
0.000000000000000000e+00
0.000000000000000000e+00
0.000000000000000000e+00
0.000000000000000000e+00
0.000000000000000000e+00
0.000000000000000000e+00
0.000000000000000000e+00
0.000000000000000000e+00
0.000000000000000000e+00
0.000000000000000000e+00
0.000000000000000000e+00
0.000000000000000000e+00
0.000000000000000000e+00
0.000000000000000000e+00
0.000000000000000000e+00
0.000000000000000000e+00
0.000000000000000000e+00
0.000000000000000000e+00
0.000000000000000000e+00
0.000000000000000000e+00
0.000000000000000000e+00
0.000000000000000000e+00
0.000000000000000000e+00
0.000000000000000000e+00
0.000000000000000000e+00
0.000000000000000000e+00
0.000000000000000000e+00
0.000000000000000000e+00
0.000000000000000000e+00
0.000000000000000000e+00
0.000000000000000000e+00
0.000000000000000000e+00
0.000000000000000000e+00
0.000000000000000000e+00
0.000000000000000000e+00
0.000000000000000000e+00
0.000000000000000000e+00
0.000000000000000000e+00
0.000000000000000000e+00
0.000000000000000000e+00
0.000000000000000000e+00
0.000000000000000000e+00
0.000000000000000000e+00
0.000000000000000000e+00
0.000000000000000000e+00
0.000000000000000000e+00
0.000000000000000000e+00
0.000000000000000000e+00
0.000000000000000000e+00
0.000000000000000000e+00
0.000000000000000000e+00
0.000000000000000000e+00
0.000000000000000000e+00
0.000000000000000000e+00
0.000000000000000000e+00
0.000000000000000000e+00
0.000000000000000000e+00
0.000000000000000000e+00
0.000000000000000000e+00
0.000000000000000000e+00
0.000000000000000000e+00
0.000000000000000000e+00
0.000000000000000000e+00
0.000000000000000000e+00
0.000000000000000000e+00
0.000000000000000000e+00
0.000000000000000000e+00
0.000000000000000000e+00
0.000000000000000000e+00
0.000000000000000000e+00
0.000000000000000000e+00
0.000000000000000000e+00
0.000000000000000000e+00
0.000000000000000000e+00
0.000000000000000000e+00
0.000000000000000000e+00
0.000000000000000000e+00
0.000000000000000000e+00
0.000000000000000000e+00
0.000000000000000000e+00
0.000000000000000000e+00
0.000000000000000000e+00
0.000000000000000000e+00
0.000000000000000000e+00
0.000000000000000000e+00
0.000000000000000000e+00
0.000000000000000000e+00
0.000000000000000000e+00
0.000000000000000000e+00
0.000000000000000000e+00
0.000000000000000000e+00
0.000000000000000000e+00
0.000000000000000000e+00
0.000000000000000000e+00
0.000000000000000000e+00
0.000000000000000000e+00
0.000000000000000000e+00
0.000000000000000000e+00
0.000000000000000000e+00
0.000000000000000000e+00
0.000000000000000000e+00
0.000000000000000000e+00
0.000000000000000000e+00
0.000000000000000000e+00
0.000000000000000000e+00
0.000000000000000000e+00
0.000000000000000000e+00
0.000000000000000000e+00
0.000000000000000000e+00
0.000000000000000000e+00
0.000000000000000000e+00
0.000000000000000000e+00
0.000000000000000000e+00
0.000000000000000000e+00
0.000000000000000000e+00
0.000000000000000000e+00
0.000000000000000000e+00
0.000000000000000000e+00
0.000000000000000000e+00
0.000000000000000000e+00
0.000000000000000000e+00
0.000000000000000000e+00
0.000000000000000000e+00
0.000000000000000000e+00
0.000000000000000000e+00
0.000000000000000000e+00
0.000000000000000000e+00
0.000000000000000000e+00
0.000000000000000000e+00
0.000000000000000000e+00
0.000000000000000000e+00
0.000000000000000000e+00
0.000000000000000000e+00
0.000000000000000000e+00
0.000000000000000000e+00
0.000000000000000000e+00
0.000000000000000000e+00
0.000000000000000000e+00
0.000000000000000000e+00
0.000000000000000000e+00
0.000000000000000000e+00
0.000000000000000000e+00
0.000000000000000000e+00
0.000000000000000000e+00
0.000000000000000000e+00
0.000000000000000000e+00
0.000000000000000000e+00
0.000000000000000000e+00
0.000000000000000000e+00
0.000000000000000000e+00
0.000000000000000000e+00
0.000000000000000000e+00
0.000000000000000000e+00
0.000000000000000000e+00
0.000000000000000000e+00
0.000000000000000000e+00
0.000000000000000000e+00
0.000000000000000000e+00
0.000000000000000000e+00
0.000000000000000000e+00
0.000000000000000000e+00
0.000000000000000000e+00
0.000000000000000000e+00
0.000000000000000000e+00
0.000000000000000000e+00
0.000000000000000000e+00
0.000000000000000000e+00
0.000000000000000000e+00
0.000000000000000000e+00
0.000000000000000000e+00
0.000000000000000000e+00
0.000000000000000000e+00
0.000000000000000000e+00
0.000000000000000000e+00
0.000000000000000000e+00
0.000000000000000000e+00
0.000000000000000000e+00
0.000000000000000000e+00
0.000000000000000000e+00
0.000000000000000000e+00
0.000000000000000000e+00
0.000000000000000000e+00
0.000000000000000000e+00
0.000000000000000000e+00
0.000000000000000000e+00
0.000000000000000000e+00
0.000000000000000000e+00
0.000000000000000000e+00
0.000000000000000000e+00
0.000000000000000000e+00
0.000000000000000000e+00
0.000000000000000000e+00
0.000000000000000000e+00
0.000000000000000000e+00
0.000000000000000000e+00
0.000000000000000000e+00
0.000000000000000000e+00
0.000000000000000000e+00
0.000000000000000000e+00
0.000000000000000000e+00
0.000000000000000000e+00
0.000000000000000000e+00
0.000000000000000000e+00
0.000000000000000000e+00
0.000000000000000000e+00
0.000000000000000000e+00
0.000000000000000000e+00
0.000000000000000000e+00
0.000000000000000000e+00
0.000000000000000000e+00
0.000000000000000000e+00
0.000000000000000000e+00
0.000000000000000000e+00
0.000000000000000000e+00
0.000000000000000000e+00
0.000000000000000000e+00
0.000000000000000000e+00
0.000000000000000000e+00
0.000000000000000000e+00
0.000000000000000000e+00
0.000000000000000000e+00
0.000000000000000000e+00
0.000000000000000000e+00
0.000000000000000000e+00
0.000000000000000000e+00
0.000000000000000000e+00
0.000000000000000000e+00
0.000000000000000000e+00
0.000000000000000000e+00
0.000000000000000000e+00
0.000000000000000000e+00
0.000000000000000000e+00
0.000000000000000000e+00
0.000000000000000000e+00
0.000000000000000000e+00
0.000000000000000000e+00
0.000000000000000000e+00
0.000000000000000000e+00
0.000000000000000000e+00
0.000000000000000000e+00
0.000000000000000000e+00
0.000000000000000000e+00
0.000000000000000000e+00
0.000000000000000000e+00
0.000000000000000000e+00
0.000000000000000000e+00
0.000000000000000000e+00
0.000000000000000000e+00
0.000000000000000000e+00
0.000000000000000000e+00
0.000000000000000000e+00
0.000000000000000000e+00
0.000000000000000000e+00
0.000000000000000000e+00
0.000000000000000000e+00
0.000000000000000000e+00
0.000000000000000000e+00
0.000000000000000000e+00
0.000000000000000000e+00
0.000000000000000000e+00
0.000000000000000000e+00
0.000000000000000000e+00
0.000000000000000000e+00
0.000000000000000000e+00
0.000000000000000000e+00
0.000000000000000000e+00
0.000000000000000000e+00
0.000000000000000000e+00
0.000000000000000000e+00
0.000000000000000000e+00
0.000000000000000000e+00
0.000000000000000000e+00
0.000000000000000000e+00
0.000000000000000000e+00
0.000000000000000000e+00
0.000000000000000000e+00
0.000000000000000000e+00
0.000000000000000000e+00
0.000000000000000000e+00
0.000000000000000000e+00
0.000000000000000000e+00
0.000000000000000000e+00
0.000000000000000000e+00
0.000000000000000000e+00
0.000000000000000000e+00
0.000000000000000000e+00
0.000000000000000000e+00
0.000000000000000000e+00
0.000000000000000000e+00
0.000000000000000000e+00
0.000000000000000000e+00
0.000000000000000000e+00
0.000000000000000000e+00
0.000000000000000000e+00
0.000000000000000000e+00
0.000000000000000000e+00
0.000000000000000000e+00
0.000000000000000000e+00
0.000000000000000000e+00
0.000000000000000000e+00
0.000000000000000000e+00
0.000000000000000000e+00
0.000000000000000000e+00
0.000000000000000000e+00
0.000000000000000000e+00
0.000000000000000000e+00
0.000000000000000000e+00
0.000000000000000000e+00
