-4.000000000000000222e-01
-2.053668476130368070e-01
-1.054388552462907080e-01
-5.413411329464508370e-02
-2.779338048912061848e-02
-1.426959733890095783e-02
-7.326255555493672161e-03
-3.761425020598082800e-03
-1.931179997532576605e-03
-9.915008706665433963e-04
-5.090535205359231555e-04
-2.613567919469522672e-04
-1.341850511610047576e-04
-6.889290238432406043e-05
-3.537079546395320638e-05
-1.815997190499394099e-05
-9.323640457174807786e-06
-4.786916622418403162e-06
-2.457684941331284007e-06
-1.261817522068093577e-06
-6.478387169250439510e-07
-3.326114876414271932e-07
-1.707684317420062213e-07
-8.767543624669457653e-08
-4.501406988770365188e-08
-2.311099407767653342e-08
-1.186557999734001078e-08
-6.091991897885052158e-09
-3.127732929382032324e-09
-1.605831629706696487e-09
-8.244614489754231893e-10
-4.232926218863976716e-10
-2.173256784366671075e-10
-1.115787237147569933e-10
-5.728642687496402703e-11
-2.941183224581535264e-11
-1.510053817711639284e-11
-7.752874806736757027e-12
-3.980458647495159188e-12
-2.043635611225330282e-12
-1.049237507867717947e-12
-5.386964984703816056e-13
-2.765760042776081612e-13
-1.419988553097552450e-13
-7.290464319906059360e-14
-3.743049187536070053e-14
-1.921745530262051048e-14
-9.866570536609054981e-15
-5.065666219637670688e-15
-2.600799756467100657e-15
-1.335295118145999493e-15
-6.855633726168052788e-16
-3.519799716831883795e-16
-1.807125430187550473e-16
-9.278091320974278783e-17
-4.763530916135921298e-17
-2.445678319385176506e-17
-1.255653116819211961e-17
-6.446738057416159847e-18
-3.309865680596358612e-18
-1.699341702116635625e-18
-8.724711209526663276e-19
-4.479416093586519570e-19
-2.299808905717423959e-19
-1.180761262698940721e-19
-6.062230457601728655e-20
-3.112452896453518885e-20
-1.597986599221815633e-20
-8.204336760251500609e-21
-4.212246943021524696e-21
-2.162639690139959609e-21
-1.110336239217190285e-21
-5.700656330963740618e-22
-2.926814550038317018e-22
-1.502676694223337668e-22
-7.714999391855671752e-23
-3.961012761104747914e-23
-2.033651760257722766e-23
-1.044111627867081986e-23
-5.360647839279483015e-24
-2.752248369791149023e-24
-1.413051428880322954e-24
-7.254847936606246263e-25
-3.724763126631906285e-25
-1.912357153554187529e-25
-9.818369003391615496e-26
-5.040918727320201431e-26
-2.588093970258184295e-26
-1.328771749995583074e-26
-6.822141637346246575e-27
-3.502604305078608302e-27
-1.798297011424617327e-27
-9.232764707705429090e-28
-4.740259456935923717e-28
-2.433730353847047096e-28
-1.249518826774315777e-28
-6.415243562194552155e-29
-3.293695867594294247e-29
-1.691039843309832246e-29
-8.682088045214558425e-30
-4.457532631361345928e-30
-2.288573561587333000e-30
-1.174992844684321228e-30
-6.032614412017312442e-31
-3.097247511652451854e-31
-1.590179894363458912e-31
-8.164255801076345651e-32
-4.191668692433784388e-32
-2.152074464008455353e-32
-1.104911871254825586e-32
-5.672806697245682052e-33
-2.912516071328657658e-33
-1.495335610477675492e-33
-7.677309011182977070e-34
-3.941661874444503330e-34
-2.023716683777893790e-34
-1.039010789523447168e-34
-5.334459262009045684e-35
-2.738802705897398102e-35
-1.406148194860523106e-35
-7.219405551381660927e-36
-3.706566399318256242e-36
-1.903014642241005585e-36
-9.770402950962111161e-37
-5.016292134870478599e-37
-2.575450256111076185e-37
-1.322280250704293902e-37
-6.788813168702888307e-38
-3.485492898725992072e-38
-1.789511722472448395e-38
-9.187659530268514829e-39
-4.717101686682843596e-39
-2.421840758160474366e-39
-1.243414504810453304e-39
-6.383902928231259865e-40
-3.277605049596206039e-40
-1.682778541890352253e-40
-8.639673109472187805e-41
-4.435756077248546052e-41
-2.277393105912249341e-41
-1.169252607342164817e-41
-6.003143050829579722e-42
-3.082116410297433689e-42
-1.582411327897997495e-42
-8.124370650939244679e-43
-4.171190973558151306e-43
-2.141560852578999122e-43
-1.099514003164085899e-43
-5.645093118404946655e-44
-2.898287445522205918e-44
-1.488030390408334498e-44
-7.639802760763866375e-45
-3.922405523408664231e-45
-2.013830143505992927e-45
-1.033934870499833454e-45
-5.308398624793656094e-46
-2.725422728618119574e-46
-1.399278685473054276e-46
-7.184136314192947694e-47
-3.688458569170350357e-47
-1.893717772254508566e-47
-9.722671228917374098e-48
-4.991785851651805680e-48
-2.562868310782711624e-48
-1.315820464581997822e-48
-6.755647520898129726e-49
-3.468465087379173425e-49
-1.780769352627359815e-49
-9.142774706874686292e-50
-4.694057049967631266e-50
-2.410009247169031750e-50
-1.237340004523424503e-50
-6.352715403861880060e-51
-3.261592840684766119e-51
-1.674557599721692691e-51
-8.597465385032398350e-52
-4.414085908965810307e-52
-2.266267270543575663e-52
-1.163540413000332940e-52
-5.973815667206289308e-53
-3.067059229488800173e-53
-1.574680713506453639e-53
-8.084680353246775273e-54
-4.150813295263338459e-54
-2.131098603696273050e-54
-1.094142505484130488e-54
-5.617514929767615386e-55
-2.884128331363849080e-55
-1.480760858809118293e-55
-7.602479741060007050e-56
-3.903243246158656674e-56
-2.003991902326218828e-56
-1.028883749056965925e-56
-5.282465302602848136e-57
-2.712108117051932652e-57
-1.392442735961724356e-57
-7.149039379153354541e-58
-3.670439201895396133e-58
-1.884466320621438671e-58
-9.675172692474170371e-59
-4.967399289912800701e-59
-2.550347832511597881e-59
-1.309392236699132453e-59
-6.722643898496976307e-60
-3.451520462648383858e-60
-1.772069692214988907e-60
-9.098109161019744521e-61
-4.671124994094834821e-61
-2.398235537109326239e-61
-1.231295180224227861e-61
-6.321680241094452459e-62
-3.245658856828006518e-62
-1.666376819635219579e-62
-8.555463859598157580e-63
-4.392521606782387646e-63
-2.255195788642582832e-63
-1.157856124659320198e-63
-5.944631557768355233e-64
-3.052075608099600886e-64
-1.566987865780158226e-64
-8.045183956078864338e-65
-4.130535168817163416e-65
-2.120687466436929625e-65
-1.088797249386585233e-65
-5.590071469906606743e-66
-2.870038389265764540e-66
-1.473526841329783548e-66
-7.565339056927184647e-67
-3.884174583112338590e-67
-1.994201724281174878e-67
-1.023857304050248848e-67
-5.256658673459604727e-68
-2.698858551865342355e-68
-1.385640182375151107e-68
-7.114113904508522741e-69
-3.652507865322504888e-69
-1.875260065457727414e-69
-9.627906202441855273e-70
-4.943131864773768245e-70
-2.537888521010304020e-70
-1.302995412883008517e-70
-6.689801509950833471e-71
-3.434658618138776001e-71
-1.763412532585290665e-71
-9.053661821459153224e-72
-4.648304969068839597e-72
-2.386519345604227913e-72
-1.225279886935681092e-72
-6.290796695590856719e-73
-3.229802715870038149e-73
-1.658236005425651888e-73
-8.513667525817357616e-74
-4.371062653506524992e-74
-2.244178394674298061e-74
-1.152199605988843696e-74
-5.915590022572853885e-75
-3.037165186767329584e-75
-1.559332600216136998e-75
-8.005880512165772550e-76
-4.110356107875362002e-76
-2.110327191103346666e-76
-1.083478106672432683e-76
-5.562762080626531321e-77
-2.856017281298966821e-77
-1.466328164471825294e-77
-7.528379817594804209e-78
-3.865199076932561879e-78
-1.984459374566168920e-78
-1.018855414926991558e-78
-5.230978118425622518e-79
-2.685673715284637426e-79
-1.378870861563009329e-79
-7.079359052616549085e-80
-3.634664129391722997e-80
-1.866098785963420426e-80
-9.580870625195387313e-81
-4.918982994211850619e-81
-2.525490077458586131e-81
-1.296629839714160300e-81
-6.657119567577420464e-82
-3.417879149441126819e-82
-1.754797666107596078e-82
-9.009431622180869105e-83
-4.625596427581277161e-83
-2.374860391656184357e-83
-1.219293980388742792e-83
-6.260064026649760167e-84
-3.214024037522026603e-84
-1.650134961846073961e-84
-8.472075381259754450e-85
-4.349708534473248893e-85
-2.233214824400754736e-85
-1.146570721324722323e-85
-5.886690365096486190e-86
-3.022327607884784500e-86
-1.551714733212886179e-86
-7.966769078865720544e-87
-4.090275628469213199e-87
-2.100017529217908547e-87
-1.078184949768980271e-87
-5.535586106946950467e-88
-2.842064671185572063e-88
-1.459164655584379816e-88
-7.491601136643237580e-89
-3.846316272516698700e-89
-1.974764619523664202e-89
-1.013877961723342185e-89
-5.205423021586398891e-90
-2.672553291088767945e-90
-1.372134611171880787e-90
-7.044773989927794208e-91
-3.616907566144398068e-91
-1.856982262417058845e-91
-9.534064832648002392e-92
-4.894952099047996319e-92
-2.513152204495785173e-92
-1.290295364522645633e-92
-6.624597287543122988e-93
-3.401181654121546867e-93
-1.746224886165606751e-93
-8.965417502381449064e-94
-4.602998824997103166e-94
-2.363258395640441597e-94
-1.213337317019278136e-94
-6.229481497187785065e-95
-3.198322443353020768e-95
-1.642073494603557141e-95
-8.430686428391469291e-96
-4.328458737531961897e-96
-2.222304814875068193e-96
-1.140969335665426028e-96
-5.857931892218790614e-97
-3.007562515592054840e-97
-1.544134082065702513e-97
-7.927848718142165851e-98
-4.070293248994700877e-98
-2.089758233516688081e-98
-1.072917651726786757e-98
-5.508542897087703669e-99
-2.828180224290243744e-99
-1.452036142860060625e-99
-7.455002131983954796e-100
-3.827525716985069749e-100
-1.965117226637649507e-100
-1.008924825061600022e-100
-5.179992770035934658e-101
-2.659496964601530787e-101
-1.365431269641615440e-101
-7.010357886964191175e-102
-3.599237749712598271e-102
-1.847910276170757063e-102
-9.487487702223205335e-103
-4.871038602932631210e-103
-2.500874606214165504e-103
-1.283991835384257139e-103
-6.592233889843617625e-104
-3.384565731712463872e-104
-1.737693987152266550e-104
-8.921618406439830502e-105
-4.580511619342395103e-105
-2.351713079298108087e-105
-1.207409753964511455e-105
-6.199048373722986172e-106
-3.182697556780560334e-106
-1.634051410354360135e-106
-8.389499674552634606e-107
-4.307312753033723359e-107
-2.211448104434937699e-107
-1.135395314669050901e-107
-5.829313914204929085e-108
-2.992869555767725142e-108
-1.536590464962590033e-108
-7.889118496540514609e-109
-4.050408490200602599e-109
-2.079549057943905140e-109
-1.067676086216510604e-109
-5.481631802452793402e-110
-2.814363607612695207e-110
-1.444942455330695697e-110
-7.418581925837726277e-111
-3.808826959670791621e-111
-1.955516964527862979e-111
-1.003995886147264257e-111
-5.154686753862929900e-112
-2.646504422683794480e-112
-1.358760676201301113e-112
-6.976109918300750562e-113
-3.581654256308594595e-113
-1.838882609644744671e-113
-9.441138116829751097e-114
-4.847241932331430152e-114
-2.488656988151530341e-114
-1.277719101117134563e-114
-6.560028598284599192e-115
-3.368030983702627908e-115
-1.729204764465175686e-115
-8.878033283891255640e-116
-4.558134271290824179e-116
-2.340224165729947042e-116
-1.201511149059497775e-116
-6.168763926356548891e-117
-3.167149003062280258e-117
-1.626068516699150837e-117
-8.348514131932626442e-118
-4.286270073819891951e-118
-2.200644432696183015e-118
-1.129848524649965610e-118
-5.800835744690318650e-119
-2.978248376020128034e-119
-1.529083700979720945e-119
-7.850577485167313679e-120
-4.030620875176657066e-120
-2.069389757645785021e-120
-1.062460127526093004e-120
-5.454852177614367323e-121
-2.800614489779376159e-121
-1.437883422863514427e-121
-7.382339644712938369e-122
-3.790219552108533759e-122
-1.945963602944638669e-122
-9.990910267661002605e-123
-5.129504366135557631e-123
-2.633575353726519779e-123
-1.352122670865483784e-123
-6.942029262543970978e-124
-3.564156664215409844e-124
-1.829899046322254698e-124
-9.395014964832419416e-125
-4.823561516512531419e-125
-2.476499057284298297e-125
-1.271477011277810185e-125
-6.527980640464485676e-126
-3.351577013527747994e-126
-1.720757014501242514e-126
-8.834661089403855864e-127
-4.535866244150982597e-127
-2.328791379389137083e-127
-1.195641360833952081e-127
-6.138627428755638317e-128
-3.151676409286107921e-128
-1.618124622178719292e-128
-8.307728817546837407e-129
-4.265330195208859084e-129
-2.189893540546938559e-129
-1.124328832575670716e-129
-5.772496700662674573e-130
-2.963698625679485543e-130
-1.521613610077184762e-130
-7.812224759665953330e-131
-4.010929929342929598e-131
-2.059280088964805394e-131
-1.057269650557470149e-131
-5.428203380298322282e-132
-2.786932541035689718e-132
-1.430858876156697547e-132
-7.346274419386119215e-133
-3.771703048023977890e-133
-1.936456912762880193e-133
-9.942101292815029195e-134
-5.104445002887204384e-134
-2.620709447642609349e-134
-1.345517094430215243e-134
-6.908115102314520943e-135
-3.546744553775793768e-135
-1.820959370744173173e-135
-9.349117140028573035e-136
-4.799996787531605422e-136
-2.464400522020267029e-136
-1.265265416158037257e-136
-6.496089247754207884e-137
-3.335203426560689936e-137
-1.712350534652386140e-137
-8.791500782751300767e-138
-4.513707003853121267e-138
-2.317414446075458534e-138
-1.189800248508549450e-138
-6.108638158135447242e-139
-3.136279404362400613e-139
-1.610219536268967217e-139
-8.267142753212407143e-140
-4.244492614985404716e-140
-2.179195170140877822e-140
-1.118836106063511322e-140
-5.744296102447605589e-141
-2.949219955788741372e-141
-1.514180013094541140e-141
-7.774059400197170898e-142
-3.991335180437396584e-142
-2.049219809433676663e-142
-1.052104530823935447e-142
-5.401684771367516532e-143
-2.773317433237841463e-143
-1.423868646735808231e-143
-7.310385384879203894e-144
-3.753277003322789569e-144
-1.926996665977230286e-144
-9.893530766314209637e-145
-5.079508063101546594e-145
-2.607906395860368130e-145
-1.338943788469275341e-145
-6.874366624225057315e-146
-3.529417507383367119e-146
-1.812063368503925980e-146
-9.303443541618150001e-147
-4.776547180219875502e-147
-2.452361092191692832e-147
-1.259084166780727725e-147
-6.464353655281004086e-148
-3.318909830102116491e-148
-1.703985123300042376e-148
-8.748551328790872874e-149
-4.491656018936480491e-149
-2.306093092927856731e-149
-1.183987671991957339e-149
-6.078795395242047119e-150
-3.120957619013876978e-150
-1.602353069376892112e-150
-8.226754965524994607e-151
-4.223756833387073570e-151
-2.168549064891774086e-151
-1.113370213377535041e-151
-5.716233273690179271e-152
-2.934812019096198443e-152
-1.506782731746566133e-152
-7.736080491414101576e-153
-3.971836158505992150e-153
-2.039208677769584954e-153
-1.046964644446761389e-153
-5.375295714808280849e-154
-2.759768839845053138e-154
-1.416912566949219573e-154
-7.274671680441292071e-155
-3.734940976080082300e-155
-1.917582635695885957e-155
-9.845197523258874096e-156
-5.054692948698286029e-156
-2.595165891315129490e-156
-1.332402595330637429e-156
-6.840783018861915553e-157
-3.512175109471295893e-157
-1.803210826242696717e-157
-9.257993074178878238e-158
-4.753212132168789832e-158
-2.440380479048817499e-158
-1.252933114896597214e-158
-6.432773101907668960e-159
-3.302695833371723283e-159
-1.695660579810623610e-159
-8.705811697435378711e-160
-4.469712760537427583e-160
-2.294827048418296606e-160
-1.178203491877032865e-160
-6.049098424336347237e-161
-3.105710685767300398e-161
-1.594525032835443457e-161
-8.186564485837070469e-162
-4.203122353092922555e-162
-2.157954969466539137e-162
-1.107931023425554611e-162
-5.688307541339687522e-163
-2.920474470046099453e-163
-1.499421588619275815e-163
-7.698287122441664075e-164
-3.952432395889852483e-164
-2.029246453868814636e-164
-1.041849868152410798e-164
-5.349035577713169173e-165
-2.746286435912279240e-165
-1.409990469964340986e-165
-7.239132449525298488e-166
-3.716694526530559529e-166
-1.908214596135487406e-166
-9.797100404438601574e-167
-5.029999064519813634e-167
-2.582487628442346622e-167
-1.325893358132230783e-167
-6.807363480766858757e-168
-3.495016946502932328e-168
-1.794401531643690284e-168
-9.212764647641564676e-169
-4.729991083717355613e-169
-2.428458395252104433e-169
-1.246812112980823418e-169
-6.401346830215408221e-170
-3.286561047497735058e-170
-1.687376704530992993e-170
-8.663280863629951956e-171
-4.447876702375244493e-171
-2.283616042345640308e-171
-1.172447569437686140e-171
-6.019546533174845869e-172
-3.090538238945197864e-172
-1.586735238899274098e-172
-8.146570350231878278e-173
-4.182588679212305335e-173
-2.147412629779475234e-173
-1.102518405755622053e-173
-5.660518235634471418e-174
-2.906206964770846372e-174
-1.492096407165157947e-174
-7.660678386856022954e-175
-3.933123427214789546e-175
-2.019332898800288286e-175
-1.036760079269757009e-175
-5.322903730266703162e-176
-2.732869898081471822e-176
-1.403102189763856148e-176
-7.203766839768664701e-177
-3.698537217056688286e-177
-1.898892322616029410e-177
-9.749238256306107353e-178
-5.005425818315202630e-178
-2.569871303170696339e-178
-1.319415920758406985e-178
-6.774107208415417034e-179
-3.477942606962492053e-179
-1.785635273427351388e-179
-9.167757177260801871e-180
-4.706883477939519985e-180
-2.416594554865769394e-180
-1.240721014229079559e-180
-6.370074086486775120e-181
-3.270505085508148867e-181
-1.679133298783098420e-181
-8.620957807328946475e-182
-4.426147320740275127e-182
-2.272459805828384534e-182
-1.166719766625750432e-182
-5.990139012993595796e-183
-3.075439914656022805e-183
-1.578983500740505926e-183
-8.106771599501719056e-184
-4.162155319271567650e-184
-2.136921792986546312e-184
-1.097132230553092857e-184
-5.632864690083917879e-185
-2.892009161083244755e-185
-1.484807011699194554e-185
-7.623253382660216098e-186
-3.913908789380795775e-186
-2.009467774800190037e-186
-1.031695155726786028e-186
-5.296899545731178713e-187
-2.719518904574295691e-187
-1.396247561141258532e-187
-7.168574002974142508e-188
-3.680468612178850034e-188
-1.889615591554819086e-188
-9.701609930951240107e-189
-4.980972620726874611e-189
-2.557316612913908783e-189
-1.312970127856420425e-189
-6.741013404198846653e-190
-3.460951681343988528e-190
-1.776911841346602369e-190
-9.122969583590536190e-191
-4.683888760629195941e-191
-2.404788673351334240e-191
-1.234659672554227661e-191
-6.338954120685391013e-192
-3.254527562322009343e-192
-1.670930164859498794e-192
-8.578841513468504439e-193
-4.404524094482117494e-193
-2.261358071298602356e-193
-1.161019946067271143e-193
-5.960875158492224284e-194
-3.060415350785965121e-194
-1.571269632443709549e-194
-8.067167279126338144e-195
-4.141821783202959619e-195
-2.126482207478577366e-195
-1.091772368637697096e-195
-5.605346241453448072e-196
-2.877880718467306755e-196
-1.477553227394902616e-196
-7.586011212263848537e-197
-3.894788021549593122e-197
-1.999650845266603494e-197
-1.026654976047847620e-197
-5.271022400429806439e-198
-2.706233135184877899e-198
-1.389426419697132544e-198
-7.133553095086979676e-199
-3.662488278545517363e-199
-1.880384180461441490e-199
-9.654214286070114418e-200
-4.956638885277316510e-200
-2.544823256563949987e-200
-1.306555824832251703e-200
-6.708081274406138339e-201
-3.444043762142012918e-201
-1.768231026181188554e-201
-9.078400792459725525e-202
-4.661006380287784388e-202
-2.393040467559975194e-202
-1.228627942583026069e-202
-6.307986186439062144e-203
-3.238628094739052886e-203
-1.662767106018905606e-203
-8.536930971943707410e-204
-4.383006504995610260e-204
-2.250310572495913874e-204
-1.155347971059412997e-204
-5.931754267814968194e-205
-3.045464186990785485e-205
-1.563593449001714623e-205
-8.027756439247248465e-206
-4.121587583333583286e-206
-2.116093622875591868e-206
-1.086438691460067703e-206
-5.577962229749564831e-207
-2.863821298070580811e-207
-1.470334880279631392e-207
-7.548950982462851174e-208
-3.875760665134258981e-208
-1.989881874753149220e-208
-1.021639419350915757e-208
-5.245271673732673295e-209
-2.693012271271192729e-209
-1.382638601835447120e-209
-7.098703276175927797e-210
-3.644595784921605628e-210
-1.871197867932743709e-210
-9.607050184939398042e-211
-4.932424028353303174e-211
-2.532390934484236858e-211
-1.300172857847125549e-211
-6.675310029202683896e-212
-3.427218443842544983e-212
-1.759592619732969295e-212
-9.034049734943465568e-213
-4.638235788111737596e-213
-2.381349655726147357e-213
-1.222625679652219848e-213
-6.277169541022955262e-214
-3.222806301431082884e-214
-1.654643926480892531e-214
-8.495225177585796973e-215
-4.361594036209157492e-215
-2.239317044460325269e-215
-1.149703705567377197e-215
-5.902775642534870133e-216
-3.030586064686125211e-216
-1.555954766311441477e-216
-7.988538134646351486e-217
-4.101452234372281741e-217
-2.105755790021164561e-217
-1.081131071098845793e-217
-5.550711998202108588e-218
-2.849830562696514408e-218
-1.463151797230647220e-218
-7.512071804415466875e-219
-3.856826263788880897e-219
-1.980160628963685755e-219
-1.016648365344339465e-219
-5.219646748042749097e-220
-2.679855995747895060e-220
-1.375883944759154785e-220
-7.064023710414297739e-221
-3.626790702178761397e-221
-1.862056433646881590e-221
-9.560116496390666809e-222
-4.908327469192760767e-222
-2.520019348501576186e-222
-1.293821073814044498e-222
-6.642698882612486781e-223
-3.410475322912050420e-223
-1.750996414821220627e-223
-8.989915347339426598e-224
-4.615576437977542119e-224
-2.369715957461232334e-224
-1.216652739805352552e-224
-6.246503445339265763e-225
-3.207061802933367881e-225
-1.646560431421582557e-225
-8.453723130134665787e-226
-4.340286174573090765e-226
-2.228377223526390648e-226
-1.144087014220678939e-226
-5.873938587638034191e-227
-3.015780627039606042e-227
-1.548353401168861292e-227
-7.949511424724620466e-228
-4.081415253398945492e-228
-2.095468460975604312e-228
-1.075849380257795090e-228
-5.523594893249777103e-229
-2.835908176795222799e-229
-1.456003805971229203e-229
-7.475372793622660230e-230
-3.837984363396074482e-230
-1.970486874747023746e-230
-1.011681694324191375e-230
-5.194147008778983745e-231
-2.666763993079162124e-231
-1.369162286466606370e-231
-7.029513566057083071e-232
-3.609072603285686262e-232
-1.852959658358464177e-232
-9.513412094779466271e-233
-4.884348629871675017e-233
-2.507708201899598855e-233
-1.287500320393596067e-233
-6.610247052500442873e-234
-3.393813997788589180e-234
-1.742442205276969132e-234
-8.945996571141315936e-235
-4.593027786430995700e-235
-2.358139093745866151e-235
-1.210708979789176169e-235
-6.215987163902710617e-236
-3.191394221634259737e-236
-1.638516426968785503e-236
-8.412423834219220800e-237
-4.319082409045616488e-237
-2.217490847316631530e-237
-1.138497762310489732e-237
-5.845242411504600563e-238
-3.001047518961926298e-238
-1.540789171265398738e-238
-7.910675373476359807e-239
-4.061476159852461033e-239
-2.085231389011084641e-239
-1.070593492262320157e-239
-5.496610264523828312e-240
-2.822053806456904375e-240
-1.448890735065954259e-240
-7.438853069906048997e-241
-3.819234512058061565e-241
-1.960860380090548656e-241
-1.006739287171281005e-241
-5.168771844364240412e-242
-2.653735949270064436e-242
-1.362473465747508916e-242
-6.995172015424634128e-243
-3.591441063296453999e-243
-1.843907323893084408e-243
-9.466935859963197005e-244
-4.860486935288270173e-244
-2.495457199411350889e-244
-1.281210445990964831e-244
-6.577953760550935929e-245
-3.377234068871794467e-245
-1.733929785938940864e-245
-8.902292353015025796e-246
-4.570589292671022446e-246
-2.346618786924457750e-246
-1.204794257050419703e-246
-6.185619964818621012e-247
-3.175803181767779858e-247
-1.630511720197629019e-247
-8.371326299327742753e-248
-4.297982231082782992e-248
-2.206657654735627106e-248
-1.132935815785624753e-248
-5.816686425895169635e-249
-2.986386387098856041e-249
-1.533261895182504087e-249
-7.872029049470831120e-250
-4.041634475519881493e-250
-2.075044328604297388e-250
-1.065363281056977947e-250
-5.469757464833417230e-251
-2.808267119401894054e-251
-1.441812413917331103e-251
-7.402511757388071638e-252
-3.800576260083217370e-252
-1.951280914115662685e-252
-1.001821025348470321e-252
-5.143520646207084442e-253
-2.640771551860397277e-253
-1.355817322179289698e-253
-6.960998234878009100e-254
-3.573895659342161475e-254
-1.834899213142399057e-254
-9.420686677267763011e-255
-4.836741813151720343e-255
-2.483266047212643490e-255
-1.274951299751416351e-255
-6.545818232252557063e-256
-3.360735138513867730e-256
-1.725458952647454446e-256
-8.858801644772832089e-257
-4.548260418540110675e-257
-2.335154760696923267e-257
-1.198908429732301624e-257
-6.155401119770005230e-258
-3.160288309402426429e-258
-1.622546119125836007e-258
-8.330429539790364247e-259
-4.276985134623332677e-259
-2.195877385963617332e-259
-1.127401041250174016e-259
-5.788269945930307621e-260
-2.971796879822588690e-260
-1.525771392388443869e-260
-7.833571525824509496e-261
-4.021889724524718595e-261
-2.064907035432109562e-261
-1.060158621201724256e-261
-5.443035850149749558e-262
-2.794547784974788032e-262
-1.434768672760721534e-262
-7.366347984470533596e-263
-3.782009159978115624e-263
-1.941748247070911117e-263
-9.969267908977707763e-264
-5.118392808691019790e-264
-2.627870489915379881e-264
-1.349193696123171685e-264
-6.926991404804406549e-265
-3.556435970618340737e-265
-1.825935110058817651e-265
-9.374663437467859462e-266
-4.813112693965107062e-266
-2.471134452914856517e-266
-1.268722731557629944e-266
-6.513839696875037146e-267
-3.344316811009840428e-267
-1.717029502240807974e-267
-8.815523403344745444e-268
-4.526040628509821387e-268
-2.323746740113798333e-268
-1.193051356670648878e-268
-6.125329903997931621e-269
-3.144849232434563079e-269
-1.614619432708473065e-269
-8.289732574752536829e-270
-4.256090616079756431e-270
-2.185149782449401170e-270
-1.121893305959909186e-270
-5.759992290078432731e-271
-2.957278647222122852e-271
-1.518317483233440811e-271
-7.795301880184700312e-272
-4.002241433313928247e-272
-2.054819266364986808e-272
-1.054979387869695974e-272
-5.416444779588472418e-273
-2.780895474135541877e-273
-1.427759342661335777e-273
-7.330360883810780511e-274
-3.763532766435479136e-274
-1.932262150327918194e-274
-9.920564664371186187e-275
-5.093387729158180878e-275
-2.615032454020150857e-275
-1.342602428719805980e-275
-6.893150709595099450e-276
-3.539061578377515402e-276
-1.817014799649590497e-276
-9.328865036757104120e-277
-4.789599011015344975e-277
-2.459062125556943927e-277
-1.262524592025656191e-277
-6.482017387455618516e-278
-3.327978692586758759e-278
-1.708641232549810706e-278
-8.772456590759544349e-279
-4.503929389666409353e-279
-2.312394451568836271e-279
-1.187222897391332632e-279
-6.095405596282076629e-280
-3.129485580578401437e-280
-1.606731470834479588e-280
-8.249234428148689120e-281
-4.235298174324732789e-281
-2.174474586905636202e-281
-1.116412477818719630e-281
-5.731852780137462918e-282
-2.942831341096906548e-282
-1.510899988944849894e-282
-7.757219194704694521e-283
-3.982689130649305642e-283
-2.044780779460462576e-283
-1.049825456843848334e-283
-5.389983615398025479e-284
-2.767309859450633761e-284
-1.420784255509685293e-284
-7.294549592305934870e-285
-3.745146636322223746e-285
-1.922822396375231565e-285
-9.872099351582414775e-286
-5.068504807893155065e-286
-2.602257136271443440e-286
-1.336043361886386399e-286
-6.859475337623532879e-287
-3.521772065917924145e-287
-1.808138067972903393e-287
-9.283290376718402258e-288
-4.766200200357929061e-288
-2.447048775600145447e-288
-1.256356732500906117e-288
-6.450350540778405300e-289
-3.311720391396519362e-289
-1.700293942392353483e-289
-8.729600174116832675e-290
-4.481926171701138749e-290
-2.301097622791659855e-290
-1.181422912106485007e-290
-6.065627478927607972e-291
-3.114196985356054611e-291
-1.598882044321549096e-291
-8.208934128684488548e-292
-4.214607310677670459e-292
-2.163851543301911945e-292
-1.110958425376211554e-292
-5.703850741216610093e-293
-2.928454614947457434e-293
-1.503518731623908444e-293
-7.719322556019132775e-294
-3.963232347594796983e-294
-2.034791333958742991e-294
-1.044696704513622221e-294
-5.363651722942473553e-295
-2.753790615087114325e-295
-1.413843244017069290e-295
-7.258913251069653024e-296
-3.726850328671404867e-296
-1.913428758812214109e-296
-9.823870808235124336e-297
-5.043743448112076953e-297
-2.589544230269312580e-297
-1.329516338312391955e-297
-6.825964481230575537e-298
-3.504567018572336347e-298
-1.799304702132117425e-298
-9.237938364303978441e-299
-4.742915700801784248e-299
-2.435094114920191385e-299
-1.250219005055449653e-299
-6.418838397353868589e-300
-3.295541517505328545e-300
-1.691987431569753630e-300
-8.686953125559309609e-301
-4.460030446896000048e-301
-2.289855982842814678e-301
-1.175651261710747095e-301
-6.035994837745864530e-302
-3.098983080090844369e-302
-1.591070964911050287e-302
-8.168830709810686521e-303
-4.194017528895648341e-303
-2.153280396857876108e-303
-1.105531017824169126e-303
-5.675985501724110245e-304
-2.914148123966064514e-304
-1.496173534240946244e-304
-7.681611055227395604e-305
-3.943870617503908612e-305
-2.024850690276222982e-305
-1.039593007872694972e-305
-5.337448470684460859e-306
-2.740337416803833690e-306
-1.406936141712532974e-306
-7.223451005409067284e-307
-3.708643404670344366e-307
-1.904081012344926846e-307
-9.775877877628307450e-308
-5.019103055946566644e-308
-2.576893431111569624e-308
-1.323021201455363427e-308
-6.792617336702766673e-309
-3.487446023700510913e-309
-1.790514490270050921e-309
-9.192807911805964513e-310
-4.719744953899066824e-310
-2.423197856799576081e-310
-1.244111262484026789e-310
-6.387480201404969092e-311
-3.279441682883306386e-311
-1.683721500861329367e-311
-8.644514422255215349e-312
-4.438241690111429747e-312
-2.278669262104215510e-312
-1.169907807777588860e-312
-6.006506962025450534e-313
-3.083843499915498209e-313
-1.583298045271441216e-313
-8.128923209673439662e-314
-4.173528335267248367e-314
-2.142760893780697316e-314
-1.100130124845588211e-314
-5.648256392008792687e-315
-2.899911524743879191e-315
-1.488864220016642878e-315
-7.644083772382177431e-316
-3.924603491414335562e-316
-2.014958595252305952e-316
-1.034514273327198482e-316
-5.311373181047340532e-317
-2.726949878181342906e-317
-1.400062970493444966e-317
-7.188161081344295971e-318
-3.690527095396817724e-318
-1.894781277052847797e-318
-9.728103160049560330e-319
-4.994608426938329564e-319
-2.564299515045237814e-319
-1.316586133037753791e-319
-6.759312100754093971e-320
-3.470317096388915726e-320
-1.781600718903535038e-320
-9.150095760979885998e-321
-4.698564291950254635e-321
-2.411040351705283136e-321
-1.235164114603116360e-321
-6.373446831352080420e-322
-3.260833262552227192e-322
-1.679823195860238250e-322
-8.893181625142437795e-323
-4.446590812571218898e-323
-1.976262583364986177e-323
-9.881312916824930884e-324
-4.940656458412465442e-324
-4.940656458412465442e-324
0.000000000000000000e+00
0.000000000000000000e+00
0.000000000000000000e+00
0.000000000000000000e+00
0.000000000000000000e+00
0.000000000000000000e+00
0.000000000000000000e+00
0.000000000000000000e+00
0.000000000000000000e+00
0.000000000000000000e+00
0.000000000000000000e+00
0.000000000000000000e+00
0.000000000000000000e+00
0.000000000000000000e+00
0.000000000000000000e+00
0.000000000000000000e+00
0.000000000000000000e+00
0.000000000000000000e+00
0.000000000000000000e+00
0.000000000000000000e+00
0.000000000000000000e+00
0.000000000000000000e+00
0.000000000000000000e+00
0.000000000000000000e+00
0.000000000000000000e+00
0.000000000000000000e+00
0.000000000000000000e+00
0.000000000000000000e+00
0.000000000000000000e+00
0.000000000000000000e+00
0.000000000000000000e+00
0.000000000000000000e+00
0.000000000000000000e+00
0.000000000000000000e+00
0.000000000000000000e+00
0.000000000000000000e+00
0.000000000000000000e+00
0.000000000000000000e+00
0.000000000000000000e+00
0.000000000000000000e+00
0.000000000000000000e+00
0.000000000000000000e+00
0.000000000000000000e+00
0.000000000000000000e+00
0.000000000000000000e+00
0.000000000000000000e+00
0.000000000000000000e+00
0.000000000000000000e+00
0.000000000000000000e+00
0.000000000000000000e+00
0.000000000000000000e+00
0.000000000000000000e+00
0.000000000000000000e+00
0.000000000000000000e+00
0.000000000000000000e+00
0.000000000000000000e+00
0.000000000000000000e+00
0.000000000000000000e+00
0.000000000000000000e+00
0.000000000000000000e+00
0.000000000000000000e+00
0.000000000000000000e+00
0.000000000000000000e+00
0.000000000000000000e+00
0.000000000000000000e+00
0.000000000000000000e+00
0.000000000000000000e+00
0.000000000000000000e+00
0.000000000000000000e+00
0.000000000000000000e+00
0.000000000000000000e+00
0.000000000000000000e+00
0.000000000000000000e+00
0.000000000000000000e+00
0.000000000000000000e+00
0.000000000000000000e+00
0.000000000000000000e+00
0.000000000000000000e+00
0.000000000000000000e+00
0.000000000000000000e+00
0.000000000000000000e+00
0.000000000000000000e+00
0.000000000000000000e+00
0.000000000000000000e+00
0.000000000000000000e+00
0.000000000000000000e+00
0.000000000000000000e+00
0.000000000000000000e+00
0.000000000000000000e+00
0.000000000000000000e+00
0.000000000000000000e+00
0.000000000000000000e+00
0.000000000000000000e+00
0.000000000000000000e+00
0.000000000000000000e+00
0.000000000000000000e+00
0.000000000000000000e+00
0.000000000000000000e+00
0.000000000000000000e+00
0.000000000000000000e+00
0.000000000000000000e+00
0.000000000000000000e+00
0.000000000000000000e+00
0.000000000000000000e+00
0.000000000000000000e+00
0.000000000000000000e+00
0.000000000000000000e+00
0.000000000000000000e+00
0.000000000000000000e+00
0.000000000000000000e+00
0.000000000000000000e+00
0.000000000000000000e+00
0.000000000000000000e+00
0.000000000000000000e+00
0.000000000000000000e+00
0.000000000000000000e+00
0.000000000000000000e+00
0.000000000000000000e+00
0.000000000000000000e+00
0.000000000000000000e+00
0.000000000000000000e+00
0.000000000000000000e+00
0.000000000000000000e+00
0.000000000000000000e+00
0.000000000000000000e+00
0.000000000000000000e+00
0.000000000000000000e+00
0.000000000000000000e+00
0.000000000000000000e+00
0.000000000000000000e+00
0.000000000000000000e+00
0.000000000000000000e+00
0.000000000000000000e+00
0.000000000000000000e+00
0.000000000000000000e+00
0.000000000000000000e+00
0.000000000000000000e+00
0.000000000000000000e+00
0.000000000000000000e+00
0.000000000000000000e+00
0.000000000000000000e+00
0.000000000000000000e+00
0.000000000000000000e+00
0.000000000000000000e+00
0.000000000000000000e+00
0.000000000000000000e+00
0.000000000000000000e+00
0.000000000000000000e+00
0.000000000000000000e+00
0.000000000000000000e+00
0.000000000000000000e+00
0.000000000000000000e+00
0.000000000000000000e+00
0.000000000000000000e+00
0.000000000000000000e+00
0.000000000000000000e+00
0.000000000000000000e+00
0.000000000000000000e+00
0.000000000000000000e+00
0.000000000000000000e+00
0.000000000000000000e+00
0.000000000000000000e+00
0.000000000000000000e+00
0.000000000000000000e+00
0.000000000000000000e+00
0.000000000000000000e+00
0.000000000000000000e+00
0.000000000000000000e+00
0.000000000000000000e+00
0.000000000000000000e+00
0.000000000000000000e+00
0.000000000000000000e+00
0.000000000000000000e+00
0.000000000000000000e+00
0.000000000000000000e+00
0.000000000000000000e+00
0.000000000000000000e+00
0.000000000000000000e+00
0.000000000000000000e+00
0.000000000000000000e+00
0.000000000000000000e+00
0.000000000000000000e+00
0.000000000000000000e+00
0.000000000000000000e+00
0.000000000000000000e+00
0.000000000000000000e+00
0.000000000000000000e+00
0.000000000000000000e+00
0.000000000000000000e+00
0.000000000000000000e+00
0.000000000000000000e+00
0.000000000000000000e+00
0.000000000000000000e+00
0.000000000000000000e+00
0.000000000000000000e+00
0.000000000000000000e+00
0.000000000000000000e+00
0.000000000000000000e+00
0.000000000000000000e+00
0.000000000000000000e+00
0.000000000000000000e+00
0.000000000000000000e+00
0.000000000000000000e+00
0.000000000000000000e+00
0.000000000000000000e+00
0.000000000000000000e+00
0.000000000000000000e+00
0.000000000000000000e+00
0.000000000000000000e+00
0.000000000000000000e+00
0.000000000000000000e+00
0.000000000000000000e+00
0.000000000000000000e+00
0.000000000000000000e+00
0.000000000000000000e+00
0.000000000000000000e+00
0.000000000000000000e+00
0.000000000000000000e+00
0.000000000000000000e+00
0.000000000000000000e+00
0.000000000000000000e+00
0.000000000000000000e+00
0.000000000000000000e+00
0.000000000000000000e+00
0.000000000000000000e+00
0.000000000000000000e+00
0.000000000000000000e+00
0.000000000000000000e+00
0.000000000000000000e+00
0.000000000000000000e+00
0.000000000000000000e+00
0.000000000000000000e+00
0.000000000000000000e+00
0.000000000000000000e+00
0.000000000000000000e+00
0.000000000000000000e+00
0.000000000000000000e+00
0.000000000000000000e+00
0.000000000000000000e+00
0.000000000000000000e+00
0.000000000000000000e+00
0.000000000000000000e+00
0.000000000000000000e+00
0.000000000000000000e+00
0.000000000000000000e+00
0.000000000000000000e+00
0.000000000000000000e+00
0.000000000000000000e+00
0.000000000000000000e+00
0.000000000000000000e+00
0.000000000000000000e+00
0.000000000000000000e+00
0.000000000000000000e+00
0.000000000000000000e+00
0.000000000000000000e+00
0.000000000000000000e+00
0.000000000000000000e+00
0.000000000000000000e+00
0.000000000000000000e+00
0.000000000000000000e+00
0.000000000000000000e+00
0.000000000000000000e+00
0.000000000000000000e+00
0.000000000000000000e+00
0.000000000000000000e+00
0.000000000000000000e+00
0.000000000000000000e+00
0.000000000000000000e+00
0.000000000000000000e+00
0.000000000000000000e+00
0.000000000000000000e+00
0.000000000000000000e+00
0.000000000000000000e+00
0.000000000000000000e+00
0.000000000000000000e+00
0.000000000000000000e+00
0.000000000000000000e+00
0.000000000000000000e+00
0.000000000000000000e+00
0.000000000000000000e+00
0.000000000000000000e+00
0.000000000000000000e+00
0.000000000000000000e+00
0.000000000000000000e+00
0.000000000000000000e+00
0.000000000000000000e+00
0.000000000000000000e+00
0.000000000000000000e+00
0.000000000000000000e+00
0.000000000000000000e+00
0.000000000000000000e+00
0.000000000000000000e+00
0.000000000000000000e+00
0.000000000000000000e+00
0.000000000000000000e+00
0.000000000000000000e+00
0.000000000000000000e+00
0.000000000000000000e+00
0.000000000000000000e+00
0.000000000000000000e+00
0.000000000000000000e+00
0.000000000000000000e+00
0.000000000000000000e+00
0.000000000000000000e+00
0.000000000000000000e+00
0.000000000000000000e+00
0.000000000000000000e+00
0.000000000000000000e+00
0.000000000000000000e+00
0.000000000000000000e+00
0.000000000000000000e+00
0.000000000000000000e+00
0.000000000000000000e+00
0.000000000000000000e+00
0.000000000000000000e+00
0.000000000000000000e+00
0.000000000000000000e+00
0.000000000000000000e+00
0.000000000000000000e+00
0.000000000000000000e+00
0.000000000000000000e+00
0.000000000000000000e+00
0.000000000000000000e+00
0.000000000000000000e+00
0.000000000000000000e+00
0.000000000000000000e+00
0.000000000000000000e+00
0.000000000000000000e+00
0.000000000000000000e+00
0.000000000000000000e+00
0.000000000000000000e+00
0.000000000000000000e+00
0.000000000000000000e+00
0.000000000000000000e+00
0.000000000000000000e+00
0.000000000000000000e+00
0.000000000000000000e+00
0.000000000000000000e+00
0.000000000000000000e+00
0.000000000000000000e+00
0.000000000000000000e+00
0.000000000000000000e+00
0.000000000000000000e+00
0.000000000000000000e+00
0.000000000000000000e+00
0.000000000000000000e+00
0.000000000000000000e+00
0.000000000000000000e+00
0.000000000000000000e+00
0.000000000000000000e+00
0.000000000000000000e+00
0.000000000000000000e+00
0.000000000000000000e+00
0.000000000000000000e+00
0.000000000000000000e+00
0.000000000000000000e+00
0.000000000000000000e+00
0.000000000000000000e+00
0.000000000000000000e+00
0.000000000000000000e+00
0.000000000000000000e+00
0.000000000000000000e+00
0.000000000000000000e+00
0.000000000000000000e+00
0.000000000000000000e+00
0.000000000000000000e+00
0.000000000000000000e+00
0.000000000000000000e+00
0.000000000000000000e+00
0.000000000000000000e+00
0.000000000000000000e+00
0.000000000000000000e+00
0.000000000000000000e+00
0.000000000000000000e+00
0.000000000000000000e+00
0.000000000000000000e+00
0.000000000000000000e+00
0.000000000000000000e+00
0.000000000000000000e+00
0.000000000000000000e+00
0.000000000000000000e+00
0.000000000000000000e+00
0.000000000000000000e+00
0.000000000000000000e+00
0.000000000000000000e+00
0.000000000000000000e+00
0.000000000000000000e+00
0.000000000000000000e+00
0.000000000000000000e+00
0.000000000000000000e+00
0.000000000000000000e+00
0.000000000000000000e+00
0.000000000000000000e+00
0.000000000000000000e+00
0.000000000000000000e+00
0.000000000000000000e+00
0.000000000000000000e+00
0.000000000000000000e+00
0.000000000000000000e+00
0.000000000000000000e+00
0.000000000000000000e+00
0.000000000000000000e+00
0.000000000000000000e+00
0.000000000000000000e+00
0.000000000000000000e+00
0.000000000000000000e+00
0.000000000000000000e+00
0.000000000000000000e+00
0.000000000000000000e+00
0.000000000000000000e+00
0.000000000000000000e+00
0.000000000000000000e+00
0.000000000000000000e+00
0.000000000000000000e+00
0.000000000000000000e+00
0.000000000000000000e+00
0.000000000000000000e+00
0.000000000000000000e+00
0.000000000000000000e+00
0.000000000000000000e+00
0.000000000000000000e+00
0.000000000000000000e+00
0.000000000000000000e+00
0.000000000000000000e+00
0.000000000000000000e+00
0.000000000000000000e+00
0.000000000000000000e+00
0.000000000000000000e+00
0.000000000000000000e+00
0.000000000000000000e+00
0.000000000000000000e+00
0.000000000000000000e+00
0.000000000000000000e+00
0.000000000000000000e+00
0.000000000000000000e+00
0.000000000000000000e+00
0.000000000000000000e+00
0.000000000000000000e+00
0.000000000000000000e+00
0.000000000000000000e+00
0.000000000000000000e+00
0.000000000000000000e+00
0.000000000000000000e+00
0.000000000000000000e+00
0.000000000000000000e+00
0.000000000000000000e+00
0.000000000000000000e+00
0.000000000000000000e+00
0.000000000000000000e+00
0.000000000000000000e+00
0.000000000000000000e+00
0.000000000000000000e+00
0.000000000000000000e+00
0.000000000000000000e+00
0.000000000000000000e+00
0.000000000000000000e+00
0.000000000000000000e+00
0.000000000000000000e+00
0.000000000000000000e+00
0.000000000000000000e+00
0.000000000000000000e+00
0.000000000000000000e+00
0.000000000000000000e+00
0.000000000000000000e+00
0.000000000000000000e+00
0.000000000000000000e+00
0.000000000000000000e+00
0.000000000000000000e+00
0.000000000000000000e+00
0.000000000000000000e+00
0.000000000000000000e+00
0.000000000000000000e+00
0.000000000000000000e+00
0.000000000000000000e+00
0.000000000000000000e+00
0.000000000000000000e+00
0.000000000000000000e+00
0.000000000000000000e+00
0.000000000000000000e+00
0.000000000000000000e+00
0.000000000000000000e+00
0.000000000000000000e+00
0.000000000000000000e+00
0.000000000000000000e+00
0.000000000000000000e+00
0.000000000000000000e+00
0.000000000000000000e+00
0.000000000000000000e+00
0.000000000000000000e+00
0.000000000000000000e+00
0.000000000000000000e+00
0.000000000000000000e+00
0.000000000000000000e+00
0.000000000000000000e+00
0.000000000000000000e+00
0.000000000000000000e+00
0.000000000000000000e+00
0.000000000000000000e+00
0.000000000000000000e+00
0.000000000000000000e+00
0.000000000000000000e+00
0.000000000000000000e+00
0.000000000000000000e+00
0.000000000000000000e+00
0.000000000000000000e+00
0.000000000000000000e+00
0.000000000000000000e+00
0.000000000000000000e+00
0.000000000000000000e+00
0.000000000000000000e+00
0.000000000000000000e+00
0.000000000000000000e+00
0.000000000000000000e+00
0.000000000000000000e+00
0.000000000000000000e+00
0.000000000000000000e+00
0.000000000000000000e+00
0.000000000000000000e+00
0.000000000000000000e+00
0.000000000000000000e+00
0.000000000000000000e+00
0.000000000000000000e+00
0.000000000000000000e+00
0.000000000000000000e+00
0.000000000000000000e+00
0.000000000000000000e+00
0.000000000000000000e+00
0.000000000000000000e+00
0.000000000000000000e+00
0.000000000000000000e+00
0.000000000000000000e+00
0.000000000000000000e+00
0.000000000000000000e+00
0.000000000000000000e+00
0.000000000000000000e+00
0.000000000000000000e+00
0.000000000000000000e+00
0.000000000000000000e+00
0.000000000000000000e+00
0.000000000000000000e+00
0.000000000000000000e+00
0.000000000000000000e+00
0.000000000000000000e+00
0.000000000000000000e+00
0.000000000000000000e+00
0.000000000000000000e+00
0.000000000000000000e+00
0.000000000000000000e+00
0.000000000000000000e+00
0.000000000000000000e+00
0.000000000000000000e+00
0.000000000000000000e+00
0.000000000000000000e+00
0.000000000000000000e+00
0.000000000000000000e+00
0.000000000000000000e+00
0.000000000000000000e+00
0.000000000000000000e+00
0.000000000000000000e+00
0.000000000000000000e+00
0.000000000000000000e+00
0.000000000000000000e+00
0.000000000000000000e+00
0.000000000000000000e+00
0.000000000000000000e+00
0.000000000000000000e+00
0.000000000000000000e+00
0.000000000000000000e+00
0.000000000000000000e+00
0.000000000000000000e+00
0.000000000000000000e+00
0.000000000000000000e+00
0.000000000000000000e+00
0.000000000000000000e+00
0.000000000000000000e+00
0.000000000000000000e+00
0.000000000000000000e+00
0.000000000000000000e+00
0.000000000000000000e+00
0.000000000000000000e+00
0.000000000000000000e+00
0.000000000000000000e+00
0.000000000000000000e+00
0.000000000000000000e+00
0.000000000000000000e+00
0.000000000000000000e+00
0.000000000000000000e+00
0.000000000000000000e+00
0.000000000000000000e+00
0.000000000000000000e+00
0.000000000000000000e+00
0.000000000000000000e+00
0.000000000000000000e+00
0.000000000000000000e+00
0.000000000000000000e+00
0.000000000000000000e+00
0.000000000000000000e+00
0.000000000000000000e+00
0.000000000000000000e+00
0.000000000000000000e+00
0.000000000000000000e+00
0.000000000000000000e+00
0.000000000000000000e+00
0.000000000000000000e+00
0.000000000000000000e+00
0.000000000000000000e+00
0.000000000000000000e+00
0.000000000000000000e+00
0.000000000000000000e+00
0.000000000000000000e+00
0.000000000000000000e+00
0.000000000000000000e+00
0.000000000000000000e+00
0.000000000000000000e+00
0.000000000000000000e+00
0.000000000000000000e+00
0.000000000000000000e+00
0.000000000000000000e+00
0.000000000000000000e+00
0.000000000000000000e+00
0.000000000000000000e+00
0.000000000000000000e+00
0.000000000000000000e+00
0.000000000000000000e+00
0.000000000000000000e+00
0.000000000000000000e+00
0.000000000000000000e+00
0.000000000000000000e+00
0.000000000000000000e+00
0.000000000000000000e+00
0.000000000000000000e+00
0.000000000000000000e+00
0.000000000000000000e+00
0.000000000000000000e+00
0.000000000000000000e+00
0.000000000000000000e+00
0.000000000000000000e+00
0.000000000000000000e+00
0.000000000000000000e+00
0.000000000000000000e+00
0.000000000000000000e+00
0.000000000000000000e+00
0.000000000000000000e+00
0.000000000000000000e+00
0.000000000000000000e+00
0.000000000000000000e+00
0.000000000000000000e+00
0.000000000000000000e+00
0.000000000000000000e+00
0.000000000000000000e+00
0.000000000000000000e+00
0.000000000000000000e+00
0.000000000000000000e+00
0.000000000000000000e+00
0.000000000000000000e+00
0.000000000000000000e+00
0.000000000000000000e+00
0.000000000000000000e+00
0.000000000000000000e+00
0.000000000000000000e+00
0.000000000000000000e+00
0.000000000000000000e+00
0.000000000000000000e+00
0.000000000000000000e+00
0.000000000000000000e+00
0.000000000000000000e+00
0.000000000000000000e+00
0.000000000000000000e+00
0.000000000000000000e+00
0.000000000000000000e+00
0.000000000000000000e+00
0.000000000000000000e+00
0.000000000000000000e+00
0.000000000000000000e+00
0.000000000000000000e+00
0.000000000000000000e+00
0.000000000000000000e+00
0.000000000000000000e+00
0.000000000000000000e+00
0.000000000000000000e+00
0.000000000000000000e+00
0.000000000000000000e+00
0.000000000000000000e+00
0.000000000000000000e+00
0.000000000000000000e+00
0.000000000000000000e+00
0.000000000000000000e+00
0.000000000000000000e+00
0.000000000000000000e+00
0.000000000000000000e+00
0.000000000000000000e+00
0.000000000000000000e+00
0.000000000000000000e+00
0.000000000000000000e+00
0.000000000000000000e+00
0.000000000000000000e+00
0.000000000000000000e+00
0.000000000000000000e+00
0.000000000000000000e+00
0.000000000000000000e+00
0.000000000000000000e+00
0.000000000000000000e+00
0.000000000000000000e+00
0.000000000000000000e+00
0.000000000000000000e+00
0.000000000000000000e+00
0.000000000000000000e+00
0.000000000000000000e+00
0.000000000000000000e+00
0.000000000000000000e+00
0.000000000000000000e+00
0.000000000000000000e+00
0.000000000000000000e+00
0.000000000000000000e+00
0.000000000000000000e+00
0.000000000000000000e+00
0.000000000000000000e+00
0.000000000000000000e+00
0.000000000000000000e+00
0.000000000000000000e+00
0.000000000000000000e+00
0.000000000000000000e+00
0.000000000000000000e+00
0.000000000000000000e+00
0.000000000000000000e+00
0.000000000000000000e+00
0.000000000000000000e+00
0.000000000000000000e+00
0.000000000000000000e+00
0.000000000000000000e+00
0.000000000000000000e+00
0.000000000000000000e+00
0.000000000000000000e+00
0.000000000000000000e+00
0.000000000000000000e+00
0.000000000000000000e+00
0.000000000000000000e+00
0.000000000000000000e+00
0.000000000000000000e+00
0.000000000000000000e+00
0.000000000000000000e+00
0.000000000000000000e+00
0.000000000000000000e+00
0.000000000000000000e+00
0.000000000000000000e+00
0.000000000000000000e+00
0.000000000000000000e+00
0.000000000000000000e+00
0.000000000000000000e+00
0.000000000000000000e+00
0.000000000000000000e+00
0.000000000000000000e+00
0.000000000000000000e+00
0.000000000000000000e+00
0.000000000000000000e+00
0.000000000000000000e+00
0.000000000000000000e+00
0.000000000000000000e+00
0.000000000000000000e+00
0.000000000000000000e+00
0.000000000000000000e+00
0.000000000000000000e+00
0.000000000000000000e+00
0.000000000000000000e+00
0.000000000000000000e+00
0.000000000000000000e+00
0.000000000000000000e+00
0.000000000000000000e+00
0.000000000000000000e+00
0.000000000000000000e+00
0.000000000000000000e+00
0.000000000000000000e+00
0.000000000000000000e+00
0.000000000000000000e+00
0.000000000000000000e+00
0.000000000000000000e+00
0.000000000000000000e+00
0.000000000000000000e+00
0.000000000000000000e+00
0.000000000000000000e+00
0.000000000000000000e+00
0.000000000000000000e+00
0.000000000000000000e+00
0.000000000000000000e+00
0.000000000000000000e+00
0.000000000000000000e+00
0.000000000000000000e+00
0.000000000000000000e+00
0.000000000000000000e+00
0.000000000000000000e+00
0.000000000000000000e+00
0.000000000000000000e+00
0.000000000000000000e+00
0.000000000000000000e+00
0.000000000000000000e+00
0.000000000000000000e+00
0.000000000000000000e+00
0.000000000000000000e+00
0.000000000000000000e+00
0.000000000000000000e+00
0.000000000000000000e+00
0.000000000000000000e+00
0.000000000000000000e+00
0.000000000000000000e+00
0.000000000000000000e+00
0.000000000000000000e+00
0.000000000000000000e+00
0.000000000000000000e+00
0.000000000000000000e+00
0.000000000000000000e+00
0.000000000000000000e+00
0.000000000000000000e+00
0.000000000000000000e+00
0.000000000000000000e+00
0.000000000000000000e+00
0.000000000000000000e+00
0.000000000000000000e+00
0.000000000000000000e+00
0.000000000000000000e+00
0.000000000000000000e+00
0.000000000000000000e+00
0.000000000000000000e+00
0.000000000000000000e+00
0.000000000000000000e+00
0.000000000000000000e+00
0.000000000000000000e+00
0.000000000000000000e+00
0.000000000000000000e+00
0.000000000000000000e+00
0.000000000000000000e+00
0.000000000000000000e+00
0.000000000000000000e+00
0.000000000000000000e+00
0.000000000000000000e+00
0.000000000000000000e+00
0.000000000000000000e+00
0.000000000000000000e+00
0.000000000000000000e+00
0.000000000000000000e+00
0.000000000000000000e+00
0.000000000000000000e+00
0.000000000000000000e+00
0.000000000000000000e+00
0.000000000000000000e+00
0.000000000000000000e+00
0.000000000000000000e+00
0.000000000000000000e+00
0.000000000000000000e+00
0.000000000000000000e+00
0.000000000000000000e+00
0.000000000000000000e+00
0.000000000000000000e+00
0.000000000000000000e+00
0.000000000000000000e+00
0.000000000000000000e+00
0.000000000000000000e+00
0.000000000000000000e+00
0.000000000000000000e+00
0.000000000000000000e+00
0.000000000000000000e+00
0.000000000000000000e+00
0.000000000000000000e+00
0.000000000000000000e+00
0.000000000000000000e+00
0.000000000000000000e+00
0.000000000000000000e+00
0.000000000000000000e+00
0.000000000000000000e+00
0.000000000000000000e+00
0.000000000000000000e+00
0.000000000000000000e+00
0.000000000000000000e+00
0.000000000000000000e+00
0.000000000000000000e+00
0.000000000000000000e+00
0.000000000000000000e+00
0.000000000000000000e+00
0.000000000000000000e+00
0.000000000000000000e+00
0.000000000000000000e+00
0.000000000000000000e+00
0.000000000000000000e+00
0.000000000000000000e+00
0.000000000000000000e+00
0.000000000000000000e+00
0.000000000000000000e+00
0.000000000000000000e+00
0.000000000000000000e+00
0.000000000000000000e+00
0.000000000000000000e+00
0.000000000000000000e+00
0.000000000000000000e+00
0.000000000000000000e+00
0.000000000000000000e+00
0.000000000000000000e+00
0.000000000000000000e+00
0.000000000000000000e+00
0.000000000000000000e+00
0.000000000000000000e+00
0.000000000000000000e+00
0.000000000000000000e+00
0.000000000000000000e+00
0.000000000000000000e+00
0.000000000000000000e+00
0.000000000000000000e+00
0.000000000000000000e+00
0.000000000000000000e+00
0.000000000000000000e+00
0.000000000000000000e+00
0.000000000000000000e+00
0.000000000000000000e+00
0.000000000000000000e+00
0.000000000000000000e+00
0.000000000000000000e+00
0.000000000000000000e+00
0.000000000000000000e+00
0.000000000000000000e+00
0.000000000000000000e+00
0.000000000000000000e+00
0.000000000000000000e+00
0.000000000000000000e+00
0.000000000000000000e+00
0.000000000000000000e+00
0.000000000000000000e+00
0.000000000000000000e+00
0.000000000000000000e+00
0.000000000000000000e+00
0.000000000000000000e+00
0.000000000000000000e+00
0.000000000000000000e+00
0.000000000000000000e+00
0.000000000000000000e+00
0.000000000000000000e+00
0.000000000000000000e+00
0.000000000000000000e+00
0.000000000000000000e+00
0.000000000000000000e+00
0.000000000000000000e+00
0.000000000000000000e+00
0.000000000000000000e+00
0.000000000000000000e+00
0.000000000000000000e+00
0.000000000000000000e+00
0.000000000000000000e+00
0.000000000000000000e+00
0.000000000000000000e+00
0.000000000000000000e+00
0.000000000000000000e+00
0.000000000000000000e+00
0.000000000000000000e+00
0.000000000000000000e+00
0.000000000000000000e+00
0.000000000000000000e+00
0.000000000000000000e+00
0.000000000000000000e+00
0.000000000000000000e+00
0.000000000000000000e+00
0.000000000000000000e+00
0.000000000000000000e+00
0.000000000000000000e+00
0.000000000000000000e+00
0.000000000000000000e+00
0.000000000000000000e+00
0.000000000000000000e+00
0.000000000000000000e+00
0.000000000000000000e+00
0.000000000000000000e+00
0.000000000000000000e+00
0.000000000000000000e+00
0.000000000000000000e+00
0.000000000000000000e+00
0.000000000000000000e+00
0.000000000000000000e+00
0.000000000000000000e+00
0.000000000000000000e+00
0.000000000000000000e+00
0.000000000000000000e+00
0.000000000000000000e+00
0.000000000000000000e+00
0.000000000000000000e+00
0.000000000000000000e+00
0.000000000000000000e+00
0.000000000000000000e+00
0.000000000000000000e+00
0.000000000000000000e+00
0.000000000000000000e+00
0.000000000000000000e+00
0.000000000000000000e+00
0.000000000000000000e+00
0.000000000000000000e+00
0.000000000000000000e+00
0.000000000000000000e+00
0.000000000000000000e+00
0.000000000000000000e+00
0.000000000000000000e+00
0.000000000000000000e+00
0.000000000000000000e+00
0.000000000000000000e+00
0.000000000000000000e+00
0.000000000000000000e+00
0.000000000000000000e+00
0.000000000000000000e+00
0.000000000000000000e+00
0.000000000000000000e+00
0.000000000000000000e+00
0.000000000000000000e+00
0.000000000000000000e+00
0.000000000000000000e+00
0.000000000000000000e+00
0.000000000000000000e+00
0.000000000000000000e+00
0.000000000000000000e+00
0.000000000000000000e+00
0.000000000000000000e+00
0.000000000000000000e+00
0.000000000000000000e+00
0.000000000000000000e+00
0.000000000000000000e+00
0.000000000000000000e+00
0.000000000000000000e+00
0.000000000000000000e+00
0.000000000000000000e+00
0.000000000000000000e+00
0.000000000000000000e+00
0.000000000000000000e+00
0.000000000000000000e+00
0.000000000000000000e+00
0.000000000000000000e+00
0.000000000000000000e+00
0.000000000000000000e+00
0.000000000000000000e+00
0.000000000000000000e+00
0.000000000000000000e+00
0.000000000000000000e+00
0.000000000000000000e+00
0.000000000000000000e+00
0.000000000000000000e+00
0.000000000000000000e+00
0.000000000000000000e+00
0.000000000000000000e+00
0.000000000000000000e+00
0.000000000000000000e+00
0.000000000000000000e+00
0.000000000000000000e+00
0.000000000000000000e+00
0.000000000000000000e+00
0.000000000000000000e+00
0.000000000000000000e+00
0.000000000000000000e+00
0.000000000000000000e+00
0.000000000000000000e+00
0.000000000000000000e+00
0.000000000000000000e+00
0.000000000000000000e+00
0.000000000000000000e+00
0.000000000000000000e+00
0.000000000000000000e+00
0.000000000000000000e+00
0.000000000000000000e+00
0.000000000000000000e+00
0.000000000000000000e+00
0.000000000000000000e+00
0.000000000000000000e+00
0.000000000000000000e+00
0.000000000000000000e+00
0.000000000000000000e+00
0.000000000000000000e+00
0.000000000000000000e+00
0.000000000000000000e+00
0.000000000000000000e+00
0.000000000000000000e+00
0.000000000000000000e+00
0.000000000000000000e+00
0.000000000000000000e+00
0.000000000000000000e+00
0.000000000000000000e+00
0.000000000000000000e+00
0.000000000000000000e+00
0.000000000000000000e+00
0.000000000000000000e+00
0.000000000000000000e+00
0.000000000000000000e+00
0.000000000000000000e+00
0.000000000000000000e+00
0.000000000000000000e+00
0.000000000000000000e+00
0.000000000000000000e+00
0.000000000000000000e+00
0.000000000000000000e+00
0.000000000000000000e+00
0.000000000000000000e+00
0.000000000000000000e+00
0.000000000000000000e+00
0.000000000000000000e+00
0.000000000000000000e+00
0.000000000000000000e+00
0.000000000000000000e+00
0.000000000000000000e+00
0.000000000000000000e+00
0.000000000000000000e+00
0.000000000000000000e+00
0.000000000000000000e+00
0.000000000000000000e+00
0.000000000000000000e+00
0.000000000000000000e+00
0.000000000000000000e+00
0.000000000000000000e+00
0.000000000000000000e+00
0.000000000000000000e+00
0.000000000000000000e+00
0.000000000000000000e+00
0.000000000000000000e+00
0.000000000000000000e+00
0.000000000000000000e+00
0.000000000000000000e+00
0.000000000000000000e+00
0.000000000000000000e+00
0.000000000000000000e+00
0.000000000000000000e+00
0.000000000000000000e+00
0.000000000000000000e+00
0.000000000000000000e+00
0.000000000000000000e+00
0.000000000000000000e+00
0.000000000000000000e+00
0.000000000000000000e+00
0.000000000000000000e+00
0.000000000000000000e+00
0.000000000000000000e+00
0.000000000000000000e+00
0.000000000000000000e+00
0.000000000000000000e+00
0.000000000000000000e+00
0.000000000000000000e+00
0.000000000000000000e+00
0.000000000000000000e+00
0.000000000000000000e+00
0.000000000000000000e+00
0.000000000000000000e+00
0.000000000000000000e+00
0.000000000000000000e+00
0.000000000000000000e+00
0.000000000000000000e+00
0.000000000000000000e+00
0.000000000000000000e+00
0.000000000000000000e+00
0.000000000000000000e+00
0.000000000000000000e+00
0.000000000000000000e+00
0.000000000000000000e+00
0.000000000000000000e+00
0.000000000000000000e+00
0.000000000000000000e+00
0.000000000000000000e+00
0.000000000000000000e+00
0.000000000000000000e+00
0.000000000000000000e+00
0.000000000000000000e+00
0.000000000000000000e+00
0.000000000000000000e+00
0.000000000000000000e+00
0.000000000000000000e+00
0.000000000000000000e+00
0.000000000000000000e+00
0.000000000000000000e+00
0.000000000000000000e+00
0.000000000000000000e+00
0.000000000000000000e+00
0.000000000000000000e+00
0.000000000000000000e+00
0.000000000000000000e+00
0.000000000000000000e+00
0.000000000000000000e+00
0.000000000000000000e+00
0.000000000000000000e+00
0.000000000000000000e+00
0.000000000000000000e+00
0.000000000000000000e+00
0.000000000000000000e+00
0.000000000000000000e+00
0.000000000000000000e+00
0.000000000000000000e+00
0.000000000000000000e+00
0.000000000000000000e+00
0.000000000000000000e+00
0.000000000000000000e+00
0.000000000000000000e+00
0.000000000000000000e+00
0.000000000000000000e+00
0.000000000000000000e+00
0.000000000000000000e+00
0.000000000000000000e+00
0.000000000000000000e+00
0.000000000000000000e+00
0.000000000000000000e+00
0.000000000000000000e+00
0.000000000000000000e+00
0.000000000000000000e+00
0.000000000000000000e+00
0.000000000000000000e+00
0.000000000000000000e+00
0.000000000000000000e+00
0.000000000000000000e+00
0.000000000000000000e+00
0.000000000000000000e+00
0.000000000000000000e+00
0.000000000000000000e+00
0.000000000000000000e+00
0.000000000000000000e+00
0.000000000000000000e+00
0.000000000000000000e+00
0.000000000000000000e+00
0.000000000000000000e+00
0.000000000000000000e+00
0.000000000000000000e+00
0.000000000000000000e+00
0.000000000000000000e+00
0.000000000000000000e+00
0.000000000000000000e+00
0.000000000000000000e+00
0.000000000000000000e+00
0.000000000000000000e+00
0.000000000000000000e+00
0.000000000000000000e+00
0.000000000000000000e+00
0.000000000000000000e+00
0.000000000000000000e+00
0.000000000000000000e+00
0.000000000000000000e+00
0.000000000000000000e+00
0.000000000000000000e+00
0.000000000000000000e+00
0.000000000000000000e+00
0.000000000000000000e+00
0.000000000000000000e+00
0.000000000000000000e+00
0.000000000000000000e+00
0.000000000000000000e+00
0.000000000000000000e+00
0.000000000000000000e+00
0.000000000000000000e+00
0.000000000000000000e+00
0.000000000000000000e+00
0.000000000000000000e+00
0.000000000000000000e+00
0.000000000000000000e+00
0.000000000000000000e+00
0.000000000000000000e+00
0.000000000000000000e+00
0.000000000000000000e+00
0.000000000000000000e+00
0.000000000000000000e+00
0.000000000000000000e+00
0.000000000000000000e+00
0.000000000000000000e+00
0.000000000000000000e+00
0.000000000000000000e+00
0.000000000000000000e+00
0.000000000000000000e+00
0.000000000000000000e+00
0.000000000000000000e+00
0.000000000000000000e+00
0.000000000000000000e+00
0.000000000000000000e+00
0.000000000000000000e+00
0.000000000000000000e+00
0.000000000000000000e+00
0.000000000000000000e+00
0.000000000000000000e+00
0.000000000000000000e+00
0.000000000000000000e+00
0.000000000000000000e+00
0.000000000000000000e+00
0.000000000000000000e+00
0.000000000000000000e+00
0.000000000000000000e+00
0.000000000000000000e+00
0.000000000000000000e+00
0.000000000000000000e+00
0.000000000000000000e+00
0.000000000000000000e+00
0.000000000000000000e+00
0.000000000000000000e+00
0.000000000000000000e+00
0.000000000000000000e+00
0.000000000000000000e+00
0.000000000000000000e+00
0.000000000000000000e+00
0.000000000000000000e+00
0.000000000000000000e+00
0.000000000000000000e+00
0.000000000000000000e+00
0.000000000000000000e+00
0.000000000000000000e+00
0.000000000000000000e+00
0.000000000000000000e+00
0.000000000000000000e+00
0.000000000000000000e+00
0.000000000000000000e+00
0.000000000000000000e+00
0.000000000000000000e+00
0.000000000000000000e+00
0.000000000000000000e+00
0.000000000000000000e+00
0.000000000000000000e+00
0.000000000000000000e+00
0.000000000000000000e+00
0.000000000000000000e+00
0.000000000000000000e+00
0.000000000000000000e+00
0.000000000000000000e+00
0.000000000000000000e+00
0.000000000000000000e+00
0.000000000000000000e+00
0.000000000000000000e+00
0.000000000000000000e+00
0.000000000000000000e+00
0.000000000000000000e+00
0.000000000000000000e+00
0.000000000000000000e+00
0.000000000000000000e+00
0.000000000000000000e+00
0.000000000000000000e+00
0.000000000000000000e+00
0.000000000000000000e+00
0.000000000000000000e+00
0.000000000000000000e+00
0.000000000000000000e+00
0.000000000000000000e+00
0.000000000000000000e+00
0.000000000000000000e+00
0.000000000000000000e+00
0.000000000000000000e+00
0.000000000000000000e+00
0.000000000000000000e+00
0.000000000000000000e+00
0.000000000000000000e+00
0.000000000000000000e+00
0.000000000000000000e+00
0.000000000000000000e+00
0.000000000000000000e+00
0.000000000000000000e+00
0.000000000000000000e+00
0.000000000000000000e+00
0.000000000000000000e+00
0.000000000000000000e+00
0.000000000000000000e+00
0.000000000000000000e+00
0.000000000000000000e+00
0.000000000000000000e+00
0.000000000000000000e+00
0.000000000000000000e+00
0.000000000000000000e+00
0.000000000000000000e+00
0.000000000000000000e+00
0.000000000000000000e+00
0.000000000000000000e+00
0.000000000000000000e+00
0.000000000000000000e+00
0.000000000000000000e+00
0.000000000000000000e+00
0.000000000000000000e+00
0.000000000000000000e+00
0.000000000000000000e+00
0.000000000000000000e+00
0.000000000000000000e+00
0.000000000000000000e+00
0.000000000000000000e+00
0.000000000000000000e+00
0.000000000000000000e+00
0.000000000000000000e+00
0.000000000000000000e+00
0.000000000000000000e+00
0.000000000000000000e+00
0.000000000000000000e+00
0.000000000000000000e+00
0.000000000000000000e+00
0.000000000000000000e+00
0.000000000000000000e+00
0.000000000000000000e+00
0.000000000000000000e+00
0.000000000000000000e+00
0.000000000000000000e+00
