-0.000000000000000000e+00
-9.646942514990226609e-04
-1.929388502998045322e-03
-2.894082754497067766e-03
-3.858777005996090644e-03
-4.823471257495113088e-03
-5.788165508994135532e-03
-6.752859760493158843e-03
-7.717554011992181287e-03
-8.682248263491202864e-03
-9.646942514990226175e-03
-1.061163676648924949e-02
-1.157633101798827106e-02
-1.254102526948729437e-02
-1.350571952098631769e-02
-1.447041377248533753e-02
-1.543510802398436257e-02
-1.639980227548338415e-02
-1.736449652698240573e-02
-1.832919077848143077e-02
-1.929388502998045235e-02
-2.025857928147947393e-02
-2.122327353297849897e-02
-2.218796778447752055e-02
-2.315266203597654213e-02
-2.411735628747556717e-02
-2.508205053897458875e-02
-2.604674479047360686e-02
-2.701143904197263537e-02
-2.797613329347165695e-02
-2.894082754497067506e-02
-2.990552179646970357e-02
-3.087021604796872515e-02
-3.183491029946774326e-02
-3.279960455096676830e-02
-3.376429880246579335e-02
-3.472899305396481145e-02
-3.569368730546383650e-02
-3.665838155696286155e-02
-3.762307580846187965e-02
-3.858777005996090470e-02
-3.852309322588896856e-02
-3.845841639181703242e-02
-3.839373955774509628e-02
-3.832906272367315320e-02
-3.826438588960121706e-02
-3.819970905552928092e-02
-3.813503222145734478e-02
-3.807035538738540864e-02
-3.800567855331347250e-02
-3.794100171924153636e-02
-3.787632488516960022e-02
-3.781164805109765714e-02
-3.774697121702572100e-02
-3.768229438295378486e-02
-3.761761754888184872e-02
-3.755294071480991258e-02
-3.748826388073797644e-02
-3.742358704666604030e-02
-3.735891021259410416e-02
-3.729423337852216108e-02
-3.722955654445022494e-02
-3.716487971037828880e-02
-3.710020287630635266e-02
-3.703552604223441652e-02
-3.697084920816248038e-02
-3.690617237409054424e-02
-3.684149554001860116e-02
-3.677681870594666502e-02
-3.671214187187472888e-02
-3.664746503780279274e-02
-3.658278820373085660e-02
-3.651811136965892046e-02
-3.645343453558698432e-02
-3.638875770151504818e-02
-3.632408086744310510e-02
-3.625940403337116896e-02
-3.619472719929923282e-02
-3.613005036522729668e-02
-3.606537353115536054e-02
-3.600069669708342440e-02
-3.593601986301148826e-02
-3.587134302893954518e-02
-3.580666619486760904e-02
-3.574198936079567290e-02
-3.567731252672373676e-02
-3.561263569265180062e-02
-3.554795885857986448e-02
-3.548328202450792834e-02
-3.541860519043599220e-02
-3.535392835636404912e-02
-3.528925152229211298e-02
-3.522457468822017684e-02
-3.515989785414824070e-02
-3.509522102007630456e-02
-3.503054418600436842e-02
-3.496586735193243228e-02
-3.490119051786049614e-02
-3.483651368378855306e-02
-3.477183684971661692e-02
-3.470716001564468078e-02
-3.464248318157274464e-02
-3.457780634750080850e-02
-3.451312951342887236e-02
-3.444845267935693622e-02
-3.438377584528500008e-02
-3.431909901121305700e-02
-3.425442217714112086e-02
-3.418974534306918472e-02
-3.412506850899724858e-02
-3.406039167492531244e-02
-3.399571484085337630e-02
-3.393103800678144016e-02
-3.386636117270949708e-02
-3.380168433863756094e-02
-3.373700750456562480e-02
-3.367233067049368866e-02
-3.360765383642175252e-02
-3.354297700234981638e-02
-3.347830016827788024e-02
-3.341362333420594410e-02
-3.334894650013400103e-02
-3.328426966606206489e-02
-3.321959283199012875e-02
-3.315491599791819261e-02
-3.309023916384625646e-02
-3.302556232977432032e-02
-3.296088549570238418e-02
-3.289620866163044111e-02
-3.283153182755850497e-02
-3.276685499348656883e-02
-3.270217815941463269e-02
-3.263750132534269655e-02
-3.257282449127076041e-02
-3.250814765719882427e-02
-3.244347082312688813e-02
-3.237879398905495199e-02
-3.231411715498300891e-02
-3.224944032091107277e-02
-3.218476348683913663e-02
-3.212008665276720049e-02
-3.205540981869526435e-02
-3.199073298462332821e-02
-3.192605615055138513e-02
-3.186137931647944899e-02
-3.179670248240751285e-02
-3.173202564833557671e-02
-3.166734881426364057e-02
-3.160267198019170443e-02
-3.153799514611976829e-02
-3.147331831204783215e-02
-3.140864147797589601e-02
-3.134396464390395293e-02
-3.127928780983201679e-02
-3.121461097576008065e-02
-3.114993414168814451e-02
-3.108525730761620837e-02
-3.102058047354427223e-02
-3.095590363947233262e-02
-3.089122680540039648e-02
-3.082654997132845687e-02
-3.076187313725652073e-02
-3.069719630318458459e-02
-3.063251946911264845e-02
-3.056784263504071231e-02
-3.050316580096877617e-02
-3.043848896689683656e-02
-3.037381213282490042e-02
-3.030913529875296081e-02
-3.024445846468102467e-02
-3.017978163060908853e-02
-3.011510479653715239e-02
-3.005042796246521625e-02
-2.998575112839327664e-02
-2.992107429432134050e-02
-2.985639746024940089e-02
-2.979172062617746475e-02
-2.972704379210552861e-02
-2.966236695803359247e-02
-2.959769012396165633e-02
-2.953301328988972019e-02
-2.946833645581778058e-02
-2.940365962174584444e-02
-2.933898278767390483e-02
-2.927430595360196869e-02
-2.920962911953003255e-02
-2.914495228545809641e-02
-2.908027545138616027e-02
-2.901559861731422413e-02
-2.895092178324228452e-02
-2.888624494917034491e-02
-2.882156811509840877e-02
-2.875689128102647263e-02
-2.869221444695453649e-02
-2.862753761288260035e-02
-2.856286077881066421e-02
-2.849818394473872460e-02
-2.843350711066678846e-02
-2.836883027659484885e-02
-2.830415344252291271e-02
-2.823947660845097657e-02
-2.817479977437904043e-02
-2.811012294030710429e-02
-2.804544610623516815e-02
-2.798076927216322854e-02
-2.791609243809129240e-02
-2.785141560401935279e-02
-2.778673876994741665e-02
-2.772206193587548051e-02
-2.765738510180354437e-02
-2.759270826773160823e-02
-2.752803143365966862e-02
-2.746335459958773248e-02
-2.739867776551579287e-02
-2.733400093144385673e-02
-2.726932409737192059e-02
-2.720464726329998445e-02
-2.713997042922804831e-02
-2.707529359515611217e-02
-2.701061676108417256e-02
-2.694593992701223642e-02
-2.688126309294029681e-02
-2.681658625886836067e-02
-2.675190942479642453e-02
-2.668723259072448839e-02
-2.662255575665255225e-02
-2.655787892258061611e-02
-2.649320208850867650e-02
-2.642852525443674036e-02
-2.636384842036480075e-02
-2.629917158629286461e-02
-2.623449475222092847e-02
-2.616981791814899233e-02
-2.610514108407705619e-02
-2.604046425000511658e-02
-2.597578741593318044e-02
-2.591111058186124083e-02
-2.584643374778930469e-02
-2.578175691371736855e-02
-2.571708007964543241e-02
-2.565240324557349627e-02
-2.558772641150156013e-02
-2.552304957742962052e-02
-2.545837274335768438e-02
-2.539369590928574477e-02
-2.532901907521380863e-02
-2.526434224114187249e-02
-2.519966540706993635e-02
-2.513498857299800021e-02
-2.507031173892606407e-02
-2.500563490485412446e-02
-2.494095807078218832e-02
-2.487628123671024871e-02
-2.481160440263831257e-02
-2.474692756856637643e-02
-2.468225073449444029e-02
-2.461757390042250415e-02
-2.455289706635056454e-02
-2.448822023227862840e-02
-2.442354339820668879e-02
-2.435886656413475265e-02
-2.429418973006281651e-02
-2.422951289599088037e-02
-2.416483606191894423e-02
-2.410015922784700809e-02
-2.403548239377506848e-02
-2.397080555970313234e-02
-2.390612872563119273e-02
-2.384145189155925659e-02
-2.377677505748732045e-02
-2.371209822341538431e-02
-2.364742138934344817e-02
-2.358274455527151203e-02
-2.351806772119957242e-02
-2.345339088712763628e-02
-2.338871405305569667e-02
-2.332403721898376053e-02
-2.325936038491182439e-02
-2.319468355083988825e-02
-2.313000671676795211e-02
-2.306532988269601250e-02
-2.300065304862407636e-02
-2.293597621455214022e-02
-2.287129938048020061e-02
-2.280662254640826447e-02
-2.274194571233632833e-02
-2.267726887826439219e-02
-2.261259204419245258e-02
-2.254791521012051644e-02
-2.248323837604858030e-02
-2.241856154197664416e-02
-2.235388470790470455e-02
-2.228920787383276841e-02
-2.222453103976083227e-02
-2.215985420568889613e-02
-2.209517737161695652e-02
-2.203050053754502038e-02
-2.196582370347308424e-02
-2.190114686940114463e-02
-2.183647003532920849e-02
-2.177179320125727235e-02
-2.170711636718533621e-02
-2.164243953311339660e-02
-2.157776269904146046e-02
-2.151308586496952432e-02
-2.144840903089758818e-02
-2.138373219682564857e-02
-2.131905536275371243e-02
-2.125437852868177629e-02
-2.118970169460984015e-02
-2.112502486053790055e-02
-2.106034802646596441e-02
-2.099567119239402826e-02
-2.093099435832209212e-02
-2.086631752425015252e-02
-2.080164069017821638e-02
-2.073696385610628024e-02
-2.067228702203434410e-02
-2.060761018796240449e-02
-2.054293335389046835e-02
-2.047825651981853221e-02
-2.041357968574659260e-02
-2.034890285167465646e-02
-2.028422601760272032e-02
-2.021954918353078418e-02
-2.015487234945884457e-02
-2.009019551538690843e-02
-2.002551868131497229e-02
-1.996084184724303615e-02
-1.989616501317109654e-02
-1.983148817909916040e-02
-1.976681134502722426e-02
-1.970213451095528812e-02
-1.963745767688334851e-02
-1.957278084281141237e-02
-1.950810400873947623e-02
-1.944342717466754009e-02
-1.937875034059560048e-02
-1.931407350652366434e-02
-1.924939667245172820e-02
-1.918471983837978859e-02
-1.912004300430785245e-02
-1.905536617023591631e-02
-1.899068933616398017e-02
-1.892601250209204056e-02
-1.886133566802010442e-02
-1.879665883394816828e-02
-1.873198199987623214e-02
-1.866730516580429253e-02
-1.860262833173235639e-02
-1.853795149766042025e-02
-1.847327466358848411e-02
-1.840859782951654450e-02
-1.834392099544460836e-02
-1.827924416137267222e-02
-1.821456732730073608e-02
-1.814989049322879647e-02
-1.808521365915686033e-02
-1.802053682508492419e-02
-1.795585999101298805e-02
-1.789118315694104844e-02
-1.782650632286911230e-02
-1.776182948879717616e-02
-1.769715265472523655e-02
-1.763247582065330041e-02
-1.756779898658136427e-02
-1.750312215250942813e-02
-1.743844531843748852e-02
-1.737376848436555238e-02
-1.730909165029361624e-02
-1.724441481622168010e-02
-1.717973798214974049e-02
-1.711506114807780435e-02
-1.705038431400586821e-02
-1.698570747993393207e-02
-1.692103064586199246e-02
-1.685635381179005632e-02
-1.679167697771812018e-02
-1.672700014364618404e-02
-1.666232330957424443e-02
-1.659764647550230829e-02
-1.653296964143037215e-02
-1.646829280735843254e-02
-1.640361597328649640e-02
-1.633893913921456026e-02
-1.627426230514262412e-02
-1.620958547107068451e-02
-1.614490863699874837e-02
-1.608023180292681223e-02
-1.601555496885487609e-02
-1.595087813478293648e-02
-1.588620130071100034e-02
-1.582152446663906420e-02
-1.575684763256712806e-02
-1.569217079849518845e-02
-1.562749396442325231e-02
-1.556281713035131617e-02
-1.549814029627938003e-02
-1.543346346220744042e-02
-1.536878662813550428e-02
-1.530410979406356814e-02
-1.523943295999163200e-02
-1.517475612591969239e-02
-1.511007929184775625e-02
-1.504540245777582011e-02
-1.498072562370388050e-02
-1.491604878963194436e-02
-1.485137195556000822e-02
-1.478669512148807208e-02
-1.472201828741613247e-02
-1.465734145334419633e-02
-1.459266461927226019e-02
-1.452798778520032405e-02
-1.446331095112838444e-02
-1.439863411705644830e-02
-1.433395728298451216e-02
-1.426928044891257602e-02
-1.420460361484063641e-02
-1.413992678076870027e-02
-1.407524994669676413e-02
-1.401057311262482799e-02
-1.394589627855288838e-02
-1.388121944448095224e-02
-1.381654261040901610e-02
-1.375186577633707996e-02
-1.368718894226514035e-02
-1.362251210819320421e-02
-1.355783527412126807e-02
-1.349315844004932846e-02
-1.342848160597739232e-02
-1.336380477190545618e-02
-1.329912793783352004e-02
-1.323445110376158043e-02
-1.316977426968964429e-02
-1.310509743561770815e-02
-1.304042060154577201e-02
-1.297574376747383240e-02
-1.291106693340189626e-02
-1.284639009932996012e-02
-1.278171326525802398e-02
-1.271703643118608437e-02
-1.265235959711414823e-02
-1.258768276304221209e-02
-1.252300592897027595e-02
-1.245832909489833634e-02
-1.239365226082640020e-02
-1.232897542675446406e-02
-1.226429859268252445e-02
-1.219962175861058831e-02
-1.213494492453865217e-02
-1.207026809046671603e-02
-1.200559125639477642e-02
-1.194091442232284028e-02
-1.187623758825090414e-02
-1.181156075417896800e-02
-1.174688392010702839e-02
-1.168220708603509225e-02
-1.161753025196315611e-02
-1.155285341789121997e-02
-1.148817658381928036e-02
-1.142349974974734422e-02
-1.135882291567540808e-02
-1.129414608160347194e-02
-1.122946924753153233e-02
-1.116479241345959619e-02
-1.110011557938766005e-02
-1.103543874531572391e-02
-1.097076191124378430e-02
-1.090608507717184816e-02
-1.084140824309991202e-02
-1.077673140902797241e-02
-1.071205457495603627e-02
-1.064737774088410013e-02
-1.058270090681216399e-02
-1.051802407274022438e-02
-1.045334723866828824e-02
-1.038867040459635210e-02
-1.032399357052441596e-02
-1.025931673645247635e-02
-1.019463990238054021e-02
-1.012996306830860407e-02
-1.006528623423666793e-02
-1.000060940016472832e-02
-9.935932566092792184e-03
-9.871255732020856044e-03
-9.806578897948919904e-03
-9.741902063876980294e-03
-9.677225229805044154e-03
-9.612548395733108014e-03
-9.547871561661168405e-03
-9.483194727589232265e-03
-9.418517893517296125e-03
-9.353841059445359984e-03
-9.289164225373420375e-03
-9.224487391301484235e-03
-9.159810557229548095e-03
-9.095133723157611955e-03
-9.030456889085672345e-03
-8.965780055013736205e-03
-8.901103220941800065e-03
-8.836426386869863925e-03
-8.771749552797924315e-03
-8.707072718725988175e-03
-8.642395884654052035e-03
-8.577719050582115895e-03
-8.513042216510176285e-03
-8.448365382438240145e-03
-8.383688548366304005e-03
-8.319011714294367865e-03
-8.254334880222428256e-03
-8.189658046150492116e-03
-8.124981212078555975e-03
-8.060304378006616366e-03
-7.995627543934680226e-03
-7.930950709862744086e-03
-7.866273875790807946e-03
-7.801597041718868336e-03
-7.736920207646932196e-03
-7.672243373574996056e-03
-7.607566539503059916e-03
-7.542889705431120306e-03
-7.478212871359184166e-03
-7.413536037287248026e-03
-7.348859203215311886e-03
-7.284182369143375746e-03
-7.219505535071439606e-03
-7.154828700999496527e-03
-7.090151866927560387e-03
-7.025475032855624247e-03
-6.960798198783688107e-03
-6.896121364711751967e-03
-6.831444530639815826e-03
-6.766767696567879686e-03
-6.702090862495936607e-03
-6.637414028424000467e-03
-6.572737194352064327e-03
-6.508060360280128187e-03
-6.443383526208192047e-03
-6.378706692136255907e-03
-6.314029858064319767e-03
-6.249353023992383627e-03
-6.184676189920440548e-03
-6.119999355848504408e-03
-6.055322521776568268e-03
-5.990645687704632127e-03
-5.925968853632695987e-03
-5.861292019560759847e-03
-5.796615185488823707e-03
-5.731938351416887567e-03
-5.667261517344944488e-03
-5.602584683273008348e-03
-5.537907849201072208e-03
-5.473231015129136068e-03
-5.408554181057199928e-03
-5.343877346985263788e-03
-5.279200512913327648e-03
-5.214523678841384569e-03
-5.149846844769448428e-03
-5.085170010697512288e-03
-5.020493176625576148e-03
-4.955816342553640008e-03
-4.891139508481703868e-03
-4.826462674409767728e-03
-4.761785840337831588e-03
-4.697109006265888509e-03
-4.632432172193952369e-03
-4.567755338122016229e-03
-4.503078504050080089e-03
-4.438401669978143949e-03
-4.373724835906207808e-03
-4.309048001834271668e-03
-4.244371167762335528e-03
-4.179694333690392449e-03
-4.115017499618456309e-03
-4.050340665546520169e-03
-3.985663831474584029e-03
-3.920986997402647889e-03
-3.856310163330711749e-03
-3.791633329258775609e-03
-3.726956495186832530e-03
-3.662279661114896390e-03
-3.597602827042960250e-03
-3.532925992971024109e-03
-3.468249158899087969e-03
-3.403572324827151829e-03
-3.338895490755215689e-03
-3.274218656683279549e-03
-3.209541822611336470e-03
-3.144864988539400330e-03
-3.080188154467464190e-03
-3.015511320395528050e-03
-2.950834486323591910e-03
-2.886157652251655770e-03
-2.821480818179719630e-03
-2.756803984107783489e-03
-2.692127150035840411e-03
-2.627450315963904270e-03
-2.562773481891968130e-03
-2.498096647820031990e-03
-2.433419813748095850e-03
-2.368742979676157542e-03
-2.366050472498630250e-03
-2.363367439663274869e-03
-2.360693830189661020e-03
-2.358029593462973843e-03
-2.355374679230754897e-03
-2.352729037599672092e-03
-2.350092619032328242e-03
-2.347465374344099524e-03
-2.344847254700012113e-03
-2.342238211611644399e-03
-2.339638196934073437e-03
-2.337047162862840918e-03
-2.334465061930958603e-03
-2.331891847005946282e-03
-2.329327471286893152e-03
-2.326771888301559961e-03
-2.324225051903502839e-03
-2.321686916269230950e-03
-2.319157435895395809e-03
-2.316636565596003582e-03
-2.314124260499663809e-03
-2.311620476046861127e-03
-2.309125167987257331e-03
-2.306638292377020342e-03
-2.304159805576183953e-03
-2.301689664246028399e-03
-2.299227825346494749e-03
-2.296774246133620554e-03
-2.294328884157005848e-03
-2.291891697257301269e-03
-2.289462643563726103e-03
-2.287041681491606276e-03
-2.284628769739941410e-03
-2.282223867288996153e-03
-2.279826933397915371e-03
-2.277437927602361887e-03
-2.275056809712181546e-03
-2.272683539809086922e-03
-2.270318078244370086e-03
-2.267960385636636194e-03
-2.265610422869555277e-03
-2.263268151089643538e-03
-2.260933531704065018e-03
-2.258606526378448883e-03
-2.256287097034740102e-03
-2.253975205849060529e-03
-2.251670815249596017e-03
-2.249373887914508669e-03
-2.247084386769857781e-03
-2.244802274987558067e-03
-2.242527515983340925e-03
-2.240260073414747366e-03
-2.237999911179138716e-03
-2.235746993411722068e-03
-2.233501284483600888e-03
-2.231262748999840798e-03
-2.229031351797556171e-03
-2.226807057944014956e-03
-2.224589832734761696e-03
-2.222379641691760513e-03
-2.220176450561552831e-03
-2.217980225313435482e-03
-2.215790932137657026e-03
-2.213608537443628819e-03
-2.211433007858156895e-03
-2.209264310223686863e-03
-2.207102411596568309e-03
-2.204947279245337427e-03
-2.202798880649010482e-03
-2.200657183495400692e-03
-2.198522155679445093e-03
-2.196393765301551775e-03
-2.194271980665962306e-03
-2.192156770279124131e-03
-2.190048102848088114e-03
-2.187945947278913898e-03
-2.185850272675090005e-03
-2.183761048335978224e-03
-2.181678243755258862e-03
-2.179601828619402021e-03
-2.177531772806148413e-03
-2.175468046383003187e-03
-2.173410619605749272e-03
-2.171359462916968089e-03
-2.169314546944579782e-03
-2.167275842500391257e-03
-2.165243320578665899e-03
-2.163216952354697197e-03
-2.161196709183403186e-03
-2.159182562597930857e-03
-2.157174484308271422e-03
-2.155172446199892910e-03
-2.153176420332384919e-03
-2.151186378938109000e-03
-2.149202294420871594e-03
-2.147224139354601737e-03
-2.145251886482044384e-03
-2.143285508713465865e-03
-2.141324979125366294e-03
-2.139370270959212780e-03
-2.137421357620176553e-03
-2.135478212675883097e-03
-2.133540809855177453e-03
-2.131609123046894743e-03
-2.129683126298649760e-03
-2.127762793815628304e-03
-2.125848099959395856e-03
-2.123939019246718404e-03
-2.122035526348384129e-03
-2.120137596088050250e-03
-2.118245203441085963e-03
-2.116358323533435327e-03
-2.114476931640488829e-03
-2.112601003185958417e-03
-2.110730513740774212e-03
-2.108865439021978191e-03
-2.107005754891639986e-03
-2.105151437355772242e-03
-2.103302462563262903e-03
-2.101458806804811386e-03
-2.099620446511878211e-03
-2.097787358255644597e-03
-2.095959518745974665e-03
-2.094136904830394986e-03
-2.092319493493078903e-03
-2.090507261853839088e-03
-2.088700187167131812e-03
-2.086898246821067282e-03
-2.085101418336432130e-03
-2.083309679365714928e-03
-2.081523007692146019e-03
-2.079741381228741252e-03
-2.077964778017360025e-03
-2.076193176227760298e-03
-2.074426554156677885e-03
-2.072664890226897511e-03
-2.070908162986343382e-03
-2.069156351107173664e-03
-2.067409433384879720e-03
-2.065667388737399239e-03
-2.063930196204234128e-03
-2.062197834945571438e-03
-2.060470284241422943e-03
-2.058747523490757781e-03
-2.057029532210658072e-03
-2.055316290035468039e-03
-2.053607776715957872e-03
-2.051903972118494096e-03
-2.050204856224214275e-03
-2.048510409128213427e-03
-2.046820611038730007e-03
-2.045135442276347498e-03
-2.043454883273196007e-03
-2.041778914572163397e-03
-2.040107516826114662e-03
-2.038440670797111737e-03
-2.036778357355650652e-03
-2.035120557479892615e-03
-2.033467252254909409e-03
-2.031818422871937025e-03
-2.030174050627625831e-03
-2.028534116923307214e-03
-2.026898603264261529e-03
-2.025267491258991252e-03
-2.023640762618503664e-03
-2.022018399155596589e-03
-2.020400382784151485e-03
-2.018786695518431321e-03
-2.017177319472386685e-03
-2.015572236858964930e-03
-2.013971429989424525e-03
-2.012374881272659816e-03
-2.010782573214525779e-03
-2.009194488417171461e-03
-2.007610609578379477e-03
-2.006030919490905950e-03
-2.004455401041834329e-03
-2.002884037211925729e-03
-2.001316811074981862e-03
-1.999753705797206651e-03
-1.998194704636579565e-03
-1.996639790942227651e-03
-1.995088948153809268e-03
-1.993542159800895663e-03
-1.991999409502365551e-03
-1.990460680965796657e-03
-1.988925957986867245e-03
-1.987395224448761533e-03
-1.985868464321579457e-03
-1.984345661661752070e-03
-1.982826800611457371e-03
-1.981311865398050018e-03
-1.979800840333484097e-03
-1.978293709813751071e-03
-1.976790458318313393e-03
-1.975291070409551566e-03
-1.973795530732205122e-03
-1.972303824012829228e-03
-1.970815935059247372e-03
-1.969331848760010138e-03
-1.967851550083862203e-03
-1.966375024079209787e-03
-1.964902255873591987e-03
-1.963433230673157330e-03
-1.961967933762148990e-03
-1.960506350502383942e-03
-1.959048466332745549e-03
-1.957594266768677028e-03
-1.956143737401676210e-03
-1.954696863898798109e-03
-1.953253632002160522e-03
-1.951814027528451156e-03
-1.950378036368441252e-03
-1.948945644486503115e-03
-1.947516837920129596e-03
-1.946091602779456177e-03
-1.944669925246792158e-03
-1.943251791576149903e-03
-1.941837188092781228e-03
-1.940426101192714451e-03
-1.939018517342298159e-03
-1.937614423077745627e-03
-1.936213805004686388e-03
-1.934816649797715428e-03
-1.933422944199954295e-03
-1.932032675022604847e-03
-1.930645829144518599e-03
-1.929262393511757415e-03
-1.927882355137167407e-03
-1.926505701099950245e-03
-1.925132418545238587e-03
-1.923762494683677569e-03
-1.922395916791006529e-03
-1.921032672207645051e-03
-1.919672748338281188e-03
-1.918316132651464887e-03
-1.916962812679204016e-03
-1.915612776016559953e-03
-1.914266010321251203e-03
-1.912922503313258535e-03
-1.911582242774428593e-03
-1.910245216548089658e-03
-1.908911412538660682e-03
-1.907580818711268134e-03
-1.906253423091368695e-03
-1.904929213764365451e-03
-1.903608178875237965e-03
-1.902290306628167576e-03
-1.900975585286166815e-03
-1.899664003170715119e-03
-1.898355548661391718e-03
-1.897050210195518061e-03
-1.895747976267795698e-03
-1.894448835429951745e-03
-1.893152776290385432e-03
-1.891859787513818121e-03
-1.890569857820943332e-03
-1.889282975988082177e-03
-1.887999130846841405e-03
-1.886718311283771448e-03
-1.885440506240028792e-03
-1.884165704711039668e-03
-1.882893895746170663e-03
-1.881625068448392404e-03
-1.880359211973957334e-03
-1.879096315532069244e-03
-1.877836368384562136e-03
-1.876579359845580164e-03
-1.875325279281256493e-03
-1.874074116109398667e-03
-1.872825859799175270e-03
-1.871580499870802161e-03
-1.870338025895233042e-03
-1.869098427493856096e-03
-1.867861694338183477e-03
-1.866627816149553365e-03
-1.865396782698825308e-03
-1.864168583806085104e-03
-1.862943209340346641e-03
-1.861720649219258733e-03
-1.860500893408812383e-03
-1.859283931923051735e-03
-1.858069754823784810e-03
-1.856858352220299877e-03
-1.855649714269079877e-03
-1.854443831173521609e-03
-1.853240693183655363e-03
-1.852040290595869526e-03
-1.850842613752630645e-03
-1.849647653042214325e-03
-1.848455398898430713e-03
-1.847265841800354962e-03
-1.846078972272060517e-03
-1.844894780882350453e-03
-1.843713258244497480e-03
-1.842534395015978099e-03
-1.841358181898212392e-03
-1.840184609636308583e-03
-1.839013669018802616e-03
-1.837845350877405750e-03
-1.836679646086749338e-03
-1.835516545564135028e-03
-1.834356040269284312e-03
-1.833198121204091327e-03
-1.832042779412377176e-03
-1.830890005979642727e-03
-1.829739792032829444e-03
-1.828592128740075652e-03
-1.827447007310480402e-03
-1.826304418993861473e-03
-1.825164355080522924e-03
-1.824026806901018734e-03
-1.822891765825922087e-03
-1.821759223265592047e-03
-1.820629170669944364e-03
-1.819501599528225736e-03
-1.818376501368783966e-03
-1.817253867758845910e-03
-1.816133690304293268e-03
-1.815015960649440973e-03
-1.813900670476817313e-03
-1.812787811506942756e-03
-1.811677375498117011e-03
-1.810569354246200670e-03
-1.809463739584400536e-03
-1.808360523383059073e-03
-1.807259697549440164e-03
-1.806161254027522029e-03
-1.805065184797787327e-03
-1.803971481877017372e-03
-1.802880137318083748e-03
-1.801791143209746648e-03
-1.800704491676452567e-03
-1.799620174878129378e-03
-1.798538185009989666e-03
-1.797458514302331016e-03
-1.796381155020338252e-03
-1.795306099463886548e-03
-1.794233339967347789e-03
-1.793162868899398667e-03
-1.792094678662824658e-03
-1.791028761694332455e-03
-1.789965110464358279e-03
-1.788903717476882050e-03
-1.787844575269238083e-03
-1.786787676411929690e-03
-1.785733013508444865e-03
-1.784680579195074357e-03
-1.783630366140727353e-03
-1.782582367046751286e-03
-1.781536574646753806e-03
-1.780492981706420855e-03
-1.779451581023343406e-03
-1.778412365426838143e-03
-1.777375327777773982e-03
-1.776340460968398169e-03
-1.775307757922162805e-03
-1.774277211593555280e-03
-1.773248814967924364e-03
-1.772222561061314976e-03
-1.771198442920297531e-03
-1.770176453621801404e-03
-1.769156586272948835e-03
-1.768138834010891209e-03
-1.767123190002642960e-03
-1.766109647444921325e-03
-1.765098199563983712e-03
-1.764088839615465939e-03
-1.763081560884224158e-03
-1.762076356684176342e-03
-1.761073220358143994e-03
-1.760072145277696018e-03
-1.759073124842993469e-03
-1.758076152482634718e-03
-1.757081221653502374e-03
-1.756088325840610186e-03
-1.755097458556953427e-03
-1.754108613343355804e-03
-1.753121783768321574e-03
-1.752136963427885922e-03
-1.751154145945469894e-03
-1.750173324971730565e-03
-1.749194494184416401e-03
-1.748217647288223932e-03
-1.747242778014651597e-03
-1.746269880121859670e-03
-1.745298947394523887e-03
-1.744329973643699710e-03
-1.743362952706678124e-03
-1.742397878446847077e-03
-1.741434744753554871e-03
-1.740473545541971383e-03
-1.739514274752949939e-03
-1.738556926352894825e-03
-1.737601494333622723e-03
-1.736647972712231959e-03
-1.735696355530966543e-03
-1.734746636857085631e-03
-1.733798810782730604e-03
-1.732852871424796042e-03
-1.731908812924797892e-03
-1.730966629448745528e-03
-1.730026315187013384e-03
-1.729087864354212365e-03
-1.728151271189066682e-03
-1.727216529954282015e-03
-1.726283634936426467e-03
-1.725352580445802843e-03
-1.724423360816325053e-03
-1.723495970405397549e-03
-1.722570403593791074e-03
-1.721646654785522748e-03
-1.720724718407735292e-03
-1.719804588910576462e-03
-1.718886260767082388e-03
-1.717969728473055712e-03
-1.717054986546951746e-03
-1.716142029529759208e-03
-1.715230851984885082e-03
-1.714321448498039475e-03
-1.713413813677120258e-03
-1.712507942152100308e-03
-1.711603828574912800e-03
-1.710701467619339970e-03
-1.709800853980899269e-03
-1.708901982376736031e-03
-1.708004847545508548e-03
-1.707109444247282030e-03
-1.706215767263416288e-03
-1.705323811396460129e-03
-1.704433571470040766e-03
-1.703545042328759524e-03
-1.702658218838083845e-03
-1.701773095884239959e-03
-1.700889668374112049e-03
-1.700007931235132967e-03
-1.699127879415182098e-03
-1.698249507882483881e-03
-1.697372811625503077e-03
-1.696497785652842415e-03
-1.695624424993142634e-03
-1.694752724694981649e-03
-1.693882679826771770e-03
-1.693014285476664290e-03
-1.692147536752447575e-03
-1.691282428781448180e-03
-1.690418956710435872e-03
-1.689557115705524323e-03
-1.688696900952073960e-03
-1.687838307654598293e-03
-1.686981331036665685e-03
-1.686125966340806760e-03
-1.685272208828418779e-03
-1.684420053779671746e-03
-1.683569496493416036e-03
-1.682720532287089151e-03
-1.681873156496623131e-03
-1.681027364476354998e-03
-1.680183151598932433e-03
-1.679340513255227034e-03
-1.678499444854241298e-03
-1.677659941823020362e-03
-1.676821999606564403e-03
-1.675985613667737130e-03
-1.675150779487181866e-03
-1.674317492563231558e-03
-1.673485748411820961e-03
-1.672655542566404670e-03
-1.671826870577866912e-03
-1.670999728014438716e-03
-1.670174110461612261e-03
-1.669350013522056739e-03
-1.668527432815535309e-03
-1.667706363978819009e-03
-1.666886802665608911e-03
-1.666068744546449166e-03
-1.665252185308646778e-03
-1.664437120656191149e-03
-1.663623546309671688e-03
-1.662811458006199306e-03
-1.662000851499323374e-03
-1.661191722558954956e-03
-1.660384066971287882e-03
-1.659577880538717432e-03
-1.658773159079765525e-03
-1.657969898429000706e-03
-1.657168094436961168e-03
-1.656367742970079942e-03
-1.655568839910606617e-03
-1.654771381156531010e-03
-1.653975362621509446e-03
-1.653180780234789725e-03
-1.652387629941134582e-03
-1.651595907700749910e-03
-1.650805609489208216e-03
-1.650016731297378365e-03
-1.649229269131350989e-03
-1.648443219012365839e-03
-1.647658576976740452e-03
-1.646875339075798373e-03
-1.646093501375797815e-03
-1.645313059957859885e-03
-1.644534010917900494e-03
-1.643756350366557505e-03
-1.642980074429123286e-03
-1.642205179245474463e-03
-1.641431660970002959e-03
-1.640659515771548558e-03
-1.639888739833328868e-03
-1.639119329352874480e-03
-1.638351280541958934e-03
-1.637584589626533233e-03
-1.636819252846659052e-03
-1.636055266456442605e-03
-1.635292626723968508e-03
-1.634531329931234941e-03
-1.633771372374087519e-03
-1.633012750362156833e-03
-1.632255460218791235e-03
-1.631499498280995037e-03
-1.630744860899362809e-03
-1.629991544438019095e-03
-1.629239545274553799e-03
-1.628488859799957778e-03
-1.627739484418564949e-03
-1.626991415547986153e-03
-1.626244649619050390e-03
-1.625499183075742801e-03
-1.624755012375143524e-03
-1.624012133987367407e-03
-1.623270544395504595e-03
-1.622530240095559169e-03
-1.621791217596390807e-03
-1.621053473419655595e-03
-1.620317004099747042e-03
-1.619581806183736450e-03
-1.618847876231317186e-03
-1.618115210814744616e-03
-1.617383806518778644e-03
-1.616653659940628851e-03
-1.615924767689893779e-03
-1.615197126388507589e-03
-1.614470732670682815e-03
-1.613745583182853334e-03
-1.613021674583620590e-03
-1.612299003543695266e-03
-1.611577566745845888e-03
-1.610857360884841369e-03
-1.610138382667397443e-03
-1.609420628812123109e-03
-1.608704096049464903e-03
-1.607988781121654637e-03
-1.607274680782657143e-03
-1.606561791798114544e-03
-1.605850110945296816e-03
-1.605139635013045187e-03
-1.604430360801724657e-03
-1.603722285123168481e-03
-1.603015404800628299e-03
-1.602309716668723176e-03
-1.601605217573386043e-03
-1.600901904371816861e-03
-1.600199773932429277e-03
-1.599498823134799666e-03
-1.598799048869621814e-03
-1.598100448038651186e-03
-1.597403017554660043e-03
-1.596706754341385833e-03
-1.596011655333483487e-03
-1.595317717476477928e-03
-1.594624937726711600e-03
-1.593933313051300663e-03
-1.593242840428085554e-03
-1.592553516845582849e-03
-1.591865339302939294e-03
-1.591178304809882579e-03
-1.590492410386676889e-03
-1.589807653064075196e-03
-1.589124029883271340e-03
-1.588441537895858395e-03
-1.587760174163777710e-03
-1.587079935759276410e-03
-1.586400819764861208e-03
-1.585722823273253085e-03
-1.585045943387343058e-03
-1.584370177220146636e-03
-1.583695521894760245e-03
-1.583021974544316117e-03
-1.582349532311938924e-03
-1.581678192350702630e-03
-1.581007951823586470e-03
-1.580338807903429845e-03
-1.579670757772894162e-03
-1.579003798624413826e-03
-1.578337927660158945e-03
-1.577673142091990006e-03
-1.577009439141416032e-03
-1.576346816039554677e-03
-1.575685270027086908e-03
-1.575024798354219711e-03
-1.574365398280640769e-03
-1.573707067075481815e-03
-1.573049802017272882e-03
-1.572393600393905870e-03
-1.571738459502592051e-03
-1.571084376649821293e-03
-1.570431349151325427e-03
-1.569779374332032698e-03
-1.569128449526034598e-03
-1.568478572076541407e-03
-1.567829739335846418e-03
-1.567181948665284305e-03
-1.566535197435194905e-03
-1.565889483024882891e-03
-1.565244802822579606e-03
-1.564601154225405332e-03
-1.563958534639330912e-03
-1.563316941479141750e-03
-1.562676372168395967e-03
-1.562036824139392301e-03
-1.561398294833128914e-03
-1.560760781699267611e-03
-1.560124282196098276e-03
-1.559488793790500061e-03
-1.558854313957906690e-03
-1.558220840182269161e-03
-1.557588369956020404e-03
-1.556956900780038199e-03
-1.556326430163610698e-03
-1.555696955624401518e-03
-1.555068474688411353e-03
-1.554440984889946106e-03
-1.553814483771580020e-03
-1.553188968884121205e-03
-1.552564437786578024e-03
-1.551940888046123533e-03
-1.551318317238060572e-03
-1.550696722945789233e-03
-1.550076102760771955e-03
-1.549456454282500126e-03
-1.548837775118460476e-03
-1.548220062884100813e-03
-1.547603315202798367e-03
-1.546987529705824878e-03
-1.546372704032315153e-03
-1.545758835829233457e-03
-1.545145922751340771e-03
-1.544533962461163345e-03
-1.543922952628958879e-03
-1.543312890932686159e-03
-1.542703775057972099e-03
-1.542095602698079432e-03
-1.541488371553876571e-03
-1.540882079333803995e-03
-1.540276723753845412e-03
-1.539672302537495015e-03
-1.539068813415726258e-03
-1.538466254126962147e-03
-1.537864622417043367e-03
-1.537263916039199006e-03
-1.536664132754014681e-03
-1.536065270329402830e-03
-1.535467326540573873e-03
-1.534870299170004336e-03
-1.534274186007407795e-03
-1.533678984849705385e-03
-1.533084693500996742e-03
-1.532491309772529434e-03
-1.531898831482669462e-03
-1.531307256456875682e-03
-1.530716582527665319e-03
-1.530126807534589904e-03
-1.529537929324204480e-03
-1.528949945750039197e-03
-1.528362854672570686e-03
-1.527776653959195393e-03
-1.527191341484199216e-03
-1.526606915128731487e-03
-1.526023372780775482e-03
-1.525440712335122831e-03
-1.524858931693342948e-03
-1.524278028763759825e-03
-1.523698001461419290e-03
-1.523118847708067325e-03
-1.522540565432119490e-03
-1.521963152568635118e-03
-1.521386607059290212e-03
-1.520810926852351206e-03
-1.520236109902649811e-03
-1.519662154171553528e-03
-1.519089057626940922e-03
-1.518516818243176693e-03
-1.517945434001084131e-03
-1.517374902887919748e-03
-1.516805222897347691e-03
-1.516236392029413722e-03
-1.515668408290519195e-03
-1.515101269693397640e-03
-1.514534974257088521e-03
-1.513969520006909486e-03
-1.513404904974436846e-03
-1.512841127197475004e-03
-1.512278184720035855e-03
-1.511716075592311678e-03
-1.511154797870651071e-03
-1.510594349617536180e-03
-1.510034728901555809e-03
-1.509475933797382657e-03
-1.508917962385750112e-03
-1.508360812753426232e-03
-1.507804482993190106e-03
-1.507248971203811261e-03
-1.506694275490021682e-03
-1.506140393962495869e-03
-1.505587324737824159e-03
-1.505035065938492350e-03
-1.504483615692857193e-03
-1.503932972135123627e-03
-1.503383133405321141e-03
-1.502834097649281440e-03
-1.502285863018615894e-03
-1.501738427670692988e-03
-1.501191789768615550e-03
-1.500645947481197770e-03
-1.500100898982943513e-03
-1.499556642454024204e-03
-1.499013176080256707e-03
-1.498470498053080559e-03
-1.497928606569537370e-03
-1.497387499832247620e-03
-1.496847176049389411e-03
-1.496307633434677863e-03
-1.495768870207342784e-03
-1.495230884592106983e-03
-1.494693674819165020e-03
-1.494157239124162609e-03
-1.493621575748176012e-03
-1.493086682937687761e-03
-1.492552558944572338e-03
-1.492019202026067561e-03
-1.491486610444758961e-03
-1.490954782468557676e-03
-1.490423716370680059e-03
-1.489893410429628381e-03
-1.489363862929167200e-03
-1.488835072158306875e-03
-1.488307036411281236e-03
-1.487779753987528500e-03
-1.487253223191670887e-03
-1.486727442333494022e-03
-1.486202409727929588e-03
-1.485678123695032557e-03
-1.485154582559963842e-03
-1.484631784652969697e-03
-1.484109728309363288e-03
-1.483588411869503874e-03
-1.483067833678778378e-03
-1.482547992087583817e-03
-1.482028885451304326e-03
-1.481510512130296839e-03
-1.480992870489868758e-03
-1.480475958900260821e-03
-1.479959775736626936e-03
-1.479444319379017922e-03
-1.478929588212361118e-03
-1.478415580626441959e-03
-1.477902295015886191e-03
-1.477389729780141658e-03
-1.476877883323459871e-03
-1.476366754054878223e-03
-1.475856340388200481e-03
-1.475346640741980950e-03
-1.474837653539505392e-03
-1.474329377208773682e-03
-1.473821810182480508e-03
-1.473314950898001706e-03
-1.472808797797371281e-03
-1.472303349327267960e-03
-1.471798603938996976e-03
-1.471294560088471856e-03
-1.470791216236197289e-03
-1.470288570847253298e-03
-1.469786622391276157e-03
-1.469285369342442560e-03
-1.468784810179453145e-03
-1.468284943385515144e-03
-1.467785767448324605e-03
-1.467287280860050556e-03
-1.466789482117318967e-03
-1.466292369721195832e-03
-1.465795942177169605e-03
-1.465300197995136671e-03
-1.464805135689382269e-03
-1.464310753778567476e-03
-1.463817050785711643e-03
-1.463324025238174836e-03
-1.462831675667643086e-03
-1.462340000610114080e-03
-1.461848998605877860e-03
-1.461358668199503165e-03
-1.460869007939821600e-03
-1.460380016379910937e-03
-1.459891692077080159e-03
-1.459404033592853625e-03
-1.458917039492957195e-03
-1.458430708347299362e-03
-1.457945038729959114e-03
-1.457460029219168583e-03
-1.456975678397300468e-03
-1.456491984850849172e-03
-1.456008947170419092e-03
-1.455526563950706185e-03
-1.455044833790487780e-03
-1.454563755292602846e-03
-1.454083327063940062e-03
-1.453603547715422205e-03
-1.453124415861990976e-03
-1.452645930122594201e-03
-1.452168089120167834e-03
-1.451690891481625771e-03
-1.451214335837842278e-03
-1.450738420823638767e-03
-1.450263145077767754e-03
-1.449788507242903745e-03
-1.449314505965621988e-03
-1.448841139896389586e-03
-1.448368407689548795e-03
-1.447896308003304667e-03
-1.447424839499710306e-03
-1.446954000844652552e-03
-1.446483790707838758e-03
-1.446014207762782479e-03
-1.445545250686791974e-03
-1.445076918160953299e-03
-1.444609208870117510e-03
-1.444142121502890036e-03
-1.443675654751613120e-03
-1.443209807312355623e-03
-1.442744577884898065e-03
-1.442279965172718744e-03
-1.441815967882982682e-03
-1.441352584726526441e-03
-1.440889814417845765e-03
-1.440427655675083005e-03
-1.439966107220013456e-03
-1.439505167778031697e-03
-1.439044836078141182e-03
-1.438585110852938194e-03
-1.438125990838601655e-03
-1.437667474774878594e-03
-1.437209561405073310e-03
-1.436752249476032405e-03
-1.436295537738134379e-03
-1.435839424945276185e-03
-1.435383909854860652e-03
-1.434928991227783909e-03
-1.434474667828424107e-03
-1.434020938424627545e-03
-1.433567801787698692e-03
-1.433115256692384142e-03
-1.432663301916865459e-03
-1.432211936242743346e-03
-1.431761158455025938e-03
-1.431310967342118825e-03
-1.430861361695811608e-03
-1.430412340311266193e-03
-1.429963901987005293e-03
-1.429516045524899422e-03
-1.429068769730158220e-03
-1.428622073411314189e-03
-1.428175955380215538e-03
-1.427730414452011223e-03
-1.427285449445142053e-03
-1.426841059181327030e-03
-1.426397242485552075e-03
-1.425953998186061571e-03
-1.425511325114342314e-03
-1.425069222105116362e-03
-1.424627687996328019e-03
-1.424186721629131262e-03
-1.423746321847881502e-03
-1.423306487500122569e-03
-1.422867217436575224e-03
-1.422428510511128267e-03
-1.421990365580825524e-03
-1.421552781505855444e-03
-1.421115757149541336e-03
-1.420679291378328579e-03
-1.420243383061775512e-03
-1.419808031072541075e-03
-1.419373234286376573e-03
-1.418938991582112440e-03
-1.418505301841649141e-03
-1.418072163949945022e-03
-1.417639576795008726e-03
-1.417207539267885744e-03
-1.416776050262648660e-03
-1.416345108676388478e-03
-1.415914713409202044e-03
-1.415484863364182720e-03
-1.415055557447410413e-03
-1.414626794567940731e-03
-1.414198573637795442e-03
-1.413770893571951416e-03
-1.413343753288331299e-03
-1.412917151707792892e-03
-1.412491087754120253e-03
-1.412065560354012215e-03
-1.411640568437073050e-03
-1.411216110935803588e-03
-1.410792186785589071e-03
-1.410368794924692212e-03
-1.409945934294239969e-03
-1.409523603838216824e-03
-1.409101802503456109e-03
-1.408680529239623959e-03
-1.408259782999216926e-03
-1.407839562737548539e-03
-1.407419867412741492e-03
-1.407000695985716155e-03
-1.406582047420183203e-03
-1.406163920682633418e-03
-1.405746314742325987e-03
-1.405329228571284813e-03
-1.404912661144283115e-03
-1.404496611438838449e-03
-1.404081078435199907e-03
-1.403666061116342267e-03
-1.403251558467955148e-03
-1.402837569478433688e-03
-1.402424093138870302e-03
-1.402011128443045145e-03
-1.401598674387417214e-03
-1.401186729971115466e-03
-1.400775294195928623e-03
-1.400364366066299097e-03
-1.399953944589311721e-03
-1.399544028774684637e-03
-1.399134617634762790e-03
-1.398725710184508175e-03
-1.398317305441489208e-03
-1.397909402425874656e-03
-1.397502000160423877e-03
-1.397095097670477716e-03
-1.396688693983951781e-03
-1.396282788131324734e-03
-1.395877379145633737e-03
-1.395472466062461442e-03
-1.395068047919931871e-03
-1.394664123758699572e-03
-1.394260692621941385e-03
-1.393857753555349062e-03
-1.393455305607118862e-03
-1.393053347827947000e-03
-1.392651879271017716e-03
-1.392250898991996555e-03
-1.391850406049021912e-03
-1.391450399502698306e-03
-1.391050878416085759e-03
-1.390651841854693288e-03
-1.390253288886471317e-03
-1.389855218581801700e-03
-1.389457630013491438e-03
-1.389060522256764648e-03
-1.388663894389253681e-03
-1.388267745490991524e-03
-1.387872074644404437e-03
-1.387476880934304354e-03
-1.387082163447879131e-03
-1.386687921274687993e-03
-1.386294153506649821e-03
-1.385900859238039899e-03
-1.385508037565478211e-03
-1.385115687587924445e-03
-1.384723808406668893e-03
-1.384332399125325725e-03
-1.383941458849824316e-03
-1.383550986688404259e-03
-1.383160981751604306e-03
-1.382771443152257598e-03
-1.382382370005482775e-03
-1.381993761428678335e-03
-1.381605616541512231e-03
-1.381217934465916878e-03
-1.380830714326082218e-03
-1.380443955248446828e-03
-1.380057656361690548e-03
-1.379671816796728843e-03
-1.379286435686704129e-03
-1.378901512166979919e-03
-1.378517045375131931e-03
-1.378133034450943102e-03
-1.377749478536393181e-03
-1.377366376775656558e-03
-1.376983728315090555e-03
-1.376601532303230223e-03
-1.376219787890782488e-03
-1.375838494230617257e-03
-1.375457650477761784e-03
-1.375077255789392645e-03
-1.374697309324830535e-03
-1.374317810245530942e-03
-1.373938757715080028e-03
-1.373560150899186391e-03
-1.373181988965673254e-03
-1.372804271084474351e-03
-1.372426996427624814e-03
-1.372050164169255322e-03
-1.371673773485586030e-03
-1.371297823554918976e-03
-1.370922313557632229e-03
-1.370547242676172298e-03
-1.370172610095048279e-03
-1.369798415000825784e-03
-1.369424656582119348e-03
-1.369051334029586361e-03
-1.368678446535920778e-03
-1.368305993295845964e-03
-1.367933973506109705e-03
-1.367562386365476189e-03
-1.367191231074721229e-03
-1.366820506836624030e-03
-1.366450212855961979e-03
-1.366080348339504579e-03
-1.365710912496007371e-03
-1.365341904536203702e-03
-1.364973323672801463e-03
-1.364605169120473556e-03
-1.364237440095855290e-03
-1.363870135817534836e-03
-1.363503255506049979e-03
-1.363136798383879659e-03
-1.362770763675439202e-03
-1.362405150607074030e-03
-1.362039958407054241e-03
-1.361675186305565935e-03
-1.361310833534708610e-03
-1.360946899328487796e-03
-1.360583382922808324e-03
-1.360220283555469561e-03
-1.359857600466158256e-03
-1.359495332896444413e-03
-1.359133480089773707e-03
-1.358772041291462715e-03
-1.358411015748692838e-03
-1.358050402710504019e-03
-1.357690201427788450e-03
-1.357330411153287973e-03
-1.356971031141584539e-03
-1.356612060649095867e-03
-1.356253498934070030e-03
-1.355895345256580243e-03
-1.355537598878518149e-03
-1.355180259063589040e-03
-1.354823325077304927e-03
-1.354466796186980628e-03
-1.354110671661727704e-03
-1.353754950772448817e-03
-1.353399632791830141e-03
-1.353044716994339846e-03
-1.352690202656219856e-03
-1.352336089055480644e-03
-1.351982375471897117e-03
-1.351629061187001020e-03
-1.351276145484077906e-03
-1.350923627648160192e-03
-1.350571506966021526e-03
-1.350219782726174182e-03
-1.349868454218858651e-03
-1.349517520736044944e-03
-1.349166981571420015e-03
-1.348816836020389279e-03
-1.348467083380065984e-03
-1.348117722949270783e-03
-1.347768754028521752e-03
-1.347420175920032229e-03
-1.347071987927705820e-03
-1.346724189357128600e-03
-1.346376779515567586e-03
-1.346029757711962073e-03
-1.345683123256921675e-03
-1.345336875462718523e-03
-1.344991013643284444e-03
-1.344645537114204240e-03
-1.344300445192712001e-03
-1.343955737197684601e-03
-1.343611412449638659e-03
-1.343267470270724040e-03
-1.342923909984719078e-03
-1.342580730917026675e-03
-1.342237932394666931e-03
-1.341895513746276707e-03
-1.341553474302099218e-03
-1.341211813393984034e-03
-1.340870530355379271e-03
-1.340529624521327040e-03
-1.340189095228461495e-03
-1.339848941814999290e-03
-1.339509163620738281e-03
-1.339169759987052536e-03
-1.338830730256886049e-03
-1.338492073774748834e-03
-1.338153789886713241e-03
-1.337815877940406800e-03
-1.337478337285010052e-03
-1.337141167271250911e-03
-1.336804367251399027e-03
-1.336467936579263834e-03
-1.336131874610186525e-03
-1.335796180701038323e-03
-1.335460854210213750e-03
-1.335125894497628469e-03
-1.334791300924712118e-03
-1.334457072854406149e-03
-1.334123209651157105e-03
-1.333789710680914229e-03
-1.333456575311123618e-03
-1.333123802910724095e-03
-1.332791392850142878e-03
-1.332459344501291673e-03
-1.332127657237560823e-03
-1.331796330433816485e-03
-1.331465363466395645e-03
-1.331134755713101131e-03
-1.330804506553198360e-03
-1.330474615367410350e-03
-1.330145081537913382e-03
-1.329815904448332668e-03
-1.329487083483738875e-03
-1.329158618030643361e-03
-1.328830507476993182e-03
-1.328502751212167626e-03
-1.328175348626973659e-03
-1.327848299113642888e-03
-1.327521602065825056e-03
-1.327195256878585874e-03
-1.326869262948403121e-03
-1.326543619673159697e-03
-1.326218326452142113e-03
-1.325893382686036152e-03
-1.325568787776921879e-03
-1.325244541128269525e-03
-1.324920642144936447e-03
-1.324597090233162145e-03
-1.324273884800563706e-03
-1.323951025256134067e-03
-1.323628511010234649e-03
-1.323306341474595133e-03
-1.322984516062305875e-03
-1.322663034187816604e-03
-1.322341895266930566e-03
-1.322021098716802574e-03
-1.321700643955932937e-03
-1.321380530404164420e-03
-1.321060757482679648e-03
-1.320741324613995031e-03
-1.320422231221957945e-03
-1.320103476731743046e-03
-1.319785060569847934e-03
-1.319466982164090333e-03
-1.319149240943602022e-03
-1.318831836338827746e-03
-1.318514767781519799e-03
-1.318198034704734555e-03
-1.317881636542828777e-03
-1.317565572731455069e-03
-1.317249842707560355e-03
-1.316934445909380023e-03
-1.316619381776433376e-03
-1.316304649749524278e-03
-1.315990249270732049e-03
-1.315676179783412114e-03
-1.315362440732188417e-03
-1.315049031562954933e-03
-1.314735951722866133e-03
-1.314423200660337415e-03
-1.314110777825040115e-03
-1.313798682667898475e-03
-1.313486914641085086e-03
-1.313175473198018722e-03
-1.312864357793357833e-03
-1.312553567883001848e-03
-1.312243102924082498e-03
-1.311932962374963820e-03
-1.311623145695237818e-03
-1.311313652345719042e-03
-1.311004481788444588e-03
-1.310695633486667162e-03
-1.310387106904853773e-03
-1.310078901508681401e-03
-1.309771016765033528e-03
-1.309463452141997964e-03
-1.309156207108861216e-03
-1.308849281136106749e-03
-1.308542673695411301e-03
-1.308236384259641198e-03
-1.307930412302848013e-03
-1.307624757300268571e-03
-1.307319418728316923e-03
-1.307014396064584997e-03
-1.306709688787836311e-03
-1.306405296378004887e-03
-1.306101218316190913e-03
-1.305797454084657279e-03
-1.305494003166827620e-03
-1.305190865047279811e-03
-1.304888039211746622e-03
-1.304585525147110509e-03
-1.304283322341400798e-03
-1.303981430283789348e-03
-1.303679848464588597e-03
-1.303378576375248095e-03
-1.303077613508352118e-03
-1.302776959357613814e-03
-1.302476613417875633e-03
-1.302176575185101963e-03
-1.301876844156380853e-03
-1.301577419829917084e-03
-1.301278301705030213e-03
-1.300979489282151754e-03
-1.300680982062821928e-03
-1.300382779549686622e-03
-1.300084881246493492e-03
-1.299787286658089791e-03
-1.299489995290419985e-03
-1.299193006650520548e-03
-1.298896320246518661e-03
-1.298599935587628528e-03
-1.298303852184148552e-03
-1.298008069547458088e-03
-1.297712587190014838e-03
-1.297417404625351165e-03
-1.297122521368071707e-03
-1.296827936933850562e-03
-1.296533650839426727e-03
-1.296239662602604540e-03
-1.295945971742246735e-03
-1.295652577778273794e-03
-1.295359480231660478e-03
-1.295066678624433656e-03
-1.294774172479668407e-03
-1.294481961321484976e-03
-1.294190044675046182e-03
-1.293898422066556324e-03
-1.293607093023255118e-03
-1.293316057073416606e-03
-1.293025313746346775e-03
-1.292734862572379219e-03
-1.292444703082874053e-03
-1.292154834810213147e-03
-1.291865257287798819e-03
-1.291575970050051455e-03
-1.291286972632404301e-03
-1.290998264571302815e-03
-1.290709845404201632e-03
-1.290421714669560656e-03
-1.290133871906843548e-03
-1.289846316656514252e-03
-1.289559048460035265e-03
-1.289272066859862642e-03
-1.288985371399446441e-03
-1.288698961623224856e-03
-1.288412837076624226e-03
-1.288126997306054478e-03
-1.287841441858906307e-03
-1.287556170283551179e-03
-1.287271182129335039e-03
-1.286986476946577881e-03
-1.286702054286571143e-03
-1.286417913701573372e-03
-1.286134054744809789e-03
-1.285850476970467737e-03
-1.285567179933695377e-03
-1.285284163190598657e-03
-1.285001426298238488e-03
-1.284718968814627929e-03
-1.284436790298731099e-03
-1.284154890310457977e-03
-1.283873268410664834e-03
-1.283591924161149242e-03
-1.283310857124648997e-03
-1.283030066864838861e-03
-1.282749552946328394e-03
-1.282469314934658704e-03
-1.282189352396301144e-03
-1.281909664898654494e-03
-1.281630252010040622e-03
-1.281351113299704922e-03
-1.281072248337812190e-03
-1.280793656695443589e-03
-1.280515337944595784e-03
-1.280237291658177252e-03
-1.279959517410006334e-03
-1.279682014774808415e-03
-1.279404783328214187e-03
-1.279127822646756616e-03
-1.278851132307868991e-03
-1.278574711889881232e-03
-1.278298560972019682e-03
-1.278022679134402763e-03
-1.277747065958039678e-03
-1.277471721024827376e-03
-1.277196643917548812e-03
-1.276921834219869704e-03
-1.276647291516337440e-03
-1.276373015392378045e-03
-1.276099005434292279e-03
-1.275825261229256505e-03
-1.275551782365318566e-03
-1.275278568431394534e-03
-1.275005619017268279e-03
-1.274732933713587993e-03
-1.274460512111864029e-03
-1.274188353804467161e-03
-1.273916458384626417e-03
-1.273644825446424962e-03
-1.273373454584800528e-03
-1.273102345395540642e-03
-1.272831497475283066e-03
-1.272560910421510153e-03
-1.272290583832549936e-03
-1.272020517307571787e-03
-1.271750710446585119e-03
-1.271481162850436565e-03
-1.271211874120808461e-03
-1.270942843860216461e-03
-1.270674071672006069e-03
-1.270405557160352852e-03
-1.270137299930257672e-03
-1.269869299587547120e-03
-1.269601555738869179e-03
-1.269334067991691704e-03
-1.269066835954300691e-03
-1.268799859235798322e-03
-1.268533137446099714e-03
-1.268266670195931619e-03
-1.268000457096830685e-03
-1.267734497761139993e-03
-1.267468791802007751e-03
-1.267203338833385777e-03
-1.266938138470026249e-03
-1.266673190327480400e-03
-1.266408494022095701e-03
-1.266144049171015213e-03
-1.265879855392173245e-03
-1.265615912304295793e-03
-1.265352219526896414e-03
-1.265088776680275149e-03
-1.264825583385516565e-03
-1.264562639264487807e-03
-1.264299943939835346e-03
-1.264037497034984758e-03
-1.263775298174137042e-03
-1.263513346982267317e-03
-1.263251643085124172e-03
-1.262990186109224462e-03
-1.262728975681854391e-03
-1.262468011431065610e-03
-1.262207292985674783e-03
-1.261946819975259685e-03
-1.261686592030158982e-03
-1.261426608781469417e-03
-1.261166869861044069e-03
-1.260907374901490191e-03
-1.260648123536167470e-03
-1.260389115399185430e-03
-1.260130350125403427e-03
-1.259871827350425881e-03
-1.259613546710602926e-03
-1.259355507843026509e-03
-1.259097710385530386e-03
-1.258840153976686005e-03
-1.258582838255802722e-03
-1.258325762862924765e-03
-1.258068927438829284e-03
-1.257812331625024612e-03
-1.257555975063749621e-03
-1.257299857397968946e-03
-1.257043978271374504e-03
-1.256788337328381159e-03
-1.256532934214125855e-03
-1.256277768574466311e-03
-1.256022840055977556e-03
-1.255768148305951709e-03
-1.255513692972395163e-03
-1.255259473704027498e-03
-1.255005490150278881e-03
-1.254751741961288546e-03
-1.254498228787903494e-03
-1.254244950281676327e-03
-1.253991906094862208e-03
-1.253739095880419731e-03
-1.253486519292007018e-03
-1.253234175983980198e-03
-1.252982065611392762e-03
-1.252730187829992521e-03
-1.252478542296220311e-03
-1.252227128667208469e-03
-1.251975946600778671e-03
-1.251724995755440842e-03
-1.251474275790390124e-03
-1.251223786365507091e-03
-1.250973527141353630e-03
-1.250723497779173375e-03
-1.250473697940888669e-03
-1.250224127289099483e-03
-1.249974785487081895e-03
-1.249725672198784840e-03
-1.249476787088830325e-03
-1.249228129822510395e-03
-1.248979700065787129e-03
-1.248731497485288744e-03
-1.248483521748308938e-03
-1.248235772522806025e-03
-1.247988249477399681e-03
-1.247740952281371166e-03
-1.247493880604659197e-03
-1.247247034117860819e-03
-1.247000412492227936e-03
-1.246754015399666659e-03
-1.246507842512735572e-03
-1.246261893504643564e-03
-1.246016168049247875e-03
-1.245770665821054534e-03
-1.245525386495214453e-03
-1.245280329747522341e-03
-1.245035495254416492e-03
-1.244790882692974662e-03
-1.244546491740915152e-03
-1.244302322076593558e-03
-1.244058373379001471e-03
-1.243814645327764954e-03
-1.243571137603143245e-03
-1.243327849886026806e-03
-1.243084781857936019e-03
-1.242841933201019235e-03
-1.242599303598051477e-03
-1.242356892732433349e-03
-1.242114700288188224e-03
-1.241872725949962671e-03
-1.241630969403021692e-03
-1.241389430333251749e-03
-1.241148108427154485e-03
-1.240907003371848451e-03
-1.240666114855066291e-03
-1.240425442565153873e-03
-1.240184986191067255e-03
-1.239944745422373552e-03
-1.239704719949247247e-03
-1.239464909462469761e-03
-1.239225313653428149e-03
-1.238985932214112717e-03
-1.238746764837115938e-03
-1.238507811215631364e-03
-1.238269071043452546e-03
-1.238030544014969564e-03
-1.237792229825169458e-03
-1.237554128169634279e-03
-1.237316238744539136e-03
-1.237078561246651330e-03
-1.236841095373328618e-03
-1.236603840822517479e-03
-1.236366797292752680e-03
-1.236129964483154674e-03
-1.235893342093428516e-03
-1.235656929823862778e-03
-1.235420727375327815e-03
-1.235184734449274683e-03
-1.234948950747732964e-03
-1.234713375973310124e-03
-1.234478009829189553e-03
-1.234242852019129923e-03
-1.234007902247462145e-03
-1.233773160219090890e-03
-1.233538625639490037e-03
-1.233304298214702669e-03
-1.233070177651339992e-03
-1.232836263656579816e-03
-1.232602555938164387e-03
-1.232369054204400386e-03
-1.232135758164155893e-03
-1.231902667526860824e-03
-1.231669782002503457e-03
-1.231437101301631303e-03
-1.231204625135348283e-03
-1.230972353215313434e-03
-1.230740285253740683e-03
-1.230508420963396252e-03
-1.230276760057597571e-03
-1.230045302250212845e-03
-1.229814047255658451e-03
-1.229582994788898940e-03
-1.229352144565443563e-03
-1.229121496301348012e-03
-1.228891049713210512e-03
-1.228660804518171392e-03
-1.228430760433912644e-03
-1.228200917178654678e-03
-1.227971274471156967e-03
-1.227741832030715668e-03
-1.227512589577162746e-03
-1.227283546830864464e-03
-1.227054703512719860e-03
-1.226826059344160317e-03
-1.226597614047147391e-03
-1.226369367344171514e-03
-1.226141318958251991e-03
-1.225913468612934180e-03
-1.225685816032289063e-03
-1.225458360940911290e-03
-1.225231103063919831e-03
-1.225004042126953858e-03
-1.224777177856173176e-03
-1.224550509978257788e-03
-1.224324038220404648e-03
-1.224097762310327221e-03
-1.223871681976255489e-03
-1.223645796946932910e-03
-1.223420106951615986e-03
-1.223194611720072964e-03
-1.222969310982582967e-03
-1.222744204469933824e-03
-1.222519291913422507e-03
-1.222294573044851443e-03
-1.222070047596530247e-03
-1.221845715301272256e-03
-1.221621575892393877e-03
-1.221397629103714152e-03
-1.221173874669552809e-03
-1.220950312324729174e-03
-1.220726941804561308e-03
-1.220503762844864703e-03
-1.220280775181950333e-03
-1.220057978552624867e-03
-1.219835372694188505e-03
-1.219612957344434539e-03
-1.219390732241647192e-03
-1.219168697124600959e-03
-1.218946851732559530e-03
-1.218725195805275352e-03
-1.218503729082986162e-03
-1.218282451306417370e-03
-1.218061362216777289e-03
-1.217840461555758438e-03
-1.217619749065535590e-03
-1.217399224488764252e-03
-1.217178887568580231e-03
-1.216958738048597903e-03
-1.216738775672909995e-03
-1.216519000186084979e-03
-1.216299411333167510e-03
-1.216080008859676256e-03
-1.215860792511603899e-03
-1.215641762035413664e-03
-1.215422917178041488e-03
-1.215204257686892117e-03
-1.214985783309839975e-03
-1.214767493795226557e-03
-1.214549388891860435e-03
-1.214331468349015087e-03
-1.214113731916429328e-03
-1.213896179344305147e-03
-1.213678810383305752e-03
-1.213461624784557087e-03
-1.213244622299644365e-03
-1.213027802680612067e-03
-1.212811165679962208e-03
-1.212594711050654769e-03
-1.212378438546104446e-03
-1.212162347920181299e-03
-1.211946438927209669e-03
-1.211730711321964710e-03
-1.211515164859675421e-03
-1.211299799296020096e-03
-1.211084614387126536e-03
-1.210869609889571622e-03
-1.210654785560379360e-03
-1.210440141157019794e-03
-1.210225676437409010e-03
-1.210011391159907402e-03
-1.209797285083317716e-03
-1.209583357966885920e-03
-1.209369609570298820e-03
-1.209156039653683842e-03
-1.208942647977606860e-03
-1.208729434303072855e-03
-1.208516398391523521e-03
-1.208303540004836618e-03
-1.208090858905325107e-03
-1.207878354855736278e-03
-1.207666027619250671e-03
-1.207453876959480336e-03
-1.207241902640469704e-03
-1.207030104426692332e-03
-1.206818482083050689e-03
-1.206607035374876805e-03
-1.206395764067928799e-03
-1.206184667928391534e-03
-1.205973746722874664e-03
-1.205763000218412415e-03
-1.205552428182462502e-03
-1.205342030382904397e-03
-1.205131806588039325e-03
-1.204921756566589182e-03
-1.204711880087694798e-03
-1.204502176920915291e-03
-1.204292646836228062e-03
-1.204083289604026196e-03
-1.203874104995118679e-03
-1.203665092780729961e-03
-1.203456252732496923e-03
-1.203247584622469963e-03
-1.203039088223111040e-03
-1.202830763307293025e-03
-1.202622609648299054e-03
-1.202414627019820570e-03
-1.202206815195957330e-03
-1.201999173951216965e-03
-1.201791703060512383e-03
-1.201584402299161981e-03
-1.201377271442889000e-03
-1.201170310267819785e-03
-1.200963518550483139e-03
-1.200756896067809668e-03
-1.200550442597130485e-03
-1.200344157916176553e-03
-1.200138041803078042e-03
-1.199932094036362806e-03
-1.199726314394955733e-03
-1.199520702658178097e-03
-1.199315258605746469e-03
-1.199109982017771423e-03
-1.198904872674757529e-03
-1.198699930357602058e-03
-1.198495154847592807e-03
-1.198290545926410490e-03
-1.198086103376123750e-03
-1.197881826979191973e-03
-1.197677716518461390e-03
-1.197473771777166161e-03
-1.197269992538926853e-03
-1.197066378587750011e-03
-1.196862929708026203e-03
-1.196659645684530456e-03
-1.196456526302420087e-03
-1.196253571347235352e-03
-1.196050780604897062e-03
-1.195848153861706802e-03
-1.195645690904346059e-03
-1.195443391519874273e-03
-1.195241255495729273e-03
-1.195039282619725319e-03
-1.194837472680054411e-03
-1.194635825465281296e-03
-1.194434340764347372e-03
-1.194233018366567005e-03
-1.194031858061627089e-03
-1.193830859639586619e-03
-1.193630022890876255e-03
-1.193429347606296152e-03
-1.193228833577016828e-03
-1.193028480594576128e-03
-1.192828288450881397e-03
-1.192628256938206002e-03
-1.192428385849189773e-03
-1.192228674976837698e-03
-1.192029124114519925e-03
-1.191829733055969594e-03
-1.191630501595283267e-03
-1.191431429526919631e-03
-1.191232516645698847e-03
-1.191033762746801028e-03
-1.190835167625767113e-03
-1.190636731078495393e-03
-1.190438452901244329e-03
-1.190240332890627568e-03
-1.190042370843617196e-03
-1.189844566557539830e-03
-1.189646919830077707e-03
-1.189449430459266731e-03
-1.189252098243497122e-03
-1.189054922981511034e-03
-1.188857904472402117e-03
-1.188661042515616389e-03
-1.188464336910948762e-03
-1.188267787458544564e-03
-1.188071393958897585e-03
-1.187875156212849859e-03
-1.187679074021589934e-03
-1.187483147186653735e-03
-1.187287375509922397e-03
-1.187091758793622264e-03
-1.186896296840323156e-03
-1.186700989452938804e-03
-1.186505836434726411e-03
-1.186310837589283620e-03
-1.186115992720550251e-03
-1.185921301632805692e-03
-1.185726764130670208e-03
-1.185532380019101682e-03
-1.185338149103397137e-03
-1.185144071189190565e-03
-1.184950146082452711e-03
-1.184756373589490640e-03
-1.184562753516946220e-03
-1.184369285671795684e-03
-1.184175969861349636e-03
-1.183982805893251094e-03
-1.183789793575475710e-03
-1.183596932716331120e-03
-1.183404223124454773e-03
-1.183211664608815232e-03
-1.183019256978709794e-03
-1.182827000043765132e-03
-1.182634893613935352e-03
-1.182442937499501986e-03
-1.182251131511073130e-03
-1.182059475459582574e-03
-1.181867969156290017e-03
-1.181676612412778252e-03
-1.181485405040955117e-03
-1.181294346853050672e-03
-1.181103437661617421e-03
-1.180912677279529876e-03
-1.180722065519983254e-03
-1.180531602196492396e-03
-1.180341287122893068e-03
-1.180151120113338272e-03
-1.179961100982300634e-03
-1.179771229544568931e-03
-1.179581505615249831e-03
-1.179391929009765720e-03
-1.179202499543853620e-03
-1.179013217033566705e-03
-1.178824081295271270e-03
-1.178635092145647158e-03
-1.178446249401686897e-03
-1.178257552880695265e-03
-1.178069002400287772e-03
-1.177880597778391747e-03
-1.177692338833243512e-03
-1.177504225383389043e-03
-1.177316257247682657e-03
-1.177128434245288107e-03
-1.176940756195674889e-03
-1.176753222918619328e-03
-1.176565834234205013e-03
-1.176378589962819758e-03
-1.176191489925156692e-03
-1.176004533942212734e-03
-1.175817721835287948e-03
-1.175631053425985973e-03
-1.175444528536212290e-03
-1.175258146988173357e-03
-1.175071908604376821e-03
-1.174885813207630436e-03
-1.174699860621042065e-03
-1.174514050668017508e-03
-1.174328383172261589e-03
-1.174142857957776202e-03
-1.173957474848860748e-03
-1.173772233670111265e-03
-1.173587134246417826e-03
-1.173402176402968010e-03
-1.173217359965242129e-03
-1.173032684759014966e-03
-1.172848150610354689e-03
-1.172663757345621333e-03
-1.172479504791468100e-03
-1.172295392774838326e-03
-1.172111421122966780e-03
-1.171927589663378363e-03
-1.171743898223887026e-03
-1.171560346632595983e-03
-1.171376934717896848e-03
-1.171193662308468329e-03
-1.171010529233277100e-03
-1.170827535321575415e-03
-1.170644680402901320e-03
-1.170461964307079310e-03
-1.170279386864217074e-03
-1.170096947904707228e-03
-1.169914647259225147e-03
-1.169732484758730052e-03
-1.169550460234462406e-03
-1.169368573517944781e-03
-1.169186824440980555e-03
-1.169005212835653703e-03
-1.168823738534328785e-03
-1.168642401369647922e-03
-1.168461201174533391e-03
-1.168280137782185457e-03
-1.168099211026080641e-03
-1.167918420739974322e-03
-1.167737766757896830e-03
-1.167557248914154753e-03
-1.167376867043329195e-03
-1.167196620980277084e-03
-1.167016510560128567e-03
-1.166836535618287225e-03
-1.166656695990429858e-03
-1.166476991512506054e-03
-1.166297422020735582e-03
-1.166117987351610779e-03
-1.165938687341894599e-03
-1.165759521828618880e-03
-1.165580490649086292e-03
-1.165401593640867303e-03
-1.165222830641801698e-03
-1.165044201489996191e-03
-1.164865706023825295e-03
-1.164687344081930019e-03
-1.164509115503217654e-03
-1.164331020126860685e-03
-1.164153057792297009e-03
-1.163975228339228637e-03
-1.163797531607622124e-03
-1.163619967437706402e-03
-1.163442535669974081e-03
-1.163265236145179498e-03
-1.163088068704339149e-03
-1.162911033188730172e-03
-1.162734129439891000e-03
-1.162557357299619405e-03
-1.162380716609973585e-03
-1.162204207213269778e-03
-1.162027828952083564e-03
-1.161851581669247910e-03
-1.161675465207853827e-03
-1.161499479411248195e-03
-1.161323624123035067e-03
-1.161147899187073718e-03
-1.160972304447480162e-03
-1.160796839748622815e-03
-1.160621504935126181e-03
-1.160446299851867818e-03
-1.160271224343978119e-03
-1.160096278256841180e-03
-1.159921461436092200e-03
-1.159746773727618344e-03
-1.159572214977558314e-03
-1.159397785032300612e-03
-1.159223483738484406e-03
-1.159049310942997799e-03
-1.158875266492979126e-03
-1.158701350235813920e-03
-1.158527562019136649e-03
-1.158353901690828110e-03
-1.158180369099018033e-03
-1.158006964092080961e-03
-1.157833686518637984e-03
-1.157660536227555874e-03
-1.157487513067945997e-03
-1.157314616889164533e-03
-1.157141847540811607e-03
-1.156969204872730422e-03
-1.156796688735007694e-03
-1.156624298977972131e-03
-1.156452035452194870e-03
-1.156279898008488608e-03
-1.156107886497906084e-03
-1.155936000771742031e-03
-1.155764240681530141e-03
-1.155592606079043497e-03
-1.155421096816295007e-03
-1.155249712745535671e-03
-1.155078453719254579e-03
-1.154907319590178696e-03
-1.154736310211271341e-03
-1.154565425435733275e-03
-1.154394665117001182e-03
-1.154224029108747015e-03
-1.154053517264878219e-03
-1.153883129439536642e-03
-1.153712865487099186e-03
-1.153542725262175208e-03
-1.153372708619608469e-03
-1.153202815414474747e-03
-1.153033045502082710e-03
-1.152863398737972176e-03
-1.152693874977915416e-03
-1.152524474077914552e-03
-1.152355195894202858e-03
-1.152186040283243460e-03
-1.152017007101728248e-03
-1.151848096206578966e-03
-1.151679307454946339e-03
-1.151510640704207908e-03
-1.151342095811969763e-03
-1.151173672636065680e-03
-1.151005371034554510e-03
-1.150837190865723223e-03
-1.150669131988083438e-03
-1.150501194260372716e-03
-1.150333377541553487e-03
-1.150165681690812174e-03
-1.149998106567559630e-03
-1.149830652031430707e-03
-1.149663317942282298e-03
