-5.000000000000000000e-01
-3.351600230178196638e-01
-2.246644820586107816e-01
-1.505971059561010683e-01
-1.009482589973276917e-01
-6.766764161830635116e-02
-4.535897664470625590e-02
-3.040503131260898634e-02
-2.038110198918310564e-02
-1.366186122364627942e-02
-9.157819444367089334e-03
-6.138669951534217982e-03
-4.114873524510015076e-03
-2.758282210380385777e-03
-1.848931858241466015e-03
-1.239376088333179245e-03
-8.307786365869669577e-04
-5.568875739224016241e-04
-3.732929041883396013e-04
-2.502257167203054164e-04
-1.677313139512559266e-04
-1.124336620894240973e-04
-7.536653754773825183e-05
-5.051970091854670925e-05
-3.386436824542694911e-05
-2.269996488124242709e-05
-1.521624150420181227e-05
-1.019975170558596107e-05
-6.837098032840481782e-06
-4.583043868123808574e-06
-3.072106176664104903e-06
-2.059294353767854081e-06
-1.380386286018599323e-06
-9.253005987909540781e-07
-6.202475399783567021e-07
-4.157643595517839385e-07
-2.786951846347297780e-07
-1.868149689942630084e-07
-1.252258186163810986e-07
-8.394137649978315918e-08
-5.626758735962955823e-08
-3.771729174922129122e-08
-2.528265674167760127e-08
-1.694747163098462164e-08
-1.136022996386927793e-08
-7.614989872356314577e-09
-5.104480361798818897e-09
-3.421635511108993851e-09
-2.293590873323761923e-09
-1.537439939793303032e-09
-1.030576811219278935e-09
-6.908162955397703359e-10
-4.630680110283877067e-10
-3.104037704701812223e-10
-2.080698697112074419e-10
-1.394734046434462319e-10
-9.349181902134236001e-11
-6.266944043034173634e-11
-4.200858219429449060e-11
-2.815919475037136048e-11
-1.887567272139548863e-11
-1.265274180755950254e-11
-8.481386470920326697e-12
-5.685243369633369362e-12
-3.810932597256445155e-12
-2.554544514031662550e-12
-1.712362396245796117e-12
-1.147830840281177358e-12
-7.694140216984063797e-13
-5.157536424453410734e-13
-3.457200053470101510e-13
-2.317430498996496467e-13
-1.553420118771722757e-13
-1.041288645527750908e-13
-6.979966528065489352e-14
-4.678811484420087408e-14
-3.136301129628555274e-14
-2.102325517594236066e-14
-1.409230937735669645e-14
-9.446357470578192041e-15
-6.332082774547087769e-15
-4.244522016935888549e-15
-2.845188193791753344e-15
-1.907186681042534848e-15
-1.278425463834991851e-15
-8.569542157710064999e-16
-5.744335893660570710e-16
-3.850543500682734175e-16
-2.581096496639867497e-16
-1.730160722450065709e-16
-1.159761415121784817e-16
-7.774113251747939533e-17
-5.211143952797960197e-17
-3.493134254337851823e-17
-2.341517914176420983e-17
-1.569566396024014798e-17
-1.052111818838811533e-17
-7.052516428386734463e-18
-4.727443136943270819e-18
-3.168899901186684958e-18
-2.124177127645794435e-18
-1.423878509991382976e-18
-9.544543083665827001e-19
-6.397898559231983936e-19
-4.288639656755739951e-19
-2.874761132146779948e-19
-1.927010014442098816e-19
-1.291713441591967566e-19
-8.658614136327767854e-20
-5.804042626468074362e-20
-3.890566120566898305e-20
-2.607924461043105472e-20
-1.748144044783886749e-20
-1.171815996576457016e-20
-7.854917527704303694e-21
-5.265308678776905870e-21
-3.529441955949591617e-21
-2.365855694392250452e-21
-1.585880497978683841e-21
-1.063047488412095476e-21
-7.125820413704675773e-22
-4.776580267756223100e-22
-3.201837504975282228e-22
-2.146255863733655662e-22
-1.438678329382206864e-22
-9.643749239819589103e-23
-6.464398434392037931e-23
-4.333215856134391189e-23
-2.904641452166351060e-23
-1.947039391933177149e-23
-1.305139534833852372e-23
-8.748611930727620399e-24
-5.864369952153290239e-24
-3.931004736297390998e-24
-2.635031275801187037e-24
-1.766314286100403555e-24
-1.183995873572231618e-24
-7.936561684789463243e-25
-5.320036393912734323e-25
-3.566127040478865515e-25
-2.390446441942734411e-25
-1.602364169008786151e-25
-1.074096823535830093e-25
-7.199886321992674682e-26
-4.826228130809506219e-26
-3.235117462822729939e-26
-2.168564086610036309e-26
-1.453631978367675516e-26
-9.743986546582922455e-27
-6.531589510476123393e-27
-4.378255381348260019e-27
-2.934832348781155472e-27
-1.967276955141870292e-27
-1.318705179135543277e-27
-8.839545163855746987e-28
-5.925324321169904871e-28
-3.971863671742709502e-28
-2.662419839289860058e-28
-1.784673389238968247e-28
-1.196302348433247378e-28
-8.019054452743189633e-29
-5.375332949925082093e-29
-3.603193430450700770e-29
-2.415292786175013126e-29
-1.619019171618396156e-29
-1.085261005651819733e-29
-7.274722072692079064e-30
-4.876392034663477220e-30
-3.268743333163428472e-30
-2.191104181564816889e-30
-1.468741055855401404e-30
-9.845265721754206124e-31
-6.599478971839437460e-31
-4.423763048214619754e-31
-2.965337050130009342e-31
-1.987724867954323421e-31
-1.332411824993319524e-31
-8.931423558679597894e-32
-5.986912251017867088e-32
-4.013147295713663746e-32
-2.690093080010569122e-32
-1.803223317232829170e-32
-1.208736737020058559e-32
-8.102404652042495561e-33
-5.431204259356549500e-33
-3.640645089160821731e-33
-2.440397383765692549e-33
-1.635847286631086653e-33
-1.096541228481819386e-33
-7.350335667559159038e-34
-4.927077343055628735e-34
-3.302718711418186041e-34
-2.213878558680624317e-34
-1.484007177372102651e-34
-9.947597594532953251e-35
-6.668074077511306837e-35
-4.469743722606406523e-35
-2.996158817905061721e-35
-2.008385316748196191e-35
-1.346260937979964374e-35
-9.024256939227076493e-36
-6.049140326940096040e-36
-4.054860022430562394e-36
-2.718053956903712418e-36
-1.821966053519063677e-36
-1.221300368870263853e-36
-8.186621194844538967e-37
-5.487656296204577923e-37
-3.678486021099598070e-37
-2.465762919004959141e-37
-1.652850313380367168e-37
-1.107938698155142315e-37
-7.426735191520275448e-38
-4.978289475474345465e-38
-3.337047230378730357e-38
-2.236889653090560363e-38
-1.499431975236301020e-38
-1.005099310667715552e-38
-6.737382161971685641e-39
-4.516202320972593975e-39
-3.027300947700592876e-39
-2.029260510626384553e-39
-1.360253998901394498e-39
-9.118055231637400110e-40
-6.112015202626735954e-40
-4.097006311995257345e-40
-2.746305459664950526e-40
-1.840903602150552723e-40
-1.233994587340725653e-40
-8.271713085939720247e-41
-5.544695096560682311e-41
-3.716720272380118588e-41
-2.491392104083456312e-41
-1.670030069902041041e-41
-1.119454633337647701e-41
-7.503928813536974015e-42
-5.030033907738236562e-42
-3.371732560595950239e-42
-2.260139925238528154e-42
-1.515017098732889667e-42
-1.015546331367405465e-42
-6.807410635935199679e-43
-4.563143810863622249e-43
-3.058766769365328556e-43
-2.050352681653268291e-43
-1.374392503955107374e-43
-9.212828465222198832e-44
-6.175543600926245954e-44
-4.139590670867955300e-44
-2.774850609064934352e-44
-1.860037988010418060e-44
-1.246820749751174321e-44
-8.357689423714045638e-45
-5.602326759255542804e-45
-3.755351931170901053e-45
-2.517287679382491159e-45
-1.687388393128609515e-45
-1.131090265361982662e-45
-7.581924787479032832e-46
-5.082316172581743471e-46
-3.406778410772649176e-46
-2.283631861142331512e-46
-1.530764214289393259e-46
-1.026101938592169488e-46
-6.878166987143676445e-47
-4.610573211462937824e-47
-3.090559647358503892e-47
-2.071664085093259197e-47
-1.388677964890086322e-47
-9.308586773538083665e-48
-6.239732314564756492e-48
-4.182617652349089750e-48
-2.803692457272143575e-48
-1.879371257028427115e-48
-1.259780227529363341e-48
-8.444559401122662158e-49
-5.660557446511200848e-49
-3.794385128132801835e-49
-2.543452413766910168e-49
-1.704927139085707749e-49
-1.142846838359335787e-49
-7.660731453007104667e-50
-5.135141860246436046e-50
-3.442188528159909858e-50
-2.307367972659519956e-50
-1.546675005654280510e-50
-1.036767260992344039e-50
-6.949658781166376883e-51
-4.658495594123403804e-51
-3.122682981109649525e-51
-2.093196999652115715e-51
-1.403111909168460207e-51
-9.405340395469641433e-52
-6.304588206872031722e-52
-4.226091857066245375e-52
-2.832834088179469486e-52
-1.898905476399779751e-52
-1.272874406357638677e-52
-8.532332306672346178e-53
-5.719393384600028287e-53
-3.833824036860999868e-53
-2.569889104881191230e-53
-1.722648183090462700e-53
-1.154725609392402748e-53
-7.740357236464537242e-54
-5.188516619079172785e-54
-3.477966698957810913e-54
-2.331350797755840111e-54
-1.562751174076910289e-54
-1.047543438949492812e-54
-7.021893662209518871e-55
-4.706916082909622132e-55
-3.155140205381895660e-55
-2.114953727720476729e-55
-1.417695880128848946e-55
-9.503099676325007907e-56
-6.370118212515412033e-56
-4.270017933465832192e-56
-2.862278617733805611e-56
-1.918642734806166880e-56
-1.286104686321207406e-56
-8.621017525414783185e-57
-5.778840864510057464e-57
-3.873672874331103813e-57
-2.596600579448617630e-57
-1.740553419952155233e-57
-1.166727848589811549e-57
-7.820810651777803528e-58
-5.242446156135835090e-58
-3.514116748720313458e-58
-2.355582900776798250e-58
-1.578994438489458996e-58
-1.058431624698266561e-58
-7.094879353933346911e-59
-4.755839855145880941e-59
-3.187934790639496909e-59
-2.136936595620071596e-59
-1.432431437151280498e-59
-9.601875068941652099e-60
-6.436329338241388917e-60
-4.314400578310479270e-60
-2.892029194269252941e-60
-1.938585142638967378e-60
-1.299472482057788581e-60
-8.710624539950182300e-61
-5.838906242618543181e-61
-3.913935901349821081e-61
-2.623589693573338638e-61
-1.758644764174749067e-61
-1.178854839281947099e-61
-7.902100301368065142e-62
-5.296936237791250529e-62
-3.550642542764056795e-62
-2.380066872721755930e-62
-1.595406535690738473e-62
-1.069432982449769590e-62
-7.168623660277564442e-63
-4.805272141969403322e-63
-3.221070243418778503e-63
-2.159147953852491304e-63
-1.447320155824150146e-63
-9.701677134803474835e-64
-6.503228663624337847e-64
-4.359244537181053796e-64
-2.922088998843796457e-64
-1.958734832225197614e-64
-1.312979222908797381e-64
-8.801162931440579252e-65
-5.899595941370545252e-65
-3.954617423011152111e-65
-2.650859333046161820e-65
-1.776924150161497260e-65
-1.191107878138087242e-65
-7.984234877069534832e-66
-5.351992690356577338e-66
-3.587547986582205412e-66
-2.404805331520835051e-66
-1.611989220531787974e-66
-1.080548688515846998e-66
-7.243134466296881098e-67
-4.855218228890423073e-67
-3.254550106702884903e-67
-2.181590177350360247e-67
-1.462363628112425253e-67
-9.802516545171598212e-68
-6.570823341824505085e-68
-4.404554604983829834e-68
-2.952461245579231351e-68
-1.979093958055156298e-68
-1.326626353072380523e-68
-8.892642380635652912e-69
-5.960916449966134459e-69
-3.995721789155875582e-69
-2.678412413652634663e-69
-1.795393532422051563e-69
-1.203488275305231845e-69
-8.067223161059506074e-70
-5.407621400701152729e-70
-3.624837026261387165e-70
-2.429800922315209336e-70
-1.628744266103760566e-70
-1.091779931434950222e-70
-7.318419739002587342e-71
-4.905683456356457169e-71
-3.288377960301115787e-71
-2.204265665731613180e-71
-1.477563462527985582e-71
-9.904404082223323884e-72
-6.639120600351662560e-72
-4.450335626463862644e-72
-2.983149182005285017e-72
-1.999664697012951087e-72
-1.340415331757556522e-72
-8.985072668906223681e-73
-6.022874325054749813e-73
-4.037253394837547215e-73
-2.706251881485030424e-73
-1.814054885781070781e-73
-1.215997354547971265e-73
-8.151074026798071214e-74
-5.463828316883155848e-74
-3.662513648903926154e-74
-2.455056317739422890e-74
-1.645673463927214373e-74
-1.103127912099314176e-74
-7.394487528216066620e-75
-4.956673220323726759e-75
-3.322557421231001750e-75
-2.227176843555670876e-75
-1.492921284301738617e-75
-1.000735064020721446e-75
-6.708127741838447092e-76
-4.496592496722071208e-76
-3.014156089406317744e-76
-2.020449248609433844e-76
-1.354347633340540778e-76
-9.078463679290852502e-77
-6.085476191435089196e-77
-4.079216680791648560e-77
-2.734380713257589997e-77
-1.832910205589781522e-77
-1.228636453390128532e-77
-8.235796439975308606e-78
-5.520619448784528938e-78
-3.700581883054469967e-78
-2.480574218207711149e-78
-1.662778624143803255e-78
-1.114593843883144819e-78
-7.471345967428068518e-79
-5.008192972834542152e-79
-3.357092144105796783e-79
-2.250326160582867747e-79
-1.508438735557102911e-79
-1.011136722660601691e-79
-6.777852144821760879e-80
-4.543330161739653746e-80
-3.045485283172416024e-80
-2.041449835216984388e-80
-1.368424747522128220e-80
-9.172825397553359497e-81
-6.148728742764813508e-81
-4.121616133910744990e-81
-2.762801916624268676e-81
-1.851961507938974440e-81
-1.241406923257878224e-81
-8.321399459471774995e-82
-5.578000868754032611e-82
-3.739045799130017905e-82
-2.506357352202254352e-82
-1.680061575709968544e-82
-1.126178952772608565e-82
-7.549003274668986882e-83
-5.060248222599278244e-83
-3.391985821524587254e-83
-2.273716092036584091e-83
-1.524117475485928353e-83
-1.021646496331443990e-83
-6.848301264530392469e-84
-4.590553618906044434e-84
-3.077140113154152783e-84
-2.062668702307592337e-84
-1.382648179487089743e-84
-9.268167913248735771e-85
-6.212638742275069323e-85
-4.164456287724596528e-85
-2.791518530500943134e-85
-1.871210829874721981e-85
-1.254310129624003224e-85
-8.407892238325496718e-86
-5.635978712257009533e-86
-3.777909509855980446e-86
-2.532408476565125612e-86
-1.697524166592168678e-86
-1.137884477496698661e-86
-7.627467753388220754e-87
-5.112844535586516722e-87
-3.427242184467401647e-87
-2.297349138867460572e-87
-1.539959180525607535e-87
-1.032265508782924669e-87
-6.919482633683687805e-88
-4.638267917553629616e-88
-3.109123964020160168e-88
-2.084108118692550457e-88
-1.397019450065232170e-88
-9.364501420804046626e-89
-6.277213023494142120e-89
-4.207741722884084319e-89
-2.820533625389803695e-89
-1.890660229616351074e-89
-1.267347452154177557e-89
-8.495284024711337052e-90
-5.694559178530301919e-90
-3.817177170705191217e-90
-2.558730376793280491e-90
-1.715168263964850820e-90
-1.149711669659779685e-90
-7.706747793340508977e-91
-5.165987535617188682e-91
-3.462865002694433069e-91
-2.321227828021323421e-91
-1.555965544538451669e-91
-1.042994895444877658e-91
-6.991403863295630967e-92
-4.686478159498047150e-92
-3.141440255619731210e-92
-2.105770376765216562e-92
-1.411540095893737630e-92
-9.461836220606623319e-93
-6.342458490978675759e-93
-4.251477067651933159e-93
-2.849850303707892123e-93
-1.910311786776144033e-93
-1.280520284854238319e-93
-8.583584162930581840e-94
-5.753748531246378824e-94
-3.856852980342543139e-94
-2.585325867335891438e-94
-1.732995754409763317e-94
-1.161661793875513390e-94
-7.786851871484730666e-95
-5.219682904966318300e-95
-3.498858085148442330e-95
-2.345354712708925852e-95
-1.572138278992941900e-95
-1.053835803548933578e-95
-7.064072643489220823e-96
-4.735189499582767822e-96
-3.174092443347868644e-96
-2.127657792746306230e-96
-1.426211669581782483e-96
-9.560182720106209579e-97
-6.408382121050681642e-97
-4.295666998396758310e-97
-2.879471700119075416e-97
-1.930167602582128076e-97
-1.293830036219344398e-97
-8.672802094408388379e-98
-5.813553099181951891e-98
-3.896941181074257240e-98
-2.612197791895860019e-98
-1.751008544117818288e-98
-1.173736127901847039e-98
-7.867788552888769892e-99
-5.273936384971046050e-99
-3.535225280362804477e-99
-2.369732372679137524e-99
-1.588479113146415130e-99
-1.064789392250980771e-99
-7.137496744319337549e-100
-4.784407146231336805e-100
-3.207084018515013281e-100
-2.149772706931134389e-100
-1.441035739876271689e-100
-9.659551434928585273e-101
-6.474990962544917688e-101
-4.340316240093433375e-101
-2.909400981868646722e-101
-1.950229800102369701e-101
-1.307278129384688532e-101
-8.762947358705238373e-102
-5.873979276895146189e-102
-3.937446059300723338e-102
-2.639349023733367342e-102
-1.769208559093060401e-102
-1.185935962777900568e-102
-7.949566491645980478e-103
-5.328753776643478840e-103
-3.571970476872324795e-103
-2.394363414494987449e-103
-1.604989794230321486e-103
-1.075856832755194205e-103
-7.211684016602148335e-104
-4.834136362003345993e-104
-3.240418508720622194e-104
-2.172117483940332878e-104
-1.456013891829692512e-104
-9.759952989998043966e-105
-6.542292137561312576e-105
-4.385429566828674859e-105
-2.939641349122634721e-105
-1.970500524472141955e-105
-1.320866002277410079e-105
-8.854029594535246126e-106
-5.935033525409744295e-106
-3.978371945975700054e-106
-2.666782465973311858e-106
-1.787597745358256060e-106
-1.198262602961778536e-106
-8.032194431801197208e-107
-5.384140941292153594e-107
-3.609097603629306127e-107
-2.419250471811898239e-107
-1.621672087636730790e-107
-1.087039308439358359e-107
-7.286642392756160789e-108
-4.884382464157522894e-108
-3.274099478229721503e-108
-2.194694512972259387e-108
-1.471147726969721488e-108
-9.861398120675642552e-109
-6.610292842227025841e-109
-4.431011802310652282e-109
-2.970196035309404857e-109
-1.990981943123462103e-109
-1.334595107770638196e-109
-8.946058540797480588e-110
-5.996722372904857358e-110
-4.019723217068623856e-110
-2.694501051915952840e-110
-1.806178069163369695e-110
-1.210717366470145071e-110
-8.115681208284111059e-111
-5.440103801147701177e-111
-3.646610630423962819e-111
-2.444396205659828631e-111
-1.638527777107229030e-111
-1.098338014981185289e-111
-7.362379887648975496e-112
-4.935150825220697740e-112
-3.308130528354742638e-112
-2.217506208058705105e-112
-1.486438863470176602e-112
-9.963897673905147211e-113
-6.679000347466269782e-113
-4.477067820385743099e-113
-3.001068307465718906e-113
-2.011676246016450172e-113
-1.348466913838579562e-113
-9.039044037617822775e-114
-6.059052415414287149e-114
-4.061504294032948711e-114
-2.722507745350020264e-114
-1.824951517195451677e-114
-1.223301585019223170e-114
-8.200035747855748314e-115
-5.496648339996678379e-115
-3.684513568308167908e-115
-2.469803304727325036e-115
-1.655558664923738131e-115
-1.109754160486406899e-115
-7.438904599455074790e-116
-4.986446873561284179e-116
-3.342515297839945679e-116
-2.240555008322824735e-116
-1.501888936324372113e-116
-1.006746260937393408e-116
-6.748421999777382764e-117
-4.523602545558798859e-117
-3.032261466585805861e-117
-2.032585645873938634e-117
-1.362482903713629162e-117
-9.132996027400603387e-118
-6.122030317530622562e-118
-4.103719644278566143e-118
-2.750805540870228548e-118
-1.843920096791265009e-118
-1.236016604167119108e-118
-8.285267070061367237e-119
-5.553780603820912801e-119
-3.722810470025159492e-119
-2.495474485649281596e-119
-1.672766572101132679e-119
-1.121288965617735243e-119
-7.516224710521091037e-120
-5.038276093970821332e-120
-3.377257463250858553e-120
-2.263843378240444848e-120
-1.517499597519646652e-120
-1.017210400068398938e-120
-6.818565222017958294e-121
-4.570620953520190508e-121
-3.063778847975007313e-121
-2.053712378417671727e-121
-1.376644576044848855e-121
-9.227924555891172423e-122
-6.185662813118517515e-122
-4.146373781650405532e-122
-2.779397464196930645e-122
-1.863085836151762226e-122
-1.248863783457625258e-122
-8.371384288195770507e-123
-5.611506701445224927e-123
-3.761505430442147090e-123
-2.521412493297201380e-123
-1.690153338581854604e-123
-1.132943663725503845e-123
-7.594348488242397241e-124
-5.090644028249447306e-124
-3.412360739367105385e-124
-2.287373807902818321e-124
-1.533272516214167655e-124
-1.027783303653826216e-124
-6.889437514199099003e-125
-4.618128071677443312e-125
-3.095623821605372478e-125
-2.075058702607581851e-125
-1.390953445058520822e-125
-9.323839773250799857e-126
-6.249956706034187245e-126
-4.189471266909684664e-126
-2.808286572499951602e-126
-1.882450784559370997e-126
-1.261844496565691634e-126
-8.458396610277036971e-127
-5.669832805188727427e-127
-3.800602586988572282e-127
-2.547620101073262521e-127
-1.707720823432788335e-127
-1.144719500979447461e-127
-7.673284285944547640e-128
-5.143556275799013529e-128
-3.447828879580378778e-128
-2.311148813283378807e-128
-1.549209378915274733e-128
-1.038466102193354676e-128
-6.961046454287162686e-129
-4.666128979693835204e-129
-3.127799792476673230e-129
-2.096626900883155111e-129
-1.405411040719588395e-129
-9.420751935141715874e-130
-6.314918870854318070e-130
-4.233016708222490279e-130
-2.837475954725233120e-130
-1.902017012596480953e-130
-1.274960131444271233e-130
-8.546313340032995131e-131
-5.728765151526045905e-131
-3.840106120098174342e-131
-2.574100111206006742e-131
-1.725470905043994116e-131
-1.156617736502206722e-131
-7.753040543778138391e-132
-5.197018494221362570e-132
-3.483665676294611834e-132
-2.335170936506633821e-132
-1.565311889660160422e-132
-1.049259937937156039e-132
-7.033399699013624463e-133
-4.714628810029972168e-133
-3.160310200980313898e-133
-2.118419279407952265e-133
-1.420018908895556637e-133
-9.518671403823153455e-134
-6.380556253609004991e-134
-4.277014761652271825e-134
-2.866968731925761917e-134
-1.921786612367258666e-134
-1.288212090472652355e-134
-8.635143877893150568e-135
-5.788310041753837358e-135
-3.880020253656852811e-135
-2.600855355050533576e-135
-1.743405481329453314e-135
-1.168639642503571553e-135
-7.833625789620850444e-136
-5.251036399924440463e-136
-3.519874961332248416e-136
-2.359442746119846374e-136
-1.581581770197546571e-136
-1.060165965007971516e-136
-7.106504984695371274e-137
-4.763632748493609539e-137
-3.193158523267006418e-137
-2.140438168315482556e-137
-1.434778611521706461e-137
-9.617608649261480779e-138
-6.446875872525864664e-138
-4.321470131657442450e-138
-2.896768057594322869e-138
-1.941761697721240160e-138
-1.301601790606698504e-138
-8.724897721995724803e-139
-5.848473842664219114e-139
-3.920349255453000766e-139
-2.627888693391099572e-139
-1.761526469930397991e-139
-1.180786504416768265e-139
-7.915048639988826962e-140
-5.305615768731755895e-140
-3.556460606343765316e-140
-2.383966837368208806e-140
-1.598020760172131594e-140
-1.071185349524453950e-140
-7.180370128059507278e-141
-4.813146034793887919e-141
-3.226348271619183539e-141
-2.162685921958825544e-141
-1.449691726768019580e-141
-9.717574250246463986e-142
-6.513884818780100557e-142
-4.366387571595380040e-142
-2.926877118001324880e-142
-1.961944404479240471e-142
-1.315130663529919308e-142
-8.815584469202765479e-143
-5.909262987226862284e-143
-3.961097437634699756e-143
-2.655203016746854170e-143
-1.779835808419760232e-143
-1.193059621035840071e-143
-7.997317800959794710e-144
-5.360762436501128858e-144
-3.593426523221439871e-144
-2.408745832471537857e-144
-1.614630617310512087e-144
-1.082319269726098354e-144
-7.255003027080742992e-145
-4.863173963101299979e-145
-3.259882994825460074e-145
-2.185164919162249660e-145
-1.464759849208253344e-145
-9.818578895524547466e-146
-6.581590257252346894e-146
-4.411771884229208565e-146
-2.957299132535329440e-146
-1.982336890662170526e-146
-1.328800155806842420e-146
-8.907213816125769418e-147
-5.970683975274844100e-147
-4.002269157170577888e-147
-2.682801245681509733e-147
-1.798335454509740976e-147
-1.205460304654450737e-147
-8.080442069101255454e-148
-5.416482299748393341e-148
-3.630776664518444621e-148
-2.433782380905184200e-148
-1.631413117609035305e-148
-1.093568916098859109e-148
-7.330411661825480970e-149
-4.913721882614876367e-149
-3.293766278560806748e-149
-2.207877563475441174e-149
-1.479984589989946510e-149
-9.920633384941203426e-150
-6.649999427296260028e-150
-4.457627922242305168e-150
-2.988037354047111521e-150
-2.002941336721115072e-150
-1.342611729037613439e-150
-8.999795560164516176e-151
-6.032743374200957675e-151
-4.043868816315445706e-151
-2.710686331114717608e-151
-1.817027386261036812e-151
-1.217989881206474012e-151
-8.164430332412851301e-152
-5.472781316277565735e-152
-3.668515023870248054e-152
-2.459079159683194976e-152
-1.648370055524064178e-152
-1.104935491502685137e-152
-7.406604095304663917e-153
-4.964795198132489790e-153
-3.328001745769766823e-153
-2.230826283431002163e-153
-1.495367577007017571e-153
-1.002374863059512168e-153
-6.719119643510351062e-154
-4.503960588756929189e-154
-3.019095069198146858e-154
-2.023759945770919397e-154
-1.356566860014199423e-154
-9.093339600551614882e-155
-6.095447819659598492e-155
-4.085900863081920117e-155
-2.738861254638193298e-155
-1.835913602294240053e-155
-1.230649690407359262e-155
-8.249291571276250455e-156
-5.529665505819118715e-156
-3.706645636422442736e-156
-2.484638873644408717e-156
-1.665503244163296787e-156
-1.116420211300073185e-156
-7.483588474337577457e-157
-5.016399370629857965e-157
-3.362593057053644038e-157
-2.254013532803370896e-157
-1.510910455073743940e-157
-1.012793565800726179e-157
-6.788958296521574994e-158
-4.550774837858222656e-158
-3.050475598811021873e-158
-2.044794943825644955e-158
-1.370667040878602135e-158
-9.187855939412990709e-159
-6.158804016275927380e-159
-4.128369791714653725e-159
-2.767329028834372202e-159
-1.854996122003953980e-159
-1.243441085897651172e-159
-8.335034859414904292e-160
-5.587140950671784163e-160
-3.745172579262001022e-160
-2.510464255742232747e-160
-1.682814515479998596e-160
-1.128024303485956385e-160
-7.561373030420434046e-161
-5.068539917844182027e-161
-3.397543911062671569e-161
-2.277441790871687730e-161
-1.526614886100546506e-161
-1.023320560729633784e-161
-6.859522853775200252e-162
-4.598075675124955173e-162
-3.082182298225183189e-162
-2.066048580036466774e-162
-1.384913779281943232e-162
-9.283354682836844335e-163
-6.222818738364148562e-163
-4.171280143171790092e-163
-2.796092697598367160e-163
-1.874276985774094846e-163
-1.256365435387659116e-163
-8.421669364866129691e-164
-5.645213796354125546e-164
-3.784099971852994521e-164
-2.536558067336018199e-164
-1.700305720468790740e-164
-1.139749008819261851e-164
-7.639966080608192016e-165
-5.121222414863831429e-165
-3.432858044890349050e-165
-2.301113562684766183e-165
-1.542482549272033659e-165
-1.033956973437223453e-165
-6.930820860332862264e-166
-4.645868158163198959e-166
-3.114218557655537365e-166
-2.087523126932630856e-166
-1.399308598545974651e-166
-9.379846041953715038e-167
-6.287498830649766477e-167
-4.214636505610276075e-167
-2.825155336464069534e-167
-1.893758255196470232e-167
-1.269424120803626572e-167
-8.509204350958573210e-168
-5.703890252261342863e-168
-3.823431976477926865e-168
-2.562923098486877750e-168
-1.717978729363468548e-168
-1.151595580955195526e-168
-7.719376028403429739e-169
-5.174452494725621390e-169
-3.468539234473785812e-169
-2.325031379328810016e-169
-1.558515141226029162e-169
-1.044703941213896514e-169
-7.002859939680891578e-170
-4.694157397148135671e-170
-3.146587802554767618e-170
-2.109220880663741149e-170
-1.413853037825882701e-170
-9.477340334030418777e-171
-6.352851209002835799e-171
-4.258443514876202360e-171
-2.854520052932050385e-171
-1.913442013291111207e-171
-1.282618538435780151e-171
-8.597649177304561617e-172
-5.763176592328873587e-172
-3.863172798681496899e-172
-2.589562168255869250e-172
-1.735835431837365234e-172
-1.163565286579542918e-172
-7.799611364654443769e-173
-5.228235849015381309e-173
-3.504591294997249996e-173
-2.349197798198577181e-173
-1.574714376235328635e-173
-1.055562613171012410e-173
-7.075647794543088824e-174
-4.742948555370200475e-174
-3.179293493980313428e-174
-2.131144161245740641e-174
-1.428548652274780021e-174
-9.575847983570028412e-175
-6.418882861177091685e-175
-4.302705855001457250e-175
-2.884189986802457063e-175
-1.933330364728886906e-175
-1.295950099087196191e-175
-8.687013300800405236e-176
-5.823079155704539878e-176
-3.903326687721127308e-176
-2.616478125005276451e-176
-1.753877737204820097e-176
-1.175659405544044572e-176
-7.880680668464893725e-177
-5.282578228477680827e-177
-3.541018081299903849e-177
-2.373615403270036653e-177
-1.591081986390909643e-177
-1.066534150363994656e-177
-7.149192207705906190e-178
-4.792246849786893221e-178
-3.212339128963370561e-178
-2.153295312808861201e-178
-1.443397013210312767e-178
-9.675379523428632029e-179
-6.485600847556741507e-179
-4.347428258703115067e-179
-2.914168310510577375e-179
-1.953425436056984842e-179
-1.309420228224936648e-179
-8.777306276637069735e-180
-5.883604347424399339e-180
-3.943897937021100890e-180
-2.643673846703757141e-180
-1.772107574625718388e-180
-1.187879231003176081e-180
-7.962592608108468900e-181
-5.337485443630431843e-181
-3.577823488288783560e-181
-2.398286805377183379e-181
-1.607619721787045116e-181
-1.077619725916118209e-181
-7.223501042850218163e-182
-4.842057551581681245e-182
-3.245728240883521765e-182
-2.175676703848142538e-182
-1.458399708282187956e-182
-9.775945595941013671e-183
-6.553012301912862096e-183
-4.392615507890440377e-183
-2.944458229465882896e-183
-1.973729375925632251e-183
-1.323030366132393638e-183
-8.868537759323845388e-184
-5.944758639098900559e-184
-3.984890884631403795e-184
-2.671152241233182628e-184
-1.790526893311668934e-184
-1.200226069552687082e-184
-8.045355941957499804e-185
-5.392963365385871075e-185
-3.615011451354055862e-185
-2.423214642491069048e-185
-1.624329350708793140e-185
-1.088820525144183045e-185
-7.298582245391728704e-186
-4.892385986725994311e-186
-3.279464399846359859e-186
-2.198290727477177287e-186
-1.473558341642253889e-186
-9.877556954058022386e-187
-6.621124432163972881e-187
-4.438272434175951556e-187
-2.975062982395431327e-187
-1.994244355318277076e-187
-1.336781968063215918e-187
-8.960717503717676860e-188
-6.006548569604528297e-188
-4.026309913692473980e-188
-2.698916246700151104e-188
-1.809137662734318408e-188
-1.212701241368904854e-188
-8.128979519418997368e-189
-5.449017925679525211e-189
-3.652585946790605863e-189
-2.448401580001724784e-189
-1.641212659820525431e-189
-1.100137745685193610e-189
-7.374443843332183663e-190
-4.943237536549778165e-190
-3.313551213065034733e-190
-2.221139801683252837e-190
-1.488874534115942732e-190
-9.980224462498557159e-191
-6.689944521148198137e-191
-4.484403919391780296e-191
-3.005985841689167644e-191
-2.014972567783608726e-191
-1.350676504397212884e-191
-9.053855366068167120e-192
-6.068980745782626318e-192
-4.068159452902511581e-192
-2.726968831749994604e-192
-1.827941872836347462e-192
-1.225306080350161140e-192
-8.213472281880406504e-193
-5.505655118102646625e-193
-3.690550992223003146e-193
-2.473850311003713413e-193
-1.658271454357327569e-193
-1.111572597624352397e-193
-7.451093948115280659e-194
-4.994617638316621434e-194
-3.347992325246699383e-194
-2.244226369586385809e-194
-1.504349923375490362e-194
-1.008395909890792154e-194
-6.759479927401615680e-195
-4.531014896112675829e-195
-3.037230113750485678e-195
-2.035916229669986140e-195
-1.364715460797121180e-195
-9.147961305070958161e-196
-6.132061843147202318e-196
-4.110443976991913354e-196
-2.755312995884041960e-196
-1.846941534243628032e-196
-1.238041934259351297e-196
-8.298843263667519446e-197
-5.562880998544292827e-197
-3.728910647034866256e-197
-2.499563556583254070e-197
-1.675507558317931134e-197
-1.123126303624699017e-197
-7.528540755495627215e-198
-5.046531785804843905e-198
-3.382791418981097002e-198
-2.267552899700425856e-198
-1.519986164115385015e-198
-1.018877195503382753e-198
-6.829738085944673619e-199
-4.578110348181896588e-199
-3.068799139349595481e-199
-2.057077580362880954e-199
-1.378900338367759222e-199
-9.243045382932034265e-200
-6.195798606596645057e-200
-4.153168007201507659e-200
-2.783951769780963706e-200
-1.866138678480617761e-200
-1.250910164867972108e-200
-8.385101593007672561e-201
-5.620701685838543194e-201
-3.767669012803759056e-201
-2.525544066109725051e-201
-1.692922814659648781e-201
-1.134800099057465691e-201
-7.606792546414656702e-202
-5.098985529896057416e-202
-3.417952215135061495e-202
-2.291121886196871394e-202
-1.535784928228782530e-202
-1.029467423791181884e-202
-6.900726509078725717e-203
-4.625695311245112495e-203
-3.100696293980559083e-203
-2.078458882523631724e-203
-1.393232653816456051e-203
-9.339117766445708691e-204
-6.260197851136286185e-204
-4.196336111765742676e-204
-2.812888215619892254e-204
-1.885535358187476377e-204
-1.263912148102011542e-204
-8.472256493007634672e-205
-5.679123362418427879e-205
-3.806830233738481745e-205
-2.551794617529500859e-205
-1.710519085495813157e-205
-1.146595232134419197e-205
-7.685857687885621848e-206
-5.151984479166978970e-206
-3.453478473250187099e-206
-2.314935849172075888e-206
-1.551747904986613068e-206
-1.040167727106297745e-206
-6.972452787186956038e-207
-4.673774873288588730e-207
-3.132924988222914023e-207
-2.100062422331836192e-207
-1.407713939615144612e-207
-9.436188728078563535e-208
-6.325266462606746949e-208
-4.239952906402095865e-208
-2.842125427408460015e-208
-1.905133647339434940e-208
-1.277049274188644535e-208
-8.560317282639313808e-209
-5.738152274978267975e-209
-3.846398497123028638e-209
-2.578318017662834074e-209
-1.728298252294308698e-209
-1.158512964041262263e-209
-7.765744633889973423e-210
-5.205534300490264331e-210
-3.489373991944614423e-210
-2.338997334915929551e-210
-1.567876801218119253e-210
-1.050979249570704721e-210
-7.044924589547524484e-211
-4.722354175182942517e-211
-3.165488668105295756e-211
-2.121890509729684606e-211
-1.422345744164539798e-211
-9.534268647069915335e-212
-6.391011398419840722e-212
-4.284023054803180833e-212
-2.871666531313473162e-212
-1.924935641468986377e-212
-1.290322947805163127e-212
-8.649293377735693416e-213
-5.797794735139671500e-213
-3.886378033764100594e-213
-2.605117102504560217e-213
-1.746262216079127681e-213
-1.170554569072418481e-213
-7.846461926278693459e-214
-5.259640719640144767e-214
-3.525642609319984405e-214
-2.363308916184637295e-214
-1.584173341493268860e-214
-1.061903147198224596e-214
-7.118149665153204021e-215
-4.771438411233903634e-215
-3.198390815474600282e-215
-2.143945478668826771e-215
-1.437129631959221432e-215
-9.633368010541085639e-216
-6.457439688303935197e-216
-4.328551269136356678e-216
-2.901514685995008429e-216
-1.944943457889301765e-216
-1.303734588229102009e-216
-8.739194291999570264e-217
-5.858057120127681985e-217
-3.926773118443258687e-217
-2.632194737526455600e-217
-1.764412897633541290e-217
-1.182721334767550894e-217
-7.928018195687354808e-218
-5.314309521904352238e-218
-3.562288203370642758e-218
-2.387873192475678374e-218
-1.600639268307511071e-218
-1.072940588018367225e-218
-7.192135843539533686e-219
-4.821032829736100649e-219
-3.231634948368105376e-219
-2.166229687360415001e-219
-1.452067183755235136e-219
-9.733497414616170318e-220
-6.524558435053436175e-220
-4.373542310547337070e-220
-2.931673082944807562e-220
-1.965159235921052506e-220
-1.317285629489916705e-220
-8.830029638017872174e-221
-5.918945873452334017e-221
-3.967588070374890529e-221
-2.659553817984210299e-221
-1.782752237705375411e-221
-1.195014562048833290e-221
-8.010422162458515775e-222
-5.369546552703913833e-222
-3.599314692399077764e-222
-2.412692790305620634e-222
-1.617276342267555469e-222
-1.084092752201162671e-222
-7.266891035623615708e-223
-4.871142733535307274e-223
-3.265224621389445307e-223
-2.188745518526525592e-223
-1.467159996739033244e-223
-9.834667565557796098e-224
-6.592374815289311186e-224
-4.419000989669020064e-224
-2.962144946826540538e-224
-1.985585137121048155e-224
-1.330977520522692615e-224
-8.921809128290911909e-225
-5.980467505597286641e-225
-4.008827253666709551e-225
-2.687197269226855206e-225
-1.801282197215030587e-225
-1.207435565360247057e-225
-8.093682637573673257e-226
-5.425357718216362706e-226
-3.636726035434686212e-226
-2.437770363491642384e-226
-1.634086342279886077e-226
-1.095360832183287646e-226
-7.342423234547542036e-227
-4.921773480595167722e-227
-3.299163426089616697e-227
-2.211495379655288265e-227
-1.482409684698170038e-227
-9.936889280905775583e-228
-6.660896080227962013e-228
-4.464932167137117929e-228
-2.992933535821087312e-228
-2.006223345513245575e-228
-1.344811725322243717e-228
-9.014542576272944641e-229
-6.042628594717648242e-229
-4.050495077787035939e-229
-2.715128047009397898e-229
-1.820004757464036321e-229
-1.219985672808403259e-229
-8.177808523597678034e-230
-5.481748986008140670e-230
-3.674526232656879375e-230
-2.463108593433779625e-230
-1.651071065741347559e-230
-1.106746032795877197e-230
-7.418740516534261427e-231
-4.972930484569821684e-231
-3.333454991348952368e-231
-2.234481703258812291e-231
-1.497817878194274906e-231
-1.004017349064098549e-231
-6.730129556452424048e-232
-4.511340754107108007e-232
-3.024042141975601289e-232
-2.027076067822844250e-232
-1.358789723100628128e-232
-9.108239897415873338e-233
-6.105435787339593548e-233
-4.092595998037209284e-233
-2.743349137809637411e-233
-1.838921920348220424e-233
-1.232666226303793313e-233
-8.262808815625552753e-234
-5.538726385673932895e-234
-3.712719325823845322e-234
-2.488710189403421400e-234
-1.668232328730303971e-234
-1.118249571392664457e-234
-7.495851041752818019e-235
-5.024619215384158432e-235
-3.368102983767560603e-235
-2.257706947131896404e-235
-1.513386224736470037e-235
-1.014453123835075891e-235
-6.800082646701417121e-236
-4.558231712782631005e-236
-3.055474091553633873e-236
-2.048145533710981715e-236
-1.372913008444865288e-236
-9.202911110237111738e-237
-6.168895799075475945e-237
-4.135134516025428927e-237
-2.771863559145789276e-237
-1.858035708571158804e-237
-1.245478581705309323e-237
-8.348692602250296785e-238
-5.596296009477947841e-238
-3.751309398702407616e-238
-2.514577888832181393e-238
-1.685571966202226803e-238
-1.129872677980956949e-238
-7.573763055186233827e-239
-5.076845199815575652e-239
-3.403111108056268497e-239
-2.281173594616725471e-239
-1.529116388958628984e-239
-1.024997368240622048e-239
-6.870762830654784857e-240
-4.605610056944579456e-240
-3.087232745393363919e-240
-2.069433996014624716e-240
-1.387183091476271740e-240
-9.298566337382560913e-241
-6.233015415339865697e-241
-4.178115180151563525e-241
-2.800674359901144626e-241
-1.877348165859812509e-241
-1.258424108964101256e-241
-8.435469066531937996e-242
-5.654464013010028715e-242
-3.790300577507403558e-242
-2.540714457603730877e-242
-1.703091832184385937e-242
-1.141616595352784826e-242
-7.652484887519459321e-243
-5.129614022088611017e-243
-3.438483107431576714e-243
-2.304884154866355250e-243
-1.545010052796865773e-243
-1.035651209716344128e-243
-6.942177665738621774e-244
-4.653480852485606403e-244
-3.119321499264188449e-244
-2.090943730986777681e-244
-1.401601498013020128e-244
-9.395215806716231489e-245
-6.297801492072933468e-245
-4.221542586089742983e-245
-2.829784620649152685e-245
-1.896861357184527259e-245
-1.271504192271041781e-245
-8.523147486976525653e-246
-5.713236615838777550e-246
-3.829697031341636898e-246
-2.567122690351535644e-246
-1.720793799975418889e-246
-1.153482579217391668e-246
-7.732024956023275948e-247
-5.182931324470351662e-247
-3.474222764018602340e-247
-2.328841163114803638e-247
-1.561068915668842594e-247
-1.046415787415967725e-247
-7.014334787931072186e-248
-4.701849217955449633e-248
-3.151743784232244772e-248
-2.112677038539146333e-248
-1.416169769732030941e-248
-9.492869852410773120e-249
-6.363260956478466424e-249
-4.265421377283043786e-249
-2.859197453981834841e-249
-1.916577368978129860e-249
-1.284720230204313640e-249
-8.611737238534922288e-250
-5.772620102181032945e-250
-3.869502972640334896e-250
-2.593805410755371658e-250
-1.738679762345070458e-250
-1.165471898336408638e-250
-7.812391765460342729e-251
-5.236802807871945667e-251
-3.510333899252367374e-251
-2.353047180947365725e-251
-1.577294694656705344e-251
-1.057292252333956190e-251
-7.087241912576383487e-252
-4.750720325104021349e-252
-3.184503067026247703e-252
-2.134636242489717298e-252
-1.430889464334921363e-252
-9.591538916049174982e-253
-6.429400807758854947e-253
-4.309756245438590045e-253
-2.888916004844845495e-253
-1.936498309360516018e-253
-1.298073635878508158e-253
-8.701247793597510239e-254
-5.832620821571921325e-254
-3.909722657624606969e-254
-2.620765471845270355e-254
-1.756751631735975433e-254
-1.177585834658470329e-254
-7.893593908992005328e-255
-5.291234232462283249e-255
-3.546820374289145803e-255
-2.377504796573697592e-255
-1.593689124689270439e-255
-1.068281767428233922e-255
-7.160906835215440996e-256
-4.800099399438101783e-256
-3.217602850407065929e-256
-2.156823690809317836e-256
-1.445762155714092223e-256
-9.691233547748774941e-257
-6.496228117868500261e-257
-4.354551931027726420e-257
-2.918943450871154083e-257
-1.956626308363424086e-257
-1.311565837096743424e-257
-8.791688723013807435e-258
-5.893245189541760453e-258
-3.950360386753032690e-258
-2.648005756305719085e-258
-1.775011340469527859e-258
-1.189825683457207475e-258
-7.975640069094394386e-259
-5.346231418279165413e-259
-3.583686090418152795e-259
-2.402216625106431114e-259
-1.610253958728774531e-259
-1.079385507744167079e-259
-7.235337432412883984e-260
-4.849991720778498903e-260
-3.251046673544786908e-260
-2.179241755874355612e-260
-1.460789434120518563e-260
-9.791964407280636870e-261
-6.563750032267847328e-261
-4.399813223796312915e-261
-2.949283002723090481e-261
-1.976963518157515618e-261
-1.325198276502155376e-261
-8.883069697112948408e-262
-5.954499688306679944e-262
-3.991420505184570584e-262
-2.675529176782976946e-262
-1.793460840950901706e-262
-1.202192753469352295e-262
-8.058539018493065048e-263
-5.401800245855775727e-263
-3.620934989477453081e-263
-2.427185308838638808e-263
-1.626990967957780667e-263
-1.090604660541053728e-263
-7.310541662604954010e-264
-4.900402623822923782e-264
-3.284838112394224411e-264
-2.201892834719769045e-264
-1.475972906334933385e-264
-9.893742265216989702e-265
-6.631973770685153280e-265
-4.445544963272925508e-265
-2.979937904434679886e-265
-1.997512113284046351e-265
-1.338972411733187283e-265
-8.975400486734615234e-266
-6.016390867456383311e-266
-4.032907403241854666e-266
-2.703338676198611944e-266
-1.812102105879213011e-266
-1.214688367034260562e-266
-8.142299621093796217e-267
-5.457946656847686045e-267
-3.658571054278287518e-267
-2.452413517528256187e-267
-1.643901941968002192e-267
-1.101940425418093127e-267
-7.386527566948048607e-268
-4.951337498720248045e-268
-3.318980780079841834e-268
-2.224779349294572048e-268
-1.491314195838311030e-268
-9.996578004079617596e-269
-6.700906627893660983e-269
-4.491752039289791286e-269
-3.010911433757477836e-269
-2.018274290885591079e-269
-1.352889715579007531e-269
-9.068690964280838262e-270
-6.078925344659165221e-270
-4.074825516879238729e-270
-2.731437228061751252e-270
-1.830937128457853714e-270
-1.227313860236257633e-270
-8.226930832936715742e-271
-5.514676654666285340e-271
-3.696598309027653303e-271
-2.477903948682739457e-271
-1.660988688952944161e-271
-1.113394014443512406e-271
-7.463303270175973805e-272
-5.002801791642410145e-272
-3.353478327280995292e-272
-2.247903746722566698e-272
-1.506814942986619809e-272
-1.010048261950003165e-272
-6.770555974485590523e-273
-4.538439392504156469e-273
-3.042206902513414356e-273
-2.039252270942545924e-273
-1.366951676136520604e-273
-9.162951104763475639e-274
-6.142109806367504819e-274
-4.117179328160311145e-274
-2.759827836789151196e-274
-1.849967922606984740e-274
-1.240070583046398145e-274
-8.312441703151225782e-275
-5.571996305125024422e-275
-3.735020819761478808e-275
-2.503659327846642662e-275
-1.678253035899757315e-275
-1.124966652283802433e-275
-7.540876981474546058e-276
-5.054801005370650903e-276
-3.388334442621127382e-276
-2.271268499561988021e-276
-1.522476805185723849e-276
-1.020546722140310600e-276
-6.840929257665515761e-277
-4.585612014925004908e-277
-3.073827656946179783e-277
-2.060448296509831376e-277
-1.381159796970556122e-277
-9.258190986877932056e-278
-6.205951008530897221e-278
-4.159973365733447979e-278
-2.788513538025541660e-278
-1.869196523180326855e-278
-1.252959899467779773e-278
-8.398841374920712029e-279
-5.629911737083011300e-279
-3.773842694778156276e-279
-2.529682408895012316e-279
-1.695696828785897415e-279
-1.136659576334276092e-279
-7.619256995352595542e-280
-5.107340699882234999e-280
-3.423552853064831642e-280
-2.294876106071653710e-280
-1.538301457068074372e-280
-1.031154303518586079e-280
-6.912034002044418970e-281
-4.633274950450424689e-281
-3.105777078081420455e-281
-2.081864633956018570e-281
-1.395515597273399423e-281
-9.354420794077790159e-282
-6.270455777323108540e-282
-4.203212205319284582e-282
-2.817497398967247665e-282
-1.888624986181062224e-282
-1.265983187680977238e-282
-8.486139086466773476e-283
-5.688429143104728019e-283
-3.813068085076520028e-283
-2.555975974325577981e-283
-1.713321932775948580e-283
-1.148474036852270378e-283
-7.698451692534804126e-284
-5.160426492943192702e-284
-3.459137324313292052e-284
-2.318729090477336748e-284
-1.554290590672979910e-284
-1.041872140292578114e-284
-6.983877810441868518e-285
-4.681433295402779310e-285
-3.138058582087237154e-285
-2.103503573207297648e-285
-1.410020612028319282e-285
-9.451650815660447909e-286
-6.335631009866443364e-286
-4.246900470198594706e-286
-2.846782518692364967e-286
-1.908255388983145733e-286
-1.279141840190967945e-286
-8.574344172029415516e-287
-5.747554780120304128e-287
-3.852701184802688474e-287
-2.582542835558265354e-287
-1.731130232420466348e-287
-1.160411297089800246e-287
-7.778469540855285804e-288
-5.214064060713051370e-288
-3.495091661209627114e-288
-2.342830003240869532e-288
-1.570445915626132509e-288
-1.052701378459014797e-288
-7.056468364704437434e-289
-4.730092199077281121e-289
-3.170675620638373456e-289
-2.125367427990441853e-289
-1.424676392173233699e-289
-9.549891447874722805e-290
-6.401483674974159799e-290
-4.291042831705169544e-290
-2.876372028489574677e-290
-1.928089830552800861e-290
-1.292437263977030921e-290
-8.663466062871801989e-291
-5.807294970092556879e-291
-3.892746231695068086e-291
-2.609385833234958846e-291
-1.749123631858842482e-291
-1.172472633429537100e-291
-7.859319096160324390e-292
-5.268259138347087629e-292
-3.531419708144577588e-292
-2.367181421334690709e-292
-1.586769159323635772e-292
-1.063643175925776423e-292
-7.129813426520762616e-293
-4.779256864291025199e-293
-3.203631681287777805e-293
-2.147458536081860478e-293
-1.439484504766052087e-293
-9.649153195023914579e-294
-6.468020813893513074e-294
-4.335644009728671913e-294
-2.906269092195202518e-294
-1.948130431672288202e-294
-1.305870880642027732e-294
-8.753514288285847542e-295
-5.867656100697529381e-295
-3.933207507540509920e-295
-2.636507837522336491e-295
-1.767304055021336613e-295
-1.184659335520901396e-295
-7.941009003229385537e-296
-5.323017520613663912e-296
-3.568125349466346833e-296
-2.391785948515267432e-296
-1.603262067116185711e-296
-1.074698702636540308e-296
-7.203920838257020371e-297
-4.828932547937656639e-297
-3.236930287836640385e-297
-2.169779259556861330e-297
-1.454446533153363825e-297
-9.749446670596500480e-298
-6.535249541056405915e-298
-4.380708773215420009e-298
-2.936476906530556134e-298
-1.968379335168198658e-298
-1.319444126565428140e-298
-8.844498476608117214e-299
-5.928644626002230310e-299
-3.974089338630850777e-299
-2.663911748420835825e-299
-1.785673445836172434e-299
-1.196972706417548962e-299
-8.023547996692334742e-300
-5.378345062512090062e-300
-3.605212509898739579e-300
-2.416646215603365759e-300
-1.619926402495138518e-300
-1.085869140694913577e-300
-7.278798523793110851e-301
-4.879124561553252307e-301
-3.270575000713697007e-301
-2.192331985041466230e-301
-1.469564077138433661e-301
-9.850782598397789952e-302
-6.603177044845231350e-302
-4.426241940681729419e-302
-2.966998701442721597e-302
-1.988838706138812600e-302
-1.333158453056460345e-302
-8.936428356256285029e-303
-5.990267067159360869e-303
-4.015396096224128293e-303
-2.691600496072344973e-303
-1.804233768436804912e-303
-1.209414062717641635e-303
-8.106944901969652674e-304
-5.434247679896813101e-304
-3.642685154957580440e-304
-2.441764880764560681e-304
-1.636763947282344796e-304
-1.097155684491676394e-304
-7.354454489367405696e-305
-4.929838271879885386e-305
-3.304569417354856228e-305
-2.215119123969323442e-305
-1.484838753153406820e-305
-9.953171813693155478e-306
-6.671810588355575442e-306
-4.472248380727676864e-306
-2.997837740452257546e-306
-2.009510732187151683e-306
-1.347015326508833274e-306
-9.029313756761334105e-307
-6.052530013102625983e-307
-4.057132197015132810e-307
-2.719577041075611238e-307
-1.822987007371312687e-307
-1.221984734703538481e-307
-8.191208636213429941e-308
-5.490731350114237877e-308
-3.680547291377568984e-308
-2.467144629792615788e-308
-1.653776501819204160e-308
-1.108559540832132348e-308
-7.430896824438592104e-309
-4.981079101443310027e-309
-3.338917172586716705e-309
-2.238143112837567357e-309
-1.500272194431661906e-309
-1.005662526437441520e-309
-6.741157510178015247e-310
-4.518733012556166377e-310
-3.028997320999470101e-310
-2.030397623654205325e-310
-1.361016228558608294e-310
-9.123164609825537082e-311
-6.115440121249343577e-311
-4.099302103603762433e-311
-2.747844374801787636e-311
-1.841935167816307680e-311
-1.234686066484980587e-311
-8.276348209259263108e-312
-5.547802112638052019e-312
-3.718802967539953029e-312
-2.492788176399102257e-312
-1.670965885159857586e-312
-1.120081929067197339e-312
-7.508133702507109885e-313
-5.032852529133413239e-313
-3.373621938997142269e-313
-2.261406413470337194e-313
-1.515866051175617430e-313
-1.016115401184476675e-313
-6.811225225377496980e-314
-4.565700806684753958e-314
-3.060480774685258868e-314
-2.051501613816283806e-314
-1.375162656304018087e-314
-9.217990953723294276e-315
-6.179004114648498625e-315
-4.141910326102679186e-315
-2.776405523246725430e-315
-1.861080278726295941e-315
-1.247519416775583208e-315
-8.362372712472494419e-316
-5.605466053173730043e-316
-3.757456290989477196e-316
-2.518698244065382440e-316
-1.688333970675499563e-316
-1.131724060661563778e-316
-7.586173448714962410e-317
-5.085163742901988278e-317
-3.408687347726678632e-317
-2.284911321109762988e-317
-1.531622276602406254e-317
-1.026676811174089620e-317
-6.882018244555225963e-318
-4.613160104410136757e-318
-3.092292648786402758e-318
-2.072822773188199401e-318
-1.389455875142879244e-318
-9.313829116011675103e-319
-6.243211127108327831e-319
-4.184933646533694728e-319
-2.805255330522013753e-319
-1.880413848071784347e-319
-1.260460275670188184e-319
-8.449510675176998399e-320
-5.663968563924050382e-320
-3.796400422644138445e-320
-2.544932141728260949e-320
-1.705514609443983070e-320
-1.143267904476644503e-320
-7.667898823456146366e-321
-5.138282716748964059e-321
-3.443637551513488413e-321
-2.312227222537033827e-321
-1.546425471483101683e-321
-1.037537856266617743e-321
-6.916919041777451618e-322
-4.644217070907717515e-322
-3.112613568799853228e-322
-2.075075712533235486e-322
-1.383383808355490324e-322
-9.387247270983684339e-323
-6.422853395936205074e-323
-3.952525166729972353e-323
-2.964393875047479265e-323
-1.976262583364986177e-323
-9.881312916824930884e-324
-9.881312916824930884e-324
-4.940656458412465442e-324
-4.940656458412465442e-324
0.000000000000000000e+00
0.000000000000000000e+00
0.000000000000000000e+00
0.000000000000000000e+00
0.000000000000000000e+00
0.000000000000000000e+00
0.000000000000000000e+00
0.000000000000000000e+00
0.000000000000000000e+00
0.000000000000000000e+00
0.000000000000000000e+00
0.000000000000000000e+00
0.000000000000000000e+00
0.000000000000000000e+00
0.000000000000000000e+00
0.000000000000000000e+00
0.000000000000000000e+00
0.000000000000000000e+00
0.000000000000000000e+00
0.000000000000000000e+00
0.000000000000000000e+00
0.000000000000000000e+00
0.000000000000000000e+00
0.000000000000000000e+00
0.000000000000000000e+00
0.000000000000000000e+00
0.000000000000000000e+00
0.000000000000000000e+00
0.000000000000000000e+00
0.000000000000000000e+00
0.000000000000000000e+00
0.000000000000000000e+00
0.000000000000000000e+00
0.000000000000000000e+00
0.000000000000000000e+00
0.000000000000000000e+00
0.000000000000000000e+00
0.000000000000000000e+00
0.000000000000000000e+00
0.000000000000000000e+00
0.000000000000000000e+00
0.000000000000000000e+00
0.000000000000000000e+00
0.000000000000000000e+00
0.000000000000000000e+00
0.000000000000000000e+00
0.000000000000000000e+00
0.000000000000000000e+00
0.000000000000000000e+00
0.000000000000000000e+00
0.000000000000000000e+00
0.000000000000000000e+00
0.000000000000000000e+00
0.000000000000000000e+00
0.000000000000000000e+00
0.000000000000000000e+00
0.000000000000000000e+00
0.000000000000000000e+00
0.000000000000000000e+00
0.000000000000000000e+00
0.000000000000000000e+00
0.000000000000000000e+00
0.000000000000000000e+00
0.000000000000000000e+00
0.000000000000000000e+00
0.000000000000000000e+00
0.000000000000000000e+00
0.000000000000000000e+00
0.000000000000000000e+00
0.000000000000000000e+00
0.000000000000000000e+00
0.000000000000000000e+00
0.000000000000000000e+00
0.000000000000000000e+00
0.000000000000000000e+00
0.000000000000000000e+00
0.000000000000000000e+00
0.000000000000000000e+00
0.000000000000000000e+00
0.000000000000000000e+00
0.000000000000000000e+00
0.000000000000000000e+00
0.000000000000000000e+00
0.000000000000000000e+00
0.000000000000000000e+00
0.000000000000000000e+00
0.000000000000000000e+00
0.000000000000000000e+00
0.000000000000000000e+00
0.000000000000000000e+00
0.000000000000000000e+00
0.000000000000000000e+00
0.000000000000000000e+00
0.000000000000000000e+00
0.000000000000000000e+00
0.000000000000000000e+00
0.000000000000000000e+00
0.000000000000000000e+00
0.000000000000000000e+00
0.000000000000000000e+00
0.000000000000000000e+00
0.000000000000000000e+00
0.000000000000000000e+00
0.000000000000000000e+00
0.000000000000000000e+00
0.000000000000000000e+00
0.000000000000000000e+00
0.000000000000000000e+00
0.000000000000000000e+00
0.000000000000000000e+00
0.000000000000000000e+00
0.000000000000000000e+00
0.000000000000000000e+00
0.000000000000000000e+00
0.000000000000000000e+00
0.000000000000000000e+00
0.000000000000000000e+00
0.000000000000000000e+00
0.000000000000000000e+00
0.000000000000000000e+00
0.000000000000000000e+00
0.000000000000000000e+00
0.000000000000000000e+00
0.000000000000000000e+00
0.000000000000000000e+00
0.000000000000000000e+00
0.000000000000000000e+00
0.000000000000000000e+00
0.000000000000000000e+00
0.000000000000000000e+00
0.000000000000000000e+00
0.000000000000000000e+00
0.000000000000000000e+00
0.000000000000000000e+00
0.000000000000000000e+00
0.000000000000000000e+00
0.000000000000000000e+00
0.000000000000000000e+00
0.000000000000000000e+00
0.000000000000000000e+00
0.000000000000000000e+00
0.000000000000000000e+00
0.000000000000000000e+00
0.000000000000000000e+00
0.000000000000000000e+00
0.000000000000000000e+00
0.000000000000000000e+00
0.000000000000000000e+00
0.000000000000000000e+00
0.000000000000000000e+00
0.000000000000000000e+00
0.000000000000000000e+00
0.000000000000000000e+00
0.000000000000000000e+00
0.000000000000000000e+00
0.000000000000000000e+00
0.000000000000000000e+00
0.000000000000000000e+00
0.000000000000000000e+00
0.000000000000000000e+00
0.000000000000000000e+00
0.000000000000000000e+00
0.000000000000000000e+00
0.000000000000000000e+00
0.000000000000000000e+00
0.000000000000000000e+00
0.000000000000000000e+00
0.000000000000000000e+00
0.000000000000000000e+00
0.000000000000000000e+00
0.000000000000000000e+00
0.000000000000000000e+00
0.000000000000000000e+00
0.000000000000000000e+00
0.000000000000000000e+00
0.000000000000000000e+00
0.000000000000000000e+00
0.000000000000000000e+00
0.000000000000000000e+00
0.000000000000000000e+00
0.000000000000000000e+00
0.000000000000000000e+00
0.000000000000000000e+00
0.000000000000000000e+00
0.000000000000000000e+00
0.000000000000000000e+00
0.000000000000000000e+00
0.000000000000000000e+00
0.000000000000000000e+00
0.000000000000000000e+00
0.000000000000000000e+00
0.000000000000000000e+00
0.000000000000000000e+00
0.000000000000000000e+00
0.000000000000000000e+00
0.000000000000000000e+00
0.000000000000000000e+00
0.000000000000000000e+00
0.000000000000000000e+00
0.000000000000000000e+00
0.000000000000000000e+00
0.000000000000000000e+00
0.000000000000000000e+00
0.000000000000000000e+00
0.000000000000000000e+00
0.000000000000000000e+00
0.000000000000000000e+00
0.000000000000000000e+00
0.000000000000000000e+00
0.000000000000000000e+00
0.000000000000000000e+00
0.000000000000000000e+00
0.000000000000000000e+00
0.000000000000000000e+00
0.000000000000000000e+00
0.000000000000000000e+00
0.000000000000000000e+00
0.000000000000000000e+00
0.000000000000000000e+00
0.000000000000000000e+00
0.000000000000000000e+00
0.000000000000000000e+00
0.000000000000000000e+00
0.000000000000000000e+00
0.000000000000000000e+00
0.000000000000000000e+00
0.000000000000000000e+00
0.000000000000000000e+00
0.000000000000000000e+00
0.000000000000000000e+00
0.000000000000000000e+00
0.000000000000000000e+00
0.000000000000000000e+00
0.000000000000000000e+00
0.000000000000000000e+00
0.000000000000000000e+00
0.000000000000000000e+00
0.000000000000000000e+00
0.000000000000000000e+00
0.000000000000000000e+00
0.000000000000000000e+00
0.000000000000000000e+00
0.000000000000000000e+00
0.000000000000000000e+00
0.000000000000000000e+00
0.000000000000000000e+00
0.000000000000000000e+00
0.000000000000000000e+00
0.000000000000000000e+00
0.000000000000000000e+00
0.000000000000000000e+00
0.000000000000000000e+00
0.000000000000000000e+00
0.000000000000000000e+00
0.000000000000000000e+00
0.000000000000000000e+00
0.000000000000000000e+00
0.000000000000000000e+00
0.000000000000000000e+00
0.000000000000000000e+00
0.000000000000000000e+00
0.000000000000000000e+00
0.000000000000000000e+00
0.000000000000000000e+00
0.000000000000000000e+00
0.000000000000000000e+00
0.000000000000000000e+00
0.000000000000000000e+00
0.000000000000000000e+00
0.000000000000000000e+00
0.000000000000000000e+00
0.000000000000000000e+00
0.000000000000000000e+00
0.000000000000000000e+00
0.000000000000000000e+00
0.000000000000000000e+00
0.000000000000000000e+00
0.000000000000000000e+00
0.000000000000000000e+00
0.000000000000000000e+00
0.000000000000000000e+00
0.000000000000000000e+00
0.000000000000000000e+00
0.000000000000000000e+00
0.000000000000000000e+00
0.000000000000000000e+00
0.000000000000000000e+00
0.000000000000000000e+00
0.000000000000000000e+00
0.000000000000000000e+00
0.000000000000000000e+00
0.000000000000000000e+00
0.000000000000000000e+00
0.000000000000000000e+00
0.000000000000000000e+00
0.000000000000000000e+00
0.000000000000000000e+00
0.000000000000000000e+00
0.000000000000000000e+00
0.000000000000000000e+00
0.000000000000000000e+00
0.000000000000000000e+00
0.000000000000000000e+00
0.000000000000000000e+00
0.000000000000000000e+00
0.000000000000000000e+00
0.000000000000000000e+00
0.000000000000000000e+00
0.000000000000000000e+00
0.000000000000000000e+00
0.000000000000000000e+00
0.000000000000000000e+00
0.000000000000000000e+00
0.000000000000000000e+00
0.000000000000000000e+00
0.000000000000000000e+00
0.000000000000000000e+00
0.000000000000000000e+00
0.000000000000000000e+00
0.000000000000000000e+00
0.000000000000000000e+00
0.000000000000000000e+00
0.000000000000000000e+00
0.000000000000000000e+00
0.000000000000000000e+00
0.000000000000000000e+00
0.000000000000000000e+00
0.000000000000000000e+00
0.000000000000000000e+00
0.000000000000000000e+00
0.000000000000000000e+00
0.000000000000000000e+00
0.000000000000000000e+00
0.000000000000000000e+00
0.000000000000000000e+00
0.000000000000000000e+00
0.000000000000000000e+00
0.000000000000000000e+00
0.000000000000000000e+00
0.000000000000000000e+00
0.000000000000000000e+00
0.000000000000000000e+00
0.000000000000000000e+00
0.000000000000000000e+00
0.000000000000000000e+00
0.000000000000000000e+00
0.000000000000000000e+00
0.000000000000000000e+00
0.000000000000000000e+00
0.000000000000000000e+00
0.000000000000000000e+00
0.000000000000000000e+00
0.000000000000000000e+00
0.000000000000000000e+00
0.000000000000000000e+00
0.000000000000000000e+00
0.000000000000000000e+00
0.000000000000000000e+00
0.000000000000000000e+00
0.000000000000000000e+00
0.000000000000000000e+00
0.000000000000000000e+00
0.000000000000000000e+00
0.000000000000000000e+00
0.000000000000000000e+00
0.000000000000000000e+00
0.000000000000000000e+00
0.000000000000000000e+00
0.000000000000000000e+00
0.000000000000000000e+00
0.000000000000000000e+00
0.000000000000000000e+00
0.000000000000000000e+00
0.000000000000000000e+00
0.000000000000000000e+00
0.000000000000000000e+00
0.000000000000000000e+00
0.000000000000000000e+00
0.000000000000000000e+00
0.000000000000000000e+00
0.000000000000000000e+00
0.000000000000000000e+00
0.000000000000000000e+00
0.000000000000000000e+00
0.000000000000000000e+00
0.000000000000000000e+00
0.000000000000000000e+00
0.000000000000000000e+00
0.000000000000000000e+00
0.000000000000000000e+00
0.000000000000000000e+00
0.000000000000000000e+00
0.000000000000000000e+00
0.000000000000000000e+00
0.000000000000000000e+00
0.000000000000000000e+00
0.000000000000000000e+00
0.000000000000000000e+00
0.000000000000000000e+00
0.000000000000000000e+00
0.000000000000000000e+00
0.000000000000000000e+00
0.000000000000000000e+00
0.000000000000000000e+00
0.000000000000000000e+00
0.000000000000000000e+00
0.000000000000000000e+00
0.000000000000000000e+00
0.000000000000000000e+00
0.000000000000000000e+00
0.000000000000000000e+00
0.000000000000000000e+00
0.000000000000000000e+00
0.000000000000000000e+00
0.000000000000000000e+00
0.000000000000000000e+00
0.000000000000000000e+00
0.000000000000000000e+00
0.000000000000000000e+00
0.000000000000000000e+00
0.000000000000000000e+00
0.000000000000000000e+00
0.000000000000000000e+00
0.000000000000000000e+00
0.000000000000000000e+00
0.000000000000000000e+00
0.000000000000000000e+00
0.000000000000000000e+00
0.000000000000000000e+00
0.000000000000000000e+00
0.000000000000000000e+00
0.000000000000000000e+00
0.000000000000000000e+00
0.000000000000000000e+00
0.000000000000000000e+00
0.000000000000000000e+00
0.000000000000000000e+00
0.000000000000000000e+00
0.000000000000000000e+00
0.000000000000000000e+00
0.000000000000000000e+00
0.000000000000000000e+00
0.000000000000000000e+00
0.000000000000000000e+00
0.000000000000000000e+00
0.000000000000000000e+00
0.000000000000000000e+00
0.000000000000000000e+00
0.000000000000000000e+00
0.000000000000000000e+00
0.000000000000000000e+00
0.000000000000000000e+00
0.000000000000000000e+00
0.000000000000000000e+00
0.000000000000000000e+00
0.000000000000000000e+00
0.000000000000000000e+00
0.000000000000000000e+00
0.000000000000000000e+00
0.000000000000000000e+00
0.000000000000000000e+00
0.000000000000000000e+00
0.000000000000000000e+00
0.000000000000000000e+00
0.000000000000000000e+00
0.000000000000000000e+00
0.000000000000000000e+00
0.000000000000000000e+00
0.000000000000000000e+00
0.000000000000000000e+00
0.000000000000000000e+00
0.000000000000000000e+00
0.000000000000000000e+00
0.000000000000000000e+00
0.000000000000000000e+00
0.000000000000000000e+00
0.000000000000000000e+00
0.000000000000000000e+00
0.000000000000000000e+00
0.000000000000000000e+00
0.000000000000000000e+00
0.000000000000000000e+00
0.000000000000000000e+00
0.000000000000000000e+00
0.000000000000000000e+00
0.000000000000000000e+00
0.000000000000000000e+00
0.000000000000000000e+00
0.000000000000000000e+00
0.000000000000000000e+00
0.000000000000000000e+00
0.000000000000000000e+00
0.000000000000000000e+00
0.000000000000000000e+00
0.000000000000000000e+00
0.000000000000000000e+00
0.000000000000000000e+00
0.000000000000000000e+00
0.000000000000000000e+00
0.000000000000000000e+00
0.000000000000000000e+00
0.000000000000000000e+00
0.000000000000000000e+00
0.000000000000000000e+00
0.000000000000000000e+00
0.000000000000000000e+00
0.000000000000000000e+00
0.000000000000000000e+00
0.000000000000000000e+00
0.000000000000000000e+00
0.000000000000000000e+00
0.000000000000000000e+00
0.000000000000000000e+00
0.000000000000000000e+00
0.000000000000000000e+00
0.000000000000000000e+00
0.000000000000000000e+00
0.000000000000000000e+00
0.000000000000000000e+00
0.000000000000000000e+00
0.000000000000000000e+00
0.000000000000000000e+00
0.000000000000000000e+00
0.000000000000000000e+00
0.000000000000000000e+00
0.000000000000000000e+00
0.000000000000000000e+00
0.000000000000000000e+00
0.000000000000000000e+00
0.000000000000000000e+00
0.000000000000000000e+00
0.000000000000000000e+00
0.000000000000000000e+00
0.000000000000000000e+00
0.000000000000000000e+00
0.000000000000000000e+00
0.000000000000000000e+00
0.000000000000000000e+00
0.000000000000000000e+00
0.000000000000000000e+00
0.000000000000000000e+00
0.000000000000000000e+00
0.000000000000000000e+00
0.000000000000000000e+00
0.000000000000000000e+00
0.000000000000000000e+00
0.000000000000000000e+00
0.000000000000000000e+00
0.000000000000000000e+00
0.000000000000000000e+00
0.000000000000000000e+00
0.000000000000000000e+00
0.000000000000000000e+00
0.000000000000000000e+00
0.000000000000000000e+00
0.000000000000000000e+00
0.000000000000000000e+00
0.000000000000000000e+00
0.000000000000000000e+00
0.000000000000000000e+00
0.000000000000000000e+00
0.000000000000000000e+00
0.000000000000000000e+00
0.000000000000000000e+00
0.000000000000000000e+00
0.000000000000000000e+00
0.000000000000000000e+00
0.000000000000000000e+00
0.000000000000000000e+00
0.000000000000000000e+00
0.000000000000000000e+00
0.000000000000000000e+00
0.000000000000000000e+00
0.000000000000000000e+00
0.000000000000000000e+00
0.000000000000000000e+00
0.000000000000000000e+00
0.000000000000000000e+00
0.000000000000000000e+00
0.000000000000000000e+00
0.000000000000000000e+00
0.000000000000000000e+00
0.000000000000000000e+00
0.000000000000000000e+00
0.000000000000000000e+00
0.000000000000000000e+00
0.000000000000000000e+00
0.000000000000000000e+00
0.000000000000000000e+00
0.000000000000000000e+00
0.000000000000000000e+00
0.000000000000000000e+00
0.000000000000000000e+00
0.000000000000000000e+00
0.000000000000000000e+00
0.000000000000000000e+00
0.000000000000000000e+00
0.000000000000000000e+00
0.000000000000000000e+00
0.000000000000000000e+00
0.000000000000000000e+00
0.000000000000000000e+00
0.000000000000000000e+00
0.000000000000000000e+00
0.000000000000000000e+00
0.000000000000000000e+00
0.000000000000000000e+00
0.000000000000000000e+00
0.000000000000000000e+00
0.000000000000000000e+00
0.000000000000000000e+00
0.000000000000000000e+00
0.000000000000000000e+00
0.000000000000000000e+00
0.000000000000000000e+00
0.000000000000000000e+00
0.000000000000000000e+00
0.000000000000000000e+00
0.000000000000000000e+00
0.000000000000000000e+00
0.000000000000000000e+00
0.000000000000000000e+00
0.000000000000000000e+00
0.000000000000000000e+00
0.000000000000000000e+00
0.000000000000000000e+00
0.000000000000000000e+00
0.000000000000000000e+00
0.000000000000000000e+00
0.000000000000000000e+00
0.000000000000000000e+00
0.000000000000000000e+00
0.000000000000000000e+00
0.000000000000000000e+00
0.000000000000000000e+00
0.000000000000000000e+00
0.000000000000000000e+00
0.000000000000000000e+00
0.000000000000000000e+00
