-8.000000000000000444e-01
-7.686315513218585638e-01
-7.384930771093086710e-01
-7.095363493737260052e-01
-6.817150311729691659e-01
-6.549846024623855456e-01
-6.293022888532427972e-01
-6.046269931645804618e-01
-5.809192296589528182e-01
-5.581410608568248000e-01
-5.362560368285115286e-01
-5.152291368665131710e-01
-4.950267134449126694e-01
-4.756164383761555259e-01
-4.569672510790518949e-01
-4.390493088752212003e-01
-4.218339392344388483e-01
-4.052935938924716597e-01
-3.894018047679773664e-01
-3.741331416079274330e-01
-3.594631712937772505e-01
-3.453684187432637942e-01
-3.318263293452651252e-01
-3.188152328676113201e-01
-3.063143087800896947e-01
-2.943035529371538783e-01
-2.827637455670241606e-01
-2.716764205159513113e-01
-2.610238356984315722e-01
-2.507889447060842603e-01
-2.409553695297617093e-01
-2.315073743512404969e-01
-2.224298403625553089e-01
-2.137082415726802853e-01
-2.053286215628447042e-01
-1.972775711532852028e-01
-1.895422069456974279e-01
-1.821101507070501946e-01
-1.749695095617718188e-01
-1.681088569606117855e-01
-1.615172143957243067e-01
-1.551840338327135360e-01
-1.490991808315279832e-01
-1.432529183291945951e-01
-1.376358910584404294e-01
-1.322391105772692255e-01
-1.270539408855365371e-01
-1.220720846055071140e-01
-1.172855697042801265e-01
-1.126867367368360046e-01
-1.082682265892901674e-01
-1.040229687027407340e-01
-9.994416975886594168e-02
-9.602530280916538041e-02
-9.226009683045001408e-02
-8.864252668986710715e-02
-8.516680350340224970e-02
-8.182736537242998875e-02
-7.861886848348924317e-02
-7.553617855704188033e-02
-7.257436263153001221e-02
-6.972868116958504114e-02
-6.699458047375676795e-02
-6.436768539962595126e-02
-6.184379235463979829e-02
-5.941886257146710565e-02
-5.708901564510884818e-02
-5.485052332342232884e-02
-5.269980354112235865e-02
-5.063341468771258985e-02
-4.864805010017438092e-02
-4.674053277160066661e-02
-4.490781026730698150e-02
-4.314694984028481783e-02
-4.145513373818066755e-02
-3.982965469429115835e-02
-3.826791159535869458e-02
-3.676740531923536337e-02
-3.532573473575428835e-02
-3.394059286440911233e-02
-3.260976318269297181e-02
-3.133111607918965397e-02
-3.010260544574097641e-02
-2.892226540323714068e-02
-2.778820715579085124e-02
-2.669861596826086578e-02
-2.565174826228861643e-02
-2.464592882620086217e-02
-2.367954813431360009e-02
-2.275105977134760440e-02
-2.185897795783404984e-02
-2.100187517255036954e-02
-2.017837986818177276e-02
-1.938717427655289177e-02
-1.862699229991761005e-02
-1.789661748493248314e-02
-1.719488107607193908e-02
-1.652066014537005231e-02
-1.587287579549622948e-02
-1.525049143328931038e-02
-1.465251111098734432e-02
-1.407797793249871560e-02
-1.352597252216422401e-02
-1.299561155355989650e-02
-1.248604633598626550e-02
-1.199646145638216289e-02
-1.152607347448988094e-02
-1.107412966918360116e-02
-1.063990683395501374e-02
-1.022271011962860854e-02
-9.821871922454749118e-03
-9.436750815801250164e-03
-9.066730523733910682e-03
-8.711218934843561676e-03
-8.369647154741442774e-03
-8.041468595706868783e-03
-7.726158102030221408e-03
-7.423211109651795328e-03
-7.132142838751642962e-03
-6.852487517998448810e-03
-6.583797639216024469e-03
-6.325643241274753366e-03
-6.077611222062053765e-03
-5.839304677430866633e-03
-5.610342266068340036e-03
-5.390357599268373774e-03
-5.178998654631524097e-03
-4.975927212754058943e-03
-4.780818316004754528e-03
-4.593359748523362200e-03
-4.413251536608617763e-03
-4.240205468696321700e-03
-4.073944634159352117e-03
-3.914202980191580986e-03
-3.760724886066621128e-03
-3.613264754090132931e-03
-3.471586616591115868e-03
-3.335463758323289462e-03
-3.204678353672336510e-03
-3.079021118088434358e-03
-2.958290973186345884e-03
-2.842294724977089630e-03
-2.730846754716344423e-03
-2.623768721874858781e-03
-2.520889278755553478e-03
-2.422043796300652613e-03
-2.327074100650067430e-03
-2.235828220029475143e-03
-2.148160141563056503e-03
-2.063929577621744210e-03
-1.983001741333086793e-03
-1.905247130893496666e-03
-1.830541322337735479e-03
-1.758764770434025071e-03
-1.689802617386171497e-03
-1.623544509036587390e-03
-1.559884418276096581e-03
-1.498720475377938663e-03
-1.439954804984472977e-03
-1.383493369485724531e-03
-1.329245818539147219e-03
-1.277125344489798064e-03
-1.227048543459570429e-03
-1.178935281883197001e-03
-1.132708568277442747e-03
-1.088294430038315138e-03
-1.045621795069110209e-03
-1.004622378049895579e-03
-9.652305711664323738e-04
-9.273833391236730936e-04
-8.910201182758426420e-04
-8.560827197116835678e-04
-8.225152361397838419e-04
-7.902639524249836398e-04
-7.592772596326981954e-04
-7.295055724436129950e-04
-7.009012498065933560e-04
-6.734185187028392076e-04
-6.470134008992891282e-04
-6.216436425740653115e-04
-5.972686467013433838e-04
-5.738494080874508496e-04
-5.513484509542344652e-04
-5.297297689698211376e-04
-5.089587676308041922e-04
-4.890022089036578186e-04
-4.698281580367926250e-04
-4.514059324581390690e-04
-4.337060526764872611e-04
-4.167001951080101432e-04
-4.003611467524886987e-04
-3.846627616467046063e-04
-3.695799190253210476e-04
-3.550884831222992592e-04
-3.411652645485231065e-04
-3.277879831838294462e-04
-3.149352325240626325e-04
-3.025864454261006052e-04
-2.907218611960382800e-04
-2.793224939678611691e-04
-2.683701023220095151e-04
-2.578471600952153098e-04
-2.477368283349009703e-04
-2.380229283532650899e-04
-2.286899158379269721e-04
-2.197228559777140511e-04
-2.111073995637743569e-04
-2.028297600277843252e-04
-1.948766913804950325e-04
-1.872354670153263730e-04
-1.798938593430785557e-04
-1.728401202251835195e-04
-1.660629621741740178e-04
-1.595515402912982641e-04
-1.532954349123656309e-04
-1.472846349340633555e-04
-1.415095217940532811e-04
-1.359608540792219976e-04
-1.306297527374464566e-04
-1.255076868692179323e-04
-1.205864600763812083e-04
-1.158581973461504086e-04
-1.113153324494069255e-04
-1.069505958331201857e-04
-1.027570029875102422e-04
-9.872784326934365439e-05
-9.485666916347123092e-05
-9.113728596542891342e-05
-8.756374186858941605e-05
-8.413031844000075029e-05
-8.083152146967474564e-05
-7.766207217867769684e-05
-7.461689877195904321e-05
-7.169112832239614083e-05
-6.888007897307228114e-05
-6.617925244530578003e-05
-6.358432684044542109e-05
-6.109114972390951466e-05
-5.869573148040567218e-05
-5.639423892969426934e-05
-5.418298919268311857e-05
-5.205844379803435500e-05
-5.001720301985620835e-05
-4.805600043741549350e-05
-4.617169770816826750e-05
-4.436127954574156017e-05
-4.262184889483249748e-05
-4.095062229530113782e-05
-3.934492542804103740e-05
-3.780218883549749950e-05
-3.631994380998788198e-05
-3.489581844324217836e-05
-3.352753383084392235e-05
-3.221290042549709875e-05
-3.094981453328296301e-05
-2.973625494730138994e-05
-2.857027971330817204e-05
-2.745002302217437661e-05
-2.637369222419325582e-05
-2.533956496045864672e-05
-2.434598640672290234e-05
-2.339136662532540184e-05
-2.247417802095274457e-05
-2.159295289616067537e-05
-2.074628110274472678e-05
-1.993280778520256343e-05
-1.915123121267581609e-05
-1.840030069590327966e-05
-1.767881458585099781e-05
-1.698561835081770392e-05
-1.631960272893753772e-05
-1.567970195312463474e-05
-1.506489204561818943e-05
-1.447418917939980725e-05
-1.390664810386015399e-05
-1.336136063219652775e-05
-1.283745418812004210e-05
-1.233409040954748952e-05
-1.185046380704319019e-05
-1.138580047486392123e-05
-1.093935685254477221e-05
-1.051041853504360376e-05
-1.009829912954073489e-05
-9.702339157063828912e-06
-9.321904997180987940e-06
-8.956387874072751847e-06
-8.605202882361035380e-06
-8.267788051135605552e-06
-7.943603444680865259e-06
-7.632130298463385209e-06
-7.332870188998094057e-06
-7.045344236264262496e-06
-6.769092337395399811e-06
-6.503672430416408414e-06
-6.248659786850213995e-06
-6.003646332061486477e-06
-5.768239992250262990e-06
-5.542064067050125762e-06
-5.324756626727338966e-06
-5.115969933015971553e-06
-4.915369882662568015e-06
-4.722635472789593348e-06
-4.537458287222375961e-06
-4.359542002957451358e-06
-4.188601915982481427e-06
-4.024364485689158482e-06
-3.866566897149810535e-06
-3.714956640557508459e-06
-3.569291107156444338e-06
-3.429337201016217808e-06
-3.294870966028566530e-06
-3.165677227529862845e-06
-3.041549247975695177e-06
-2.922288396116741260e-06
-2.807703829146343201e-06
-2.697612187311347784e-06
-2.591837300497339312e-06
-2.490209906318912178e-06
-2.392567379263704343e-06
-2.298753470456920808e-06
-2.208618057629758917e-06
-2.122016904891791529e-06
-2.038811431922731362e-06
-1.958868492214387480e-06
-1.882060160007816901e-06
-1.808263525584843476e-06
-1.737360498586266172e-06
-1.669237619042097778e-06
-1.603785875811417656e-06
-1.540900532141268113e-06
-1.480480958065526694e-06
-1.422430469375470032e-06
-1.366656172904434908e-06
-1.313068817878911285e-06
-1.261582653098284184e-06
-1.212115289714599228e-06
-1.164587569392846625e-06
-1.118923437640719429e-06
-1.075049822105217133e-06
-1.032896515641275570e-06
-9.923960639653706810e-07
-9.534836577142608139e-07
-9.160970287361911916e-07
-8.801763504485539523e-07
-8.456641421026055018e-07
-8.125051768019922732e-07
-7.806463931279458460e-07
-7.500368102296825462e-07
-7.206274462441747846e-07
-6.923712399147109788e-07
-6.652229752828543864e-07
-6.391392093332538704e-07
-6.140782024755557357e-07
-5.899998517521565267e-07
-5.668656266649076900e-07
-5.446385075181073650e-07
-5.232829261790802724e-07
-5.027647091615855826e-07
-4.830510229409401839e-07
-4.641103214133824039e-07
-4.459122954155676659e-07
-4.284278242234486945e-07
-4.116289289528969942e-07
-3.954887277875257503e-07
-3.799813929620423518e-07
-3.650821094323195395e-07
-3.507670351660250766e-07
-3.370132629902887170e-07
-3.237987839353335977e-07
-3.111024520154337085e-07
-2.989039503908208347e-07
-2.871837588564108013e-07
-2.759231226053067321e-07
-2.651040222171105749e-07
-2.547091448230025175e-07
-2.447218564014606287e-07
-2.351261751602749226e-07
-2.259067459622712907e-07
-2.170488157538171211e-07
-2.085382099567857340e-07
-2.003613097862097737e-07
-1.925050304573171830e-07
-1.849568002470868384e-07
-1.777045403768066707e-07
-1.707366456834535853e-07
-1.640419660489541532e-07
-1.576097885576192510e-07
-1.514298203531910956e-07
-1.454921721680796647e-07
-1.397873424984223793e-07
-1.343062023996530706e-07
-1.290399808782409527e-07
-1.239802508562317344e-07
-1.191189156861231096e-07
-1.144481961945032126e-07
-1.099606182337116815e-07
-1.056490007216106565e-07
-1.015064441503196202e-07
-9.752631954553228605e-08
-9.370225785874212567e-08
-9.002813977540730375e-08
-8.649808592274062172e-08
-8.310644746145948330e-08
-7.984779704643746251e-08
-7.671692014179523342e-08
-7.370880667652907906e-08
-7.081864302732944765e-08
-6.804180431575626558e-08
-6.537384700744764420e-08
-6.281050180151545685e-08
-6.034766679875406595e-08
-5.798140093772605198e-08
-5.570791768822384008e-08
-5.352357899201241794e-08
-5.142488944116071910e-08
-4.940849068464290624e-08
-4.747115605426088309e-08
-4.560978540128576677e-08
-4.382140013555920671e-08
-4.210313845911335835e-08
-4.045225078668416336e-08
-3.886609534578743569e-08
-3.734213394931986892e-08
-3.587792793391786660e-08
-3.447113425757644043e-08
-3.311950175028133465e-08
-3.182086751165721812e-08
-3.057315344986554872e-08
-2.937436295621415588e-08
-2.822257771015779782e-08
-2.711595460957539463e-08
-2.605272282141381619e-08
-2.503118094797704532e-08
-2.404969430432720722e-08
-2.310669230243937803e-08
-2.220066593792605154e-08
-2.133016537530799982e-08
-2.049379762796849496e-08
-1.969022432907707935e-08
-1.891815958991741178e-08
-1.817636794219084668e-08
-1.746366236100382567e-08
-1.677890236537441764e-08
-1.612099219321968660e-08
-1.548887904790248429e-08
-1.488155141353240991e-08
-1.429803743632427876e-08
-1.373740336942493665e-08
-1.319875207871898541e-08
-1.268122160722298481e-08
-1.218398379577010432e-08
-1.170624295777896158e-08
-1.124723460598529204e-08
-1.080622422909918125e-08
-1.038250611643045638e-08
-9.975402228600791229e-09
-9.584261112536197312e-09
-9.208456859003050013e-09
-8.847388101019911424e-09
-8.500477051541867024e-09
-8.167168578878110566e-09
-7.846929318362755812e-09
-7.539246818857679596e-09
-7.243628722721213101e-09
-6.959601977930979717e-09
-6.686712081099687120e-09
-6.424522350172838132e-09
-6.172613225644131790e-09
-5.930581599170843357e-09
-5.698040168514427496e-09
-5.474616817774390493e-09
-5.259954021923337548e-09
-5.053708274690733902e-09
-4.855549538879552703e-09
-4.665160718236410763e-09
-4.482237150029814426e-09
-4.306486117524856165e-09
-4.137626381573975725e-09
-3.975387730574306412e-09
-3.819510548071518509e-09
-3.669745397318019324e-09
-3.525852622121002623e-09
-3.387601963341376863e-09
-3.254772190430073489e-09
-3.127150747411891380e-09
-3.004533412750642153e-09
-2.886723972551097221e-09
-2.773533906574937369e-09
-2.664782086568088414e-09
-2.560294486416913735e-09
-2.459903903669284851e-09
-2.363449691975025034e-09
-2.270777504017417215e-09
-2.181739044524608281e-09
-2.096191832965518659e-09
-2.013998975550622244e-09
-1.935028946172637542e-09
-1.859155375936721445e-09
-1.786256850943264060e-09
-1.716216717999775291e-09
-1.648922897950846379e-09
-1.584267706327618640e-09
-1.522147681029651437e-09
-1.462463416763484077e-09
-1.405119405972979405e-09
-1.350023886006825521e-09
-1.297088692278738939e-09
-1.246229117185306575e-09
-1.197363774555766636e-09
-1.150414469416744837e-09
-1.105306072863632537e-09
-1.061966401838303543e-09
-1.020326103620835406e-09
-9.803185448503384324e-10
-9.418797048973790296e-10
-9.049480734173061883e-10
-8.694645519205897364e-10
-8.353723592026101407e-10
-8.026169404816295120e-10
-7.711458800994961992e-10
-7.409088176454203514e-10
-7.118573673685549715e-10
-6.839450407504837351e-10
-6.571271721136683479e-10
-6.313608471468441097e-10
-6.066048342329526104e-10
-5.828195184697669364e-10
-5.599668382775949666e-10
-5.380102244926287696e-10
-5.169145418484887134e-10
-4.966460327522899763e-10
-4.771722632652994531e-10
-4.584620712017104732e-10
-4.404855162625042345e-10
-4.232138321245733682e-10
-4.066193804084746769e-10
-3.906756064511225394e-10
-3.753569968126680723e-10
-3.606390384495440042e-10
-3.464981794883708017e-10
-3.329117915379319381e-10
-3.198581334789250079e-10
-3.073163166735255560e-10
-2.952662715391146326e-10
-2.836887154326627579e-10
-2.725651217943912666e-10
-2.618776905013181117e-10
-2.516093193832673113e-10
-2.417435768557465000e-10
-2.322646756259094476e-10
-2.231574474295139866e-10
-2.144073187584669797e-10
-2.060002875401010705e-10
-1.979229007308704684e-10
-1.901622327886141323e-10
-1.827058649889262674e-10
-1.755418655525507097e-10
-1.686587705519872548e-10
-1.620455655667643463e-10
-1.556916680580126716e-10
-1.495869104341477967e-10
-1.437215237805532712e-10
-1.380861222272351823e-10
-1.326716879294245472e-10
-1.274695566371039711e-10
-1.224714038303581044e-10
-1.176692313983675411e-10
-1.130553548407225818e-10
-1.086223909705848493e-10
-1.043632461000123029e-10
-1.002711046885467807e-10
-9.633941843689282457e-11
-9.256189580824333668e-11
-8.893249196047764717e-11
-8.544539907312589356e-11
-8.209503705361512405e-11
-7.887604460793213322e-11
-7.578327066140881916e-11
-7.281176611590349100e-11
-6.995677593018909380e-11
-6.721373151087118754e-11
-6.457824340166481613e-11
-6.204609425932758651e-11
-5.961323210501157999e-11
-5.727576384023139490e-11
-5.502994901707688447e-11
-5.287219385269809403e-11
-5.079904547848676089e-11
-4.880718641474869666e-11
-4.689342926202932537e-11
-4.505471160059418194e-11
-4.328809108990458355e-11
-4.159074076024414537e-11
-3.995994448896467437e-11
-3.839309265411023083e-11
-3.688767795846578020e-11
-3.544129141734588529e-11
-3.405161850370582912e-11
-3.271643544440430419e-11
-3.143360566169242465e-11
-3.020107635423278569e-11
-2.901687521217983335e-11
-2.787910726106323208e-11
-2.678595182942433426e-11
-2.573565963535377207e-11
-2.472654998726665336e-11
-2.375700809443783610e-11
-2.282548248299206803e-11
-2.193048251321514682e-11
-2.107057599421183051e-11
-2.024438689209520535e-11
-1.945059312803874533e-11
-1.868792446266839179e-11
-1.795516046340815976e-11
-1.725112855152790820e-11
-1.657470212576708406e-11
-1.592479875953258876e-11
-1.530037846878494394e-11
-1.470044204784217970e-11
-1.412402947043747939e-11
-1.357021835347252336e-11
-1.303812248100743999e-11
-1.252689038612644516e-11
-1.203570398840902462e-11
-1.156377728482689464e-11
-1.111035509197121769e-11
-1.067471183759819388e-11
-1.025615039955864210e-11
-9.854000990253795716e-12
-9.467620084832391448e-12
-9.096389391413391303e-12
-8.739714861687222454e-12
-8.397025740311666651e-12
-8.067773651581674496e-12
-7.751431721911056376e-12
-7.447493736722457032e-12
-7.155473330395988633e-12
-6.874903207980575086e-12
-6.605334397422169374e-12
-6.346335531112799738e-12
-6.097492155610312247e-12
-5.858406068424527681e-12
-5.628694680808173266e-12
-5.407990405533354117e-12
-5.195940068673522559e-12
-4.992204344449921578e-12
-4.796457212237835796e-12
-4.608385434864109519e-12
-4.427688057360811451e-12
-4.254075925373136463e-12
-4.087271222450660565e-12
-3.927007025481803368e-12
-3.773026877559898160e-12
-3.625084377597406334e-12
-3.482942786031663227e-12
-3.346374645990994305e-12
-3.215161419315244678e-12
-3.089093136848072939e-12
-2.967968062441553325e-12
-2.851592370135230181e-12
-2.739779833993273787e-12
-2.632351530103235716e-12
-2.529135550259650016e-12
-2.429966726874173691e-12
-2.334686368672245976e-12
-2.243142006753174834e-12
-2.155187150607401590e-12
-2.070681053700380372e-12
-1.989488488248132128e-12
-1.911479528823921048e-12
-1.836529344449883934e-12
-1.764517998840789064e-12
-1.695330258480422802e-12
-1.628855408223364319e-12
-1.564987074127155935e-12
-1.503623053231266712e-12
-1.444665150010573785e-12
-1.388019019241567241e-12
-1.333594015029859474e-12
-1.281303045757434609e-12
-1.231062434717450248e-12
-1.182791786213673435e-12
-1.136413856910206861e-12
-1.091854432225687170e-12
-1.049042207574097049e-12
-1.007908674262232579e-12
-9.683880098611695873e-13
-9.304169728763483338e-13
-8.939348015476697217e-13
-8.588831166177297785e-13
-8.252058279125457376e-13
-7.928490445853240326e-13
-7.617609888795893769e-13
-7.318919132737405423e-13
-7.031940208743959585e-13
-6.756213889311785620e-13
-6.491298953505012063e-13
-6.236771480908148363e-13
-5.992224173262928463e-13
-5.757265702704286981e-13
-5.531520085552163223e-13
-5.314626080657477061e-13
-5.106236611339212078e-13
-4.906018209987647006e-13
-4.713650484445120107e-13
-4.528825605310108040e-13
-4.351247813344583023e-13
-4.180632946196103441e-13
-4.016707983677482376e-13
-3.859210610876150472e-13
-3.707888798394394448e-13
-3.562500399048522318e-13
-3.422812760381760504e-13
-3.288602352370609451e-13
-3.159654409729171023e-13
-3.035762588238847236e-13
-2.916728634553609874e-13
-2.802362068952286523e-13
-2.692479880530413639e-13
-2.586906234343723624e-13
-2.485472190034756714e-13
-2.388015431492192208e-13
-2.294380007110478537e-13
-2.204416080233973934e-13
-2.117979689386364131e-13
-2.034932517901538302e-13
-1.955141672587445646e-13
-1.878479471068628843e-13
-1.804823237467175539e-13
-1.734055106095169537e-13
-1.666061832844401655e-13
-1.600734613971665455e-13
-1.537968911989543014e-13
-1.477664288384143173e-13
-1.419724242892018783e-13
-1.364056059079180637e-13
-1.310570655975010625e-13
-1.259182445523723670e-13
-1.209809195625190389e-13
-1.162371898546050905e-13
-1.116794644490478296e-13
-1.073004500128325853e-13
-1.030931391886214029e-13
-9.905079938148802780e-14
-9.516696198532890784e-14
-9.143541203171470012e-14
-8.785017824461283448e-14
-8.440552348507326695e-14
-8.109593557058157442e-14
-7.791611845439207532e-14
-7.486098375072140106e-14
-7.192564259224685859e-14
-6.910539780687536804e-14
-6.639573640126579739e-14
-6.379232233907769574e-14
-6.129098960238674768e-14
-5.888773552516807973e-14
-5.657871438817642170e-14
-5.436023126497554843e-14
-5.222873610926648938e-14
-5.018081807405688438e-14
-4.821320005357774943e-14
-4.632273343921576992e-14
-4.450639308106672023e-14
-4.276127244705096845e-14
-4.108457897184168187e-14
-3.947362958816513410e-14
-3.792584643331976080e-14
-3.643875272404646302e-14
-3.500996879314669813e-14
-3.363720828150777832e-14
-3.231827447943976641e-14
-3.105105681147180137e-14
-2.983352745898083895e-14
-2.866373811524965965e-14
-2.753981686775981653e-14
-2.645996520273266622e-14
-2.542245512712352464e-14
-2.442562640346405067e-14
-2.346788389312842112e-14
-2.254769500377071495e-14
-2.166358723685052368e-14
-2.081414583132098699e-14
-1.999801149970957124e-14
-1.921387825296768689e-14
-1.846049131060986136e-14
-1.773664509279713519e-14
-1.704118129115238015e-14
-1.637298701521937273e-14
-1.573099301160090397e-14
-1.511417195292510853e-14
-1.452153679390270028e-14
-1.395213919184361339e-14
-1.340506798910658296e-14
-1.287944775505244217e-14
-1.237443738516849324e-14
-1.188922875512158826e-14
-1.142304542758695588e-14
-1.097514140978275090e-14
-1.054479995972261648e-14
-1.013133243927534138e-14
-9.734077212197101775e-15
-9.352398585372271877e-15
-8.985685791568814238e-15
-8.633352012080407044e-15
-8.294833437691263767e-15
-7.969588366461332182e-15
-7.657096336887271213e-15
-7.356857295053235381e-15
-7.068390794437880911e-15
-6.791235227097422151e-15
-6.524947084994438714e-15
-6.269100250290397056e-15
-6.023285313466162678e-15
-5.787108918179584812e-15
-5.560193131811176084e-15
-5.342174840691463905e-15
-5.132705169041607184e-15
-4.931448920697720937e-15
-4.738084042725497006e-15
-4.552301110066805508e-15
-4.373802830393557655e-15
-4.202303568376673171e-15
-4.037528888608433742e-15
-3.879215116447402822e-15
-3.727108916082718032e-15
-3.580966885142741281e-15
-3.440555165199338961e-15
-3.305649067544504528e-15
-3.176032713640487335e-15
-3.051498689668055835e-15
-2.931847714620222758e-15
-2.816888321409987314e-15
-2.706436550482233122e-15
-2.600315655439175049e-15
-2.498355820208412907e-15
-2.400393887300985413e-15
-2.306273096724580631e-15
-2.215842835134087828e-15
-2.128958394818175529e-15
-2.045480742135986962e-15
-1.965276295033714469e-15
-1.888216709284799716e-15
-1.814178673111789705e-15
-1.743043709861183695e-15
-1.674697988415512863e-15
-1.609032141039254474e-15
-1.545941088367168398e-15
-1.485323871254825203e-15
-1.427083489222482393e-15
-1.371126745233610558e-15
-1.317364096559752175e-15
-1.265709511493052286e-15
-1.216080331677171702e-15
-1.168397139836281914e-15
-1.122583632690472761e-15
-1.078566498854257958e-15
-1.036275301522668201e-15
-9.956423657573698847e-16
-9.566026701923163174e-16
-9.190937429856914319e-16
-8.830555618516326641e-16
-8.484304580117705339e-16
-8.151630239128726251e-16
-7.832000245629613769e-16
-7.524903123439340946e-16
-7.229847451644854854e-16
-6.946361078222719587e-16
-6.673990364495140004e-16
-6.412299459211299811e-16
-6.160869601092374877e-16
-5.919298448724103911e-16
-5.687199436724853541e-16
-5.464201157158284499e-16
-5.249946765201587521e-16
-5.044093408117591378e-16
-4.846311676617235212e-16
-4.656285077734432574e-16
-4.473709528369801152e-16
-4.298292868692829330e-16
-4.129754394623788094e-16
-3.967824408647434719e-16
-3.812243788239270255e-16
-3.662763571214340065e-16
-3.519144557334589274e-16
-3.381156925537453363e-16
-3.248579866173126539e-16
-3.121201227662009734e-16
-2.998817177006906418e-16
-2.881231873616821188e-16
-2.768257155920105135e-16
-2.659712240265885740e-16
-2.555423431631631472e-16
-2.455223845674062400e-16
-2.358953141678594765e-16
-2.266457265979989628e-16
-2.177588205443608414e-16
-2.092203750612880407e-16
-2.010167268143738288e-16
-1.931347482162181584e-16
-1.855618264194855757e-16
-1.782858431336584318e-16
-1.712951552331869162e-16
-1.645785761260039478e-16
-1.581253578525913808e-16
-1.519251738869507317e-16
-1.459681026119626879e-16
-1.402446114426765349e-16
-1.347455415721447708e-16
-1.294620933153771386e-16
-1.243858120279670325e-16
-1.195085745768568628e-16
-1.148225763415919918e-16
-1.103203187252622985e-16
-1.059945971551504001e-16
-1.018384895538734535e-16
-9.784534526258590087e-17
-9.400877439850540189e-17
-9.032263762973737083e-17
-8.678103635103396473e-17
-8.337830324476737301e-17
-8.010899321201186859e-17
-7.696787465922622372e-17
-7.394992112658432656e-17
-7.105030324456955593e-17
-6.826438100595252888e-17
-6.558769634078969834e-17
-6.301596598256026300e-17
-6.054507461402600516e-17
-5.817106828184566051e-17
-5.589014806940563656e-17
-5.369866401774458922e-17
-5.159310928483790549e-17
-4.957011453390397603e-17
-4.762644254174606568e-17
-4.575898301850458020e-17
-4.396474763052974393e-17
-4.224086521841013317e-17
-4.058457720250489862e-17
-3.899323316862887380e-17
-3.746428662682273942e-17
-3.599529093642693029e-17
-3.458389539093436349e-17
-3.322784145635846932e-17
-3.192495915709699235e-17
-3.067316360350807212e-17
-2.947045165564179309e-17
-2.831489871778975890e-17
-2.720465565872008132e-17
-2.613794585267376028e-17
-2.511306233638423923e-17
-2.412836507757196723e-17
-2.318227835054288975e-17
-2.227328821469116358e-17
-2.139994009187119570e-17
-2.056083643876211220e-17
-1.975463451050091629e-17
-1.898004421200332301e-17
-1.823582603353698472e-17
-1.752078906724134877e-17
-1.683378910142098514e-17
-1.617372678956277427e-17
-1.553954589114693440e-17
-1.493023158143676146e-17
-1.434480882754294013e-17
-1.378234082816228828e-17
-1.324192751449622207e-17
-1.272270410994855378e-17
-1.222383974629843954e-17
-1.174453613413396280e-17
-1.128402628541877545e-17
-1.084157328614750845e-17
-1.041646911712648471e-17
-1.000803352099145853e-17
-9.615612913651041589e-18
-9.238579338412629820e-18
-8.876329461117719045e-18
-8.528283604678544037e-18
-8.193884821471056964e-18
-7.872598002099918664e-18
-7.563909019109233002e-18
-7.267323904269165804e-18
-6.982368058121050645e-18
-6.708585490517225572e-18
-6.445538090939463798e-18
-6.192804927428668376e-18
-5.949981573003938879e-18
-5.716679458493117206e-18
-5.492525250739174464e-18
-5.277160255187669953e-18
-5.070239841898695933e-18
-4.871432894065616442e-18
-4.680421278157486539e-18
-4.496899334837534821e-18
-4.320573389843014631e-18
-4.151161284043724500e-18
-3.988391921927183041e-18
-3.832004837788078168e-18
-3.681749778927400167e-18
-3.537386305194849873e-18
-3.398683404233271251e-18
-3.265419121809595817e-18
-3.137380206640716378e-18
-3.014361769145936232e-18
-2.896166953579931446e-18
-2.782606623021537783e-18
-2.673499056714405376e-18
-2.568669659274900514e-18
-2.467950681302323140e-18
-2.371180950944055001e-18
-2.278205615986213070e-18
-2.188875896057068372e-18
-2.103048844546711658e-18
-2.020587119861963444e-18
-1.941358765650585939e-18
-1.865236999642874371e-18
-1.792100010773041090e-18
-1.721830764255503847e-18
-1.654316814304262890e-18
-1.589450124195652289e-18
-1.527126893386532436e-18
-1.467247391411267140e-18
-1.409715798291741670e-18
-1.354440051204893193e-18
-1.301331697162594484e-18
-1.250305751467991074e-18
-1.201280561721856190e-18
-1.154177677161331112e-18
-1.108921723121967350e-18
-1.065440280422183654e-18
-1.023663769477117468e-18
-9.835253389564735236e-19
-9.449607588080896815e-19
-9.079083174761789684e-19
-8.723087231496682261e-19
-8.381050088826495378e-19
-8.052424414351144163e-19
-7.736684336880917694e-19
-7.433324604930333633e-19
-7.141859778208185044e-19
-6.861823450809184692e-19
-6.592767504865220822e-19
-6.334261393461121325e-19
-6.085891451667729763e-19
-5.847260234589761908e-19
-5.617985881369183251e-19
-5.397701504126334393e-19
-5.186054600861196507e-19
-4.982706491374759125e-19
-4.787331775308598448e-19
-4.599617811434847918e-19
-4.419264217363527022e-19
-4.245982388866638508e-19
-4.079495038049822409e-19
-3.919535749632576957e-19
-3.765848554626941584e-19
-3.618187520732608572e-19
-3.476316358792621149e-19
-3.340008044680411437e-19
-3.209044456012742938e-19
-3.083216023107358105e-19
-2.962321393626777623e-19
-2.846167110371602562e-19
-2.734567301707703681e-19
-2.627343384132028121e-19
-2.524323776500780515e-19
-2.425343625463061731e-19
-2.330244541660319268e-19
-2.238874346269582193e-19
-2.151086827484877856e-19
-2.066741506547148299e-19
-1.985703412948249222e-19
-1.907842868449404280e-19
-1.833035279568264400e-19
-1.761160938202816248e-19
-1.692104830072864468e-19
-1.625756450672645994e-19
-1.562009628440044470e-19
-1.500762354859440382e-19
-1.441916621226323026e-19
-1.385378261812442953e-19
-1.331056803180598606e-19
-1.278865319407772533e-19
-1.228720292985151474e-19
-1.180541481172283023e-19
-1.134251787591571639e-19
-1.089777138857627134e-19
-1.047046366044043879e-19
-1.005991090797928752e-19
-9.665456159199766810e-20
-9.286468202348919460e-20
-8.922340575840710050e-20
-8.572490597788018495e-20
-8.236358433587322339e-20
-7.913406200063877728e-20
-7.603117104743896927e-20
-7.304994618876278010e-20
-7.018561682880883599e-20
-6.743359942951116181e-20
-6.478949017590251157e-20
-6.224905792907037770e-20
-5.980823745543205558e-20
-5.746312292149357772e-20
-5.520996164368287832e-20
-5.304514808325539464e-20
-5.096521807666255733e-20
-4.896684329215250650e-20
-4.704682590372695211e-20
-4.520209347393884775e-20
-4.342969403733662997e-20
-4.172679137668968755e-20
-4.009066048443571957e-20
-3.851868320208723422e-20
-3.700834403061917707e-20
-3.555722610513485674e-20
-3.416300732736489294e-20
-3.282345664981565173e-20
-3.153643050561700148e-20
-3.029986937835799612e-20
-2.911179450642126026e-20
-2.797030471654218798e-20
-2.687357338152598395e-20
-2.581984549725517437e-20
-2.480743487430745739e-20
-2.383472143969366581e-20
-2.290014864439515046e-20
-2.200222097255326880e-20
-2.113950154832495962e-20
-2.031060983657482173e-20
-1.951421943372439987e-20
-1.874905594522331467e-20
-1.801389494624665344e-20
-1.730756002235320767e-20
-1.662892088697192391e-20
-1.597689157270212038e-20
-1.535042869353396131e-20
-1.474852977520823948e-20
-1.417023165104367536e-20
-1.361460892066466397e-20
-1.308077246916363062e-20
-1.256786804432688681e-20
-1.207507488964924490e-20
-1.160160443094840816e-20
-1.114669901447803844e-20
-1.070963069452011720e-20
-1.028970006851649787e-20
-9.886235157875525411e-21
-9.498590332663214543e-21
-9.126145278457176726e-21
-8.768304003711500982e-21
-8.424493886043049392e-21
-8.094164755913484658e-21
-7.776788016240625180e-21
-7.471855796530344507e-21
-7.178880140175430949e-21
-6.897392223620861493e-21
-6.626941606146287451e-21
-6.367095509064493237e-21
-6.117438123183356303e-21
-5.877569943422381845e-21
-5.647107129519347039e-21
-5.425680891803984272e-21
-5.212936901055831345e-21
-5.008534721501850852e-21
-4.812147266046704973e-21
-4.623460272863402673e-21
-4.442171802507479420e-21
-4.267991754749429970e-21
-4.100641404352447808e-21
-3.939852955052586655e-21
-3.785369111027601175e-21
-3.636942665168714697e-21
-3.494336103496607538e-21
-3.357321225088222943e-21
-3.225678776906707060e-21
-3.099198102949749577e-21
-2.977676807155036792e-21
-2.860920429523370551e-21
-2.748742134941185291e-21
-2.640962414204503104e-21
-2.537408796765894221e-21
-2.437915574744876908e-21
-2.342323537759846140e-21
-2.250479718157569912e-21
-2.162237146232291958e-21
-2.077454615042845526e-21
-1.995996454451422535e-21
-1.917732314022409276e-21
-1.842536954433866327e-21
-1.770290047067945437e-21
-1.700875981459352987e-21
-1.634183680293990340e-21
-1.570106421661543697e-21
-1.508541668277656874e-21
-1.449390903402401312e-21
-1.392559473192473437e-21
-1.337956435234842843e-21
-1.285494413019527196e-21
-1.235089456118477765e-21
-1.186660905847021014e-21
-1.140131266192748124e-21
-1.095426079805359450e-21
-1.052473808849020368e-21
-1.011205720526560479e-21
-9.715557770923358029e-22
-9.334605301777390064e-22
-8.968590192603008787e-22
-8.616926741138078743e-22
-8.279052210834717830e-22
-7.954425930360697698e-22
-7.642528428409956960e-22
-7.342860602437696108e-22
-7.054942919989809250e-22
-6.778314651348619458e-22
-6.512533132267222051e-22
-6.257173055611951695e-22
-6.011825790780440952e-22
-5.776098729805416808e-22
-5.549614659098197534e-22
-5.332011155826472651e-22
-5.122940007960451940e-22
-4.922066657059290271e-22
-4.729069662906349755e-22
-4.543640189136061978e-22
-4.365481509029996596e-22
-4.194308530690771400e-22
-4.029847340834194687e-22
-3.871834766469570038e-22
-3.720017953766767631e-22
-3.574153963436148380e-22
-3.434009381973849436e-22
-3.299359948150473242e-22
-3.169990194145134225e-22
-3.045693100751069997e-22
-2.926269766100723591e-22
-2.811529087380316623e-22
-2.701287455024579680e-22
-2.595368458902274587e-22
-2.493602606022330077e-22
-2.395827049308968301e-22
-2.301885327011531076e-22
-2.211627112332373066e-22
-2.124907972871894621e-22
-2.041589139505889162e-22
-1.961537284325339114e-22
-1.884624307283315252e-22
-1.810727131207560894e-22
-1.739727504850809298e-22
-1.671511813663481106e-22
-1.605970897986219917e-22
-1.542999878371134350e-22
-1.482497987752306216e-22
-1.424368410196987360e-22
-1.368518125979451018e-22
-1.314857762729586147e-22
-1.263301452418029742e-22
-1.213766693949035155e-22
-1.166174221141063844e-22
-1.120447875884021022e-22
-1.076514486270021301e-22
-1.034303749502726139e-22
-9.937481193978699850e-23
-9.547826982949562802e-23
-9.173451332071470978e-23
-8.813755160432089699e-23
-8.468162877417447754e-23
-8.136121461644440319e-23
-7.817099576008549111e-23
-7.510586717431123683e-23
-7.216092399945543323e-23
-6.933145369815026372e-23
-6.661292851426064190e-23
-6.400099822751033485e-23
-6.149148319219854006e-23
-5.908036764887699469e-23
-5.676379329827762929e-23
-5.453805312721060942e-23
-5.239958547655234143e-23
-5.034496834183098460e-23
-4.837091389728930261e-23
-4.647426323466162048e-23
-4.465198130824801231e-23
-4.290115207819165958e-23
-4.121897384419432291e-23
-3.960275476219777983e-23
-3.804990853685903223e-23
-3.655795028292601398e-23
-3.512449254889103422e-23
-3.374724149655875870e-23
-3.242399323041672837e-23
-3.115263027093083791e-23
-2.993111816612735091e-23
-2.875750223603543440e-23
-2.762990444478219084e-23
-2.654652039533458603e-23
-2.550561644207924893e-23
-2.450552691661944273e-23
-2.354465146235097254e-23
-2.262145247354913571e-23
-2.173445263487222722e-23
-2.088223255734163972e-23
-2.006342850701667561e-23
-1.927673022272930149e-23
-1.852087881938673930e-23
-1.779466477348674238e-23
-1.709692598762182185e-23
-1.642654593087596561e-23
-1.578245185213620809e-23
-1.516361306346250539e-23
-1.456903929076699303e-23
-1.399777908916419381e-23
-1.344891832045619674e-23
-1.292157869031652282e-23
-1.241491634283174556e-23
-1.192812051015233339e-23
-1.146041221509059357e-23
-1.101104302459133588e-23
-1.057929385207921963e-23
-1.016447380676682232e-23
-9.765919088081982716e-24
-9.382991923445265557e-24
-9.015079547697697898e-24
-8.661593222546059429e-24
-8.321967294455598463e-24
-7.995658289483977376e-24
-7.682144043606941032e-24
-7.380922867144479758e-24
-7.091512741950309149e-24
-6.813450550079996856e-24
-6.546291332703453310e-24
-6.289607578075825743e-24
-6.042988537427679757e-24
-5.806039567679063457e-24
-5.578381499926568816e-24
-5.359650032692147745e-24
-5.149495148963024284e-24
-4.947580556089797538e-24
-4.753583147646459852e-24
-4.567192486391149106e-24
-4.388110307500460326e-24
-4.216050041281899260e-24
-4.050736354601369016e-24
-3.891904710291379031e-24
-3.739300943835141855e-24
-3.592680856649121107e-24
-3.451809825313200518e-24
-3.316462426123127959e-24
-3.186422074364596521e-24
-3.061480677731345293e-24
-2.941438303333176038e-24
-2.826102857760645909e-24
-2.715289779694631098e-24
-2.608821744568842016e-24
-2.506528380812685440e-24
-2.408245997220402928e-24
-2.313817321010203719e-24
-2.223091246154326547e-24
-2.135922591577056201e-24
-2.052171868834098627e-24
-1.971705058901290076e-24
-1.894393397715570663e-24
-1.820113170125008472e-24
-1.748745511918165325e-24
-1.680176219615986048e-24
-1.614295567721915269e-24
-1.550998133137621323e-24
-1.490182626463596821e-24
-1.431751729914496250e-24
-1.375611941589918781e-24
-1.321673425851417521e-24
-1.269849869566314192e-24
-1.220058343988262143e-24
-1.172219172053595599e-24
-1.126255800880975825e-24
-1.082094679270484373e-24
-1.039665140006002606e-24
-9.988992867725895857e-25
-9.597318855078929642e-25
-9.221002600137308566e-25
-8.859441916608045520e-25
-8.512058230260374916e-25
-8.178295653083789332e-25
-7.857620093748263903e-25
-7.549518402944425930e-25
-7.253497552235124262e-25
-6.969083845104739447e-25
-6.695822158943705055e-25
-6.433275216755225480e-25
-6.181022887418755574e-25
-5.938661513390744411e-25
-5.705803264766185191e-25
-5.482075518668202109e-25
-5.267120262971907632e-25
-5.060593523408621074e-25
-4.862164813133651981e-25
-4.671516603876845808e-25
-4.488343817829572686e-25
-4.312353339455275554e-25
-4.143263546441885849e-25
-3.980803859046168453e-25
-3.824714307108375057e-25
-3.674745114044525249e-25
-3.530656297150582811e-25
-3.392217283578929736e-25
-3.259206541372619822e-25
-3.131411224966962865e-25
-3.008626834591300165e-25
-2.890656889025607170e-25
-2.777312611188715304e-25
-2.668412626054682338e-25
-2.563782670414058209e-25
-2.463255314015570835e-25
-2.366669691642001864e-25
-2.273871245691506396e-25
-2.184711478852538578e-25
-2.099047716476375083e-25
-2.016742878267302922e-25
-1.937665258924885513e-25
-1.861688317387383814e-25
-1.788690474339058406e-25
-1.718554917657328195e-25
-1.651169415488440903e-25
-1.586426136652610038e-25
-1.524221478091049266e-25
-1.464455899079025539e-25
-1.407033761939449470e-25
-1.351863179002188163e-25
-1.298855865564190152e-25
-1.247926998615124744e-25
-1.198995081102468699e-25
-1.151981811518827949e-25
-1.106811958602853047e-25
-1.063413240953120405e-25
-1.021716211362503818e-25
-9.816541456878174082e-26
-9.431629360769518335e-26
-9.061809883826338473e-26
-8.706491235986492359e-26
-8.365104831608028177e-26
-8.037104379611073696e-26
-7.721965009295209950e-26
-7.419182430434616067e-26
-7.128272126306050925e-26
-6.848768578358734365e-26
-6.580224521285348870e-26
-6.322210227302119779e-26
-6.074312818492646474e-26
-5.836135606115322864e-26
-5.607297455816449305e-26
-5.387432177734141233e-26
-5.176187940516368591e-26
-4.973226708315745083e-26
-4.778223699860043355e-26
-4.590866868732873372e-26
-4.410856404032843922e-26
-4.237904250612121932e-26
-4.071733648126870989e-26
-3.912078688161462492e-26
-3.758683888718411792e-26
-3.611303785392638871e-26
-3.469702538576058553e-26
-3.333653556063885712e-26
-3.202939130458771066e-26
-3.077350090792493509e-26
-2.956685467807873129e-26
-2.840752172364953522e-26
-2.729364686457269334e-26
-2.622344766343438744e-26
-2.519521157319144998e-26
-2.420729319673075411e-26
-2.325811165388280940e-26
-2.234614805167603605e-26
-2.146994305378462194e-26
-2.062809454527805738e-26
-1.981925538893882144e-26
-1.904213126955520764e-26
-1.829547862274087778e-26
-1.757810264496654225e-26
-1.688885538161938863e-26
-1.622663389003079881e-26
-1.559037847453267765e-26
-1.497907099071871286e-26
-1.439173321619548103e-26
-1.382742528521832834e-26
-1.328524418470558259e-26
-1.276432230922494912e-26
-1.226382607263973610e-26
-1.178295457419318314e-26
-1.132093831689629765e-26
-1.087703797616884964e-26
-1.045054321676179800e-26
-1.004077155606969319e-26
-9.647067272012807599e-27
-9.268800353741925393e-27
-8.905365493486566806e-27
-8.556181117933418590e-27
-8.220688457584895117e-27
-7.898350652608975850e-27
-7.588651893748570764e-27
-7.291096596916909154e-27
-7.005208610157216604e-27
-6.730530451697984231e-27
-6.466622577884543229e-27
-6.213062679815446639e-27
-5.969445007558118208e-27
-5.735379720862363749e-27
-5.510492265332964291e-27
-5.294422773062477136e-27
-5.086825486765990208e-27
-4.887368206495643461e-27
-4.695731758049849185e-27
-4.511609482226470825e-27
-4.334706744102678227e-27
-4.164740461556178905e-27
-4.001438652273552426e-27
-3.844539998520337433e-27
-3.693793428977031610e-27
-3.548957716971382478e-27
-3.409801094464246102e-27
-3.276100881171284394e-27
-3.147643128226992611e-27
-3.024222275820857602e-27
-2.905640824257886834e-27
-2.791709017916831615e-27
-2.682244541600797988e-27
-2.577072228794012960e-27
-2.476023781358029419e-27
-2.378937500218797877e-27
-2.285658026613650427e-27
-2.196036093484136872e-27
-2.109928286616869458e-27
-2.027196815150246194e-27
-1.947709291079582352e-27
-1.871338517408122376e-27
-1.797962284604691514e-27
-1.727463175042372952e-27
-1.659728375105254082e-27
-1.594649494662575359e-27
-1.532122393621381818e-27
-1.472047015280203812e-27
-1.414327226216919590e-27
-1.358870662454816133e-27
-1.305588581660509966e-27
-1.254395721137279486e-27
-1.205210161386561733e-27
-1.157953195019276649e-27
-1.112549200807204687e-27
-1.068925522672920474e-27
-1.027012353424520010e-27
-9.867426230492529360e-28
-9.480518913871847435e-28
-9.108782450131933445e-28
-8.751621981622793072e-28
-8.408465975396513894e-28
-8.078765308632615146e-28
-7.761992389924326475e-28
-7.457640315020001399e-28
-7.165222055667828153e-28
-6.884269680266954781e-28
-6.614333605077037010e-28
-6.354981874788335921e-28
-6.105799471301070264e-28
-5.866387649607911500e-28
-5.636363299716866044e-28
-5.415358333593709784e-28
-5.203019096142364599e-28
-4.999005799281454659e-28
-4.802991978210843163e-28
-4.614663968998307754e-28
-4.433720406650321540e-28
-4.259871742863776452e-28
-4.092839782686891739e-28
-3.932357239348058859e-28
-3.778167306539802607e-28
-3.630023247474023521e-28
-3.487688000050465042e-28
-3.350933797506776795e-28
-3.219541803943103669e-28
-3.093301764137956073e-28
-2.972011667095001165e-28
-2.855477422782349553e-28
-2.743512551547177170e-28
-2.635937885708373823e-28
-2.532581282850111499e-28
-2.433277350357232073e-28
-2.337867180751777655e-28
-2.246198097407125727e-28
-2.158123410232809467e-28
-2.073502180939066831e-28
-1.992198997505567038e-28
-1.914083757493195805e-28
-1.839031459852460458e-28
-1.766922004895125177e-28
-1.697640002109087275e-28
-1.631074585508940224e-28
-1.567119236226744061e-28
-1.505671612059101237e-28
-1.446633383697839372e-28
-1.389910077382076080e-28
-1.335410923720088148e-28
-1.283048712438910431e-28
-1.232739652829283441e-28
-1.184403239662686237e-28
-1.137962124365699905e-28
-1.093341991245915693e-28
-1.050471438570841051e-28
-1.009281864310020475e-28
-9.697073563570298561e-29
-9.316845870561601579e-29
-8.951527118645461982e-29
-8.600532719880132021e-29
-8.263301008344902899e-29
-7.939292341354476910e-29
-7.627988235916362534e-29
-7.328890539046556263e-29
-7.041520630619363673e-29
-6.765418657472250058e-29
-6.500142797543385878e-29
-6.245268552861772892e-29
-6.000388070259665869e-29
-5.765109488721121009e-29
-5.539056312320068173e-29
-5.321866807747176894e-29
-5.113193425458742432e-29
-4.912702243523890672e-29
-4.720072433277649067e-29
-4.534995745927145870e-29
-4.357176019287549239e-29
-4.186328703859209804e-29
-4.022180407488194556e-29
-3.864468457880021226e-29
-3.712940482268418045e-29
-3.567354003564607896e-29
-3.427476052342661356e-29
-3.293082794038304364e-29
-3.163959170766208225e-29
-3.039898557181338904e-29
-2.920702429834196754e-29
-2.806180049491247989e-29
-2.696148155911117612e-29
-2.590430674589433961e-29
-2.488858435001740816e-29
-2.391268899894836538e-29
-2.297505905192371195e-29
-2.207419410098915091e-29
-2.120865257002905572e-29
-2.037704940793456937e-29
-1.957805387222879000e-29
-1.881038739959255029e-29
-1.807282155989259714e-29
-1.736417609042911685e-29
-1.668331700726546595e-29
-1.602915479061113086e-29
-1.540064264135694826e-29
-1.479677480597481227e-29
-1.421658496709567730e-29
-1.365914469719731299e-29
-1.312356197292055439e-29
-1.260897974764319616e-29
-1.211457458002103140e-29
-1.163955531630732734e-29
-1.118316182433744542e-29
-1.074466377715478025e-29
-1.032335948433290608e-29
-9.918574769119967255e-30
-9.529661889613232617e-30
-9.155998502232708733e-30
-8.796986665839621018e-30
-8.452051884902582457e-30
-8.120642190181838742e-30
-7.802227255461564673e-30
-7.496297548913838197e-30
-7.202363517739918901e-30
-6.919954804780446987e-30
-6.648619495844483994e-30
-6.387923396549583882e-30
-6.137449337518839019e-30
-5.896796506820570314e-30
-5.665579808583478832e-30
-5.443429246761690567e-30
-5.229989333061486116e-30
-5.024918518084817559e-30
-4.827888644776804660e-30
-4.638584423305012773e-30
-4.456702926527897676e-30
-4.281953105247229852e-30
-4.114055322467067611e-30
-3.952740905914739080e-30
-3.797751718108298506e-30
-3.648839743281020859e-30
-3.505766690503707162e-30
-3.368303612367932127e-30
-3.236230538621709030e-30
-3.109336124169997565e-30
-2.987417310877332097e-30
-2.870279002631795937e-30
-2.757733753149276144e-30
-2.649601466019745131e-30
-2.545709106514268234e-30
-2.445890424692825138e-30
-2.349985689368642456e-30
-2.257841432504469610e-30
-2.169310203630864604e-30
-2.084250333893897362e-30
-2.002525709354975919e-30
-1.924005553179263623e-30
-1.848564216365074581e-30
-1.776080976678442991e-30
-1.706439845472005100e-30
-1.639529382078214657e-30
-1.575242515480673120e-30
-1.513476372977582751e-30
-1.454132115563414808e-30
-1.397114779765565749e-30
-1.342333125682370987e-30
-1.289699490979960646e-30
-1.239129650613665297e-30
-1.190542682050110213e-30
-1.143860835773837174e-30
-1.099009410871445779e-30
-1.055916635494309994e-30
-1.014513552008179834e-30
-9.747339066463781797e-31
-9.365140434895207785e-31
-8.997928026025782357e-31
-8.645114221658228957e-31
-8.306134444434729424e-31
-7.980446254392301803e-31
-7.667528480942789646e-31
-7.366880388889546718e-31
-7.078020877143391607e-31
-6.800487708859089545e-31
-6.533836771756950489e-31
-6.277641367449236728e-31
-6.031491528630937669e-31
-5.794993363045270859e-31
-5.567768423171746048e-31
-5.349453100629162359e-31
-5.139698044325190529e-31
-4.938167601419461106e-31
-4.744539280208014948e-31
-4.558503234067197461e-31
-4.379761765633447355e-31
-4.208028850423781560e-31
-4.043029679135435413e-31
-3.884500217892762978e-31
-3.732186785736242224e-31
-3.585845648679264484e-31
-3.445242629681327274e-31
-3.310152733915223662e-31
-3.180359788726917823e-31
-3.055656097713517539e-31
-2.935842108364569967e-31
-2.820726092735351691e-31
-2.710123840641544401e-31
-2.603858364883313441e-31
-2.501759618028344009e-31
-2.403664220299367626e-31
-2.309415198131954150e-31
-2.218861732983037649e-31
-2.131858919989311502e-31
-2.048267536088424303e-31
-1.967953817232295922e-31
-1.890789244336305975e-31
-1.816650337621113005e-31
-1.745418459018881946e-31
-1.676979622326853124e-31
-1.611224310805281961e-31
-1.548047301927207783e-31
-1.487347498999899740e-31
-1.429027769388735663e-31
-1.372994789084090186e-31
-1.319158893363175776e-31
-1.267433933307197146e-31
-1.217737137944854746e-31
-1.169988981800984867e-31
-1.124113057638959011e-31
-1.080035954192747135e-31
-1.037687138693187285e-31
-9.969988440006142621e-32
-9.579059601628587997e-32
-9.203459302255480169e-32
-8.842586501275219524e-32
-8.495863725216190299e-32
-8.162736143664980096e-32
-7.842670681420224632e-32
-7.535155165458165797e-32
-7.239697505346237370e-32
-6.955824905794140305e-32
-6.683083110079671225e-32
-6.421035673141862213e-32
-6.169263263174992108e-32
-5.927362990608895150e-32
-5.694947763399401492e-32
-5.471645667598254549e-32
-5.257099372212008324e-32
-5.050965557395573384e-32
-4.852914365067833910e-32
-4.662628871067747767e-32
-4.479804578008646864e-32
-4.304148928016910705e-32
-4.135380834577415129e-32
-3.973230232734932832e-32
-3.817437646932426900e-32
-3.667753775795200134e-32
-3.523939093195063914e-32
-3.385763464957859222e-32
-3.253005780599267091e-32
-3.125453599501260280e-32
-3.002902810961407015e-32
-2.885157307572526672e-32
-2.772028671408857015e-32
-2.663335872517058828e-32
-2.558904979229948871e-32
-2.458568879838414292e-32
-2.362167015177324253e-32
-2.269545121696324789e-32
-2.180554984605489287e-32
-2.095054200699927133e-32
-2.012905950484189261e-32
-1.933978779232093859e-32
-1.858146386630886503e-32
-1.785287424674019425e-32
-1.715285303478236123e-32
-1.648028004715089843e-32
-1.583407902357523603e-32
-1.521321590455432276e-32
-1.461669717664006712e-32
-1.404356828260326764e-32
-1.349291209393985510e-32
-1.296384744326799345e-32
-1.245552771427383186e-32
-1.196713948694330106e-32
-1.149790123591796492e-32
-1.104706207988635658e-32
-1.061390058001484354e-32
-1.019772358549105991e-32
-9.797865124334313584e-33
-9.413685337699347408e-33
-9.044569455964547492e-33
-8.689926814970479474e-33
-8.349189910830169459e-33
-8.021813491802704362e-33
-7.707273685773720858e-33
-7.405067161947944959e-33
-7.114710325413308854e-33
-6.835738543285052898e-33
-6.567705401194817216e-33
-6.310181988931613058e-33
-6.062756214094744306e-33
-5.825032142657315317e-33
-5.596629365387942436e-33
-5.377182389114547161e-33
-5.166340051857082525e-33
-4.963764960893990219e-33
-4.769132952861260455e-33
-4.582132575022469824e-33
-4.402464586877401918e-33
-4.229841481313937187e-33
-4.063987024534824270e-33
-3.904635814025108488e-33
-3.751532853851288455e-33
-3.604433146613271671e-33
-3.463101301396635845e-33
-3.327311157096533603e-33
-3.196845420512071258e-33
-3.071495318630447238e-33
-2.951060264545915145e-33
-2.835347536477798845e-33
-2.724171969374408265e-33
-2.617355658609738782e-33
-2.514727675297794602e-33
-2.416123792770213015e-33
-2.321386223778262196e-33
-2.230363367999863727e-33
-2.142909569446462392e-33
-2.058884883382600333e-33
-1.978154852384380728e-33
-1.900590291178823788e-33
-1.826067079920067564e-33
-1.754465965570911018e-33
-1.685672371072728120e-33
-1.619576211997523069e-33
-1.556071720389556996e-33
-1.495057275513863954e-33
-1.436435241241556431e-33
-1.380111809811118244e-33
-1.325996851715913796e-33
-1.274003771477889172e-33
-1.224049369076178114e-33
-1.176053706809465514e-33
-1.129939981378470097e-33
-1.085634400984400101e-33
-1.043066067246278353e-33
-1.002166861748364953e-33
-9.628713370362629739e-34
-9.251166118869129693e-34
-8.888422706853316024e-34
-8.539902667466318607e-34
-8.205048294290458653e-34
-7.883323748889006661e-34
-7.574214203351211619e-34
-7.277225016457428542e-34
-6.991880942147346149e-34
-6.717725369025619040e-34
-6.454319589685417207e-34
-6.201242098683754942e-34
-5.958087918042102796e-34
-5.724467949195950405e-34
-5.500008350353393198e-34
-5.284349938269098008e-34
-5.077147613474220856e-34
-4.878069808043422305e-34
-4.686797955015957933e-34
-4.503025978620009279e-34
-4.326459804486694752e-34
-4.156816889067815434e-34
-3.993825767506345358e-34
-3.837225619234549886e-34
-3.686765850605265809e-34
-3.542205693888999164e-34
-3.403313821993756446e-34
-3.269867978292756622e-34
-3.141654620966019276e-34
-3.018468581288270095e-34
-2.900112735314847518e-34
-2.786397688441645155e-34
-2.677141472333199360e-34
-2.572169253734423246e-34
-2.471313054700365894e-34
-2.374411483795364412e-34
-2.281309477832601573e-34
-2.191858053739651079e-34
-2.105914070154038862e-34
-2.023339998366272538e-34
-1.944003702244781339e-34
-1.867778226789818323e-34
-1.794541594978299030e-34
-1.724176612574729186e-34
-1.656570680595216117e-34
-1.591615615125272606e-34
-1.529207474202281186e-34
-1.469246391486341408e-34
-1.411636416452747670e-34
-1.356285360850622351e-34
-1.303104651182186244e-34
-1.252009186966108625e-34
-1.202917204558733202e-34
-1.155750146314658535e-34
-1.110432534877885119e-34
-1.066891852401809137e-34
-1.025058424505311032e-34
-9.848653087788295668e-35
-9.462481876621854972e-35
-9.091452655228606860e-35
-8.734971697696937090e-35
-8.392468558441724679e-35
-8.063395159368680294e-35
-7.747224912833452949e-35
-7.443451878988113726e-35
-7.151589956170251292e-35
-6.871172103036257606e-35
-6.601749591195254068e-35
-6.342891287148617953e-35
-6.094182962383639344e-35
-5.855226630520267412e-35
-5.625639910447279762e-35
-5.405055414431533632e-35
-5.193120160218942041e-35
-4.989495006187349582e-35
-4.793854108648098861e-35
-4.605884400426039156e-35
-4.425285089885803956e-35
-4.251767179600492954e-35
-4.085053003894644912e-35
-3.924875784519424874e-35
-3.770979203750928925e-35
-3.623116994226958066e-35
-3.481052544866548611e-35
-3.344558522242124899e-35
-3.213416506797114120e-35
-3.087416643328441567e-35
-2.966357305173062983e-35
-2.850044771562646815e-35
-2.738292917628669415e-35
-2.630922916563211523e-35
-2.527762953457782750e-35
-2.428647950362707920e-35
-2.333419302127443961e-35
-2.241924622598218205e-35
-2.154017500767943158e-35
-2.069557266487108303e-35
-1.988408765361751344e-35
-1.910442142477495623e-35
-1.835532634603904583e-35
-1.763560370546885617e-35
-1.694410179328994981e-35
-1.627971405891505316e-35
-1.564137734022508783e-35
-1.502807016228483923e-35
-1.443881110276332185e-35
-1.387265722145022287e-35
-1.332870255134969081e-35
-1.280607664893932853e-35
-1.230394320127617872e-35
-1.182149868771610724e-35
-1.135797109411077390e-35
-1.091261867741892071e-35
-1.048472877876057568e-35
-1.007361668300953321e-35
-9.678624523104153664e-36
-9.299120227319236593e-36
-8.934496507816017440e-36
-8.584169888853011035e-36
-8.247579773099293012e-36
-7.924187544560178193e-36
-7.613475706675751560e-36
-7.314947054216786958e-36
-7.028123877649940692e-36
-6.752547198700295414e-36
-6.487776035888900098e-36
-6.233386698867540292e-36
-5.988972110424542537e-36
-5.754141155073666057e-36
-5.528518053186572708e-36
-5.311741759664587850e-36
-5.103465386190081283e-36
-4.903355646130902229e-36
-4.711092321210457688e-36
-4.526367749090647850e-36
-4.348886331045940404e-36
-4.178364058942867127e-36
-4.014528060765916978e-36
-3.857116163964579014e-36
-3.705876475920865858e-36
-3.560566980867773453e-36
-3.420955152612256242e-36
-3.286817582443559840e-36
-3.157939621631967760e-36
-3.034115037944658883e-36
-2.915145685630501950e-36
-2.800841188344227218e-36
-2.691018634503959440e-36
-2.585502284593530770e-36
-2.484123289941652691e-36
-2.386719422528284022e-36
-2.293134815384892091e-36
-2.203219713174334191e-36
-2.116830232550097804e-36
-2.033828131912506453e-36
-1.954080590192422232e-36
-1.877459994309406205e-36
-1.803843734963472632e-36
-1.733114010433976206e-36
-1.665157638071906831e-36
-1.599865873183304610e-36
-1.537134235014741208e-36
-1.476862339561639522e-36
-1.418953738932626928e-36
-1.363315767012162013e-36
-1.309859391175126335e-36
-1.258499069815563097e-36
-1.209152615461807962e-36
-1.161741063259124247e-36
-1.116188544608950689e-36
-1.072422165763090147e-36
-1.030371891178032617e-36
-9.899704314432544980e-37
-9.511531356037555276e-37
-9.138578877047001526e-37
-8.780250073927325679e-37
-8.435971544145727583e-37
-8.105192368604796379e-37
-7.787383230053443591e-37
-7.482035566067314000e-37
-7.188660755239504962e-37
-6.906789335282836822e-37
-6.635970251789695919e-37
-6.375770136448484278e-37
-6.125772613562519383e-37
-5.885577633759356913e-37
-5.654800833827155257e-37
-5.433072921650848139e-37
-5.220039085266634365e-37
-5.015358425086503638e-37
-4.818703408386711159e-37
-4.629759345185293215e-37
-4.448223884670777142e-37
-4.273806531376838475e-37
-4.106228180327062648e-37
-3.945220670407934458e-37
-3.790526355253368464e-37
-3.641897690955961207e-37
-3.499096839943746650e-37
-3.361895290389197534e-37
-3.230073490541899569e-37
-3.103420497398519364e-37
-2.981733639149371425e-37
-2.864818190859922142e-37
-2.752487062869699575e-37
-2.644560501408587804e-37
-2.540865800952727844e-37
-2.441237027858708872e-37
-2.345514754834238817e-37
-2.253545805820705198e-37
-2.165183010878531989e-37
-2.080284970684140002e-37
-1.998715830260609405e-37
-1.920345061580976012e-37
-1.845047254695308111e-37
-1.772701917048227704e-37
-1.703193280665028490e-37
-1.636410116898147757e-37
-1.572245558437771746e-37
-1.510596928301148276e-37
-1.451365575527694181e-37
-1.394456717316233276e-37
-1.339779287352445099e-37
-1.287245790083265242e-37
-1.236772160705281821e-37
-1.188277630643244155e-37
-1.141684598302966902e-37
-1.096918504892361754e-37
-1.053907715111330381e-37
-1.012583402520129875e-37
-9.728794394022605853e-38
-9.347322909461186711e-38
-8.980809135756945975e-38
-8.628666572677923847e-38
-8.290331716995687527e-38
-7.965263160758953579e-38
-7.652940724926316127e-38
-7.352864626967884058e-38
-7.064554681107485123e-38
-6.787549529922138166e-38
-6.521405906072465363e-38
-6.265697922980061905e-38
-6.020016393317852578e-38
-5.783968174223696860e-38
-5.557175538187238586e-38
-5.339275568605968780e-38
-5.129919579040598182e-38
-4.928772555242907108e-38
-4.735512619061234191e-38
-4.549830513366563697e-38
-4.371429107175621954e-38
-4.200022920177380581e-38
-4.035337665904160788e-38
-3.877109812814279258e-38
-3.725086162585829774e-38
-3.579023444944896789e-38
-3.438687928381601708e-38
-3.303855046129649634e-38
-3.174309036811459283e-38
-3.049842599174257221e-38
-2.930256560363480009e-38
-2.815359557204065943e-38
-2.704967729978210691e-38
-2.598904428210918781e-38
-2.496999927991242038e-38
-2.399091160378081945e-38
-2.305021450454972031e-38
-2.214640266616693232e-38
-2.127802979686821083e-38
-2.044370631479930211e-38
-1.964209712439098840e-38
-1.887191947991896093e-38
-1.813194093283902566e-38
-1.742097735960559716e-38
-1.673789106682067774e-38
-1.608158897068345092e-38
-1.545102084782104175e-38
-1.484517765470895013e-38
-1.426308991298432187e-38
-1.370382615807547578e-38
-1.316649144865818908e-38
-1.265022593456008251e-38
-1.215420348081625257e-38
-1.167763034567658839e-38
-1.121974391045084853e-38
-1.077981145915469703e-38
-1.035712900600911203e-38
-9.951020168911690605e-39
-9.560835087082196286e-39
-9.185949381145498653e-39
-8.825763153992358124e-39
-8.479700030815625226e-39
-8.147206236787231950e-39
-7.827749710901176743e-39
-7.520819254561453668e-39
-7.225923713556151142e-39
-6.942591192105043019e-39
-6.670368297726421057e-39
-6.408819415712056606e-39
-6.157526012050468239e-39
-5.916085963683857167e-39
-5.684112915024709277e-39
-5.461235659705110717e-39
-5.247097546566708244e-39
-5.041355908943399657e-39
-4.843681516320948733e-39
-4.653758047498449984e-39
-4.471281584406682249e-39
-4.295960125774180061e-39
-4.127513119863351365e-39
-3.965671015527340231e-39
-3.810174830871167864e-39
-3.660775738824984166e-39
-3.517234668968116337e-39
-3.379321924964962571e-39
-3.246816817002215545e-39
-3.119507308637914455e-39
-2.997189677497776504e-39
-2.879668189276243766e-39
-2.766754784519491233e-39
-2.658268777690510070e-39
-2.554036568033380829e-39
-2.453891361775300703e-39
-2.357672905220840838e-39
-2.265227228311746004e-39
-2.176406398242231392e-39
-2.091068282734668038e-39
-2.009076322597869483e-39
-1.930299313203006993e-39
-1.854611194528446608e-39
-1.781890849436595141e-39
-1.712021909860832158e-39
-1.644892570591691477e-39
-1.580395410364604534e-39
-1.518427219963126149e-39
-1.458888837061984148e-39
-1.401684987546379800e-39
-1.346724133052909131e-39
-1.293918324488813546e-39
-1.243183061294513221e-39
-1.194437156224816109e-39
-1.147602605431945949e-39
-1.102604463642697505e-39
-1.059370724230123823e-39
-1.017832203987444841e-39
-9.779224324202777852e-40
-9.395775453795485577e-40
-9.027361828653273257e-40
-8.673393908376937169e-40
-8.333305268776601996e-40
-8.006551695473036152e-40
-7.692610313037572976e-40
-7.390978748280806644e-40
-7.101174326347410459e-40
-6.822733298334258939e-40
-6.555210099192412078e-40
-6.298176634728684283e-40
-6.051221596563287316e-40
-5.813949803948429854e-40
-5.585981571395415477e-40
-5.366952101096180660e-40
-5.156510899169623139e-40
-4.954321214795993605e-40
-4.760059501344336710e-40
-4.573414898628283933e-40
-4.394088735463921005e-40
-4.221794051731955167e-40
-4.056255139180133515e-40
-3.897207100231640343e-40
-3.744395424091986898e-40
-3.597575579477893628e-40
-3.456512623314637742e-40
-3.320980824777375669e-40
-3.190763304073500260e-40
-3.065651685388572640e-40
-2.945445763440884602e-40
-2.829953183109936290e-40
-2.718989131627549128e-40
-2.612376042837679035e-40
-2.509943313052999114e-40
-2.411527028052299823e-40
-2.316969700783023487e-40
-2.226120019348265104e-40
-2.138832604875364712e-40
-2.054967778878920944e-40
-1.974391339745161044e-40
-1.896974347980972622e-40
-1.822592919882971305e-40
-1.751128029297369073e-40
-1.682465317152521796e-40
-1.616494908460196730e-40
-1.553111236492070906e-40
-1.492212873850378872e-40
-1.433702370162593159e-40
-1.377486096139865731e-40
-1.323474093750355280e-40
-1.271579932267025132e-40
-1.221720569960176578e-40
-1.173816221212904182e-40
-1.127790228847038321e-40
-1.083568941455424873e-40
-1.041081595543827803e-40
-1.000260202294368030e-40
-9.610394387687892358e-41
-9.233565433779357324e-41
-8.871512154497092105e-41
-8.523655187352225143e-41
-8.189437886984000890e-41
-7.868325434408094377e-41
-7.559803981192975013e-41
-7.263379827191852314e-41
-6.978578630518013786e-41
-6.704944648495748441e-41
-6.442040008375652406e-41
-6.189444006644031788e-41
-5.946752435808189944e-41
-5.713576937577907984e-41
-5.489544381409093282e-41
-5.274296267415870629e-41
-5.067488152693655046e-41
-4.868789100137617335e-41
-4.677881148872137269e-41
-4.494458805446057413e-41
-4.318228554977772729e-41
-4.148908391468615146e-41
-3.986227366533530200e-41
-3.829925155825369081e-41
-3.679751642460859434e-41
-3.535466516779787433e-41
-3.396838891798696352e-41
-3.263646933742048473e-41
-3.135677507061202383e-41
-3.012725833371911611e-41
-2.894595163765096780e-41
-2.781096463966916460e-41
-2.672048111843265767e-41
-2.567275606765936208e-41
-2.466611290374068672e-41
-2.369894078285308458e-41
-2.276969202326139296e-41
-2.187687962870030487e-41
-2.101907490886201864e-41
-2.019490519318608091e-41
-1.940305163429574862e-41
-1.864224709755846225e-41
-1.791127413340236373e-41
-1.720896302913506197e-41
-1.653418993715564159e-41
-1.588587507655787989e-41
-1.526298100524981898e-41
-1.466451095982665250e-41
-1.408950726053485742e-41
-1.353704977878197847e-41
-1.300625446473293771e-41
-1.249627193264325770e-41
-1.200628610165915944e-41
-1.153551288991536331e-41
-1.108319895983626593e-41
-1.064862051263463221e-41
-1.023108213008023413e-41
-9.829915661681083253e-42
-9.444479155501279698e-42
-9.074155830899825697e-42
-8.718353091551096960e-42
-8.376501577163249844e-42
-8.048054252381179263e-42
-7.732485531412844719e-42
-7.429290436979554275e-42
-7.137983792245360346e-42
-6.858099444429750169e-42
-6.589189518864571209e-42
-6.330823702298218726e-42
-6.082588554303301572e-42
-5.844086845683456178e-42
-5.614936922821642288e-42
-5.394772096953520764e-42
-5.183240057386542386e-42
-4.980002307728311640e-42
-4.784733624219529644e-42
-4.597121535307181625e-42
-4.416865821622826215e-42
-4.243678035568034224e-42
-4.077281039736476703e-42
-3.917408563434786112e-42
-3.763804776593046105e-42
-3.616223880381645557e-42
-3.474429713881146912e-42
-3.338195376174013223e-42
-3.207302863255134048e-42
-3.081542719178521440e-42
-2.960713700883438201e-42
-2.844622456162420190e-42
-2.733083214256378672e-42
-2.625917488582035897e-42
-2.522953791114995574e-42
-2.424027357972623531e-42
-2.328979885756390131e-42
-2.237659278232909858e-42
-2.149919402947406829e-42
-2.065619857380523806e-42
-1.984625744274551160e-42
-1.906807455768796176e-42
-1.832040465999584630e-42
-1.760205131832090744e-42
-1.691186501406008949e-42
-1.624874130187848936e-42
-1.561161904236292376e-42
-1.499947870397172241e-42
-1.441134073156611851e-42
-1.384626397891455013e-42
-1.330334420265624271e-42
-1.278171261532050310e-42
-1.228053449507988475e-42
-1.179900785001865525e-42
-1.133636213477321263e-42
-1.089185701749632044e-42
-1.046478119516766927e-42
-1.005445125535686050e-42
-9.660210582618766875e-43
-9.281428307767564040e-43
-8.917498298352565246e-43
-8.567838188715902943e-43
-8.231888448084158236e-43
-7.909111485199329612e-43
-7.598990788057814780e-43
-7.301030097381796235e-43
-7.014752612497643405e-43
-6.739700228353958257e-43
-6.475432802454944551e-43
-6.221527450539292560e-43
-5.977577869874392855e-43
-5.743193689085920555e-43
-5.517999843480067574e-43
-5.301635974859788433e-43
-5.093755854875356357e-43
-4.894026830984525849e-43
-4.702129294138081554e-43
-4.517756167336608508e-43
-4.340612414242324476e-43
-4.170414567057467949e-43
-4.006890272915798553e-43
-3.849777858059699738e-43
-3.698825909106188825e-43
-3.553792870732245135e-43
-3.414446659134336805e-43
-3.280564290645229425e-43
-3.151931524912149398e-43
-3.028342522066851717e-43
-2.909599513337765560e-43
-2.795512484577647059e-43
-2.685898872200696389e-43
-2.580583271041548300e-43
-2.479397153669896640e-43
-2.382178600710351536e-43
-2.288772041737183327e-43
-2.199028006328171798e-43
-2.112802884880282614e-43
-2.029958698803553647e-43
-1.950362879725833724e-43
-1.873888057355308825e-43
-1.800411855660632027e-43
-1.729816697043386084e-43
-1.661989614188628502e-43
-1.596822069293291392e-43
-1.534209780382344017e-43
-1.474052554435551893e-43
-1.416254127057194617e-43
-1.360722008432436610e-43
-1.307367335324034094e-43
-1.256104728872038062e-43
-1.206852157969556110e-43
-1.159530807995333613e-43
-1.114064954693669628e-43
-1.070381842999397823e-43
-1.028411570614215046e-43
-9.880869761481993526e-44
-9.493435316471375652e-44
-9.121192393341462684e-44
-8.763545323998926608e-44
-8.419921796830958676e-44
-8.089771940883588500e-44
-7.772567445951696079e-44
-7.467800717169594769e-44
-7.174984062750646845e-44
-6.893648913577106628e-44
-6.623345073388728878e-44
-6.363639998373510363e-44
-6.114118105004537479e-44
-5.874380105018421406e-44
-5.644042366468179225e-44
-5.422736299830879623e-44
-5.210107768185496487e-44
-5.005816520518074062e-44
-4.809535647248033066e-44
-4.620951057102514783e-44
-4.439760974503895361e-44
-4.265675456663942632e-44
-4.098415929613953759e-44
-3.937714742426769363e-44
-3.783314738918027305e-44
-3.634968846141797871e-44
-3.492439679020723767e-44
-3.355499160479668093e-44
-3.223928156473331438e-44
-3.097516125325420104e-44
