0.000000000000000000e+00
0.000000000000000000e+00
0.000000000000000000e+00
0.000000000000000000e+00
0.000000000000000000e+00
0.000000000000000000e+00
0.000000000000000000e+00
0.000000000000000000e+00
0.000000000000000000e+00
0.000000000000000000e+00
0.000000000000000000e+00
0.000000000000000000e+00
0.000000000000000000e+00
0.000000000000000000e+00
0.000000000000000000e+00
0.000000000000000000e+00
0.000000000000000000e+00
0.000000000000000000e+00
0.000000000000000000e+00
0.000000000000000000e+00
0.000000000000000000e+00
0.000000000000000000e+00
0.000000000000000000e+00
0.000000000000000000e+00
0.000000000000000000e+00
0.000000000000000000e+00
0.000000000000000000e+00
0.000000000000000000e+00
0.000000000000000000e+00
0.000000000000000000e+00
0.000000000000000000e+00
0.000000000000000000e+00
0.000000000000000000e+00
0.000000000000000000e+00
0.000000000000000000e+00
0.000000000000000000e+00
0.000000000000000000e+00
0.000000000000000000e+00
0.000000000000000000e+00
0.000000000000000000e+00
-3.858777005996090470e-02
-3.845516423551552376e-02
-3.832255841107013589e-02
-3.818995258662475495e-02
-3.805734676217937401e-02
-3.792474093773398613e-02
-3.779213511328860520e-02
-3.765952928884321732e-02
-3.752692346439783638e-02
-3.739431763995245545e-02
-3.726171181550706757e-02
-3.712910599106168663e-02
-3.699650016661630569e-02
-3.686389434217091782e-02
-3.673128851772553688e-02
-3.659868269328015594e-02
-3.646607686883476807e-02
-3.633347104438938713e-02
-3.620086521994400619e-02
-3.606825939549861831e-02
-3.593565357105323738e-02
-3.580304774660784950e-02
-3.567044192216246856e-02
-3.553783609771708762e-02
-3.540523027327169975e-02
-3.527262444882631881e-02
-3.514001862438093787e-02
-3.500741279993555000e-02
-3.487480697549016906e-02
-3.474220115104478812e-02
-3.460959532659940024e-02
-3.447698950215401931e-02
-3.434438367770863143e-02
-3.421177785326325049e-02
-3.407917202881786956e-02
-3.394656620437248168e-02
-3.381396037992710074e-02
-3.368135455548171980e-02
-3.354874873103633193e-02
-3.341614290659095099e-02
-3.328353708214557005e-02
-3.315093125770018218e-02
-3.301832543325480124e-02
-3.288571960880941336e-02
-3.275311378436403242e-02
-3.262050795991865149e-02
-3.248790213547327055e-02
-3.235529631102788267e-02
-3.222269048658250173e-02
-3.209008466213711386e-02
-3.195747883769173292e-02
-3.182487301324635198e-02
-3.169226718880096411e-02
-3.155966136435558317e-02
-3.142705553991020223e-02
-3.129444971546481435e-02
-3.116184389101943342e-02
-3.102923806657404901e-02
-3.089663224212866460e-02
-3.076402641768328367e-02
-3.063142059323789926e-02
-3.049881476879251485e-02
-3.036620894434713391e-02
-3.023360311990174604e-02
-3.010099729545636510e-02
-2.996839147101098416e-02
-2.983578564656559629e-02
-2.970317982212021535e-02
-2.957057399767483094e-02
-2.943796817322944653e-02
-2.930536234878406560e-02
-2.917275652433868119e-02
-2.904015069989329678e-02
-2.890754487544791584e-02
-2.877493905100253144e-02
-2.864233322655714703e-02
-2.850972740211176609e-02
-2.837712157766637822e-02
-2.824451575322099728e-02
-2.811190992877561287e-02
-2.797930410433022846e-02
-2.784669827988484753e-02
-2.771409245543946312e-02
-2.758148663099407871e-02
-2.744888080654869777e-02
-2.731627498210331337e-02
-2.718366915765792896e-02
-2.705106333321254802e-02
-2.691845750876716362e-02
-2.678585168432177921e-02
-2.665324585987639827e-02
-2.652064003543101040e-02
-2.638803421098562946e-02
-2.625542838654024505e-02
-2.612282256209486064e-02
-2.599021673764947971e-02
-2.585761091320409530e-02
-2.572500508875871089e-02
-2.559239926431332995e-02
-2.545979343986794555e-02
-2.532718761542256114e-02
-2.519458179097718020e-02
-2.506197596653179233e-02
-2.492937014208641139e-02
-2.479676431764102698e-02
-2.466415849319564257e-02
-2.453155266875026164e-02
-2.439894684430487723e-02
-2.426634101985949282e-02
-2.413373519541411188e-02
-2.400112937096872748e-02
-2.386852354652334307e-02
-2.373591772207796213e-02
-2.360331189763257773e-02
-2.347070607318719332e-02
-2.333810024874181238e-02
-2.320549442429642450e-02
-2.307288859985104357e-02
-2.294028277540565916e-02
-2.280767695096027475e-02
-2.267507112651489382e-02
-2.254246530206950941e-02
-2.240985947762412500e-02
-2.227725365317874406e-02
-2.214464782873335966e-02
-2.201204200428797525e-02
-2.187943617984259084e-02
-2.174683035539720991e-02
-2.161422453095182550e-02
-2.148161870650644109e-02
-2.134901288206106015e-02
-2.121640705761567575e-02
-2.108380123317029134e-02
-2.095119540872490693e-02
-2.081858958427952599e-02
-2.068598375983414159e-02
-2.055337793538875718e-02
-2.042077211094337624e-02
-2.028816628649799184e-02
-2.015556046205260743e-02
-2.002295463760722302e-02
-1.989034881316184208e-02
-1.975774298871645768e-02
-1.962513716427107327e-02
-1.949253133982568886e-02
-1.935992551538030793e-02
-1.922731969093492352e-02
-1.909471386648953911e-02
-1.896210804204415817e-02
-1.882950221759877377e-02
-1.869689639315338936e-02
-1.856429056870800495e-02
-1.843168474426262401e-02
-1.829907891981723961e-02
-1.816647309537185520e-02
-1.803386727092647426e-02
-1.790126144648108986e-02
-1.776865562203570545e-02
-1.763604979759032104e-02
-1.750344397314494010e-02
-1.737083814869955570e-02
-1.723823232425417129e-02
-1.710562649980879035e-02
-1.697302067536340595e-02
-1.684041485091802154e-02
-1.670780902647263713e-02
-1.657520320202725619e-02
-1.644259737758187179e-02
-1.630999155313648738e-02
-1.617738572869110644e-02
-1.604477990424572204e-02
-1.591217407980033763e-02
-1.577956825535495322e-02
-1.564696243090957228e-02
-1.551435660646418788e-02
-1.538175078201880347e-02
-1.524914495757342253e-02
-1.511653913312803812e-02
-1.498393330868265372e-02
-1.485132748423726931e-02
-1.471872165979188837e-02
-1.458611583534650397e-02
-1.445351001090111956e-02
-1.432090418645573515e-02
-1.418829836201035421e-02
-1.405569253756496981e-02
-1.392308671311958540e-02
-1.379048088867420446e-02
-1.365787506422882006e-02
-1.352526923978343565e-02
-1.339266341533805124e-02
-1.326005759089267030e-02
-1.312745176644728590e-02
-1.299484594200190149e-02
-1.286224011755652055e-02
-1.272963429311113615e-02
-1.259702846866575174e-02
-1.246442264422036733e-02
-1.233181681977498639e-02
-1.219921099532960199e-02
-1.206660517088421758e-02
-1.193399934643883664e-02
-1.180139352199345223e-02
-1.166878769754806783e-02
-1.153618187310268342e-02
-1.140357604865730248e-02
-1.127097022421191808e-02
-1.113836439976653367e-02
-1.100575857532114926e-02
-1.087315275087576832e-02
-1.074054692643038392e-02
-1.060794110198499951e-02
-1.047533527753961857e-02
-1.034272945309423417e-02
-1.021012362864884976e-02
-1.007751780420346535e-02
-9.944911979758084414e-03
-9.812306155312700007e-03
-9.679700330867315600e-03
-9.547094506421934662e-03
-9.414488681976550255e-03
-9.281882857531165848e-03
-9.149277033085781441e-03
-9.016671208640400503e-03
-8.884065384195016096e-03
-8.751459559749631689e-03
-8.618853735304250752e-03
-8.486247910858866345e-03
-8.353642086413481938e-03
-8.221036261968097530e-03
-8.088430437522716593e-03
-7.955824613077332186e-03
-7.823218788631947779e-03
-7.690612964186566841e-03
-7.558007139741182434e-03
-7.425401315295798027e-03
-7.292795490850413620e-03
-7.160189666405032682e-03
-7.027583841959644806e-03
-6.894978017514263868e-03
-6.762372193068882931e-03
-6.629766368623495054e-03
-6.497160544178114117e-03
-6.364554719732733179e-03
-6.231948895287345302e-03
-6.099343070841964365e-03
-5.966737246396583427e-03
-5.834131421951195551e-03
-5.701525597505814613e-03
-5.568919773060433676e-03
-5.436313948615045799e-03
-5.303708124169664861e-03
-5.171102299724276985e-03
-5.038496475278896047e-03
-4.905890650833515110e-03
-4.773284826388127233e-03
-4.640679001942746296e-03
-4.508073177497365358e-03
-4.375467353051977482e-03
-4.242861528606596544e-03
-4.110255704161214739e-03
-4.097762032235631284e-03
-4.085364226802556085e-03
-4.073061197383286147e-03
-4.060851869751071382e-03
-4.048735185633193200e-03
-4.036710102419515354e-03
-4.024775592877332699e-03
-4.012930644872352189e-03
-4.001174261095685573e-03
-3.989505458796655142e-03
-3.977923269521330997e-03
-3.966426738856592554e-03
-3.955014926179637076e-03
-3.943686904412768701e-03
-3.932441759783339603e-03
-3.921278591588746136e-03
-3.910196511966318629e-03
-3.899194645668020709e-03
-3.888272129839819360e-03
-3.877428113805629888e-03
-3.866661758855715215e-03
-3.855972238039441502e-03
-3.845358735962280811e-03
-3.834820448586963217e-03
-3.824356583038680379e-03
-3.813966357414251204e-03
-3.803649000595139048e-03
-3.793403752064255369e-03
-3.783229861726437101e-03
-3.773126589732533117e-03
-3.763093206307005240e-03
-3.753128991578962709e-03
-3.743233235416553329e-03
-3.733405237264638462e-03
-3.723644305985667272e-03
-3.713949759703691691e-03
-3.704320925651431035e-03
-3.694757140020335940e-03
-3.685257747813575763e-03
-3.675822102701880451e-03
-3.666449566882180530e-03
-3.657139510938978849e-03
-3.647891313708388154e-03
-3.638704362144784630e-03
-3.629578051190018428e-03
-3.620511783645109175e-03
-3.611504970044399163e-03
-3.602557028532083969e-03
-3.593667384741079749e-03
-3.584835471674186012e-03
-3.576060729587469695e-03
-3.567342605875848879e-03
-3.558680554960805872e-03
-3.550074038180198871e-03
-3.541522523680125378e-03
-3.533025486308781840e-03
-3.524582407512291769e-03
-3.516192775232450732e-03
-3.507856083806347013e-03
-3.499571833867830186e-03
-3.491339532250772957e-03
-3.483158691894095490e-03
-3.475028831748517080e-03
-3.466949476684996149e-03
-3.458920157404822993e-03
-3.450940410351334073e-03
-3.443009777623210529e-03
-3.435127806889324512e-03
-3.427294051305117273e-03
-3.419508069430456099e-03
-3.411769425148956231e-03
-3.404077687588722648e-03
-3.396432431044506955e-03
-3.388833234901216917e-03
-3.381279683558785151e-03
-3.373771366358340167e-03
-3.366307877509679743e-03
-3.358888816019995477e-03
-3.351513785623840697e-03
-3.344182394714313982e-03
-3.336894256275428367e-03
-3.329648987815643241e-03
-3.322446211302541603e-03
-3.315285553098625340e-03
-3.308166643898210763e-03
-3.301089118665392289e-03
-3.294052616573066913e-03
-3.287056780942986065e-03
-3.280101259186834432e-03
-3.273185702748279777e-03
-3.266309767046017207e-03
-3.259473111417761446e-03
-3.252675399065171110e-03
-3.245916296999697137e-03
-3.239195475989336756e-03
-3.232512610506256111e-03
-3.225867378675294998e-03
-3.219259462223313800e-03
-3.212688546429377009e-03
-3.206154320075751182e-03
-3.199656475399707822e-03
-3.193194708046121627e-03
-3.186768717020820301e-03
-3.180378204644715000e-03
-3.174022876508663261e-03
-3.167702441429060944e-03
-3.161416611404151925e-03
-3.155165101571046852e-03
-3.148947630163417138e-03
-3.142763918469881988e-03
-3.136613690793052436e-03
-3.130496674409219415e-03
-3.124412599528703181e-03
-3.118361199256805549e-03
-3.112342209555399655e-03
-3.106355369205114712e-03
-3.100400419768117952e-03
-3.094477105551480742e-03
-3.088585173571116709e-03
-3.082724373516282368e-03
-3.076894457714637182e-03
-3.071095181097832725e-03
-3.065326301167649575e-03
-3.059587577962643353e-03
-3.053878774025323758e-03
-3.048199654369813244e-03
-3.042549986450027426e-03
-3.036929540128324723e-03
-3.031338087644637816e-03
-3.025775403586086071e-03
-3.020241264857035073e-03
-3.014735450649618908e-03
-3.009257742414703923e-03
-3.003807923833293550e-03
-2.998385780788363330e-03
-2.992991101337110979e-03
-2.987623675683639263e-03
-2.982283296152026583e-03
-2.976969757159810426e-03
-2.971682855191868939e-03
-2.966422388774676757e-03
-2.961188158450952460e-03
-2.955979966754680721e-03
-2.950797618186490941e-03
-2.945640919189411455e-03
-2.940509678124973714e-03
-2.935403705249660811e-03
-2.930322812691709463e-03
-2.925266814428240710e-03
-2.920235526262731068e-03
-2.915228765802800690e-03
-2.910246352438333305e-03
-2.905288107319902325e-03
-2.900353853337513544e-03
-2.895443415099651415e-03
-2.890556618912621528e-03
-2.885693292760197533e-03
-2.880853266283546921e-03
-2.876036370761453440e-03
-2.871242439090812299e-03
-2.866471305767402927e-03
-2.861722806866938418e-03
-2.856996780026377792e-03
-2.852293064425498459e-03
-2.847611500768735832e-03
-2.842951931267271443e-03
-2.838314199621369115e-03
-2.833698151002964419e-03
-2.829103632038490468e-03
-2.824530490791944421e-03
-2.819978576748189900e-03
-2.815447740796487523e-03
-2.810937835214253559e-03
-2.806448713651040622e-03
-2.801980231112743882e-03
-2.797532243946015008e-03
-2.793104609822898588e-03
-2.788697187725668047e-03
-2.784309837931876665e-03
-2.779942421999607224e-03
-2.775594802752920712e-03
-2.771266844267507561e-03
-2.766958411856524497e-03
-2.762669372056626108e-03
-2.758399592614185509e-03
-2.754148942471701042e-03
-2.749917291754372124e-03
-2.745704511756875878e-03
-2.741510474930300336e-03
-2.737335054869260639e-03
-2.733178126299186991e-03
-2.729039565063774361e-03
-2.724919248112606107e-03
-2.720817053488932841e-03
-2.716732860317619142e-03
-2.712666548793242483e-03
-2.708618000168350887e-03
-2.704587096741875845e-03
-2.700573721847690511e-03
-2.696577759843324026e-03
-2.692599096098816785e-03
-2.688637616985724028e-03
-2.684693209866258635e-03
-2.680765763082574010e-03
-2.676855165946187901e-03
-2.672961308727542836e-03
-2.669084082645692326e-03
-2.665223379858130178e-03
-2.661379093450742112e-03
-2.657551117427887910e-03
-2.653739346702609341e-03
-2.649943677086965144e-03
-2.646164005282483547e-03
-2.642400228870735775e-03
-2.638652246304038374e-03
-2.634919956896256566e-03
-2.631203260813738589e-03
-2.627502059066349344e-03
-2.623816253498630676e-03
-2.620145746781061408e-03
-2.616490442401430989e-03
-2.612850244656319838e-03
-2.609225058642684197e-03
-2.605614790249545076e-03
-2.602019346149785171e-03
-2.598438633792040774e-03
-2.594872561392693854e-03
-2.591321037927966919e-03
-2.587783973126112427e-03
-2.584261277459696735e-03
-2.580752862137981191e-03
-2.577258639099392571e-03
-2.573778521004088920e-03
-2.570312421226612128e-03
-2.566860253848633321e-03
-2.563421933651782378e-03
-2.559997376110567224e-03
-2.556586497385376824e-03
-2.553189214315567009e-03
-2.549805444412633904e-03
-2.546435105853464120e-03
-2.543078117473667344e-03
-2.539734398760992631e-03
-2.536403869848813213e-03
-2.533086451509701954e-03
-2.529782065149073153e-03
-2.526490632798901546e-03
-2.523212077111517630e-03
-2.519946321353478454e-03
-2.516693289399502594e-03
-2.513452905726485786e-03
-2.510225095407580317e-03
-2.507009784106345972e-03
-2.503806898070969934e-03
-2.500616364128553041e-03
-2.497438109679464124e-03
-2.494272062691757670e-03
-2.491118151695658704e-03
-2.487976305778108813e-03
-2.484846454577379401e-03
-2.481728528277743050e-03
-2.478622457604206467e-03
-2.475528173817307612e-03
-2.472445608707969644e-03
-2.469374694592413409e-03
-2.466315364307129342e-03
-2.463267551203908359e-03
-2.460231189144924339e-03
-2.457206212497878642e-03
-2.454192556131194487e-03
-2.451190155409270315e-03
-2.448198946187782592e-03
-2.445218864809044126e-03
-2.442249848097414414e-03
-2.439291833354763350e-03
-2.436344758355979152e-03
-2.433408561344536578e-03
-2.430483181028105476e-03
-2.427568556574215709e-03
-2.424664627605964146e-03
-2.421771334197773701e-03
-2.418888616871200502e-03
-2.416016416590779665e-03
-2.413154674759927440e-03
-2.410303333216881963e-03
-2.407462334230690837e-03
-2.404631620497242519e-03
-2.401811135135340641e-03
-2.399000821682823002e-03
-2.396200624092721752e-03
-2.393410486729467389e-03
-2.390630354365130914e-03
-2.387860172175708916e-03
-2.385099885737449864e-03
-2.382349441023218998e-03
-2.379608784398903106e-03
-2.376877862619852181e-03
-2.374156622827364865e-03
-2.371445012545204695e-03
-2.368742979676157542e-03
-2.366050472498630250e-03
-2.363367439663274869e-03
-2.360693830189661020e-03
-2.358029593462973843e-03
-2.355374679230754897e-03
-2.352729037599672092e-03
-2.350092619032328242e-03
-2.347465374344099524e-03
-2.344847254700012113e-03
-2.342238211611644399e-03
-2.339638196934073437e-03
-2.337047162862840918e-03
-2.334465061930958603e-03
-2.331891847005946282e-03
-2.329327471286893152e-03
-2.326771888301559961e-03
-2.324225051903502839e-03
-2.321686916269230950e-03
-2.319157435895395809e-03
-2.316636565596003582e-03
-2.314124260499663809e-03
-2.311620476046861127e-03
-2.309125167987257331e-03
-2.306638292377020342e-03
-2.304159805576183953e-03
-2.301689664246028399e-03
-2.299227825346494749e-03
-2.296774246133620554e-03
-2.294328884157005848e-03
-2.291891697257301269e-03
-2.289462643563726103e-03
-2.287041681491606276e-03
-2.284628769739941410e-03
-2.282223867288996153e-03
-2.279826933397915371e-03
-2.277437927602361887e-03
-2.275056809712181546e-03
-2.272683539809086922e-03
-2.270318078244370086e-03
-2.267960385636636194e-03
-2.265610422869555277e-03
-2.263268151089643538e-03
-2.260933531704065018e-03
-2.258606526378448883e-03
-2.256287097034740102e-03
-2.253975205849060529e-03
-2.251670815249596017e-03
-2.249373887914508669e-03
-2.247084386769857781e-03
-2.244802274987558067e-03
-2.242527515983340925e-03
-2.240260073414747366e-03
-2.237999911179138716e-03
-2.235746993411722068e-03
-2.233501284483600888e-03
-2.231262748999840798e-03
-2.229031351797556171e-03
-2.226807057944014956e-03
-2.224589832734761696e-03
-2.222379641691760513e-03
-2.220176450561552831e-03
-2.217980225313435482e-03
-2.215790932137657026e-03
-2.213608537443628819e-03
-2.211433007858156895e-03
-2.209264310223686863e-03
-2.207102411596568309e-03
-2.204947279245337427e-03
-2.202798880649010482e-03
-2.200657183495400692e-03
-2.198522155679445093e-03
-2.196393765301551775e-03
-2.194271980665962306e-03
-2.192156770279124131e-03
-2.190048102848088114e-03
-2.187945947278913898e-03
-2.185850272675090005e-03
-2.183761048335978224e-03
-2.181678243755258862e-03
-2.179601828619402021e-03
-2.177531772806148413e-03
-2.175468046383003187e-03
-2.173410619605749272e-03
-2.171359462916968089e-03
-2.169314546944579782e-03
-2.167275842500391257e-03
-2.165243320578665899e-03
-2.163216952354697197e-03
-2.161196709183403186e-03
-2.159182562597930857e-03
-2.157174484308271422e-03
-2.155172446199892910e-03
-2.153176420332384919e-03
-2.151186378938109000e-03
-2.149202294420871594e-03
-2.147224139354601737e-03
-2.145251886482044384e-03
-2.143285508713465865e-03
-2.141324979125366294e-03
-2.139370270959212780e-03
-2.137421357620176553e-03
-2.135478212675883097e-03
-2.133540809855177453e-03
-2.131609123046894743e-03
-2.129683126298649760e-03
-2.127762793815628304e-03
-2.125848099959395856e-03
-2.123939019246718404e-03
-2.122035526348384129e-03
-2.120137596088050250e-03
-2.118245203441085963e-03
-2.116358323533435327e-03
-2.114476931640488829e-03
-2.112601003185958417e-03
-2.110730513740774212e-03
-2.108865439021978191e-03
-2.107005754891639986e-03
-2.105151437355772242e-03
-2.103302462563262903e-03
-2.101458806804811386e-03
-2.099620446511878211e-03
-2.097787358255644597e-03
-2.095959518745974665e-03
-2.094136904830394986e-03
-2.092319493493078903e-03
-2.090507261853839088e-03
-2.088700187167131812e-03
-2.086898246821067282e-03
-2.085101418336432130e-03
-2.083309679365714928e-03
-2.081523007692146019e-03
-2.079741381228741252e-03
-2.077964778017360025e-03
-2.076193176227760298e-03
-2.074426554156677885e-03
-2.072664890226897511e-03
-2.070908162986343382e-03
-2.069156351107173664e-03
-2.067409433384879720e-03
-2.065667388737399239e-03
-2.063930196204234128e-03
-2.062197834945571438e-03
-2.060470284241422943e-03
-2.058747523490757781e-03
-2.057029532210658072e-03
-2.055316290035468039e-03
-2.053607776715957872e-03
-2.051903972118494096e-03
-2.050204856224214275e-03
-2.048510409128213427e-03
-2.046820611038730007e-03
-2.045135442276347498e-03
-2.043454883273196007e-03
-2.041778914572163397e-03
-2.040107516826114662e-03
-2.038440670797111737e-03
-2.036778357355650652e-03
-2.035120557479892615e-03
-2.033467252254909409e-03
-2.031818422871937025e-03
-2.030174050627625831e-03
-2.028534116923307214e-03
-2.026898603264261529e-03
-2.025267491258991252e-03
-2.023640762618503664e-03
-2.022018399155596589e-03
-2.020400382784151485e-03
-2.018786695518431321e-03
-2.017177319472386685e-03
-2.015572236858964930e-03
-2.013971429989424525e-03
-2.012374881272659816e-03
-2.010782573214525779e-03
-2.009194488417171461e-03
-2.007610609578379477e-03
-2.006030919490905950e-03
-2.004455401041834329e-03
-2.002884037211925729e-03
-2.001316811074981862e-03
-1.999753705797206651e-03
-1.998194704636579565e-03
-1.996639790942227651e-03
-1.995088948153809268e-03
-1.993542159800895663e-03
-1.991999409502365551e-03
-1.990460680965796657e-03
-1.988925957986867245e-03
-1.987395224448761533e-03
-1.985868464321579457e-03
-1.984345661661752070e-03
-1.982826800611457371e-03
-1.981311865398050018e-03
-1.979800840333484097e-03
-1.978293709813751071e-03
-1.976790458318313393e-03
-1.975291070409551566e-03
-1.973795530732205122e-03
-1.972303824012829228e-03
-1.970815935059247372e-03
-1.969331848760010138e-03
-1.967851550083862203e-03
-1.966375024079209787e-03
-1.964902255873591987e-03
-1.963433230673157330e-03
-1.961967933762148990e-03
-1.960506350502383942e-03
-1.959048466332745549e-03
-1.957594266768677028e-03
-1.956143737401676210e-03
-1.954696863898798109e-03
-1.953253632002160522e-03
-1.951814027528451156e-03
-1.950378036368441252e-03
-1.948945644486503115e-03
-1.947516837920129596e-03
-1.946091602779456177e-03
-1.944669925246792158e-03
-1.943251791576149903e-03
-1.941837188092781228e-03
-1.940426101192714451e-03
-1.939018517342298159e-03
-1.937614423077745627e-03
-1.936213805004686388e-03
-1.934816649797715428e-03
-1.933422944199954295e-03
-1.932032675022604847e-03
-1.930645829144518599e-03
-1.929262393511757415e-03
-1.927882355137167407e-03
-1.926505701099950245e-03
-1.925132418545238587e-03
-1.923762494683677569e-03
-1.922395916791006529e-03
-1.921032672207645051e-03
-1.919672748338281188e-03
-1.918316132651464887e-03
-1.916962812679204016e-03
-1.915612776016559953e-03
-1.914266010321251203e-03
-1.912922503313258535e-03
-1.911582242774428593e-03
-1.910245216548089658e-03
-1.908911412538660682e-03
-1.907580818711268134e-03
-1.906253423091368695e-03
-1.904929213764365451e-03
-1.903608178875237965e-03
-1.902290306628167576e-03
-1.900975585286166815e-03
-1.899664003170715119e-03
-1.898355548661391718e-03
-1.897050210195518061e-03
-1.895747976267795698e-03
-1.894448835429951745e-03
-1.893152776290385432e-03
-1.891859787513818121e-03
-1.890569857820943332e-03
-1.889282975988082177e-03
-1.887999130846841405e-03
-1.886718311283771448e-03
-1.885440506240028792e-03
-1.884165704711039668e-03
-1.882893895746170663e-03
-1.881625068448392404e-03
-1.880359211973957334e-03
-1.879096315532069244e-03
-1.877836368384562136e-03
-1.876579359845580164e-03
-1.875325279281256493e-03
-1.874074116109398667e-03
-1.872825859799175270e-03
-1.871580499870802161e-03
-1.870338025895233042e-03
-1.869098427493856096e-03
-1.867861694338183477e-03
-1.866627816149553365e-03
-1.865396782698825308e-03
-1.864168583806085104e-03
-1.862943209340346641e-03
-1.861720649219258733e-03
-1.860500893408812383e-03
-1.859283931923051735e-03
-1.858069754823784810e-03
-1.856858352220299877e-03
-1.855649714269079877e-03
-1.854443831173521609e-03
-1.853240693183655363e-03
-1.852040290595869526e-03
-1.850842613752630645e-03
-1.849647653042214325e-03
-1.848455398898430713e-03
-1.847265841800354962e-03
-1.846078972272060517e-03
-1.844894780882350453e-03
-1.843713258244497480e-03
-1.842534395015978099e-03
-1.841358181898212392e-03
-1.840184609636308583e-03
-1.839013669018802616e-03
-1.837845350877405750e-03
-1.836679646086749338e-03
-1.835516545564135028e-03
-1.834356040269284312e-03
-1.833198121204091327e-03
-1.832042779412377176e-03
-1.830890005979642727e-03
-1.829739792032829444e-03
-1.828592128740075652e-03
-1.827447007310480402e-03
-1.826304418993861473e-03
-1.825164355080522924e-03
-1.824026806901018734e-03
-1.822891765825922087e-03
-1.821759223265592047e-03
-1.820629170669944364e-03
-1.819501599528225736e-03
-1.818376501368783966e-03
-1.817253867758845910e-03
-1.816133690304293268e-03
-1.815015960649440973e-03
-1.813900670476817313e-03
-1.812787811506942756e-03
-1.811677375498117011e-03
-1.810569354246200670e-03
-1.809463739584400536e-03
-1.808360523383059073e-03
-1.807259697549440164e-03
-1.806161254027522029e-03
-1.805065184797787327e-03
-1.803971481877017372e-03
-1.802880137318083748e-03
-1.801791143209746648e-03
-1.800704491676452567e-03
-1.799620174878129378e-03
-1.798538185009989666e-03
-1.797458514302331016e-03
-1.796381155020338252e-03
-1.795306099463886548e-03
-1.794233339967347789e-03
-1.793162868899398667e-03
-1.792094678662824658e-03
-1.791028761694332455e-03
-1.789965110464358279e-03
-1.788903717476882050e-03
-1.787844575269238083e-03
-1.786787676411929690e-03
-1.785733013508444865e-03
-1.784680579195074357e-03
-1.783630366140727353e-03
-1.782582367046751286e-03
-1.781536574646753806e-03
-1.780492981706420855e-03
-1.779451581023343406e-03
-1.778412365426838143e-03
-1.777375327777773982e-03
-1.776340460968398169e-03
-1.775307757922162805e-03
-1.774277211593555280e-03
-1.773248814967924364e-03
-1.772222561061314976e-03
-1.771198442920297531e-03
-1.770176453621801404e-03
-1.769156586272948835e-03
-1.768138834010891209e-03
-1.767123190002642960e-03
-1.766109647444921325e-03
-1.765098199563983712e-03
-1.764088839615465939e-03
-1.763081560884224158e-03
-1.762076356684176342e-03
-1.761073220358143994e-03
-1.760072145277696018e-03
-1.759073124842993469e-03
-1.758076152482634718e-03
-1.757081221653502374e-03
-1.756088325840610186e-03
-1.755097458556953427e-03
-1.754108613343355804e-03
-1.753121783768321574e-03
-1.752136963427885922e-03
-1.751154145945469894e-03
-1.750173324971730565e-03
-1.749194494184416401e-03
-1.748217647288223932e-03
-1.747242778014651597e-03
-1.746269880121859670e-03
-1.745298947394523887e-03
-1.744329973643699710e-03
-1.743362952706678124e-03
-1.742397878446847077e-03
-1.741434744753554871e-03
-1.740473545541971383e-03
-1.739514274752949939e-03
-1.738556926352894825e-03
-1.737601494333622723e-03
-1.736647972712231959e-03
-1.735696355530966543e-03
-1.734746636857085631e-03
-1.733798810782730604e-03
-1.732852871424796042e-03
-1.731908812924797892e-03
-1.730966629448745528e-03
-1.730026315187013384e-03
-1.729087864354212365e-03
-1.728151271189066682e-03
-1.727216529954282015e-03
-1.726283634936426467e-03
-1.725352580445802843e-03
-1.724423360816325053e-03
-1.723495970405397549e-03
-1.722570403593791074e-03
-1.721646654785522748e-03
-1.720724718407735292e-03
-1.719804588910576462e-03
-1.718886260767082388e-03
-1.717969728473055712e-03
-1.717054986546951746e-03
-1.716142029529759208e-03
-1.715230851984885082e-03
-1.714321448498039475e-03
-1.713413813677120258e-03
-1.712507942152100308e-03
-1.711603828574912800e-03
-1.710701467619339970e-03
-1.709800853980899269e-03
-1.708901982376736031e-03
-1.708004847545508548e-03
-1.707109444247282030e-03
-1.706215767263416288e-03
-1.705323811396460129e-03
-1.704433571470040766e-03
-1.703545042328759524e-03
-1.702658218838083845e-03
-1.701773095884239959e-03
-1.700889668374112049e-03
-1.700007931235132967e-03
-1.699127879415182098e-03
-1.698249507882483881e-03
-1.697372811625503077e-03
-1.696497785652842415e-03
-1.695624424993142634e-03
-1.694752724694981649e-03
-1.693882679826771770e-03
-1.693014285476664290e-03
-1.692147536752447575e-03
-1.691282428781448180e-03
-1.690418956710435872e-03
-1.689557115705524323e-03
-1.688696900952073960e-03
-1.687838307654598293e-03
-1.686981331036665685e-03
-1.686125966340806760e-03
-1.685272208828418779e-03
-1.684420053779671746e-03
-1.683569496493416036e-03
-1.682720532287089151e-03
-1.681873156496623131e-03
-1.681027364476354998e-03
-1.680183151598932433e-03
-1.679340513255227034e-03
-1.678499444854241298e-03
-1.677659941823020362e-03
-1.676821999606564403e-03
-1.675985613667737130e-03
-1.675150779487181866e-03
-1.674317492563231558e-03
-1.673485748411820961e-03
-1.672655542566404670e-03
-1.671826870577866912e-03
-1.670999728014438716e-03
-1.670174110461612261e-03
-1.669350013522056739e-03
-1.668527432815535309e-03
-1.667706363978819009e-03
-1.666886802665608911e-03
-1.666068744546449166e-03
-1.665252185308646778e-03
-1.664437120656191149e-03
-1.663623546309671688e-03
-1.662811458006199306e-03
-1.662000851499323374e-03
-1.661191722558954956e-03
-1.660384066971287882e-03
-1.659577880538717432e-03
-1.658773159079765525e-03
-1.657969898429000706e-03
-1.657168094436961168e-03
-1.656367742970079942e-03
-1.655568839910606617e-03
-1.654771381156531010e-03
-1.653975362621509446e-03
-1.653180780234789725e-03
-1.652387629941134582e-03
-1.651595907700749910e-03
-1.650805609489208216e-03
-1.650016731297378365e-03
-1.649229269131350989e-03
-1.648443219012365839e-03
-1.647658576976740452e-03
-1.646875339075798373e-03
-1.646093501375797815e-03
-1.645313059957859885e-03
-1.644534010917900494e-03
-1.643756350366557505e-03
-1.642980074429123286e-03
-1.642205179245474463e-03
-1.641431660970002959e-03
-1.640659515771548558e-03
-1.639888739833328868e-03
-1.639119329352874480e-03
-1.638351280541958934e-03
-1.637584589626533233e-03
-1.636819252846659052e-03
-1.636055266456442605e-03
-1.635292626723968508e-03
-1.634531329931234941e-03
-1.633771372374087519e-03
-1.633012750362156833e-03
-1.632255460218791235e-03
-1.631499498280995037e-03
-1.630744860899362809e-03
-1.629991544438019095e-03
-1.629239545274553799e-03
-1.628488859799957778e-03
-1.627739484418564949e-03
-1.626991415547986153e-03
-1.626244649619050390e-03
-1.625499183075742801e-03
-1.624755012375143524e-03
-1.624012133987367407e-03
-1.623270544395504595e-03
-1.622530240095559169e-03
-1.621791217596390807e-03
-1.621053473419655595e-03
-1.620317004099747042e-03
-1.619581806183736450e-03
-1.618847876231317186e-03
-1.618115210814744616e-03
-1.617383806518778644e-03
-1.616653659940628851e-03
-1.615924767689893779e-03
-1.615197126388507589e-03
-1.614470732670682815e-03
-1.613745583182853334e-03
-1.613021674583620590e-03
-1.612299003543695266e-03
-1.611577566745845888e-03
-1.610857360884841369e-03
-1.610138382667397443e-03
-1.609420628812123109e-03
-1.608704096049464903e-03
-1.607988781121654637e-03
-1.607274680782657143e-03
-1.606561791798114544e-03
-1.605850110945296816e-03
-1.605139635013045187e-03
-1.604430360801724657e-03
-1.603722285123168481e-03
-1.603015404800628299e-03
-1.602309716668723176e-03
-1.601605217573386043e-03
-1.600901904371816861e-03
-1.600199773932429277e-03
-1.599498823134799666e-03
-1.598799048869621814e-03
-1.598100448038651186e-03
-1.597403017554660043e-03
-1.596706754341385833e-03
-1.596011655333483487e-03
-1.595317717476477928e-03
-1.594624937726711600e-03
-1.593933313051300663e-03
-1.593242840428085554e-03
-1.592553516845582849e-03
-1.591865339302939294e-03
-1.591178304809882579e-03
-1.590492410386676889e-03
-1.589807653064075196e-03
-1.589124029883271340e-03
-1.588441537895858395e-03
-1.587760174163777710e-03
-1.587079935759276410e-03
-1.586400819764861208e-03
-1.585722823273253085e-03
-1.585045943387343058e-03
-1.584370177220146636e-03
-1.583695521894760245e-03
-1.583021974544316117e-03
-1.582349532311938924e-03
-1.581678192350702630e-03
-1.581007951823586470e-03
-1.580338807903429845e-03
-1.579670757772894162e-03
-1.579003798624413826e-03
-1.578337927660158945e-03
-1.577673142091990006e-03
-1.577009439141416032e-03
-1.576346816039554677e-03
-1.575685270027086908e-03
-1.575024798354219711e-03
-1.574365398280640769e-03
-1.573707067075481815e-03
-1.573049802017272882e-03
-1.572393600393905870e-03
-1.571738459502592051e-03
-1.571084376649821293e-03
-1.570431349151325427e-03
-1.569779374332032698e-03
-1.569128449526034598e-03
-1.568478572076541407e-03
-1.567829739335846418e-03
-1.567181948665284305e-03
-1.566535197435194905e-03
-1.565889483024882891e-03
-1.565244802822579606e-03
-1.564601154225405332e-03
-1.563958534639330912e-03
-1.563316941479141750e-03
-1.562676372168395967e-03
-1.562036824139392301e-03
-1.561398294833128914e-03
-1.560760781699267611e-03
-1.560124282196098276e-03
-1.559488793790500061e-03
-1.558854313957906690e-03
-1.558220840182269161e-03
-1.557588369956020404e-03
-1.556956900780038199e-03
-1.556326430163610698e-03
-1.555696955624401518e-03
-1.555068474688411353e-03
-1.554440984889946106e-03
-1.553814483771580020e-03
-1.553188968884121205e-03
-1.552564437786578024e-03
-1.551940888046123533e-03
-1.551318317238060572e-03
-1.550696722945789233e-03
-1.550076102760771955e-03
-1.549456454282500126e-03
-1.548837775118460476e-03
-1.548220062884100813e-03
-1.547603315202798367e-03
-1.546987529705824878e-03
-1.546372704032315153e-03
-1.545758835829233457e-03
-1.545145922751340771e-03
-1.544533962461163345e-03
-1.543922952628958879e-03
-1.543312890932686159e-03
-1.542703775057972099e-03
-1.542095602698079432e-03
-1.541488371553876571e-03
-1.540882079333803995e-03
-1.540276723753845412e-03
-1.539672302537495015e-03
-1.539068813415726258e-03
-1.538466254126962147e-03
-1.537864622417043367e-03
-1.537263916039199006e-03
-1.536664132754014681e-03
-1.536065270329402830e-03
-1.535467326540573873e-03
-1.534870299170004336e-03
-1.534274186007407795e-03
-1.533678984849705385e-03
-1.533084693500996742e-03
-1.532491309772529434e-03
-1.531898831482669462e-03
-1.531307256456875682e-03
-1.530716582527665319e-03
-1.530126807534589904e-03
-1.529537929324204480e-03
-1.528949945750039197e-03
-1.528362854672570686e-03
-1.527776653959195393e-03
-1.527191341484199216e-03
-1.526606915128731487e-03
-1.526023372780775482e-03
-1.525440712335122831e-03
-1.524858931693342948e-03
-1.524278028763759825e-03
-1.523698001461419290e-03
-1.523118847708067325e-03
-1.522540565432119490e-03
-1.521963152568635118e-03
-1.521386607059290212e-03
-1.520810926852351206e-03
-1.520236109902649811e-03
-1.519662154171553528e-03
-1.519089057626940922e-03
-1.518516818243176693e-03
-1.517945434001084131e-03
-1.517374902887919748e-03
-1.516805222897347691e-03
-1.516236392029413722e-03
-1.515668408290519195e-03
-1.515101269693397640e-03
-1.514534974257088521e-03
-1.513969520006909486e-03
-1.513404904974436846e-03
-1.512841127197475004e-03
-1.512278184720035855e-03
-1.511716075592311678e-03
-1.511154797870651071e-03
-1.510594349617536180e-03
-1.510034728901555809e-03
-1.509475933797382657e-03
-1.508917962385750112e-03
-1.508360812753426232e-03
-1.507804482993190106e-03
-1.507248971203811261e-03
-1.506694275490021682e-03
-1.506140393962495869e-03
-1.505587324737824159e-03
-1.505035065938492350e-03
-1.504483615692857193e-03
-1.503932972135123627e-03
-1.503383133405321141e-03
-1.502834097649281440e-03
-1.502285863018615894e-03
-1.501738427670692988e-03
-1.501191789768615550e-03
-1.500645947481197770e-03
-1.500100898982943513e-03
-1.499556642454024204e-03
-1.499013176080256707e-03
-1.498470498053080559e-03
-1.497928606569537370e-03
-1.497387499832247620e-03
-1.496847176049389411e-03
-1.496307633434677863e-03
-1.495768870207342784e-03
-1.495230884592106983e-03
-1.494693674819165020e-03
-1.494157239124162609e-03
-1.493621575748176012e-03
-1.493086682937687761e-03
-1.492552558944572338e-03
-1.492019202026067561e-03
-1.491486610444758961e-03
-1.490954782468557676e-03
-1.490423716370680059e-03
-1.489893410429628381e-03
-1.489363862929167200e-03
-1.488835072158306875e-03
-1.488307036411281236e-03
-1.487779753987528500e-03
-1.487253223191670887e-03
-1.486727442333494022e-03
-1.486202409727929588e-03
-1.485678123695032557e-03
-1.485154582559963842e-03
-1.484631784652969697e-03
-1.484109728309363288e-03
-1.483588411869503874e-03
-1.483067833678778378e-03
-1.482547992087583817e-03
-1.482028885451304326e-03
-1.481510512130296839e-03
-1.480992870489868758e-03
-1.480475958900260821e-03
-1.479959775736626936e-03
-1.479444319379017922e-03
-1.478929588212361118e-03
-1.478415580626441959e-03
-1.477902295015886191e-03
-1.477389729780141658e-03
-1.476877883323459871e-03
-1.476366754054878223e-03
-1.475856340388200481e-03
-1.475346640741980950e-03
-1.474837653539505392e-03
-1.474329377208773682e-03
-1.473821810182480508e-03
-1.473314950898001706e-03
-1.472808797797371281e-03
-1.472303349327267960e-03
-1.471798603938996976e-03
-1.471294560088471856e-03
-1.470791216236197289e-03
-1.470288570847253298e-03
-1.469786622391276157e-03
-1.469285369342442560e-03
-1.468784810179453145e-03
-1.468284943385515144e-03
-1.467785767448324605e-03
-1.467287280860050556e-03
-1.466789482117318967e-03
-1.466292369721195832e-03
-1.465795942177169605e-03
-1.465300197995136671e-03
-1.464805135689382269e-03
-1.464310753778567476e-03
-1.463817050785711643e-03
-1.463324025238174836e-03
-1.462831675667643086e-03
-1.462340000610114080e-03
-1.461848998605877860e-03
-1.461358668199503165e-03
-1.460869007939821600e-03
-1.460380016379910937e-03
-1.459891692077080159e-03
-1.459404033592853625e-03
-1.458917039492957195e-03
-1.458430708347299362e-03
-1.457945038729959114e-03
-1.457460029219168583e-03
-1.456975678397300468e-03
-1.456491984850849172e-03
-1.456008947170419092e-03
-1.455526563950706185e-03
-1.455044833790487780e-03
-1.454563755292602846e-03
-1.454083327063940062e-03
-1.453603547715422205e-03
-1.453124415861990976e-03
-1.452645930122594201e-03
-1.452168089120167834e-03
-1.451690891481625771e-03
-1.451214335837842278e-03
-1.450738420823638767e-03
-1.450263145077767754e-03
-1.449788507242903745e-03
-1.449314505965621988e-03
-1.448841139896389586e-03
-1.448368407689548795e-03
-1.447896308003304667e-03
-1.447424839499710306e-03
-1.446954000844652552e-03
-1.446483790707838758e-03
-1.446014207762782479e-03
-1.445545250686791974e-03
-1.445076918160953299e-03
-1.444609208870117510e-03
-1.444142121502890036e-03
-1.443675654751613120e-03
-1.443209807312355623e-03
-1.442744577884898065e-03
-1.442279965172718744e-03
-1.441815967882982682e-03
-1.441352584726526441e-03
-1.440889814417845765e-03
-1.440427655675083005e-03
-1.439966107220013456e-03
-1.439505167778031697e-03
-1.439044836078141182e-03
-1.438585110852938194e-03
-1.438125990838601655e-03
-1.437667474774878594e-03
-1.437209561405073310e-03
-1.436752249476032405e-03
-1.436295537738134379e-03
-1.435839424945276185e-03
-1.435383909854860652e-03
-1.434928991227783909e-03
-1.434474667828424107e-03
-1.434020938424627545e-03
-1.433567801787698692e-03
-1.433115256692384142e-03
-1.432663301916865459e-03
-1.432211936242743346e-03
-1.431761158455025938e-03
-1.431310967342118825e-03
-1.430861361695811608e-03
-1.430412340311266193e-03
-1.429963901987005293e-03
-1.429516045524899422e-03
-1.429068769730158220e-03
-1.428622073411314189e-03
-1.428175955380215538e-03
-1.427730414452011223e-03
-1.427285449445142053e-03
-1.426841059181327030e-03
-1.426397242485552075e-03
-1.425953998186061571e-03
-1.425511325114342314e-03
-1.425069222105116362e-03
-1.424627687996328019e-03
-1.424186721629131262e-03
-1.423746321847881502e-03
-1.423306487500122569e-03
-1.422867217436575224e-03
-1.422428510511128267e-03
-1.421990365580825524e-03
-1.421552781505855444e-03
-1.421115757149541336e-03
-1.420679291378328579e-03
-1.420243383061775512e-03
-1.419808031072541075e-03
-1.419373234286376573e-03
-1.418938991582112440e-03
-1.418505301841649141e-03
-1.418072163949945022e-03
-1.417639576795008726e-03
-1.417207539267885744e-03
-1.416776050262648660e-03
-1.416345108676388478e-03
-1.415914713409202044e-03
-1.415484863364182720e-03
-1.415055557447410413e-03
-1.414626794567940731e-03
-1.414198573637795442e-03
-1.413770893571951416e-03
-1.413343753288331299e-03
-1.412917151707792892e-03
-1.412491087754120253e-03
-1.412065560354012215e-03
-1.411640568437073050e-03
-1.411216110935803588e-03
-1.410792186785589071e-03
-1.410368794924692212e-03
-1.409945934294239969e-03
-1.409523603838216824e-03
-1.409101802503456109e-03
-1.408680529239623959e-03
-1.408259782999216926e-03
-1.407839562737548539e-03
-1.407419867412741492e-03
-1.407000695985716155e-03
-1.406582047420183203e-03
-1.406163920682633418e-03
-1.405746314742325987e-03
-1.405329228571284813e-03
-1.404912661144283115e-03
-1.404496611438838449e-03
-1.404081078435199907e-03
-1.403666061116342267e-03
-1.403251558467955148e-03
-1.402837569478433688e-03
-1.402424093138870302e-03
-1.402011128443045145e-03
-1.401598674387417214e-03
-1.401186729971115466e-03
-1.400775294195928623e-03
-1.400364366066299097e-03
-1.399953944589311721e-03
-1.399544028774684637e-03
-1.399134617634762790e-03
-1.398725710184508175e-03
-1.398317305441489208e-03
-1.397909402425874656e-03
-1.397502000160423877e-03
-1.397095097670477716e-03
-1.396688693983951781e-03
-1.396282788131324734e-03
-1.395877379145633737e-03
-1.395472466062461442e-03
-1.395068047919931871e-03
-1.394664123758699572e-03
-1.394260692621941385e-03
-1.393857753555349062e-03
-1.393455305607118862e-03
-1.393053347827947000e-03
-1.392651879271017716e-03
-1.392250898991996555e-03
-1.391850406049021912e-03
-1.391450399502698306e-03
-1.391050878416085759e-03
-1.390651841854693288e-03
-1.390253288886471317e-03
-1.389855218581801700e-03
-1.389457630013491438e-03
-1.389060522256764648e-03
-1.388663894389253681e-03
-1.388267745490991524e-03
-1.387872074644404437e-03
-1.387476880934304354e-03
-1.387082163447879131e-03
-1.386687921274687993e-03
-1.386294153506649821e-03
-1.385900859238039899e-03
-1.385508037565478211e-03
-1.385115687587924445e-03
-1.384723808406668893e-03
-1.384332399125325725e-03
-1.383941458849824316e-03
-1.383550986688404259e-03
-1.383160981751604306e-03
-1.382771443152257598e-03
-1.382382370005482775e-03
-1.381993761428678335e-03
-1.381605616541512231e-03
-1.381217934465916878e-03
-1.380830714326082218e-03
-1.380443955248446828e-03
-1.380057656361690548e-03
-1.379671816796728843e-03
-1.379286435686704129e-03
-1.378901512166979919e-03
-1.378517045375131931e-03
-1.378133034450943102e-03
-1.377749478536393181e-03
-1.377366376775656558e-03
-1.376983728315090555e-03
-1.376601532303230223e-03
-1.376219787890782488e-03
-1.375838494230617257e-03
-1.375457650477761784e-03
-1.375077255789392645e-03
-1.374697309324830535e-03
-1.374317810245530942e-03
-1.373938757715080028e-03
-1.373560150899186391e-03
-1.373181988965673254e-03
-1.372804271084474351e-03
-1.372426996427624814e-03
-1.372050164169255322e-03
-1.371673773485586030e-03
-1.371297823554918976e-03
-1.370922313557632229e-03
-1.370547242676172298e-03
-1.370172610095048279e-03
-1.369798415000825784e-03
-1.369424656582119348e-03
-1.369051334029586361e-03
-1.368678446535920778e-03
-1.368305993295845964e-03
-1.367933973506109705e-03
-1.367562386365476189e-03
-1.367191231074721229e-03
-1.366820506836624030e-03
-1.366450212855961979e-03
-1.366080348339504579e-03
-1.365710912496007371e-03
-1.365341904536203702e-03
-1.364973323672801463e-03
-1.364605169120473556e-03
-1.364237440095855290e-03
-1.363870135817534836e-03
-1.363503255506049979e-03
-1.363136798383879659e-03
-1.362770763675439202e-03
-1.362405150607074030e-03
-1.362039958407054241e-03
-1.361675186305565935e-03
-1.361310833534708610e-03
-1.360946899328487796e-03
-1.360583382922808324e-03
-1.360220283555469561e-03
-1.359857600466158256e-03
-1.359495332896444413e-03
-1.359133480089773707e-03
-1.358772041291462715e-03
-1.358411015748692838e-03
-1.358050402710504019e-03
-1.357690201427788450e-03
-1.357330411153287973e-03
-1.356971031141584539e-03
-1.356612060649095867e-03
-1.356253498934070030e-03
-1.355895345256580243e-03
-1.355537598878518149e-03
-1.355180259063589040e-03
-1.354823325077304927e-03
-1.354466796186980628e-03
-1.354110671661727704e-03
-1.353754950772448817e-03
-1.353399632791830141e-03
-1.353044716994339846e-03
-1.352690202656219856e-03
-1.352336089055480644e-03
-1.351982375471897117e-03
-1.351629061187001020e-03
-1.351276145484077906e-03
-1.350923627648160192e-03
-1.350571506966021526e-03
-1.350219782726174182e-03
-1.349868454218858651e-03
-1.349517520736044944e-03
-1.349166981571420015e-03
-1.348816836020389279e-03
-1.348467083380065984e-03
-1.348117722949270783e-03
-1.347768754028521752e-03
-1.347420175920032229e-03
-1.347071987927705820e-03
-1.346724189357128600e-03
-1.346376779515567586e-03
-1.346029757711962073e-03
-1.345683123256921675e-03
-1.345336875462718523e-03
-1.344991013643284444e-03
-1.344645537114204240e-03
-1.344300445192712001e-03
-1.343955737197684601e-03
-1.343611412449638659e-03
-1.343267470270724040e-03
-1.342923909984719078e-03
-1.342580730917026675e-03
-1.342237932394666931e-03
-1.341895513746276707e-03
-1.341553474302099218e-03
-1.341211813393984034e-03
-1.340870530355379271e-03
-1.340529624521327040e-03
-1.340189095228461495e-03
-1.339848941814999290e-03
-1.339509163620738281e-03
-1.339169759987052536e-03
-1.338830730256886049e-03
-1.338492073774748834e-03
-1.338153789886713241e-03
-1.337815877940406800e-03
-1.337478337285010052e-03
-1.337141167271250911e-03
-1.336804367251399027e-03
-1.336467936579263834e-03
-1.336131874610186525e-03
-1.335796180701038323e-03
-1.335460854210213750e-03
-1.335125894497628469e-03
-1.334791300924712118e-03
-1.334457072854406149e-03
-1.334123209651157105e-03
-1.333789710680914229e-03
-1.333456575311123618e-03
-1.333123802910724095e-03
-1.332791392850142878e-03
-1.332459344501291673e-03
-1.332127657237560823e-03
-1.331796330433816485e-03
-1.331465363466395645e-03
-1.331134755713101131e-03
-1.330804506553198360e-03
-1.330474615367410350e-03
-1.330145081537913382e-03
-1.329815904448332668e-03
-1.329487083483738875e-03
-1.329158618030643361e-03
-1.328830507476993182e-03
-1.328502751212167626e-03
-1.328175348626973659e-03
-1.327848299113642888e-03
-1.327521602065825056e-03
-1.327195256878585874e-03
-1.326869262948403121e-03
-1.326543619673159697e-03
-1.326218326452142113e-03
-1.325893382686036152e-03
-1.325568787776921879e-03
-1.325244541128269525e-03
-1.324920642144936447e-03
-1.324597090233162145e-03
-1.324273884800563706e-03
-1.323951025256134067e-03
-1.323628511010234649e-03
-1.323306341474595133e-03
-1.322984516062305875e-03
-1.322663034187816604e-03
-1.322341895266930566e-03
-1.322021098716802574e-03
-1.321700643955932937e-03
-1.321380530404164420e-03
-1.321060757482679648e-03
-1.320741324613995031e-03
-1.320422231221957945e-03
-1.320103476731743046e-03
-1.319785060569847934e-03
-1.319466982164090333e-03
-1.319149240943602022e-03
-1.318831836338827746e-03
-1.318514767781519799e-03
-1.318198034704734555e-03
-1.317881636542828777e-03
-1.317565572731455069e-03
-1.317249842707560355e-03
-1.316934445909380023e-03
-1.316619381776433376e-03
-1.316304649749524278e-03
-1.315990249270732049e-03
-1.315676179783412114e-03
-1.315362440732188417e-03
-1.315049031562954933e-03
-1.314735951722866133e-03
-1.314423200660337415e-03
-1.314110777825040115e-03
-1.313798682667898475e-03
-1.313486914641085086e-03
-1.313175473198018722e-03
-1.312864357793357833e-03
-1.312553567883001848e-03
-1.312243102924082498e-03
-1.311932962374963820e-03
-1.311623145695237818e-03
-1.311313652345719042e-03
-1.311004481788444588e-03
-1.310695633486667162e-03
-1.310387106904853773e-03
-1.310078901508681401e-03
-1.309771016765033528e-03
-1.309463452141997964e-03
-1.309156207108861216e-03
-1.308849281136106749e-03
-1.308542673695411301e-03
-1.308236384259641198e-03
-1.307930412302848013e-03
-1.307624757300268571e-03
-1.307319418728316923e-03
-1.307014396064584997e-03
-1.306709688787836311e-03
-1.306405296378004887e-03
-1.306101218316190913e-03
-1.305797454084657279e-03
-1.305494003166827620e-03
-1.305190865047279811e-03
-1.304888039211746622e-03
-1.304585525147110509e-03
-1.304283322341400798e-03
-1.303981430283789348e-03
-1.303679848464588597e-03
-1.303378576375248095e-03
-1.303077613508352118e-03
-1.302776959357613814e-03
-1.302476613417875633e-03
-1.302176575185101963e-03
-1.301876844156380853e-03
-1.301577419829917084e-03
-1.301278301705030213e-03
-1.300979489282151754e-03
-1.300680982062821928e-03
-1.300382779549686622e-03
-1.300084881246493492e-03
-1.299787286658089791e-03
-1.299489995290419985e-03
-1.299193006650520548e-03
-1.298896320246518661e-03
-1.298599935587628528e-03
-1.298303852184148552e-03
-1.298008069547458088e-03
-1.297712587190014838e-03
-1.297417404625351165e-03
-1.297122521368071707e-03
-1.296827936933850562e-03
-1.296533650839426727e-03
-1.296239662602604540e-03
-1.295945971742246735e-03
-1.295652577778273794e-03
-1.295359480231660478e-03
-1.295066678624433656e-03
-1.294774172479668407e-03
-1.294481961321484976e-03
-1.294190044675046182e-03
-1.293898422066556324e-03
-1.293607093023255118e-03
-1.293316057073416606e-03
-1.293025313746346775e-03
-1.292734862572379219e-03
-1.292444703082874053e-03
-1.292154834810213147e-03
-1.291865257287798819e-03
-1.291575970050051455e-03
-1.291286972632404301e-03
-1.290998264571302815e-03
-1.290709845404201632e-03
-1.290421714669560656e-03
-1.290133871906843548e-03
-1.289846316656514252e-03
-1.289559048460035265e-03
-1.289272066859862642e-03
-1.288985371399446441e-03
-1.288698961623224856e-03
-1.288412837076624226e-03
-1.288126997306054478e-03
-1.287841441858906307e-03
-1.287556170283551179e-03
-1.287271182129335039e-03
-1.286986476946577881e-03
-1.286702054286571143e-03
-1.286417913701573372e-03
-1.286134054744809789e-03
-1.285850476970467737e-03
-1.285567179933695377e-03
-1.285284163190598657e-03
-1.285001426298238488e-03
-1.284718968814627929e-03
-1.284436790298731099e-03
-1.284154890310457977e-03
-1.283873268410664834e-03
-1.283591924161149242e-03
-1.283310857124648997e-03
-1.283030066864838861e-03
-1.282749552946328394e-03
-1.282469314934658704e-03
-1.282189352396301144e-03
-1.281909664898654494e-03
-1.281630252010040622e-03
-1.281351113299704922e-03
-1.281072248337812190e-03
-1.280793656695443589e-03
-1.280515337944595784e-03
-1.280237291658177252e-03
-1.279959517410006334e-03
-1.279682014774808415e-03
-1.279404783328214187e-03
-1.279127822646756616e-03
-1.278851132307868991e-03
-1.278574711889881232e-03
-1.278298560972019682e-03
-1.278022679134402763e-03
-1.277747065958039678e-03
-1.277471721024827376e-03
-1.277196643917548812e-03
-1.276921834219869704e-03
-1.276647291516337440e-03
-1.276373015392378045e-03
-1.276099005434292279e-03
-1.275825261229256505e-03
-1.275551782365318566e-03
-1.275278568431394534e-03
-1.275005619017268279e-03
-1.274732933713587993e-03
-1.274460512111864029e-03
-1.274188353804467161e-03
-1.273916458384626417e-03
-1.273644825446424962e-03
-1.273373454584800528e-03
-1.273102345395540642e-03
-1.272831497475283066e-03
-1.272560910421510153e-03
-1.272290583832549936e-03
-1.272020517307571787e-03
-1.271750710446585119e-03
-1.271481162850436565e-03
-1.271211874120808461e-03
-1.270942843860216461e-03
-1.270674071672006069e-03
-1.270405557160352852e-03
-1.270137299930257672e-03
-1.269869299587547120e-03
-1.269601555738869179e-03
-1.269334067991691704e-03
-1.269066835954300691e-03
-1.268799859235798322e-03
-1.268533137446099714e-03
-1.268266670195931619e-03
-1.268000457096830685e-03
-1.267734497761139993e-03
-1.267468791802007751e-03
-1.267203338833385777e-03
-1.266938138470026249e-03
-1.266673190327480400e-03
-1.266408494022095701e-03
-1.266144049171015213e-03
-1.265879855392173245e-03
-1.265615912304295793e-03
-1.265352219526896414e-03
-1.265088776680275149e-03
-1.264825583385516565e-03
-1.264562639264487807e-03
-1.264299943939835346e-03
-1.264037497034984758e-03
-1.263775298174137042e-03
-1.263513346982267317e-03
-1.263251643085124172e-03
-1.262990186109224462e-03
-1.262728975681854391e-03
-1.262468011431065610e-03
-1.262207292985674783e-03
-1.261946819975259685e-03
-1.261686592030158982e-03
-1.261426608781469417e-03
-1.261166869861044069e-03
-1.260907374901490191e-03
-1.260648123536167470e-03
-1.260389115399185430e-03
-1.260130350125403427e-03
-1.259871827350425881e-03
-1.259613546710602926e-03
-1.259355507843026509e-03
-1.259097710385530386e-03
-1.258840153976686005e-03
-1.258582838255802722e-03
-1.258325762862924765e-03
-1.258068927438829284e-03
-1.257812331625024612e-03
-1.257555975063749621e-03
-1.257299857397968946e-03
-1.257043978271374504e-03
-1.256788337328381159e-03
-1.256532934214125855e-03
-1.256277768574466311e-03
-1.256022840055977556e-03
-1.255768148305951709e-03
-1.255513692972395163e-03
-1.255259473704027498e-03
-1.255005490150278881e-03
-1.254751741961288546e-03
-1.254498228787903494e-03
-1.254244950281676327e-03
-1.253991906094862208e-03
-1.253739095880419731e-03
-1.253486519292007018e-03
-1.253234175983980198e-03
-1.252982065611392762e-03
-1.252730187829992521e-03
-1.252478542296220311e-03
-1.252227128667208469e-03
-1.251975946600778671e-03
-1.251724995755440842e-03
-1.251474275790390124e-03
-1.251223786365507091e-03
-1.250973527141353630e-03
-1.250723497779173375e-03
-1.250473697940888669e-03
-1.250224127289099483e-03
-1.249974785487081895e-03
-1.249725672198784840e-03
-1.249476787088830325e-03
-1.249228129822510395e-03
-1.248979700065787129e-03
-1.248731497485288744e-03
-1.248483521748308938e-03
-1.248235772522806025e-03
-1.247988249477399681e-03
-1.247740952281371166e-03
-1.247493880604659197e-03
-1.247247034117860819e-03
-1.247000412492227936e-03
-1.246754015399666659e-03
-1.246507842512735572e-03
-1.246261893504643564e-03
-1.246016168049247875e-03
-1.245770665821054534e-03
-1.245525386495214453e-03
-1.245280329747522341e-03
-1.245035495254416492e-03
-1.244790882692974662e-03
-1.244546491740915152e-03
-1.244302322076593558e-03
-1.244058373379001471e-03
-1.243814645327764954e-03
-1.243571137603143245e-03
-1.243327849886026806e-03
-1.243084781857936019e-03
-1.242841933201019235e-03
-1.242599303598051477e-03
-1.242356892732433349e-03
-1.242114700288188224e-03
-1.241872725949962671e-03
-1.241630969403021692e-03
-1.241389430333251749e-03
-1.241148108427154485e-03
-1.240907003371848451e-03
-1.240666114855066291e-03
-1.240425442565153873e-03
-1.240184986191067255e-03
-1.239944745422373552e-03
-1.239704719949247247e-03
-1.239464909462469761e-03
-1.239225313653428149e-03
-1.238985932214112717e-03
-1.238746764837115938e-03
-1.238507811215631364e-03
-1.238269071043452546e-03
-1.238030544014969564e-03
-1.237792229825169458e-03
-1.237554128169634279e-03
-1.237316238744539136e-03
-1.237078561246651330e-03
-1.236841095373328618e-03
-1.236603840822517479e-03
-1.236366797292752680e-03
-1.236129964483154674e-03
-1.235893342093428516e-03
-1.235656929823862778e-03
-1.235420727375327815e-03
-1.235184734449274683e-03
-1.234948950747732964e-03
-1.234713375973310124e-03
-1.234478009829189553e-03
-1.234242852019129923e-03
-1.234007902247462145e-03
-1.233773160219090890e-03
-1.233538625639490037e-03
-1.233304298214702669e-03
-1.233070177651339992e-03
-1.232836263656579816e-03
-1.232602555938164387e-03
-1.232369054204400386e-03
-1.232135758164155893e-03
-1.231902667526860824e-03
-1.231669782002503457e-03
-1.231437101301631303e-03
-1.231204625135348283e-03
-1.230972353215313434e-03
-1.230740285253740683e-03
-1.230508420963396252e-03
-1.230276760057597571e-03
-1.230045302250212845e-03
-1.229814047255658451e-03
-1.229582994788898940e-03
-1.229352144565443563e-03
-1.229121496301348012e-03
-1.228891049713210512e-03
-1.228660804518171392e-03
-1.228430760433912644e-03
-1.228200917178654678e-03
-1.227971274471156967e-03
-1.227741832030715668e-03
-1.227512589577162746e-03
-1.227283546830864464e-03
-1.227054703512719860e-03
-1.226826059344160317e-03
-1.226597614047147391e-03
-1.226369367344171514e-03
-1.226141318958251991e-03
-1.225913468612934180e-03
-1.225685816032289063e-03
-1.225458360940911290e-03
-1.225231103063919831e-03
-1.225004042126953858e-03
-1.224777177856173176e-03
-1.224550509978257788e-03
-1.224324038220404648e-03
-1.224097762310327221e-03
-1.223871681976255489e-03
-1.223645796946932910e-03
-1.223420106951615986e-03
-1.223194611720072964e-03
-1.222969310982582967e-03
-1.222744204469933824e-03
-1.222519291913422507e-03
-1.222294573044851443e-03
-1.222070047596530247e-03
-1.221845715301272256e-03
-1.221621575892393877e-03
-1.221397629103714152e-03
-1.221173874669552809e-03
-1.220950312324729174e-03
-1.220726941804561308e-03
-1.220503762844864703e-03
-1.220280775181950333e-03
-1.220057978552624867e-03
-1.219835372694188505e-03
-1.219612957344434539e-03
-1.219390732241647192e-03
-1.219168697124600959e-03
-1.218946851732559530e-03
-1.218725195805275352e-03
-1.218503729082986162e-03
-1.218282451306417370e-03
-1.218061362216777289e-03
-1.217840461555758438e-03
-1.217619749065535590e-03
-1.217399224488764252e-03
-1.217178887568580231e-03
-1.216958738048597903e-03
-1.216738775672909995e-03
-1.216519000186084979e-03
-1.216299411333167510e-03
-1.216080008859676256e-03
-1.215860792511603899e-03
-1.215641762035413664e-03
-1.215422917178041488e-03
-1.215204257686892117e-03
-1.214985783309839975e-03
-1.214767493795226557e-03
-1.214549388891860435e-03
-1.214331468349015087e-03
-1.214113731916429328e-03
-1.213896179344305147e-03
-1.213678810383305752e-03
-1.213461624784557087e-03
-1.213244622299644365e-03
-1.213027802680612067e-03
-1.212811165679962208e-03
-1.212594711050654769e-03
-1.212378438546104446e-03
-1.212162347920181299e-03
-1.211946438927209669e-03
-1.211730711321964710e-03
-1.211515164859675421e-03
-1.211299799296020096e-03
-1.211084614387126536e-03
-1.210869609889571622e-03
-1.210654785560379360e-03
-1.210440141157019794e-03
-1.210225676437409010e-03
-1.210011391159907402e-03
-1.209797285083317716e-03
-1.209583357966885920e-03
-1.209369609570298820e-03
-1.209156039653683842e-03
-1.208942647977606860e-03
-1.208729434303072855e-03
-1.208516398391523521e-03
-1.208303540004836618e-03
-1.208090858905325107e-03
-1.207878354855736278e-03
-1.207666027619250671e-03
-1.207453876959480336e-03
-1.207241902640469704e-03
-1.207030104426692332e-03
-1.206818482083050689e-03
-1.206607035374876805e-03
-1.206395764067928799e-03
-1.206184667928391534e-03
-1.205973746722874664e-03
-1.205763000218412415e-03
-1.205552428182462502e-03
-1.205342030382904397e-03
-1.205131806588039325e-03
-1.204921756566589182e-03
-1.204711880087694798e-03
-1.204502176920915291e-03
-1.204292646836228062e-03
-1.204083289604026196e-03
-1.203874104995118679e-03
-1.203665092780729961e-03
-1.203456252732496923e-03
-1.203247584622469963e-03
-1.203039088223111040e-03
-1.202830763307293025e-03
-1.202622609648299054e-03
-1.202414627019820570e-03
-1.202206815195957330e-03
-1.201999173951216965e-03
-1.201791703060512383e-03
-1.201584402299161981e-03
-1.201377271442889000e-03
-1.201170310267819785e-03
-1.200963518550483139e-03
-1.200756896067809668e-03
-1.200550442597130485e-03
-1.200344157916176553e-03
-1.200138041803078042e-03
-1.199932094036362806e-03
-1.199726314394955733e-03
-1.199520702658178097e-03
-1.199315258605746469e-03
-1.199109982017771423e-03
-1.198904872674757529e-03
-1.198699930357602058e-03
-1.198495154847592807e-03
-1.198290545926410490e-03
-1.198086103376123750e-03
-1.197881826979191973e-03
-1.197677716518461390e-03
-1.197473771777166161e-03
-1.197269992538926853e-03
-1.197066378587750011e-03
-1.196862929708026203e-03
-1.196659645684530456e-03
-1.196456526302420087e-03
-1.196253571347235352e-03
-1.196050780604897062e-03
-1.195848153861706802e-03
-1.195645690904346059e-03
-1.195443391519874273e-03
-1.195241255495729273e-03
-1.195039282619725319e-03
-1.194837472680054411e-03
-1.194635825465281296e-03
-1.194434340764347372e-03
-1.194233018366567005e-03
-1.194031858061627089e-03
-1.193830859639586619e-03
-1.193630022890876255e-03
-1.193429347606296152e-03
-1.193228833577016828e-03
-1.193028480594576128e-03
-1.192828288450881397e-03
-1.192628256938206002e-03
-1.192428385849189773e-03
-1.192228674976837698e-03
-1.192029124114519925e-03
-1.191829733055969594e-03
-1.191630501595283267e-03
-1.191431429526919631e-03
-1.191232516645698847e-03
-1.191033762746801028e-03
-1.190835167625767113e-03
-1.190636731078495393e-03
-1.190438452901244329e-03
-1.190240332890627568e-03
-1.190042370843617196e-03
-1.189844566557539830e-03
-1.189646919830077707e-03
-1.189449430459266731e-03
-1.189252098243497122e-03
-1.189054922981511034e-03
-1.188857904472402117e-03
-1.188661042515616389e-03
-1.188464336910948762e-03
-1.188267787458544564e-03
-1.188071393958897585e-03
-1.187875156212849859e-03
-1.187679074021589934e-03
-1.187483147186653735e-03
-1.187287375509922397e-03
-1.187091758793622264e-03
-1.186896296840323156e-03
-1.186700989452938804e-03
-1.186505836434726411e-03
-1.186310837589283620e-03
-1.186115992720550251e-03
-1.185921301632805692e-03
-1.185726764130670208e-03
-1.185532380019101682e-03
-1.185338149103397137e-03
-1.185144071189190565e-03
-1.184950146082452711e-03
-1.184756373589490640e-03
-1.184562753516946220e-03
-1.184369285671795684e-03
-1.184175969861349636e-03
-1.183982805893251094e-03
-1.183789793575475710e-03
-1.183596932716331120e-03
-1.183404223124454773e-03
-1.183211664608815232e-03
-1.183019256978709794e-03
-1.182827000043765132e-03
-1.182634893613935352e-03
-1.182442937499501986e-03
-1.182251131511073130e-03
-1.182059475459582574e-03
-1.181867969156290017e-03
-1.181676612412778252e-03
-1.181485405040955117e-03
-1.181294346853050672e-03
-1.181103437661617421e-03
-1.180912677279529876e-03
-1.180722065519983254e-03
-1.180531602196492396e-03
-1.180341287122893068e-03
-1.180151120113338272e-03
-1.179961100982300634e-03
-1.179771229544568931e-03
-1.179581505615249831e-03
-1.179391929009765720e-03
-1.179202499543853620e-03
-1.179013217033566705e-03
-1.178824081295271270e-03
-1.178635092145647158e-03
-1.178446249401686897e-03
-1.178257552880695265e-03
-1.178069002400287772e-03
-1.177880597778391747e-03
-1.177692338833243512e-03
-1.177504225383389043e-03
-1.177316257247682657e-03
-1.177128434245288107e-03
-1.176940756195674889e-03
-1.176753222918619328e-03
-1.176565834234205013e-03
-1.176378589962819758e-03
-1.176191489925156692e-03
-1.176004533942212734e-03
-1.175817721835287948e-03
-1.175631053425985973e-03
-1.175444528536212290e-03
-1.175258146988173357e-03
-1.175071908604376821e-03
-1.174885813207630436e-03
-1.174699860621042065e-03
-1.174514050668017508e-03
-1.174328383172261589e-03
-1.174142857957776202e-03
-1.173957474848860748e-03
-1.173772233670111265e-03
-1.173587134246417826e-03
-1.173402176402968010e-03
-1.173217359965242129e-03
-1.173032684759014966e-03
-1.172848150610354689e-03
-1.172663757345621333e-03
-1.172479504791468100e-03
-1.172295392774838326e-03
-1.172111421122966780e-03
-1.171927589663378363e-03
-1.171743898223887026e-03
-1.171560346632595983e-03
-1.171376934717896848e-03
-1.171193662308468329e-03
-1.171010529233277100e-03
-1.170827535321575415e-03
-1.170644680402901320e-03
-1.170461964307079310e-03
-1.170279386864217074e-03
-1.170096947904707228e-03
-1.169914647259225147e-03
-1.169732484758730052e-03
-1.169550460234462406e-03
-1.169368573517944781e-03
-1.169186824440980555e-03
-1.169005212835653703e-03
-1.168823738534328785e-03
-1.168642401369647922e-03
-1.168461201174533391e-03
-1.168280137782185457e-03
-1.168099211026080641e-03
-1.167918420739974322e-03
-1.167737766757896830e-03
-1.167557248914154753e-03
-1.167376867043329195e-03
-1.167196620980277084e-03
-1.167016510560128567e-03
-1.166836535618287225e-03
-1.166656695990429858e-03
-1.166476991512506054e-03
-1.166297422020735582e-03
-1.166117987351610779e-03
-1.165938687341894599e-03
-1.165759521828618880e-03
-1.165580490649086292e-03
-1.165401593640867303e-03
-1.165222830641801698e-03
-1.165044201489996191e-03
-1.164865706023825295e-03
-1.164687344081930019e-03
-1.164509115503217654e-03
-1.164331020126860685e-03
-1.164153057792297009e-03
-1.163975228339228637e-03
-1.163797531607622124e-03
-1.163619967437706402e-03
-1.163442535669974081e-03
-1.163265236145179498e-03
-1.163088068704339149e-03
-1.162911033188730172e-03
-1.162734129439891000e-03
-1.162557357299619405e-03
-1.162380716609973585e-03
-1.162204207213269778e-03
-1.162027828952083564e-03
-1.161851581669247910e-03
-1.161675465207853827e-03
-1.161499479411248195e-03
-1.161323624123035067e-03
-1.161147899187073718e-03
-1.160972304447480162e-03
-1.160796839748622815e-03
-1.160621504935126181e-03
-1.160446299851867818e-03
-1.160271224343978119e-03
-1.160096278256841180e-03
-1.159921461436092200e-03
-1.159746773727618344e-03
-1.159572214977558314e-03
-1.159397785032300612e-03
-1.159223483738484406e-03
-1.159049310942997799e-03
-1.158875266492979126e-03
-1.158701350235813920e-03
-1.158527562019136649e-03
-1.158353901690828110e-03
-1.158180369099018033e-03
-1.158006964092080961e-03
-1.157833686518637984e-03
-1.157660536227555874e-03
-1.157487513067945997e-03
-1.157314616889164533e-03
-1.157141847540811607e-03
-1.156969204872730422e-03
-1.156796688735007694e-03
-1.156624298977972131e-03
-1.156452035452194870e-03
-1.156279898008488608e-03
-1.156107886497906084e-03
-1.155936000771742031e-03
-1.155764240681530141e-03
-1.155592606079043497e-03
-1.155421096816295007e-03
-1.155249712745535671e-03
-1.155078453719254579e-03
-1.154907319590178696e-03
-1.154736310211271341e-03
-1.154565425435733275e-03
-1.154394665117001182e-03
-1.154224029108747015e-03
-1.154053517264878219e-03
-1.153883129439536642e-03
-1.153712865487099186e-03
-1.153542725262175208e-03
-1.153372708619608469e-03
-1.153202815414474747e-03
-1.153033045502082710e-03
-1.152863398737972176e-03
-1.152693874977915416e-03
-1.152524474077914552e-03
-1.152355195894202858e-03
-1.152186040283243460e-03
-1.152017007101728248e-03
-1.151848096206578966e-03
-1.151679307454946339e-03
-1.151510640704207908e-03
-1.151342095811969763e-03
-1.151173672636065680e-03
-1.151005371034554510e-03
-1.150837190865723223e-03
-1.150669131988083438e-03
-1.150501194260372716e-03
-1.150333377541553487e-03
-1.150165681690812174e-03
-1.149998106567559630e-03
-1.149830652031430707e-03
-1.149663317942282298e-03
