-6.000000000000000888e-01
-5.998334027584917294e-01
-5.996669442901877423e-01
-5.995006244794920391e-01
-5.993344432109046771e-01
-5.991684003690220806e-01
-5.990024958385364862e-01
-5.988367295042366090e-01
-5.986711012510068652e-01
-5.985056109638277055e-01
-5.983402585277752816e-01
-5.981750438280213356e-01
-5.980099667498336435e-01
-5.978450271785752390e-01
-5.976802249997048566e-01
-5.975155600987762661e-01
-5.973510323614391604e-01
-5.971866416734379346e-01
-5.970223879206125739e-01
-5.968582709888977655e-01
-5.966942907643235650e-01
-5.965304471330146185e-01
-5.963667399811908298e-01
-5.962031691951665824e-01
-5.960397346613510727e-01
-5.958764362662480885e-01
-5.957132738964558971e-01
-5.955502474386673573e-01
-5.953873567796695854e-01
-5.952246018063440669e-01
-5.950619824056665452e-01
-5.948994984647069106e-01
-5.947371498706290893e-01
-5.945749365106908213e-01
-5.944128582722441045e-01
-5.942509150427346398e-01
-5.940891067097016087e-01
-5.939274331607784507e-01
-5.937658942836915310e-01
-5.936044899662612506e-01
-5.934432200964012694e-01
-5.932820845621185057e-01
-5.931210832515133591e-01
-5.929602160527793764e-01
-5.927994828542031414e-01
-5.926388835441643854e-01
-5.924784180111358767e-01
-5.923180861436831979e-01
-5.921578878304646354e-01
-5.919978229602316233e-01
-5.918378914218276332e-01
-5.916780931041893954e-01
-5.915184278963457887e-01
-5.913588956874180624e-01
-5.911994963666200587e-01
-5.910402298232577678e-01
-5.908810959467293289e-01
-5.907220946265252515e-01
-5.905632257522279716e-01
-5.904044892135117406e-01
-5.902458849001428476e-01
-5.900874127019795079e-01
-5.899290725089714194e-01
-5.897708642111603172e-01
-5.896127876986791971e-01
-5.894548428617526481e-01
-5.892970295906967415e-01
-5.891393477759191422e-01
-5.889817973079183311e-01
-5.888243780772844937e-01
-5.886670899746984098e-01
-5.885099328909325633e-01
-5.883529067168498106e-01
-5.881960113434042681e-01
-5.880392466616408687e-01
-5.878826125626952503e-01
-5.877261089377935344e-01
-5.875697356782529912e-01
-5.874134926754807084e-01
-5.872573798209748119e-01
-5.871013970063235776e-01
-5.869455441232055426e-01
-5.867898210633895051e-01
-5.866342277187346355e-01
-5.864787639811896991e-01
-5.863234297427939445e-01
-5.861682248956763264e-01
-5.860131493320557272e-01
-5.858582029442407357e-01
-5.857033856246297576e-01
-5.855486972657105715e-01
-5.853941377600609952e-01
-5.852397070003477753e-01
-5.850854048793273643e-01
-5.849312312898456989e-01
-5.847771861248375336e-01
-5.846232692773272177e-01
-5.844694806404279186e-01
-5.843158201073420654e-01
-5.841622875713609053e-01
-5.840088829258647252e-01
-5.838556060643222967e-01
-5.837024568802915425e-01
-5.835494352674186480e-01
-5.833965411194388384e-01
-5.832437743301756017e-01
-5.830911347935406885e-01
-5.829386224035344455e-01
-5.827862370542457038e-01
-5.826339786398511134e-01
-5.824818470546155869e-01
-5.823298421928924107e-01
-5.821779639491224678e-01
-5.820262122178347930e-01
-5.818745868936463506e-01
-5.817230878712615905e-01
-5.815717150454728923e-01
-5.814204683111603433e-01
-5.812693475632914053e-01
-5.811183526969211366e-01
-5.809674836071919701e-01
-5.808167401893336024e-01
-5.806661223386633264e-01
-5.805156299505851436e-01
-5.803652629205906521e-01
-5.802150211442581584e-01
-5.800649045172531215e-01
-5.799149129353280419e-01
-5.797650462943217953e-01
-5.796153044901605211e-01
-5.794656874188568452e-01
-5.793161949765099905e-01
-5.791668270593056667e-01
-5.790175835635162915e-01
-5.788684643855004364e-01
-5.787194694217031588e-01
-5.785705985686557806e-01
-5.784218517229755552e-01
-5.782732287813663330e-01
-5.781247296406175629e-01
-5.779763541976048469e-01
-5.778281023492896074e-01
-5.776799739927194199e-01
-5.775319690250271254e-01
-5.773840873434314958e-01
-5.772363288452371233e-01
-5.770886934278336433e-01
-5.769411809886967335e-01
-5.767937914253870035e-01
-5.766465246355506613e-01
-5.764993805169191798e-01
-5.763523589673088532e-01
-5.762054598846216846e-01
-5.760586831668442764e-01
-5.759120287120482740e-01
-5.757654964183904767e-01
-5.756190861841122830e-01
-5.754727979075398014e-01
-5.753266314870841835e-01
-5.751805868212406248e-01
-5.750346638085894746e-01
-5.748888623477952375e-01
-5.747431823376069060e-01
-5.745976236768577383e-01
-5.744521862644653698e-01
-5.743068699994315907e-01
-5.741616747808423460e-01
-5.740166005078675138e-01
-5.738716470797612379e-01
-5.737268143958611510e-01
-5.735821023555893738e-01
-5.734375108584510716e-01
-5.732930398040355646e-01
-5.731486890920158839e-01
-5.730044586221483272e-01
-5.728603482942727920e-01
-5.727163580083128869e-01
-5.725724876642751537e-01
-5.724287371622496234e-01
-5.722851064024097045e-01
-5.721415952850116282e-01
-5.719982037103950034e-01
-5.718549315789822618e-01
-5.717117787912789906e-01
-5.715687452478733777e-01
-5.714258308494366556e-01
-5.712830354967227686e-01
-5.711403590905681504e-01
-5.709978015318919464e-01
-5.708553627216959026e-01
-5.707130425610642543e-01
-5.705708409511633938e-01
-5.704287577932423137e-01
-5.702867929886320519e-01
-5.701449464387460253e-01
-5.700032180450796959e-01
-5.698616077092104604e-01
-5.697201153327977607e-01
-5.695787408175831956e-01
-5.694374840653898540e-01
-5.692963449781228702e-01
-5.691553234577688691e-01
-5.690144194063962990e-01
-5.688736327261550985e-01
-5.687329633192768075e-01
-5.685924110880742344e-01
-5.684519759349415668e-01
-5.683116577623547050e-01
-5.681714564728701511e-01
-5.680313719691261198e-01
-5.678914041538415391e-01
-5.677515529298164942e-01
-5.676118181999323387e-01
-5.674721998671508061e-01
-5.673326978345147875e-01
-5.671933120051478872e-01
-5.670540422822544224e-01
-5.669148885691192019e-01
-5.667758507691078584e-01
-5.666369287856660719e-01
-5.664981225223205685e-01
-5.663594318826778995e-01
-5.662208567704252182e-01
-5.660823970893296142e-01
-5.659440527432387791e-01
-5.658058236360801185e-01
-5.656677096718611963e-01
-5.655297107546695123e-01
-5.653918267886725024e-01
-5.652540576781174275e-01
-5.651164033273312626e-01
-5.649788636407206965e-01
-5.648414385227721324e-01
-5.647041278780513540e-01
-5.645669316112037484e-01
-5.644298496269541943e-01
-5.642928818301067295e-01
-5.641560281255449949e-01
-5.640192884182315680e-01
-5.638826626132084074e-01
-5.637461506155964086e-01
-5.636097523305956258e-01
-5.634734676634849393e-01
-5.633372965196221660e-01
-5.632012388044442819e-01
-5.630652944234664226e-01
-5.629294632822829936e-01
-5.627937452865666712e-01
-5.626581403420688465e-01
-5.625226483546195144e-01
-5.623872692301270515e-01
-5.622520028745779941e-01
-5.621168491940374823e-01
-5.619818080946487049e-01
-5.618468794826332324e-01
-5.617120632642904621e-01
-5.615773593459982838e-01
-5.614427676342120810e-01
-5.613082880354653970e-01
-5.611739204563697125e-01
-5.610396648036141132e-01
-5.609055209839656220e-01
-5.607714889042686446e-01
-5.606375684714455243e-01
-5.605037595924957650e-01
-5.603700621744965860e-01
-5.602364761246025893e-01
-5.601030013500457594e-01
-5.599696377581351303e-01
-5.598363852562572296e-01
-5.597032437518754122e-01
-5.595702131525304157e-01
-5.594372933658399161e-01
-5.593044842994984167e-01
-5.591717858612773595e-01
-5.590391979590252358e-01
-5.589067205006668093e-01
-5.587743533942041152e-01
-5.586420965477153500e-01
-5.585099498693556486e-01
-5.583779132673563073e-01
-5.582459866500254497e-01
-5.581141699257471389e-01
-5.579824630029821542e-01
-5.578508657902672141e-01
-5.577193781962153096e-01
-5.575880001295159261e-01
-5.574567314989339328e-01
-5.573255722133106937e-01
-5.571945221815634008e-01
-5.570635813126850744e-01
-5.569327495157445629e-01
-5.568020266998863210e-01
-5.566714127743307428e-01
-5.565409076483736062e-01
-5.564105112313865176e-01
-5.562802234328162454e-01
-5.561500441621851643e-01
-5.560199733290910329e-01
-5.558900108432068832e-01
-5.557601566142810201e-01
-5.556304105521367998e-01
-5.555007725666728513e-01
-5.553712425678627440e-01
-5.552418204657550982e-01
-5.551125061704734742e-01
-5.549832995922162615e-01
-5.548542006412565675e-01
-5.547252092279425506e-01
-5.545963252626966433e-01
-5.544675486560162181e-01
-5.543388793184730323e-01
-5.542103171607133394e-01
-5.540818620934577776e-01
-5.539535140275015923e-01
-5.538252728737140806e-01
-5.536971385430390358e-01
-5.535691109464939696e-01
-5.534411899951712233e-01
-5.533133756002364123e-01
-5.531856676729297595e-01
-5.530580661245652063e-01
-5.529305708665304131e-01
-5.528031818102870920e-01
-5.526758988673706741e-01
-5.525487219493900870e-01
-5.524216509680281995e-01
-5.522946858350410437e-01
-5.521678264622585930e-01
-5.520410727615839841e-01
-5.519144246449937397e-01
-5.517878820245378790e-01
-5.516614448123393633e-01
-5.515351129205948721e-01
-5.514088862615738051e-01
-5.512827647476186144e-01
-5.511567482911451377e-01
-5.510308368046417105e-01
-5.509050302006700539e-01
-5.507793283918642757e-01
-5.506537312909314252e-01
-5.505282388106513825e-01
-5.504028508638765249e-01
-5.502775673635320608e-01
-5.501523882226152518e-01
-5.500273133541964121e-01
-5.499023426714177987e-01
-5.497774760874943878e-01
-5.496527135157130983e-01
-5.495280548694333467e-01
-5.494035000620864917e-01
-5.492790490071763898e-01
-5.491547016182785068e-01
-5.490304578090404730e-01
-5.489063174931818612e-01
-5.487822805844942975e-01
-5.486583469968407956e-01
-5.485345166441565334e-01
-5.484107894404480765e-01
-5.482871652997938217e-01
-5.481636441363435530e-01
-5.480402258643188862e-01
-5.479169103980126021e-01
-5.477936976517888690e-01
-5.476705875400833534e-01
-5.475475799774028873e-01
-5.474246748783255789e-01
-5.473018721575005907e-01
-5.471791717296483615e-01
-5.470565735095601623e-01
-5.469340774120983184e-01
-5.468116833521962095e-01
-5.466893912448578252e-01
-5.465672010051582097e-01
-5.464451125482430172e-01
-5.463231257893284010e-01
-5.462012406437014578e-01
-5.460794570267197834e-01
-5.459577748538113617e-01
-5.458361940404746759e-01
-5.457147145022785972e-01
-5.455933361548623850e-01
-5.454720589139353537e-01
-5.453508826952774280e-01
-5.452298074147382545e-01
-5.451088329882378680e-01
-5.449879593317661364e-01
-5.448671863613832045e-01
-5.447465139932188283e-01
-5.446259421434727077e-01
-5.445054707284144868e-01
-5.443850996643834206e-01
-5.442648288677884860e-01
-5.441446582551081601e-01
-5.440245877428908639e-01
-5.439046172477541852e-01
-5.437847466863852119e-01
-5.436649759755406430e-01
-5.435453050320462332e-01
-5.434257337727971260e-01
-5.433062621147578541e-01
-5.431868899749618951e-01
-5.430676172705120042e-01
-5.429484439185798816e-01
-5.428293698364061726e-01
-5.427103949413005779e-01
-5.425915191506416324e-01
-5.424727423818767047e-01
-5.423540645525219972e-01
-5.422354855801622131e-01
-5.421170053824510005e-01
-5.419986238771102860e-01
-5.418803409819307193e-01
-5.417621566147714507e-01
-5.416440706935600202e-01
-5.415260831362922467e-01
-5.414081938610323386e-01
-5.412904027859126721e-01
-5.411727098291340132e-01
-5.410551149089650735e-01
-5.409376179437427323e-01
-5.408202188518718145e-01
-5.407029175518252018e-01
-5.405857139621437213e-01
-5.404686080014358129e-01
-5.403515995883780842e-01
-5.402346886417145333e-01
-5.401178750802571038e-01
-5.400011588228851300e-01
-5.398845397885458919e-01
-5.397680178962537267e-01
-5.396515930650906956e-01
-5.395352652142062500e-01
-5.394190342628171209e-01
-5.393029001302074299e-01
-5.391868627357284671e-01
-5.390709219987985801e-01
-5.389550778389035068e-01
-5.388393301755958209e-01
-5.387236789284952643e-01
-5.386081240172883033e-01
-5.384926653617286840e-01
-5.383773028816367656e-01
-5.382620364968995208e-01
-5.381468661274709797e-01
-5.380317916933716749e-01
-5.379168131146888632e-01
-5.378019303115761929e-01
-5.376871432042540366e-01
-5.375724517130091584e-01
-5.374578557581944915e-01
-5.373433552602295826e-01
-5.372289501396003697e-01
-5.371146403168587380e-01
-5.370004257126227420e-01
-5.368863062475767167e-01
-5.367722818424711662e-01
-5.366583524181224307e-01
-5.365445178954127980e-01
-5.364307781952905030e-01
-5.363171332387696166e-01
-5.362035829469300463e-01
-5.360901272409175355e-01
-5.359767660419433311e-01
-5.358634992712842937e-01
-5.357503268502828986e-01
-5.356372487003473459e-01
-5.355242647429511171e-01
-5.354113748996329747e-01
-5.352985790919972953e-01
-5.351858772417137367e-01
-5.350732692705169047e-01
-5.349607551002070194e-01
-5.348483346526491378e-01
-5.347360078497735980e-01
-5.346237746135754643e-01
-5.345116348661151928e-01
-5.343995885295178550e-01
-5.342876355259734700e-01
-5.341757757777370053e-01
-5.340640092071279321e-01
-5.339523357365305589e-01
-5.338407552883941420e-01
-5.337292677852318867e-01
-5.336178731496221683e-01
-5.335065713042075330e-01
-5.333953621716949201e-01
-5.332842456748558835e-01
-5.331732217365261484e-01
-5.330622902796057216e-01
-5.329514512270588922e-01
-5.328407045019141197e-01
-5.327300500272639239e-01
-5.326194877262648841e-01
-5.325090175221376398e-01
-5.323986393381667792e-01
-5.322883530977008393e-01
-5.321781587241520839e-01
-5.320680561409966147e-01
-5.319580452717742602e-01
-5.318481260400887978e-01
-5.317382983696071763e-01
-5.316285621840602937e-01
-5.315189174072424416e-01
-5.314093639630114163e-01
-5.312999017752884079e-01
-5.311905307680580002e-01
-5.310812508653681707e-01
-5.309720619913299577e-01
-5.308629640701179042e-01
-5.307539570259695028e-01
-5.306450407831853067e-01
-5.305362152661292630e-01
-5.304274803992279352e-01
-5.303188361069709478e-01
-5.302102823139109855e-01
-5.301018189446633500e-01
-5.299934459239064033e-01
-5.298851631763809023e-01
-5.297769706268906642e-01
-5.296688682003020121e-01
-5.295608558215435524e-01
-5.294529334156069522e-01
-5.293451009075459401e-01
-5.292373582224768613e-01
-5.291297052855784555e-01
-5.290221420220916348e-01
-5.289146683573198171e-01
-5.288072842166282594e-01
-5.286999895254449466e-01
-5.285927842092594808e-01
-5.284856681936238587e-01
-5.283786414041518054e-01
-5.282717037665192183e-01
-5.281648552064637236e-01
-5.280580956497852307e-01
-5.279514250223449334e-01
-5.278448432500659759e-01
-5.277383502589333419e-01
-5.276319459749935215e-01
-5.275256303243547329e-01
-5.274194032331864790e-01
-5.273132646277199909e-01
-5.272072144342480060e-01
-5.271012525791245462e-01
-5.269953789887648066e-01
-5.268895935896457106e-01
-5.267838963083049109e-01
-5.266782870713417886e-01
-5.265727658054162319e-01
-5.264673324372499685e-01
-5.263619868936251223e-01
-5.262567291013852122e-01
-5.261515589874344867e-01
-5.260464764787380343e-01
-5.259414815023220058e-01
-5.258365739852732812e-01
-5.257317538547392477e-01
-5.256270210379281327e-01
-5.255223754621090038e-01
-5.254178170546112137e-01
-5.253133457428247333e-01
-5.252089614542001517e-01
-5.251046641162481210e-01
-5.250004536565402447e-01
-5.248963300027078560e-01
-5.247922930824430177e-01
-5.246883428234978552e-01
-5.245844791536846685e-01
-5.244807020008759313e-01
-5.243770112930040694e-01
-5.242734069580616829e-01
-5.241698889241014347e-01
-5.240664571192357180e-01
-5.239631114716367666e-01
-5.238598519095369888e-01
-5.237566783612281895e-01
-5.236535907550621260e-01
-5.235505890194501744e-01
-5.234476730828633295e-01
-5.233448428738322056e-01
-5.232420983209469245e-01
-5.231394393528570053e-01
-5.230368658982716967e-01
-5.229343778859593117e-01
-5.228319752447475599e-01
-5.227296579035236590e-01
-5.226274257912336685e-01
-5.225252788368832668e-01
-5.224232169695368633e-01
-5.223212401183183751e-01
-5.222193482124104502e-01
-5.221175411810548006e-01
-5.220158189535520910e-01
-5.219141814592618278e-01
-5.218126286276025816e-01
-5.217111603880514314e-01
-5.216097766701442984e-01
-5.215084774034758341e-01
-5.214072625176993103e-01
-5.213061319425267293e-01
-5.212050856077283800e-01
-5.211041234431332825e-01
-5.210032453786286322e-01
-5.209024513441604665e-01
-5.208017412697328874e-01
-5.207011150854081727e-01
-5.206005727213071088e-01
-5.205001141076086579e-01
-5.203997391745498469e-01
-5.202994478524257671e-01
-5.201992400715897968e-01
-5.200991157624532679e-01
-5.199990748554851328e-01
-5.198991172812127415e-01
-5.197992429702211759e-01
-5.196994518531530272e-01
-5.195997438607089514e-01
-5.195001189236475581e-01
-5.194005769727845223e-01
-5.193011179389936949e-01
-5.192017417532062140e-01
-5.191024483464108386e-01
-5.190032376496538369e-01
-5.189041095940388759e-01
-5.188050641107270211e-01
-5.187061011309367364e-01
-5.186072205859435513e-01
-5.185084224070806158e-01
-5.184097065257380343e-01
-5.183110728733630879e-01
-5.182125213814601228e-01
-5.181140519815905510e-01
-5.180156646053730718e-01
-5.179173591844830060e-01
-5.178191356506525178e-01
-5.177209939356710588e-01
-5.176229339713845912e-01
-5.175249556896958092e-01
-5.174270590225643618e-01
-5.173292439020064082e-01
-5.172315102600947290e-01
-5.171338580289588371e-01
-5.170362871407845340e-01
-5.169387975278143532e-01
-5.168413891223472278e-01
-5.167440618567382682e-01
-5.166468156633992059e-01
-5.165496504747979500e-01
-5.164525662234586978e-01
-5.163555628419617127e-01
-5.162586402629436577e-01
-5.161617984190970398e-01
-5.160650372431706545e-01
-5.159683566679693634e-01
-5.158717566263536503e-01
-5.157752370512402873e-01
-5.156787978756016688e-01
-5.155824390324663664e-01
-5.154861604549182408e-01
-5.153899620760973299e-01
-5.152938438291991829e-01
-5.151978056474750822e-01
-5.151018474642315992e-01
-5.150059692128313715e-01
-5.149101708266921040e-01
-5.148144522392872346e-01
-5.147188133841454905e-01
-5.146232541948508876e-01
-5.145277746050430645e-01
-5.144323745484166155e-01
-5.143370539587215351e-01
-5.142418127697629959e-01
-5.141466509154012376e-01
-5.140515683295516780e-01
-5.139565649461845798e-01
-5.138616406993256058e-01
-5.137667955230550421e-01
-5.136720293515081304e-01
-5.135773421188750687e-01
-5.134827337594007890e-01
-5.133882042073850682e-01
-5.132937533971824173e-01
-5.131993812632019702e-01
-5.131050877399074839e-01
-5.130108727618173381e-01
-5.129167362635045357e-01
-5.128226781795963696e-01
-5.127286984447748663e-01
-5.126347969937762317e-01
-5.125409737613911831e-01
-5.124472286824646172e-01
-5.123535616918958313e-01
-5.122599727246383017e-01
-5.121664617156996835e-01
-5.120730286001418108e-01
-5.119796733130804745e-01
-5.118863957896856443e-01
-5.117931959651812468e-01
-5.117000737748452766e-01
-5.116070291540094628e-01
-5.115140620380594916e-01
-5.114211723624347838e-01
-5.113283600626288283e-01
-5.112356250741884045e-01
-5.111429673327143597e-01
-5.110503867738609429e-01
-5.109578833333361381e-01
-5.108654569469014417e-01
-5.107731075503718632e-01
-5.106808350796159246e-01
-5.105886394705553277e-01
-5.104965206591656202e-01
-5.104044785814751961e-01
-5.103125131735659625e-01
-5.102206243715731171e-01
-5.101288121116850371e-01
-5.100370763301430577e-01
-5.099454169632418044e-01
-5.098538339473290826e-01
-5.097623272188053223e-01
-5.096708967141243551e-01
-5.095795423697927484e-01
-5.094882641223700270e-01
-5.093970619084684515e-01
-5.093059356647531288e-01
-5.092148853279419018e-01
-5.091239108348054598e-01
-5.090330121221671167e-01
-5.089421891269025888e-01
-5.088514417859405503e-01
-5.087607700362617447e-01
-5.086701738148999841e-01
-5.085796530589410391e-01
-5.084892077055233051e-01
-5.083988376918374685e-01
-5.083085429551266188e-01
-5.082183234326860255e-01
-5.081281790618633609e-01
-5.080381097800582557e-01
-5.079481155247225210e-01
-5.078581962333603705e-01
-5.077683518435276433e-01
-5.076785822928324698e-01
-5.075888875189349392e-01
-5.074992674595468767e-01
-5.074097220524322882e-01
-5.073202512354066940e-01
-5.072308549463377947e-01
-5.071415331231445833e-01
-5.070522857037981224e-01
-5.069631126263209886e-01
-5.068740138287874952e-01
-5.067849892493235808e-01
-5.066960388261063652e-01
-5.066071624973649268e-01
-5.065183602013794140e-01
-5.064296318764818228e-01
-5.063409774610548864e-01
-5.062523968935334073e-01
-5.061638901124028145e-01
-5.060754570562002730e-01
-5.059870976635136852e-01
-5.058988118729826899e-01
-5.058105996232974411e-01
-5.057224608531994958e-01
-5.056343955014814817e-01
-5.055464035069866524e-01
-5.054584848086097759e-01
-5.053706393452959134e-01
-5.052828670560414182e-01
-5.051951678798933809e-01
-5.051075417559494074e-01
-5.050199886233580626e-01
-5.049325084213186488e-01
-5.048451010890808721e-01
-5.047577665659453983e-01
-5.046705047912630748e-01
-5.045833157044354866e-01
-5.044961992449148447e-01
-5.044091553522032090e-01
-5.043221839658538208e-01
-5.042352850254696595e-01
-5.041484584707042194e-01
-5.040617042412613991e-01
-5.039750222768951682e-01
-5.038884125174096784e-01
-5.038018749026592635e-01
-5.037154093725484394e-01
-5.036290158670315709e-01
-5.035426943261132049e-01
-5.034564446898478485e-01
-5.033702668983398576e-01
-5.032841608917436593e-01
-5.031981266102633077e-01
-5.031121639941528167e-01
-5.030262729837159386e-01
-5.029404535193060521e-01
-5.028547055413263855e-01
-5.027690289902297938e-01
-5.026834238065184257e-01
-5.025978899307445014e-01
-5.025124273035093125e-01
-5.024270358654638891e-01
-5.023417155573085546e-01
-5.022564663197931489e-01
-5.021712880937168055e-01
-5.020861808199279519e-01
-5.020011444393244204e-01
-5.019161788928530044e-01
-5.018312841215099018e-01
-5.017464600663403829e-01
-5.016617066684390114e-01
-5.015770238689489791e-01
-5.014924116090629935e-01
-5.014078698300225012e-01
-5.013233984731179094e-01
-5.012389974796885861e-01
-5.011546667911226383e-01
-5.010704063488572446e-01
-5.009862160943779896e-01
-5.009020959692195296e-01
-5.008180459149651487e-01
-5.007340658732466476e-01
-5.006501557857446771e-01
-5.005663155941881826e-01
-5.004825452403549590e-01
-5.003988446660710965e-01
-5.003152138132112015e-01
-5.002316526236981753e-01
-5.001481610395035471e-01
-5.000647390026469186e-01
-4.999813864551964637e-01
-4.998981033392684292e-01
-4.998148895970272454e-01
-4.997317451706856373e-01
-4.996486700025043470e-01
-4.995656640347924116e-01
-4.994827272099067184e-01
-4.993998594702522276e-01
-4.993170607582819165e-01
-4.992343310164967241e-01
-4.991516701874453288e-01
-4.990690782137244819e-01
-4.989865550379785630e-01
-4.989041006028999137e-01
-4.988217148512283927e-01
-4.987393977257517097e-01
-4.986571491693051472e-01
-4.985749691247717275e-01
-4.984928575350819902e-01
-4.984108143432138815e-01
-4.983288394921930320e-01
-4.982469329250924783e-01
-4.981650945850326084e-01
-4.980833244151812722e-01
-4.980016223587535595e-01
-4.979199883590120224e-01
-4.978384223592663416e-01
-4.977569243028734380e-01
-4.976754941332374171e-01
-4.975941317938096242e-01
-4.975128372280883671e-01
-4.974316103796191380e-01
-4.973504511919943916e-01
-4.972693596088534895e-01
-4.971883355738828669e-01
-4.971073790308159213e-01
-4.970264899234327349e-01
-4.969456681955603528e-01
-4.968649137910725044e-01
-4.967842266538898266e-01
-4.967036067279795852e-01
-4.966230539573556202e-01
-4.965425682860786227e-01
-4.964621496582556359e-01
-4.963817980180404987e-01
-4.963015133096334019e-01
-4.962212954772811102e-01
-4.961411444652767400e-01
-4.960610602179599260e-01
-4.959810426797165439e-01
-4.959010917949788766e-01
-4.958212075082254477e-01
-4.957413897639810774e-01
-4.956616385068168262e-01
-4.955819536813498294e-01
-4.955023352322434071e-01
-4.954227831042068986e-01
-4.953432972419958835e-01
-4.952638775904117385e-01
-4.951845240943019699e-01
-4.951052366985600472e-01
-4.950260153481251257e-01
-4.949468599879824904e-01
-4.948677705631631119e-01
-4.947887470187438130e-01
-4.947097892998469915e-01
-4.946308973516410634e-01
-4.945520711193398533e-01
-4.944733105482029822e-01
-4.943946155835355349e-01
-4.943159861706882263e-01
-4.942374222550574014e-01
-4.941589237820846470e-01
-4.940804906972571797e-01
-4.940021229461076246e-01
-4.939238204742139038e-01
-4.938455832271992363e-01
-4.937674111507323049e-01
-4.936893041905268120e-01
-4.936112622923419790e-01
-4.935332854019818805e-01
-4.934553734652959434e-01
-4.933775264281787254e-01
-4.932997442365696927e-01
-4.932220268364534421e-01
-4.931443741738596453e-01
-4.930667861948627162e-01
-4.929892628455821435e-01
-4.929118040721823246e-01
-4.928344098208723989e-01
-4.927570800379063032e-01
-4.926798146695829383e-01
-4.926026136622456697e-01
-4.925254769622826601e-01
-4.924484045161269252e-01
-4.923713962702557234e-01
-4.922944521711912769e-01
-4.922175721655000502e-01
-4.921407561997931945e-01
-4.920640042207262699e-01
-4.919873161749994117e-01
-4.919106920093568314e-01
-4.918341316705874267e-01
-4.917576351055242823e-01
-4.916812022610447253e-01
-4.916048330840704361e-01
-4.915285275215672822e-01
-4.914522855205452068e-01
-4.913761070280584509e-01
-4.912999919912052205e-01
-4.912239403571278529e-01
-4.911479520730127613e-01
-4.910720270860903236e-01
-4.909961653436347162e-01
-4.909203667929643022e-01
-4.908446313814411321e-01
-4.907689590564712212e-01
-4.906933497655042165e-01
-4.906178034560338408e-01
-4.905423200755972268e-01
-4.904668995717754165e-01
-4.903915418921930836e-01
-4.903162469845184779e-01
-4.902410147964634257e-01
-4.901658452757834405e-01
-4.900907383702773901e-01
-4.900156940277876627e-01
-4.899407121962002787e-01
-4.898657928234443348e-01
-4.897909358574926153e-01
-4.897161412463610919e-01
-4.896414089381089796e-01
-4.895667388808389586e-01
-4.894921310226967304e-01
-4.894175853118712949e-01
-4.893431016965948399e-01
-4.892686801251425743e-01
-4.891943205458328947e-01
-4.891200229070271632e-01
-4.890457871571298187e-01
-4.889716132445882657e-01
-4.888975011178927632e-01
-4.888234507255766470e-01
-4.887494620162159964e-01
-4.886755349384297453e-01
-4.886016694408796823e-01
-4.885278654722702285e-01
-4.884541229813487706e-01
-4.883804419169051059e-01
-4.883068222277718862e-01
-4.882332638628242849e-01
-4.881597667709801636e-01
-4.880863309011999052e-01
-4.880129562024862477e-01
-4.879396426238846174e-01
-4.878663901144827397e-01
-4.877931986234109174e-01
-4.877200680998416416e-01
-4.876469984929898693e-01
-4.875739897521128019e-01
-4.875010418265098844e-01
-4.874281546655228614e-01
-4.873553282185356661e-01
-4.872825624349743645e-01
-4.872098572643071557e-01
-4.871372126560443161e-01
-4.870646285597381997e-01
-4.869921049249831824e-01
-4.869196417014156619e-01
-4.868472388387139471e-01
-4.867748962865982021e-01
-4.867026139948306129e-01
-4.866303919132151101e-01
-4.865582299915974795e-01
-4.864861281798652515e-01
-4.864140864279477561e-01
-4.863421046858159569e-01
-4.862701829034825618e-01
-4.861983210310018566e-01
-4.861265190184698159e-01
-4.860547768160238258e-01
-4.859830943738430165e-01
-4.859114716421478741e-01
-4.858399085712003518e-01
-4.857684051113039247e-01
-4.856969612128033686e-01
-4.856255768260848704e-01
-4.855542519015759173e-01
-4.854829863897453524e-01
-4.854117802411032079e-01
-4.853406334062008165e-01
-4.852695458356305891e-01
-4.851985174800261813e-01
-4.851275482900623270e-01
-4.850566382164548385e-01
-4.849857872099606615e-01
-4.849149952213777093e-01
-4.848442622015448622e-01
-4.847735881013419124e-01
-4.847029728716896746e-01
-4.846324164635498200e-01
-4.845619188279247647e-01
-4.844914799158578367e-01
-4.844210996784331091e-01
-4.843507780667755114e-01
-4.842805150320504959e-01
-4.842103105254642603e-01
-4.841401644982637476e-01
-4.840700769017364236e-01
-4.840000476872102775e-01
-4.839300768060540436e-01
-4.838601642096766464e-01
-4.837903098495278109e-01
-4.837205136770975078e-01
-4.836507756439162309e-01
-4.835810957015546641e-01
-4.835114738016240699e-01
-4.834419098957758454e-01
-4.833724039357016888e-01
-4.833029558731336550e-01
-4.832335656598438778e-01
-4.831642332476447366e-01
-4.830949585883886899e-01
-4.830257416339683307e-01
-4.829565823363163313e-01
-4.828874806474053871e-01
-4.828184365192481620e-01
-4.827494499038975095e-01
-4.826805207534459186e-01
-4.826116490200259013e-01
-4.825428346558099379e-01
-4.824740776130103104e-01
-4.824053778438789353e-01
-4.823367353007077529e-01
-4.822681499358282275e-01
-4.821996217016116804e-01
-4.821311505504691231e-01
-4.820627364348510357e-01
-4.819943793072477001e-01
-4.819260791201888106e-01
-4.818578358262437522e-01
-4.817896493780212674e-01
-4.817215197281697336e-01
-4.816534468293768301e-01
-4.815854306343697044e-01
-4.815174710959149174e-01
-4.814495681668183868e-01
-4.813817217999251663e-01
-4.813139319481198330e-01
-4.812461985643260998e-01
-4.811785216015068145e-01
-4.811109010126641272e-01
-4.810433367508393232e-01
-4.809758287691127121e-01
-4.809083770206037944e-01
-4.808409814584710396e-01
-4.807736420359119967e-01
-4.807063587061631837e-01
-4.806391314225000322e-01
-4.805719601382369977e-01
-4.805048448067272271e-01
-4.804377853813629473e-01
-4.803707818155750764e-01
-4.803038340628333902e-01
-4.802369420766463004e-01
-4.801701058105611319e-01
-4.801033252181637900e-01
-4.800366002530788156e-01
-4.799699308689694965e-01
-4.799033170195375897e-01
-4.798367586585234879e-01
-4.797702557397061085e-01
-4.797038082169028383e-01
-4.796374160439696444e-01
-4.795710791748007407e-01
-4.795047975633289772e-01
-4.794385711635252845e-01
-4.793723999293992843e-01
-4.793062838149986238e-01
-4.792402227744093079e-01
-4.791742167617557002e-01
-4.791082657312002446e-01
-4.790423696369436324e-01
-4.789765284332246353e-01
-4.789107420743202725e-01
-4.788450105145454772e-01
-4.787793337082533740e-01
-4.787137116098351131e-01
-4.786481441737197029e-01
-4.785826313543742327e-01
-4.785171731063037059e-01
-4.784517693840509844e-01
-4.783864201421968443e-01
-4.783211253353598091e-01
-4.782558849181963168e-01
-4.781906988454004970e-01
-4.781255670717042827e-01
-4.780604895518771325e-01
-4.779954662407264743e-01
-4.779304970930972063e-01
-4.778655820638717522e-01
-4.778007211079703387e-01
-4.777359141803506626e-01
-4.776711612360077797e-01
-4.776064622299744378e-01
-4.775418171173207438e-01
-4.774772258531543301e-01
-4.774126883926200215e-01
-4.773482046909002796e-01
-4.772837747032146472e-01
-4.772193983848200816e-01
-4.771550756910108992e-01
-4.770908065771184425e-01
-4.770265909985114128e-01
-4.769624289105957593e-01
-4.768983202688142908e-01
-4.768342650286472861e-01
-4.767702631456117723e-01
-4.767063145752621356e-01
-4.766424192731896214e-01
-4.765785771950224459e-01
-4.765147882964257953e-01
-4.764510525331019375e-01
-4.763873698607897778e-01
-4.763237402352653582e-01
-4.762601636123414139e-01
-4.761966399478674838e-01
-4.761331691977298552e-01
-4.760697513178517304e-01
-4.760063862641928378e-01
-4.759430739927497100e-01
-4.758798144595554058e-01
-4.758166076206797879e-01
-4.757534534322291897e-01
-4.756903518503464712e-01
-4.756273028312111295e-01
-4.755643063310391883e-01
-4.755013623060829753e-01
-4.754384707126314003e-01
-4.753756315070097882e-01
-4.753128446455796574e-01
-4.752501100847391635e-01
-4.751874277809225999e-01
-4.751247976906005643e-01
-4.750622197702799587e-01
-4.749996939765038229e-01
-4.749372202658515563e-01
-4.748747985949385852e-01
-4.748124289204165294e-01
-4.747501111989731459e-01
-4.746878453873322190e-01
-4.746256314422535594e-01
-4.745634693205330601e-01
-4.745013589790025854e-01
-4.744393003745300263e-01
-4.743772934640189676e-01
-4.743153382044091870e-01
-4.742534345526761008e-01
-4.741915824658311518e-01
-4.741297819009213654e-01
-4.740680328150298495e-01
-4.740063351652751833e-01
-4.739446889088118064e-01
-4.738830940028297967e-01
-4.738215504045549809e-01
-4.737600580712486575e-01
-4.736986169602078189e-01
-4.736372270287650954e-01
-4.735758882342884779e-01
-4.735146005341817066e-01
-4.734533638858837712e-01
-4.733921782468692996e-01
-4.733310435746482248e-01
-4.732699598267658958e-01
-4.732089269608030779e-01
-4.731479449343758414e-01
-4.730870137051355062e-01
-4.730261332307686972e-01
-4.729653034689973445e-01
-4.729045243775785723e-01
-4.728437959143046987e-01
-4.727831180370031250e-01
-4.727224907035363910e-01
-4.726619138718022861e-01
-4.726013874997334607e-01
-4.725409115452978148e-01
-4.724804859664981094e-01
-4.724201107213720774e-01
-4.723597857679925349e-01
-4.722995110644671035e-01
-4.722392865689384323e-01
-4.721791122395838647e-01
-4.721189880346157164e-01
-4.720589139122809974e-01
-4.719988898308616343e-01
-4.719389157486741926e-01
-4.718789916240700433e-01
-4.718191174154351963e-01
-4.717592930811903562e-01
-4.716995185797907553e-01
-4.716397938697264314e-01
-4.715801189095218393e-01
-4.715204936577360173e-01
-4.714609180729625315e-01
-4.714013921138294760e-01
-4.713419157389994174e-01
-4.712824889071692280e-01
-4.712231115770703083e-01
-4.711637837074684199e-01
-4.711045052571636305e-01
-4.710452761849903136e-01
-4.709860964498172597e-01
-4.709269660105473432e-01
-4.708678848261177441e-01
-4.708088528554999486e-01
-4.707498700576994710e-01
-4.706909363917560762e-01
-4.706320518167435019e-01
-4.705732162917697914e-01
-4.705144297759769056e-01
-4.704556922285408893e-01
-4.703970036086717044e-01
-4.703383638756133966e-01
-4.702797729886439848e-01
-4.702212309070752938e-01
-4.701627375902530659e-01
-4.701042929975570717e-01
-4.700458970884006105e-01
-4.699875498222311210e-01
-4.699292511585295706e-01
-4.698710010568107887e-01
-4.698127994766233551e-01
-4.697546463775494341e-01
-4.696965417192049963e-01
-4.696384854612395410e-01
-4.695804775633362071e-01
-4.695225179852118291e-01
-4.694646066866165479e-01
-4.694067436273343108e-01
-4.693489287671823718e-01
-4.692911620660115135e-01
-4.692334434837059920e-01
-4.691757729801834254e-01
-4.691181505153949605e-01
-4.690605760493248289e-01
-4.690030495419908463e-01
-4.689455709534440797e-01
-4.688881402437687362e-01
-4.688307573730824962e-01
-4.687734223015360691e-01
-4.687161349893134710e-01
-4.686588953966318027e-01
-4.686017034837413608e-01
-4.685445592109255264e-01
-4.684874625385008207e-01
-4.684304134268167386e-01
-4.683734118362558041e-01
-4.683164577272336260e-01
-4.682595510601987865e-01
-4.682026917956326195e-01
-4.681458798940496546e-01
-4.680891153159971174e-01
-4.680323980220552071e-01
-4.679757279728368191e-01
-4.679191051289878223e-01
-4.678625294511868371e-01
-4.678060009001451247e-01
-4.677495194366067532e-01
-4.676930850213484869e-01
-4.676366976151797306e-01
-4.675803571789426405e-01
-4.675240636735118471e-01
-4.674678170597946214e-01
-4.674116172987308748e-01
-4.673554643512929374e-01
-4.672993581784857797e-01
-4.672432987413466798e-01
-4.671872860009455564e-01
-4.671313199183846354e-01
-4.670754004547985061e-01
-4.670195275713543426e-01
-4.669637012292514600e-01
-4.669079213897215364e-01
-4.668521880140286129e-01
-4.667965010634689826e-01
-4.667408604993710797e-01
-4.666852662830955900e-01
-4.666297183760355627e-01
-4.665742167396159656e-01
-4.665187613352939633e-01
-4.664633521245589165e-01
-4.664079890689321606e-01
-4.663526721299671718e-01
-4.662974012692493453e-01
-4.662421764483962172e-01
-4.661869976290571871e-01
-4.661318647729135733e-01
-4.660767778416787244e-01
-4.660217367970977964e-01
-4.659667416009478647e-01
-4.659117922150378677e-01
-4.658568886012083854e-01
-4.658020307213319722e-01
-4.657472185373128237e-01
-4.656924520110870547e-01
-4.656377311046221990e-01
-4.655830557799177649e-01
-4.655284259990046247e-01
-4.654738417239455694e-01
-4.654193029168347540e-01
-4.653648095397980300e-01
-4.653103615549927796e-01
-4.652559589246079153e-01
-4.652016016108638241e-01
-4.651472895760123683e-01
-4.650930227823367735e-01
-4.650388011921519071e-01
-4.649846247678038336e-01
-4.649304934716699811e-01
-4.648764072661591973e-01
-4.648223661137116380e-01
-4.647683699767987120e-01
-4.647144188179230806e-01
-4.646605125996186580e-01
-4.646066512844506113e-01
-4.645528348350151937e-01
-4.644990632139399667e-01
-4.644453363838833559e-01
-4.643916543075352066e-01
-4.643380169476162278e-01
-4.642844242668783261e-01
-4.642308762281042167e-01
-4.641773727941079231e-01
-4.641239139277341663e-01
-4.640704995918587539e-01
-4.640171297493884683e-01
-4.639638043632607900e-01
-4.639105233964443409e-01
-4.638572868119383297e-01
-4.638040945727729403e-01
-4.637509466420091098e-01
-4.636978429827386394e-01
-4.636447835580838617e-01
-4.635917683311979731e-01
-4.635387972652649236e-01
-4.634858703234991939e-01
-4.634329874691459072e-01
-4.633801486654809398e-01
-4.633273538758106991e-01
-4.632746030634720125e-01
-4.632218961918324607e-01
-4.631692332242900445e-01
-4.631166141242732404e-01
-4.630640388552410003e-01
-4.630115073806826964e-01
-4.629590196641181765e-01
-4.629065756690976530e-01
-4.628541753592015917e-01
-4.628018186980409898e-01
-4.627495056492569869e-01
-4.626972361765210873e-01
-4.626450102435350487e-01
-4.625928278140308825e-01
-4.625406888517707982e-01
-4.624885933205470923e-01
-4.624365411841824258e-01
-4.623845324065293805e-01
-4.623325669514707914e-01
-4.622806447829195808e-01
-4.622287658648185915e-01
-4.621769301611408642e-01
-4.621251376358893603e-01
-4.620733882530970171e-01
-4.620216819768268035e-01
-4.619700187711716088e-01
-4.619183986002540765e-01
-4.618668214282270479e-01
-4.618152872192728964e-01
-4.617637959376039714e-01
-4.617123475474625427e-01
-4.616609420131204677e-01
-4.616095792988795798e-01
-4.615582593690711333e-01
-4.615069821880564138e-01
-4.614557477202262947e-01
-4.614045559300011812e-01
-4.613534067818312323e-01
-4.613023002401963057e-01
-4.612512362696056245e-01
-4.612002148345981656e-01
-4.611492358997423824e-01
-4.610982994296362047e-01
-4.610474053889070389e-01
-4.609965537422118786e-01
-4.609457444542370830e-01
-4.608949774896983209e-01
-4.608442528133408489e-01
-4.607935703899391222e-01
-4.607429301842971281e-01
-4.606923321612479416e-01
-4.606417762856540588e-01
-4.605912625224072854e-01
-4.605407908364286262e-01
-4.604903611926681739e-01
-4.604399735561054974e-01
-4.603896278917490870e-01
-4.603393241646366874e-01
-4.602890623398351311e-01
-4.602388423824404495e-01
-4.601886642575775954e-01
-4.601385279304006648e-01
-4.600884333660927861e-01
-4.600383805298660644e-01
-4.599883693869615264e-01
-4.599383999026492864e-01
-4.598884720422282690e-01
-4.598385857710263203e-01
-4.597887410544002629e-01
-4.597389378577356744e-01
-4.596891761464469983e-01
-4.596394558859774881e-01
-4.595897770417992079e-01
-4.595401395794128652e-01
-4.594905434643481446e-01
-4.594409886621632078e-01
-4.593914751384449713e-01
-4.593420028588091064e-01
-4.592925717888998172e-01
-4.592431818943899513e-01
-4.591938331409810559e-01
-4.591445254944030996e-01
-4.590952589204146950e-01
-4.590460333848028762e-01
-4.589968488533832658e-01
-4.589477052920000189e-01
-4.588986026665255458e-01
-4.588495409428608451e-01
-4.588005200869352818e-01
-4.587515400647065866e-01
-4.587026008421608569e-01
-4.586537023853125561e-01
-4.586048446602042916e-01
-4.585560276329072593e-01
-4.585072512695205771e-01
-4.584585155361718956e-01
-4.584098203990168985e-01
-4.583611658242395803e-01
-4.583125517780519131e-01
-4.582639782266942352e-01
-4.582154451364348624e-01
-4.581669524735703103e-01
-4.581185002044251275e-01
-4.580700882953518405e-01
-4.580217167127310640e-01
-4.579733854229715018e-01
-4.579250943925096684e-01
-4.578768435878101672e-01
-4.578286329753654682e-01
-4.577804625216960188e-01
-4.577323321933500777e-01
-4.576842419569037701e-01
-4.576361917789611988e-01
-4.575881816261540558e-01
-4.575402114651421215e-01
-4.574922812626125990e-01
-4.574443909852807244e-01
-4.573965405998893785e-01
-4.573487300732090866e-01
-4.573009593720380739e-01
-4.572532284632022659e-01
-4.572055373135551770e-01
-4.571578858899779663e-01
-4.571102741593793817e-01
-4.570627020886957048e-01
-4.570151696448907508e-01
-4.569676767949558682e-01
-4.569202235059099948e-01
-4.568728097447993797e-01
-4.568254354786978610e-01
-4.567781006747065331e-01
-4.567308052999541346e-01
-4.566835493215964936e-01
-4.566363327068171385e-01
-4.565891554228266314e-01
-4.565420174368629569e-01
-4.564949187161914668e-01
-4.564478592281047131e-01
-4.564008389399224486e-01
-4.563538578189916817e-01
-4.563069158326867325e-01
-4.562600129484088995e-01
-4.562131491335867373e-01
-4.561663243556760006e-01
-4.561195385821593673e-01
-4.560727917805468268e-01
-4.560260839183752912e-01
-4.559794149632087068e-01
-4.559327848826381091e-01
-4.558861936442815121e-01
-4.558396412157837974e-01
-4.557931275648169911e-01
-4.557466526590798761e-01
-4.557002164662982691e-01
-4.556538189542247430e-01
-4.556074600906388494e-01
-4.555611398433469517e-01
-4.555148581801821139e-01
-4.554686150690043789e-01
-4.554224104777004900e-01
-4.553762443741838362e-01
-4.553301167263947291e-01
-4.552840275022999594e-01
-4.552379766698931851e-01
-4.551919641971946540e-01
-4.551459900522512592e-01
-4.551000542031364837e-01
-4.550541566179505115e-01
-4.550082972648198942e-01
-4.549624761118979399e-01
-4.549166931273644354e-01
-4.548709482794255354e-01
-4.548252415363140400e-01
-4.547795728662891168e-01
-4.547339422376365237e-01
-4.546883496186681639e-01
-4.546427949777225863e-01
-4.545972782831646519e-01
-4.545517995033854231e-01
-4.545063586068025518e-01
-4.544609555618597807e-01
-4.544155903370271643e-01
-4.543702629008012361e-01
-4.543249732217044534e-01
-4.542797212682856967e-01
-4.542345070091199921e-01
-4.541893304128085673e-01
-4.541441914479787956e-01
-4.540990900832841404e-01
-4.540540262874042110e-01
-4.540090000290447070e-01
-4.539640112769374181e-01
-4.539190599998400577e-01
-4.538741461665365962e-01
-4.538292697458368163e-01
-4.537844307065764804e-01
-4.537396290176174407e-01
-4.536948646478473623e-01
-4.536501375661798896e-01
-4.536054477415545350e-01
-4.535607951429367346e-01
-4.535161797393176819e-01
-4.534716014997145495e-01
-4.534270603931701005e-01
-4.533825563887530774e-01
-4.533380894555579244e-01
-4.532936595627048426e-01
-4.532492666793397351e-01
-4.532049107746340955e-01
-4.531605918177853409e-01
-4.531163097780163684e-01
-4.530720646245757766e-01
-4.530278563267377545e-01
-4.529836848538020821e-01
-4.529395501750941300e-01
-4.528954522599648036e-01
-4.528513910777905993e-01
-4.528073665979733819e-01
-4.527633787899407181e-01
-4.527194276231453762e-01
-4.526755130670658267e-01
-4.526316350912057418e-01
-4.525877936650944400e-01
-4.525439887582863863e-01
-4.525002203403614698e-01
-4.524564883809250593e-01
-4.524127928496076700e-01
-4.523691337160652415e-01
-4.523255109499788595e-01
-4.522819245210549233e-01
-4.522383743990251448e-01
-4.521948605536463828e-01
-4.521513829547006424e-01
-4.521079415719951311e-01
-4.520645363753622581e-01
-4.520211673346595793e-01
-4.519778344197695752e-01
-4.519345376006000392e-01
-4.518912768470836894e-01
-4.518480521291783347e-01
-4.518048634168668198e-01
-4.517617106801570248e-01
-4.517185938890816432e-01
-4.516755130136986263e-01
-4.516324680240905720e-01
-4.515894588903651696e-01
-4.515464855826549773e-01
-4.515035480711173665e-01
-4.514606463259346336e-01
-4.514177803173139436e-01
-4.513749500154872196e-01
-4.513321553907111983e-01
-4.512893964132673741e-01
-4.512466730534619996e-01
-4.512039852816260299e-01
-4.511613330681152889e-01
-4.511187163833100811e-01
-4.510761351976155797e-01
-4.510335894814614388e-01
-4.509910792053020145e-01
-4.509486043396163657e-01
-4.509061648549079204e-01
-4.508637607217049759e-01
-4.508213919105600875e-01
-4.507790583920505134e-01
-4.507367601367779919e-01
-4.506944971153686863e-01
-4.506522692984733514e-01
-4.506100766567670002e-01
-4.505679191609492928e-01
-4.505257967817442033e-01
-4.504837094898999084e-01
-4.504416572561892873e-01
-4.503996400514093668e-01
-4.503576578463814872e-01
-4.503157106119513031e-01
-4.502737983189889492e-01
-4.502319209383884857e-01
-4.501900784410684531e-01
-4.501482707979716502e-01
-4.501064979800648569e-01
-4.500647599583392777e-01
-4.500230567038100427e-01
-4.499813881875167065e-01
-4.499397543805227495e-01
-4.498981552539157436e-01
-4.498565907788074636e-01
-4.498150609263336652e-01
-4.497735656676541960e-01
-4.497321049739528842e-01
-4.496906788164375390e-01
-4.496492871663400615e-01
-4.496079299949162222e-01
-4.495666072734457730e-01
-4.495253189732323351e-01
-4.494840650656035663e-01
-4.494428455219108276e-01
-4.494016603135294607e-01
-4.493605094118586218e-01
-4.493193927883213368e-01
-4.492783104143643347e-01
-4.492372622614582145e-01
-4.491962483010972784e-01
-4.491552685047996984e-01
-4.491143228441071833e-01
-4.490734112905853115e-01
-4.490325338158231983e-01
-4.489916903914338286e-01
-4.489508809890536134e-01
-4.489101055803427220e-01
-4.488693641369848608e-01
-4.488286566306874392e-01
-4.487879830331812925e-01
-4.487473433162209036e-01
-4.487067374515841811e-01
-4.486661654110726261e-01
-4.486256271665112760e-01
-4.485851226897484834e-01
-4.485446519526562481e-01
-4.485042149271297740e-01
-4.484638115850878570e-01
-4.484234418984725523e-01
-4.483831058392494517e-01
-4.483428033794072953e-01
-4.483025344909583598e-01
-4.482622991459380701e-01
-4.482220973164052769e-01
-4.481819289744419788e-01
-4.481417940921535448e-01
-4.481016926416684365e-01
-4.480616245951385412e-01
-4.480215899247387279e-01
-4.479815886026672356e-01
-4.479416206011452850e-01
-4.479016858924173006e-01
-4.478617844487509103e-01
-4.478219162424367794e-01
-4.477820812457886102e-01
-4.477422794311432530e-01
-4.477025107708605400e-01
-4.476627752373232849e-01
-4.476230728029374495e-01
-4.475834034401318107e-01
-4.475437671213582935e-01
-4.475041638190916382e-01
-4.474645935058295665e-01
-4.474250561540926152e-01
-4.473855517364243584e-01
-4.473460802253911850e-01
-4.473066415935822437e-01
-4.472672358136097204e-01
-4.472278628581083382e-01
-4.471885226997358576e-01
-4.471492153111727430e-01
-4.471099406651221075e-01
-4.470706987343099348e-01
-4.470314894914849124e-01
-4.469923129094183767e-01
-4.469531689609043679e-01
-4.469140576187595748e-01
-4.468749788558232794e-01
-4.468359326449575786e-01
-4.467969189590469958e-01
-4.467579377709987032e-01
-4.467189890537423547e-01
-4.466800727802303084e-01
-4.466411889234372934e-01
-4.466023374563607429e-01
-4.465635183520204055e-01
-4.465247315834585673e-01
-4.464859771237399411e-01
-4.464472549459517769e-01
-4.464085650232036406e-01
-4.463699073286275243e-01
-4.463312818353777911e-01
-4.462926885166311752e-01
-4.462541273455868374e-01
-4.462155982954660871e-01
-4.461771013395126606e-01
-4.461386364509926095e-01
-4.461002036031941342e-01
-4.460618027694278065e-01
-4.460234339230263467e-01
-4.459850970373447909e-01
-4.459467920857602130e-01
-4.459085190416720024e-01
-4.458702778785016418e-01
-4.458320685696927077e-01
-4.457938910887110917e-01
-4.457557454090445015e-01
-4.457176315042029602e-01
-4.456795493477185288e-01
-4.456414989131451398e-01
-4.456034801740589857e-01
-4.455654931040580746e-01
-4.455275376767625639e-01
-4.454896138658144822e-01
-4.454517216448778960e-01
-4.454138609876386878e-01
-4.453760318678047225e-01
-4.453382342591059029e-01
-4.453004681352937810e-01
-4.452627334701418915e-01
-4.452250302374456403e-01
-4.451873584110221937e-01
-4.451497179647105895e-01
-4.451121088723715702e-01
-4.450745311078877497e-01
-4.450369846451635025e-01
-4.449994694581247967e-01
-4.449619855207195274e-01
-4.449245328069170169e-01
-4.448871112907086256e-01
-4.448497209461070856e-01
-4.448123617471468894e-01
-4.447750336678841787e-01
-4.447377366823965783e-01
-4.447004707647835287e-01
-4.446632358891658421e-01
-4.446260320296859803e-01
-4.445888591605079432e-01
-4.445517172558172136e-01
-4.445146062898208683e-01
-4.444775262367473001e-01
-4.444404770708464958e-01
-4.444034587663899249e-01
-4.443664712976703735e-01
-4.443295146390021100e-01
-4.442925887647207750e-01
-4.442556936491834918e-01
-4.442188292667685334e-01
-4.441819955918756557e-01
-4.441451925989259863e-01
-4.441084202623618027e-01
-4.440716785566468094e-01
-4.440349674562659166e-01
-4.439982869357252948e-01
-4.439616369695523757e-01
-4.439250175322957959e-01
-4.438884285985253420e-01
-4.438518701428321167e-01
-4.438153421398282061e-01
-4.437788445641470125e-01
-4.437423773904429769e-01
-4.437059405933916345e-01
-4.436695341476897259e-01
-4.436331580280549192e-01
-4.435968122092260879e-01
-4.435604966659629778e-01
-4.435242113730465952e-01
-4.434879563052787077e-01
-4.434517314374822883e-01
-4.434155367445010154e-01
-4.433793722011998284e-01
-4.433432377824644277e-01
-4.433071334632014415e-01
-4.432710592183384257e-01
-4.432350150228238084e-01
-4.431990008516269453e-01
-4.431630166797379533e-01
-4.431270624821678772e-01
-4.430911382339484117e-01
-4.430552439101322904e-01
-4.430193794857927858e-01
-4.429835449360241539e-01
-4.429477402359411897e-01
-4.429119653606795604e-01
-4.428762202853956387e-01
-4.428405049852663922e-01
-4.428048194354894940e-01
-4.427691636112834339e-01
-4.427335374878871299e-01
-4.426979410405602611e-01
-4.426623742445831011e-01
-4.426268370752563519e-01
-4.425913295079015319e-01
-4.425558515178605878e-01
-4.425204030804960054e-01
-4.424849841711908649e-01
-4.424495947653486194e-01
-4.424142348383933721e-01
-4.423789043657695430e-01
-4.423436033229421471e-01
-4.423083316853965163e-01
-4.422730894286384662e-01
-4.422378765281942403e-01
-4.422026929596103995e-01
-4.421675386984539324e-01
-4.421324137203121452e-01
-4.420973180007927161e-01
-4.420622515155235854e-01
-4.420272142401529547e-01
-4.419922061503495092e-01
-4.419572272218020292e-01
-4.419222774302196122e-01
-4.418873567513315059e-01
-4.418524651608872755e-01
-4.418176026346566365e-01
-4.417827691484295105e-01
-4.417479646780159697e-01
-4.417131891992462367e-01
-4.416784426879706849e-01
-4.416437251200597824e-01
-4.416090364714041483e-01
-4.415743767179143298e-01
-4.415397458355211913e-01
-4.415051438001754147e-01
-4.414705705878478326e-01
-4.414360261745292613e-01
-4.414015105362305569e-01
-4.413670236489825038e-01
-4.413325654888358152e-01
-4.412981360318612989e-01
-4.412637352541495805e-01
-4.412293631318112697e-01
-4.411950196409767377e-01
-4.411607047577963958e-01
-4.411264184584404169e-01
-4.410921607190989580e-01
-4.410579315159818825e-01
-4.410237308253188715e-01
-4.409895586233594789e-01
-4.409554148863730205e-01
-4.409212995906485189e-01
-4.408872127124948137e-01
-4.408531542282405069e-01
-4.408191241142337957e-01
-4.407851223468426949e-01
-4.407511489024549256e-01
-4.407172037574776935e-01
-4.406832868883380216e-01
-4.406493982714825841e-01
-4.406155378833775949e-01
-4.405817057005088078e-01
-4.405479016993817942e-01
-4.405141258565214435e-01
-4.404803781484724068e-01
-4.404466585517986532e-01
-4.404129670430838583e-01
-4.403793035989310711e-01
-4.403456681959630470e-01
-4.403120608108217482e-01
-4.402784814201687880e-01
-4.402449300006850419e-01
-4.402114065290709810e-01
-4.401779109820464497e-01
-4.401444433363505548e-01
-4.401110035687419431e-01
-4.400775916559985235e-01
-4.400442075749175785e-01
-4.400108513023157641e-01
-4.399775228150289430e-01
-4.399442220899123512e-01
-4.399109491038404318e-01
-4.398777038337070566e-01
-4.398444862564251379e-01
-4.398112963489269611e-01
-4.397781340881639633e-01
-4.397449994511067883e-01
-4.397118924147452312e-01
-4.396788129560884051e-01
-4.396457610521643522e-01
-4.396127366800203773e-01
-4.395797398167229364e-01
-4.395467704393575259e-01
-4.395138285250287380e-01
-4.394809140508602052e-01
-4.394480269939947115e-01
-4.394151673315940254e-01
-4.393823350408388451e-01
-4.393495300989290198e-01
-4.393167524830833837e-01
-4.392840021705396447e-01
-4.392512791385545512e-01
-4.392185833644037807e-01
-4.391859148253818845e-01
-4.391532734988024544e-01
-4.391206593619978449e-01
-4.390880723923193396e-01
-4.390555125671371517e-01
-4.390229798638402570e-01
-4.389904742598365051e-01
-4.389579957325525639e-01
-4.389255442594338641e-01
-4.388931198179447657e-01
-4.388607223855681139e-01
-4.388283519398058496e-01
-4.387960084581783993e-01
-4.387636919182250628e-01
-4.387314022975037919e-01
-4.386991395735912458e-01
-4.386669037240826796e-01
-4.386346947265922225e-01
-4.386025125587523776e-01
-4.385703571982144666e-01
-4.385382286226484072e-01
-4.385061268097426579e-01
-4.384740517372042734e-01
-4.384420033827589602e-01
-4.384099817241508545e-01
-4.383779867391426888e-01
-4.383460184055157915e-01
-4.383140767010698657e-01
-4.382821616036231549e-01
-4.382502730910124988e-01
-4.382184111410929450e-01
-4.381865757317382482e-01
-4.381547668408404816e-01
-4.381229844463100931e-01
-4.380912285260760153e-01
-4.380594990580854442e-01
-4.380277960203041165e-01
-4.379961193907160322e-01
-4.379644691473234541e-01
-4.379328452681470751e-01
-4.379012477312259066e-01
-4.378696765146171677e-01
-4.378381315963964515e-01
-4.378066129546575036e-01
-4.377751205675123880e-01
-4.377436544130914320e-01
-4.377122144695431150e-01
-4.376808007150341240e-01
-4.376494131277494093e-01
-4.376180516858919067e-01
-4.375867163676829819e-01
-4.375554071513619303e-01
-4.375241240151862554e-01
-4.374928669374315016e-01
-4.374616358963914209e-01
-4.374304308703778066e-01
-4.373992518377204375e-01
-4.373680987767672446e-01
-4.373369716658841444e-01
-4.373058704834550392e-01
-4.372747952078820388e-01
-4.372437458175849057e-01
-4.372127222910016653e-01
-4.371817246065882179e-01
-4.371507527428182827e-01
-4.371198066781837310e-01
-4.370888863911941979e-01
-4.370579918603772485e-01
-4.370271230642783777e-01
-4.369962799814609000e-01
-4.369654625905059486e-01
-4.369346708700126980e-01
-4.369039047985978641e-01
-4.368731643548962040e-01
-4.368424495175601829e-01
-4.368117602652599740e-01
-4.367810965766836806e-01
-4.367504584305370585e-01
-4.367198458055435717e-01
-4.366892586804445031e-01
-4.366586970339987883e-01
-4.366281608449830154e-01
-4.365976500921915360e-01
-4.365671647544362988e-01
-4.365367048105469605e-01
-4.365062702393707195e-01
-4.364758610197725375e-01
-4.364454771306348624e-01
-4.364151185508577946e-01
-4.363847852593589205e-01
-4.363544772350735346e-01
-4.363241944569543063e-01
-4.362939369039716131e-01
-4.362637045551132076e-01
-4.362334973893844392e-01
-4.362033153858080881e-01
-4.361731585234244202e-01
-4.361430267812911876e-01
-4.361129201384835730e-01
-4.360828385740941893e-01
-4.360527820672330246e-01
-4.360227505970274975e-01
-4.359927441426224570e-01
-4.359627626831800717e-01
-4.359328061978798852e-01
-4.359028746659188158e-01
-4.358729680665109907e-01
-4.358430863788880227e-01
-4.358132295822986779e-01
-4.357833976560090972e-01
-4.357535905793026298e-01
-4.357238083314800003e-01
-4.356940508918590305e-01
-4.356643182397748060e-01
-4.356346103545797321e-01
-4.356049272156432006e-01
-4.355752688023520891e-01
-4.355456350941101507e-01
-4.355160260703384023e-01
-4.354864417104751251e-01
-4.354568819939755864e-01
-4.354273469003121511e-01
-4.353978364089743924e-01
-4.353683504994689257e-01
-4.353388891513193526e-01
-4.353094523440664831e-01
-4.352800400572680029e-01
-4.352506522704988057e-01
-4.352212889633506609e-01
-4.351919501154323244e-01
-4.351626357063696493e-01
-4.351333457158054752e-01
-4.351040801233994060e-01
-4.350748389088281431e-01
-4.350456220517853745e-01
-4.350164295319814967e-01
-4.349872613291440038e-01
-4.349581174230172098e-01
-4.349289977933621931e-01
-4.348999024199570740e-01
-4.348708312825966815e-01
-4.348417843610927758e-01
-4.348127616352738256e-01
-4.347837630849852308e-01
-4.347547886900890446e-01
-4.347258384304641954e-01
-4.346969122860062651e-01
-4.346680102366277665e-01
-4.346391322622577547e-01
-4.346102783428420491e-01
-4.345814484583432891e-01
-4.345526425887407118e-01
-4.345238607140301523e-01
-4.344951028142242655e-01
-4.344663688693523040e-01
-4.344376588594600630e-01
-4.344089727646101018e-01
-4.343803105648815222e-01
-4.343516722403699681e-01
-4.343230577711877927e-01
-4.342944671374637244e-01
-4.342659003193432010e-01
-4.342373572969882023e-01
-4.342088380505771394e-01
-4.341803425603049660e-01
-4.341518708063831777e-01
-4.341234227690397574e-01
-4.340949984285190077e-01
-4.340665977650818852e-01
-4.340382207590057217e-01
-4.340098673905842253e-01
-4.339815376401275349e-01
-4.339532314879622765e-01
-4.339249489144313410e-01
-4.338966898998940502e-01
-4.338684544247261021e-01
-4.338402424693195703e-01
-4.338120540140827375e-01
-4.337838890394403735e-01
-4.337557475258334017e-01
-4.337276294537191212e-01
-4.336995348035710962e-01
-4.336714635558791553e-01
-4.336434156911493920e-01
-4.336153911899040536e-01
-4.335873900326817632e-01
-4.335594122000371864e-01
-4.335314576725413649e-01
-4.335035264307813829e-01
-4.334756184553605340e-01
-4.334477337268982655e-01
-4.334198722260302339e-01
-4.333920339334081384e-01
-4.333642188296998876e-01
-4.333364268955893217e-01
-4.333086581117766012e-01
-4.332809124589777627e-01
-4.332531899179250523e-01
-4.332254904693666475e-01
-4.331978140940668243e-01
-4.331701607728059567e-01
-4.331425304863802950e-01
-4.331149232156020767e-01
-4.330873389412996932e-01
-4.330597776443173563e-01
-4.330322393055152097e-01
-4.330047239057694952e-01
-4.329772314259722754e-01
-4.329497618470315445e-01
-4.329223151498711730e-01
-4.328948913154310185e-01
-4.328674903246666483e-01
-4.328401121585497280e-01
-4.328127567980675217e-01
-4.327854242242232807e-01
-4.327581144180361328e-01
-4.327308273605408040e-01
-4.327035630327880633e-01
-4.326763214158442783e-01
-4.326491024907916927e-01
-4.326219062387282599e-01
-4.325947326407676985e-01
-4.325675816780394367e-01
-4.325404533316886124e-01
-4.325133475828761842e-01
-4.324862644127786537e-01
-4.324592038025882323e-01
-4.324321657335128966e-01
-4.324051501867761660e-01
-4.323781571436172699e-01
-4.323511865852910363e-01
-4.323242384930678917e-01
-4.322973128482338612e-01
-4.322704096320906242e-01
-4.322435288259554031e-01
-4.322166704111608526e-01
-4.321898343690554478e-01
-4.321630206810029851e-01
-4.321362293283828593e-01
-4.321094602925898975e-01
-4.320827135550345810e-01
-4.320559890971427119e-01
-4.320292869003556913e-01
-4.320026069461302964e-01
-4.319759492159387926e-01
-4.319493136912688769e-01
-4.319227003536236231e-01
-4.318961091845215927e-01
-4.318695401654966126e-01
-4.318429932780980529e-01
-4.318164685038905493e-01
-4.317899658244541694e-01
-4.317634852213841357e-01
-4.317370266762913245e-01
-4.317105901708015447e-01
-4.316841756865562596e-01
-4.316577832052120312e-01
-4.316314127084407426e-01
-4.316050641779295982e-01
-4.315787375953809013e-01
-4.315524329425123873e-01
-4.315261502010568906e-01
-4.314998893527625112e-01
-4.314736503793925593e-01
-4.314474332627255548e-01
-4.314212379845551171e-01
-4.313950645266900752e-01
-4.313689128709544685e-01
-4.313427829991873796e-01
-4.313166748932431016e-01
-4.312905885349909707e-01
-4.312645239063154778e-01
-4.312384809891161574e-01
-4.312124597653076430e-01
-4.311864602168197225e-01
-4.311604823255970609e-01
-4.311345260735994778e-01
-4.311085914428018362e-01
-4.310826784151939317e-01
-4.310567869727806034e-01
-4.310309170975817339e-01
-4.310050687716320827e-01
-4.309792419769814531e-01
-4.309534366956945250e-01
-4.309276529098509667e-01
-4.309018906015454342e-01
-4.308761497528874052e-01
-4.308504303460012341e-01
-4.308247323630263192e-01
-4.307990557861167691e-01
-4.307734005974416247e-01
-4.307477667791848042e-01
-4.307221543135449915e-01
-4.306965631827358587e-01
-4.306709933689857328e-01
-4.306454448545377622e-01
-4.306199176216499169e-01
-4.305944116525950438e-01
-4.305689269296605892e-01
-4.305434634351488210e-01
-4.305180211513768285e-01
-4.304926000606762448e-01
-4.304672001453936359e-01
-4.304418213878901112e-01
-4.304164637705415464e-01
-4.303911272757384721e-01
-4.303658118858861292e-01
-4.303405175834044138e-01
-4.303152443507277658e-01
-4.302899921703053354e-01
-4.302647610246009280e-01
-4.302395508960928927e-01
-4.302143617672741782e-01
-4.301891936206523881e-01
-4.301640464387495588e-01
-4.301389202041024373e-01
-4.301138148992622590e-01
-4.300887305067946920e-01
-4.300636670092801150e-01
-4.300386243893132288e-01
-4.300136026295033886e-01
-4.299886017124743831e-01
-4.299636216208644335e-01
-4.299386623373262495e-01
-4.299137238445270293e-01
-4.298888061251483483e-01
-4.298639091618862151e-01
-4.298390329374510710e-01
-4.298141774345677901e-01
-4.297893426359756242e-01
-4.297645285244280910e-01
-4.297397350826932527e-01
-4.297149622935534374e-01
-4.296902101398052953e-01
-4.296654786042597984e-01
-4.296407676697423517e-01
-4.296160773190925153e-01
-4.295914075351642269e-01
-4.295667583008256907e-01
-4.295421295989593768e-01
-4.295175214124620222e-01
-4.294929337242446299e-01
-4.294683665172324138e-01
-4.294438197743647989e-01
-4.294192934785953653e-01
-4.293947876128920704e-01
-4.293703021602369718e-01
-4.293458371036261156e-01
-4.293213924260700365e-01
-4.292969681105932023e-01
-4.292725641402342918e-01
-4.292481804980461391e-01
-4.292238171670955671e-01
-4.291994741304636651e-01
-4.291751513712455113e-01
-4.291508488725502835e-01
-4.291265666175013704e-01
-4.291023045892359278e-01
-4.290780627709054329e-01
-4.290538411456752410e-01
-4.290296396967247516e-01
-4.290054584072474642e-01
-4.289812972604508112e-01
-4.289571562395562143e-01
-4.289330353277990282e-01
-4.289089345084286520e-01
-4.288848537647084180e-01
-4.288607930799155366e-01
-4.288367524373412620e-01
-4.288127318202906713e-01
-4.287887312120827743e-01
-4.287647505960505145e-01
-4.287407899555406021e-01
-4.287168492739137915e-01
-4.286929285345445484e-01
-4.286690277208213273e-01
-4.286451468161462386e-01
-4.286212858039353812e-01
-4.285974446676186211e-01
-4.285736233906395354e-01
-4.285498219564556344e-01
-4.285260403485381397e-01
-4.285022785503720399e-01
-4.284785365454560901e-01
-4.284548143173027568e-01
-4.284311118494382731e-01
-4.284074291254026390e-01
-4.283837661287494547e-01
-4.283601228430460872e-01
-4.283364992518736702e-01
-4.283128953388268267e-01
-4.282893110875140019e-01
-4.282657464815572412e-01
-4.282422015045922459e-01
-4.282186761402683173e-01
-4.281951703722484126e-01
-4.281716841842090338e-01
-4.281482175598403384e-01
-4.281247704828461398e-01
-4.281013429369436296e-01
-4.280779349058637662e-01
-4.280545463733509415e-01
-4.280311773231630923e-01
-4.280078277390717556e-01
-4.279844976048619021e-01
-4.279611869043320471e-01
-4.279378956212942509e-01
-4.279146237395740071e-01
-4.278913712430101879e-01
-4.278681381154553764e-01
-4.278449243407753122e-01
-4.278217299028493903e-01
-4.277985547855703841e-01
-4.277753989728444450e-01
-4.277522624485910474e-01
-4.277291451967433211e-01
-4.277060472012474968e-01
-4.276829684460633496e-01
-4.276599089151639776e-01
-4.276368685925358015e-01
-4.276138474621785646e-01
-4.275908455081054438e-01
-4.275678627143427724e-01
-4.275448990649303171e-01
-4.275219545439211122e-01
-4.274990291353814031e-01
-4.274761228233908694e-01
-4.274532355920422910e-01
-4.274303674254417151e-01
-4.274075183077085116e-01
-4.273846882229752620e-01
-4.273618771553876483e-01
-4.273390850891047865e-01
-4.273163120082987820e-01
-4.272935578971549520e-01
-4.272708227398718805e-01
-4.272481065206612527e-01
-4.272254092237479095e-01
-4.272027308333698481e-01
-4.271800713337781663e-01
-4.271574307092371736e-01
-4.271348089440241136e-01
-4.271122060224294414e-01
-4.270896219287567130e-01
-4.270670566473225849e-01
-4.270445101624565920e-01
-4.270219824585015367e-01
-4.269994735198131552e-01
-4.269769833307602847e-01
-4.269545118757246960e-01
-4.269320591391012054e-01
-4.269096251052976188e-01
-4.268872097587347869e-01
-4.268648130838464949e-01
-4.268424350650794619e-01
-4.268200756868933965e-01
-4.267977349337609971e-01
-4.267754127901678407e-01
-4.267531092406123827e-01
-4.267308242696061238e-01
-4.267085578616733321e-01
-4.266863100013512100e-01
-4.266640806731898938e-01
-4.266418698617523431e-01
-4.266196775516143957e-01
-4.265975037273647130e-01
-4.265753483736047791e-01
-4.265532114749489567e-01
-4.265310930160243763e-01
-4.265089929814709913e-01
-4.264869113559416336e-01
-4.264648481241017364e-01
-4.264428032706296667e-01
-4.264207767802165039e-01
-4.263987686375660946e-01
-4.263767788273948867e-01
-4.263548073344323175e-01
-4.263328541434203145e-01
-4.263109192391136282e-01
-4.262890026062796656e-01
-4.262671042296986568e-01
-4.262452240941632664e-01
-4.262233621844789822e-01
-4.262015184854639482e-01
-4.261796929819489099e-01
-4.261578856587772690e-01
-4.261360965008050283e-01
-4.261143254929009028e-01
-4.260925726199460417e-01
-4.260708378668343621e-01
-4.260491212184722154e-01
-4.260274226597786651e-01
-4.260057421756852092e-01
-4.259840797511359467e-01
-4.259624353710876332e-01
-4.259408090205092923e-01
-4.259192006843827705e-01
-4.258976103477021824e-01
-4.258760379954742437e-01
-4.258544836127181599e-01
-4.258329471844656822e-01
-4.258114286957608852e-01
-4.257899281316603335e-01
-4.257684454772331928e-01
-4.257469807175608967e-01
-4.257255338377373133e-01
-4.257041048228688007e-01
-4.256826936580741516e-01
-4.256613003284844821e-01
-4.256399248192432871e-01
-4.256185671155064409e-01
-4.255972272024422520e-01
-4.255759050652312969e-01
-4.255546006890665311e-01
-4.255333140591533447e-01
-4.255120451607092291e-01
-4.254907939789641658e-01
-4.254695604991604041e-01
-4.254483447065524615e-01
-4.254271465864071233e-01
-4.254059661240034984e-01
-4.253848033046329635e-01
-4.253636581135990524e-01
-4.253425305362176223e-01
-4.253214205578167428e-01
-4.253003281637366961e-01
-4.252792533393300323e-01
-4.252581960699614028e-01
-4.252371563410077826e-01
-4.252161341378581372e-01
-4.251951294459137554e-01
-4.251741422505881385e-01
-4.251531725373066672e-01
-4.251322202915072124e-01
-4.251112854986394685e-01
-4.250903681441654536e-01
-4.250694682135592317e-01
-4.250485856923069128e-01
-4.250277205659068192e-01
-4.250068728198692081e-01
-4.249860424397164937e-01
-4.249652294109831918e-01
-4.249444337192156973e-01
-4.249236553499726732e-01
