-1.100000000000000089e+00
-9.431443110764854421e-01
-8.086556286508530533e-01
-6.933445052563917965e-01
-5.944762961351875985e-01
-5.097063061542927986e-01
-4.370241845174824280e-01
-3.747062485731852965e-01
-3.212746060605555787e-01
-2.754621063630471878e-01
-2.361822895758670104e-01
-2.025036207186346193e-01
-1.736273980483368229e-01
-1.488688115602739837e-01
-1.276407024725361161e-01
-1.094396385443443115e-01
-9.383397499942286446e-02
-8.045361791490804326e-02
-6.898124731087884598e-02
-5.914479179292318062e-02
-5.071097628118062528e-02
-4.347978980793645171e-02
-3.727974218559693131e-02
-3.196379705522164189e-02
-2.740588486639600196e-02
-2.349791309250775714e-02
-2.014720277760759931e-02
-1.727429062164087883e-02
-1.481104447971135461e-02
-1.269904758376412882e-02
-1.088821316792430195e-02
-9.335596642832616823e-03
-8.004377149265742147e-03
-6.862984338218731592e-03
-5.884349668725466151e-03
-5.045264467675656707e-03
-4.325829527786028209e-03
-3.708983190743700246e-03
-3.180096723843848453e-03
-2.726627394332994773e-03
-2.337821013991330573e-03
-2.004456899691804943e-03
-1.718629201583940459e-03
-1.473559413021651322e-03
-1.263435615840522927e-03
-1.083274648628549481e-03
-9.288039292612688090e-04
-7.963601290802288990e-04
-6.828022957365029264e-04
-5.854373643762246808e-04
-5.019562906391340871e-04
-4.303792908412313548e-04
-3.690088906927630765e-04
-3.163896690850220698e-04
-2.712737422553727147e-04
-2.325911697750760875e-04
-1.994245805272619433e-04
-1.709874169210011895e-04
-1.466052813951868386e-04
-1.256999428378526083e-04
-1.077756236274183188e-04
-9.240724208810901098e-05
-7.923033152515238130e-05
-6.793239676604676111e-05
-5.824550322517050020e-05
-4.993992273873334027e-05
-4.281868547875962650e-05
-3.671290874278673966e-05
-3.147779183984499257e-05
-2.698918208999966618e-05
-2.314063049890047679e-05
-1.984086728160091594e-05
-1.701163736678680394e-05
-1.458584454961922587e-05
-1.250596028110847063e-05
-1.072265935788722350e-05
-9.193650157274890243e-06
-7.882671676237488657e-06
-6.758633588661031549e-06
-5.794878927087368582e-06
-4.968551903144956851e-06
-4.260055874308557910e-06
-3.652588602474619589e-06
-3.131743782842493928e-06
-2.685169393215502094e-06
-2.302274761352636539e-06
-1.973979403367921469e-06
-1.692497676789643429e-06
-1.451154141249382760e-06
-1.244225248013126032e-06
-1.066803603964825098e-06
-9.146815910139247283e-07
-7.842515809192474415e-07
-6.724203790879338059e-07
-5.765358683533443395e-07
-4.943241130627260583e-07
-4.238354318754898247e-07
-3.633981603691033756e-07
-3.115790069161640001e-07
-2.671490616580373330e-07
-2.290546524656353361e-07
-1.963923567259686691e-07
-1.683875763500010640e-07
-1.443761679004188057e-07
-1.237886921911850427e-07
-1.061369098324676137e-07
-9.100220245793616176e-08
-7.802564503966644308e-08
-6.689949385203125958e-08
-5.735988821858147381e-08
-4.918059296121661269e-08
-4.216763315158155824e-08
-3.615469392588579193e-08
-3.099917626810069963e-08
-2.657881522301480165e-08
-2.278878033885410032e-08
-1.953918957541992578e-08
-1.675297771918389240e-08
-1.436406875403582912e-08
-1.231580884480036287e-08
-1.055962277116266285e-08
-9.053861948850679896e-09
-7.762816718482167157e-09
-6.655869478150809877e-09
-5.706768575986868339e-09
-4.893005742792794897e-09
-4.195282300345090158e-09
-3.597051486300301453e-09
-3.084126041775770575e-09
-2.644341755403325875e-09
-2.267268984682414029e-09
-1.943965313257617012e-09
-1.666763478299036799e-09
-1.429089538607084192e-09
-1.225306971232896911e-09
-1.050582999309696510e-09
-9.007739810114654202e-10
-7.723271415969837777e-10
-6.621963180792353261e-10
-5.677697183747508676e-10
-4.868079817151299396e-10
-4.173910714011370476e-10
-3.578727404419106756e-10
-3.068414902155817413e-10
-2.630870962718701727e-10
-2.255719074240418869e-10
-1.934062374778698654e-10
-1.658272660036001447e-10
-1.421809477751478543e-10
-1.219065018523578564e-10
-1.045231124593512735e-10
-8.961852626549539072e-11
-7.683927564941874086e-11
-6.588229608726087599e-11
-5.648773886850611959e-11
-4.843280869036876490e-11
-4.152647998707007628e-11
-3.560496668985153393e-11
-3.052783798145568600e-11
-2.617468792879509438e-11
-2.244228001295033964e-11
-1.924209883799966869e-11
-1.649825095657350219e-11
-1.414566502945862649e-11
-1.212854863538863166e-11
-1.039906513371024098e-11
-8.916199201247832506e-12
-7.644784139165091986e-12
-6.554667882055733459e-12
-5.619997930869657771e-12
-4.818608251601217700e-12
-4.131493599821728701e-12
-3.542358804473431100e-12
-3.037232322028005999e-12
-2.604134896307581394e-12
-2.232795466116590899e-12
-1.914407583332030298e-12
-1.641420564819352852e-12
-1.407360425266659135e-12
-1.206676344294935090e-12
-1.034609026756671929e-12
-8.870778343399409055e-13
-7.605840117634223927e-13
-6.521277125367299305e-13
-5.591368565221261457e-13
-4.794061321291205900e-13
-4.110446965570550962e-13
-3.524313337781335580e-13
-3.021760068163135227e-13
-2.590868925205595308e-13
-2.221421170502278890e-13
-1.904655217694629671e-13
-1.633058848300754385e-13
-1.400191056752704091e-13
-1.200529299633168758e-13
-1.029338526572419343e-13
-8.825588868260268196e-14
-7.567094484545121309e-14
-6.488056467706349648e-14
-5.562885043145657073e-14
-4.769639437832089099e-14
-4.089507546979439713e-14
-3.506359798216375397e-14
-3.006366632977336454e-14
-2.577670533547949409e-14
-2.210104817768390675e-14
-1.894952532509992357e-14
-1.624739727997071925e-14
-1.393058210400359498e-14
-1.194413569215899480e-14
-1.024094875344123720e-14
-8.780629597121757496e-15
-7.528546229268364958e-15
-6.455005042555262517e-15
-5.534546621687295961e-15
-4.745341964210836522e-15
-4.068674797870880025e-15
-3.488497717483810408e-15
-2.991051614952874696e-15
-2.564539377071763476e-15
-2.198846112742607598e-15
-1.885299274696214615e-15
-1.616462986914872379e-15
-1.385961700158605447e-15
-1.188328993522257344e-15
-1.018877936297966568e-15
-8.735899357279795527e-16
-7.490194346322880632e-16
-6.422121987810575873e-16
-5.506352561675233854e-16
-4.721168266659483569e-16
-4.047948174849750957e-16
-3.470726629674533356e-16
-2.975814614617456290e-16
-2.551475113267926696e-16
-2.187644761756252192e-16
-1.875695192460621609e-16
-1.608228409166135758e-16
-1.378901340924207386e-16
-1.182275413844003764e-16
-1.013687573356882215e-16
-8.691396982004223142e-17
-7.452037835349656327e-17
-6.389406445760689768e-17
-5.478302127704204517e-17
-4.697117714638571551e-17
-4.027327137289048541e-17
-3.453046071252832740e-17
-2.960655234533744716e-17
-2.538477401372109636e-17
-2.176500472636660678e-17
-1.866140035293226594e-17
-1.600035779962617665e-17
-1.371876948536882424e-17
-1.176252672281382486e-17
-1.008523651136999934e-17
-8.647121310508618962e-18
-7.414075701085864894e-18
-6.356857563063219785e-18
-5.450394588115100099e-18
-4.673189680820748066e-18
-4.006811147315842991e-18
-3.435455581044350111e-18
-2.945573079289038627e-18
-2.525545902355912308e-18
-2.165412954699553375e-18
-1.856633553960189439e-18
-1.591884885610234495e-18
-1.364888339774486562e-18
-1.170260611739033256e-18
-1.003386034944143293e-18
-8.603071187919644913e-19
-7.376306953338580135e-19
-6.324474490722916850e-19
-5.422629214976067741e-19
-4.649383541074389439e-19
-3.986399669797234524e-19
-3.417954700224039731e-19
-2.930567755484944366e-19
-2.512680278918010424e-19
-2.154381918741438662e-19
-1.847175500497301932e-19
-1.583775513503537262e-19
-1.357935332348273964e-19
-1.164299075921846962e-19
-9.982745907702724454e-20
-8.559245465247177234e-20
-7.338730606959168852e-20
-6.292256384069477628e-20
-5.395005284063480711e-20
-4.625698674447320294e-20
-3.966092172326392283e-20
-3.400542972304199058e-20
-2.915638871727097480e-20
-2.499880195475341575e-20
-2.143407077032129287e-20
-1.837765628203574352e-20
-1.575707452120096079e-20
-1.351017744898084341e-20
-1.158367909330919442e-20
-9.931891852900176419e-21
-8.515642999354273036e-21
-7.301345681817531898e-21
-6.260202402735520001e-21
-5.367522074843048070e-21
-4.602134463150615941e-21
-3.945888125208645472e-21
-3.383219943122540814e-21
-2.900786038615033077e-21
-2.487145318154421779e-21
-2.132488143307145143e-21
-1.828403691634719836e-21
-1.567680491015028764e-21
-1.344135396987651311e-21
-1.152466957259488349e-21
-9.881296858571947434e-22
-8.472262652927347550e-22
-7.264151202776550322e-22
-6.228311710634651527e-22
-5.340178870450987861e-22
-4.578690292542456806e-22
-3.925787001447772204e-22
-3.365985160830438795e-22
-2.886008868731907862e-22
-2.474475314782531005e-22
-2.121624832760309673e-22
-1.819089446596806372e-22
-1.559694420815500903e-22
-1.337288109099885663e-22
-1.146596065788898332e-22
-9.830959605013452760e-23
-8.429103294446521403e-23
-7.227146199666588317e-23
-6.196583475939624609e-23
-5.312974957675467103e-23
-4.555365551112227922e-23
-3.905788276732089449e-23
-3.348838175881001474e-23
-2.871306976634475278e-23
-2.461869854879118122e-23
-2.110816862036303881e-23
-1.809822650139872395e-23
-1.551749033215263437e-23
-1.330475702632193555e-23
-1.140755081784585093e-23
-9.780878779242865690e-24
-8.386163798156031093e-24
-7.190329707260397113e-24
-6.165016871060815815e-24
-5.285909626937787044e-24
-4.532159630464367418e-24
-3.885891429420888263e-24
-3.331778541017440615e-24
-2.856679978843012261e-24
-2.449328609647166373e-24
-2.100063949223276335e-24
-1.800603060551592054e-24
-1.543844120969221242e-24
-1.323697999891807971e-24
-1.134943852892074128e-24
-9.731053074967162516e-25
-8.343443044035113204e-25
-7.153700765247631497e-25
-6.133611072624371111e-25
-5.258982172274015703e-25
-4.509071925302635222e-25
-3.866095940530798072e-25
-3.314805811261380180e-25
-2.842127493831315128e-25
-2.436851251964613676e-25
-2.089365813845489117e-25
-1.791430437350955423e-25
-1.535979477888013417e-25
-1.316954824091191825e-25
-1.129162227533037899e-25
-9.681481192547611352e-26
-8.300939917768429273e-26
-7.117258418210006095e-26
-6.102365261450906022e-26
-5.232191891316541551e-26
-4.486101833414286506e-26
-3.846401293722252055e-26
-3.297919543901252531e-26
-2.827649142016750427e-26
-2.424437456375804890e-26
-2.078722176855987784e-26
-1.782304541282048864e-26
-1.528154898832682033e-26
-1.310245999343370048e-26
-1.123410054901294865e-26
-9.632161838966173189e-27
-8.258653310717245900e-27
-7.081001715596323124e-27
-6.071278622534099188e-27
-5.205538085275744830e-27
-4.463248755654365238e-27
-3.826806975286017510e-27
-3.281119298480724167e-27
-2.813244545750332165e-27
-2.412086899083071389e-27
-2.068132760629382126e-27
-1.773225134307736047e-27
-1.520370179709253696e-27
-1.303571350657379179e-27
-1.117687184958907458e-27
-9.583093727791687255e-28
-8.216582119890440954e-28
-7.044929711697674421e-28
-6.040350345019427020e-28
-5.179020058921783126e-28
-4.440512095930047473e-28
-3.807312474129770195e-28
-3.264404636787302992e-28
-2.798913329306951970e-28
-2.399799257938180447e-28
-2.057597288954516006e-28
-1.764191979603501899e-28
-1.512625117463449891e-28
-1.296930703933694555e-28
-1.111993468432252545e-28
-9.534275579146330227e-29
-8.174725247915694185e-29
-7.009041465622780997e-29
-6.009579622182975851e-29
-5.152637120566447069e-29
-4.417891261185214101e-29
-3.787917281764896045e-29
-3.247775122840765792e-29
-2.784655118875477995e-29
-2.387574212434003497e-29
-2.047115487027304994e-29
-1.755204841551260465e-29
-1.504919510075422004e-29
-1.290323885959688000e-29
-1.106328756808159605e-29
-9.485706119672220171e-30
-8.133081603011090158e-30
-6.973336041273444580e-30
-5.978965651410569680e-30
-5.126388582045122919e-30
-4.395385661384797013e-30
-3.768620892292962169e-30
-3.231230322881883508e-30
-2.770469542548966792e-30
-2.375411443696137236e-30
-2.036687081443616817e-30
-1.746263485733211147e-30
-1.497253156554418754e-30
-1.283750724405110120e-30
-1.100692902329989874e-30
-9.437384082498213601e-31
-8.091650098956279944e-31
-6.937812507320139851e-31
-5.948507634176576940e-31
-5.100273758698840547e-31
-4.372994709499511788e-31
-3.749422802392732245e-31
-3.214769805361077957e-31
-2.756356230315219058e-31
-2.363310634474587054e-31
-2.026311800192046772e-31
-1.737367678925723082e-31
-1.489625856933584356e-31
-1.277211047817595799e-31
-1.095085757993813295e-31
-9.389308207206852218e-32
-8.050429655064397943e-32
-6.902469937177708242e-32
-5.918204776023252835e-32
-5.074291969356345223e-32
-4.350717821490517548e-32
-3.730322511307122262e-32
-3.198393140927170905e-32
-2.742314814046811516e-32
-2.351271469135490958e-32
-2.015989372646885399e-32
-1.728517189093252188e-32
-1.482037412264734326e-32
-1.270704685618191279e-32
-1.089507177544566716e-32
-9.341477239801493237e-33
-8.009419196153808903e-33
-6.867307408981102591e-33
-5.888056286539976686e-33
-5.048442536316617641e-33
-4.328554416294179431e-33
-3.711319520829841219e-33
-3.182099902416181048e-33
-2.728344927491673553e-33
-2.339293633652888895e-33
-2.005719529561043560e-33
-1.719711785382288184e-33
-1.474487624613163873e-33
-1.264231468096905982e-33
-1.083957015472238373e-33
-9.293889932673462137e-34
-7.968617652520057468e-34
-6.832324005561727297e-34
-5.858061379342635074e-34
-5.022724785330762658e-34
-4.306503915806915061e-34
-3.692413335292611891e-34
-3.165889664840186215e-34
-2.714446206263493620e-34
-2.327376815600529136e-34
-1.995502003059027835e-34
-1.710951238115334680e-34
-1.466976297052487590e-34
-1.257791226408266307e-34
-1.078435127008073517e-34
-9.246545044570045878e-35
-7.928023959907975191e-35
-6.797518814422934983e-35
-5.828219272053104907e-35
-4.997138045584714080e-35
-4.284565744870114413e-35
-3.673603461552186851e-35
-3.149762005376233029e-35
-2.700618287832214892e-35
-2.315520704143719686e-35
-1.985336526629956855e-35
-1.702235318784891592e-35
-1.459503233659500275e-35
-1.251383792566984703e-35
-1.072941368120797567e-35
-9.199441340561316766e-36
-7.887637059483916420e-36
-6.762890927716603479e-36
-5.798529186278853300e-36
-4.971681649681660936e-36
-4.262739331255136215e-36
-3.654889408977488552e-36
-3.133716503355311154e-36
-2.686860811514580778e-36
-2.303724990031190307e-36
-1.975222835120606032e-36
-1.693563800047594521e-36
-1.452068239509068678e-36
-1.245008999443469646e-36
-1.067475595512858766e-36
-9.152577592008449328e-37
-7.847455897808138386e-37
-6.728439442219373750e-37
-5.768990347592628644e-37
-4.946354933624644137e-37
-4.241024105648386500e-37
-3.636270689436808021e-37
-3.117752740251338910e-37
-2.673173418464723467e-37
-2.291989365587153373e-37
-1.965160664728493549e-37
-1.684936455718137213e-37
-1.444671120669045114e-37
-1.238666680759538133e-37
-1.062037666616691242e-37
-9.105952576531552659e-38
-7.807479426807331624e-38
-6.694163459309077562e-38
-5.739601985512263344e-38
-4.921157236799232694e-38
-4.219419501636402325e-38
-3.617746817285075126e-38
-3.101870299670415659e-38
-2.659555751664807525e-38
-2.280313524703084177e-38
-1.955149752994999263e-38
-1.676353060763470125e-38
-1.437311684195211574e-38
-1.232356671084060766e-38
-1.056627439590996704e-38
-9.059565077977770518e-39
-7.767706603747267935e-39
-6.660062084941304589e-39
-5.710363333480496793e-39
-4.896087901956298050e-39
-4.197924955691324591e-39
-3.599317309351190832e-39
-3.086068767339704909e-39
-2.646007455915715503e-39
-2.268697162829868271e-39
-1.945189838798517672e-39
-1.667813391296905156e-39
-1.429989738126244118e-39
-1.226078805828646668e-39
-1.051244773317043300e-39
-9.013413886389566811e-40
-7.728136391205509024e-40
-6.626134429626083299e-40
-5.681273628845301379e-40
-4.871146275194861228e-40
-4.176539907155832165e-40
-3.580981684925423409e-40
-3.070347731096798238e-40
-2.632528177827783470e-40
-2.257139976969821731e-40
-1.935280662347648357e-40
-1.659317224572277395e-40
-1.422705091478707631e-40
-1.219832921243350292e-40
-1.045889527394971431e-40
-8.967497797973171308e-41
-7.688767757044773628e-41
-6.592379608404674425e-41
-5.652332112839505906e-41
-4.846331705945047194e-41
-4.155263798228763074e-41
-3.562739465746870133e-41
-3.054706780878922755e-41
-2.619117565811583842e-41
-2.245641665668792600e-41
-1.925421965174418822e-41
-1.650864338978134487e-41
-1.415457554242054513e-41
-1.213618854412399823e-41
-1.040561562140189793e-41
-8.921815615067166268e-42
-7.649599674385360739e-42
-6.558796740826493466e-42
-5.623538030561327204e-42
-4.821643546951108829e-42
-4.134096073950504575e-42
-3.544590175990983068e-42
-3.039145508712247260e-42
-2.605775270068753606e-42
-2.234201929008292087e-42
-1.915613490127515213e-42
-1.642454514031955296e-42
-1.408246937373747376e-42
-1.207436443249948625e-42
-1.035260738579643012e-42
-8.876366146111256226e-43
-7.610631121578803812e-43
-6.525384950926140942e-43
-5.594890630954600645e-43
-4.797081154254545628e-43
-4.113036182188513315e-43
-3.526533342257157537e-43
-3.023663508701236620e-43
-2.592500942582834330e-43
-2.222820468597677680e-43
-1.905854981365684770e-43
-1.634087530374400334e-43
-1.401073052794208178e-43
-1.201285526495847210e-43
-1.029986918448246661e-43
-8.831148205615194019e-44
-7.571861082181116382e-44
-6.492143367200557734e-44
-5.566389166789185891e-44
-4.772643887177307780e-44
-4.092083573622920180e-44
-3.508568493556332579e-44
-3.008260377018067671e-44
-2.579294237110341184e-44
-2.211496987566364062e-44
-1.896146184350897711e-44
-1.625763169763588688e-44
-1.393935713381993840e-44
-1.195165943711436110e-44
-1.024739964185266071e-44
-8.786160614127839917e-45
-7.533288544926269431e-45
-6.459071122586291441e-45
-5.538032894641480860e-45
-4.748331108305017774e-45
-4.071237701732195735e-45
-3.490695161298908733e-45
-2.992935711892096292e-45
-2.566154809171511754e-45
-2.200231190556085321e-45
-1.886486845841818748e-45
-1.617481215069407240e-45
-1.386834732968893193e-45
-1.189077535275362167e-45
-1.019519738930726661e-45
-8.741402198206416561e-46
-7.494912503699828732e-46
-6.426167354436786952e-46
-5.509821074875027927e-46
-4.724142183470612769e-46
-4.050498022778898376e-46
-3.472912879282223488e-46
-2.977689113599373608e-46
-2.553082316041466504e-46
-2.189022783713186603e-46
-1.876876713887172698e-46
-1.609241450267844723e-46
-1.379769926335073093e-46
-1.183020142379414232e-46
-1.014326106521846457e-46
-8.696871790385765934e-47
-7.456731957512696114e-47
-6.393431204500253272e-47
-5.481752971621219657e-47
-4.700076481737398091e-47
-4.029863995795494194e-47
-3.455221183678589642e-47
-2.962520184452224897e-47
-2.540076416741234286e-47
-2.177871474680961168e-47
-1.867315537819173701e-47
-1.601043660435358796e-47
-1.372741109204246623e-47
-1.176993607024364468e-47
-1.009158931489482137e-47
-8.652568229148395366e-48
-7.418745910475010607e-48
-6.360861818896728069e-48
-5.453827852760110309e-48
-4.676133375382861189e-48
-4.009335082570239486e-48
-3.437619613023152393e-48
-2.947428528788872353e-48
-2.527136772028856435e-48
-2.166776972592024638e-48
-1.857803068246985675e-48
-1.592887631743247958e-48
-1.365748098238864956e-48
-1.170997772015914381e-48
-1.004018079054597584e-48
-8.608490358893441450e-49
-7.380953371770167441e-49
-6.328458348096172845e-49
-5.426044989901311962e-49
-4.652312239882232334e-49
-3.988910747633146947e-49
-3.420107708201843718e-49
-2.932413752963118342e-49
-2.514263044390539110e-49
-2.155738988060696608e-49
-1.848339057050219143e-49
-1.584773151452162030e-49
-1.358790711035337793e-49
-1.165032480960493416e-49
-9.989034151247468636e-50
-8.564637029907015908e-50
-7.343353355628973447e-50
-6.296219946896218462e-50
-5.398403658365003545e-50
-4.628612453892188895e-50
-3.968590458242020184e-50
-3.402685012439417265e-50
-2.917475465334032194e-50
-2.501454898031850344e-50
-2.144757233175576230e-50
-1.838923257372457746e-50
-1.576700007906419759e-50
-1.351868766119273494e-50
-1.159097578261247388e-50
-9.938148062905774124e-51
-8.521007098332102247e-51
-7.305944881303940525e-51
-6.264145774400121530e-51
-5.370903137163023389e-51
-4.605033399234654751e-51
-3.948373684368496077e-51
-3.385351071287526275e-51
-2.902613276255904061e-51
-2.488711998868959963e-51
-2.133831421491847867e-51
-1.829555423614819725e-51
-1.568667990528577561e-51
-1.344982082940746797e-51
-1.153192909113962353e-51
-9.887521198223494462e-52
-8.477599426138709585e-52
-7.268726973043694874e-52
-6.232234993994833536e-52
-5.343542708979984713e-52
-4.581574460880675620e-52
-3.928259898684450455e-52
-3.368105432612871915e-52
-2.887826798067831221e-52
-2.476034014519925710e-52
-2.122961268023931197e-52
-1.820235311429552470e-52
-1.560676889813914481e-52
-1.338130481869588793e-52
-1.147318319503027717e-52
-9.837152236664748570e-53
-8.434412881094199895e-53
-7.231698660067429739e-53
-6.200486773329173476e-53
-5.316321660154876722e-53
-4.558235026934369062e-53
-3.908248576547902736e-53
-3.350947646585413085e-53
-2.873115645083772022e-53
-2.463420614296024038e-53
-2.112146489238019277e-53
-1.810962677713657964e-53
-1.552726497324967477e-53
-1.331313784190701629e-53
-1.141473656197418105e-53
-9.787039864420579895e-54
-8.391446336733742721e-54
-7.194858976539993091e-54
-6.168900284292117453e-54
-5.289239280661987829e-54
-4.535014488616976155e-54
-3.888339195989553662e-54
-3.333877265666628624e-54
-2.858479433582443870e-54
-2.450871469193124671e-54
-2.101386803044680264e-54
-1.801737280602552841e-54
-1.544816605686094267e-54
-1.324531812099378640e-54
-1.135658766746697142e-54
-9.737182774375251708e-55
-8.348698672330943580e-55
-7.158206961546075746e-55
-6.137474702991207228e-55
-5.262294864092691511e-55
-4.511912240250969891e-55
-3.868531237699122954e-55
-3.316893844597845764e-55
-2.843917781797318256e-55
-2.438386251883107836e-55
-2.090681928791501848e-55
-1.792558879463732521e-55
-1.536947008578065121e-55
-1.317784388696740853e-55
-1.129873499477040608e-55
-9.687579666071309835e-56
-8.306168772868604313e-56
-7.121741659065567598e-56
-6.106209209731047122e-56
-5.235487707636946675e-56
-4.488927679244266859e-56
-3.848824185011793622e-56
-3.299996940388628732e-56
-2.829430309906656519e-56
-2.425964636705293437e-56
-2.080031587255740889e-56
-1.783427234890624686e-56
-1.529117500732680562e-56
-1.311071337985010691e-56
-1.124117703487264360e-56
-9.638229245676362281e-57
-8.263855529009642882e-57
-7.085462117948502485e-57
-6.075102988991846910e-57
-5.208817112065035180e-57
-4.466060206074503073e-57
-3.829217523894741625e-57
-3.283186112305170845e-57
-2.815016640023568084e-57
-2.413606299658116974e-57
-2.069435500637186352e-57
-1.774342108696061940e-57
-1.521327877927395260e-57
-1.304392484863014341e-57
-1.118391228644967793e-57
-9.589130225948502806e-58
-8.221757837068038979e-58
-7.049367391890364478e-58
-6.044155229408577597e-58
-5.182282381708956788e-58
-4.443309224273335425e-58
-3.809710742933673408e-58
-3.266460921859039156e-58
-2.800676396186349837e-58
-2.401310918390301160e-58
-2.058893392550589425e-58
-1.765303263906450919e-58
-1.513577936980099896e-58
-1.297747655121504513e-58
-1.112693925582443399e-58
-9.540281326204242084e-59
-8.179874598980635822e-59
-7.013456539406894173e-59
-6.013365123748857654e-59
-5.155882824444948878e-59
-4.420674140411200877e-59
-3.790303333319753641e-59
-3.249820932795219387e-59
-2.786409204348244308e-59
-2.389078172192963670e-59
-2.048404988018897532e-59
-1.756310464755187848e-59
-1.505867475743584264e-59
-1.291136675438818122e-59
-1.107025645693017877e-59
-9.491681272283055609e-60
-8.138204722277200766e-60
-6.977728623810437121e-60
-5.982731868893191577e-60
-5.129617751675060489e-60
-4.398154364081139562e-60
-3.770994788835742377e-60
-3.233265711081437236e-60
-2.772214692368276699e-60
-2.376907741990702265e-60
-2.037970013465609296e-60
-1.747363476676909177e-60
-1.498196293100586343e-60
-1.284559373376079610e-60
-1.101386241126923892e-60
-9.443328796516052300e-61
-8.096747120053693290e-61
-6.942182713185008093e-61
-5.952254665812651575e-61
-5.103486478308757048e-61
-4.375749307884342100e-61
-3.751784605843598446e-61
-3.216794824896091914e-61
-2.758092490000916588e-61
-2.364799310333817924e-61
-2.027588196708110545e-61
-1.738462066300974642e-61
-1.490564188958204542e-61
-1.278015577372960820e-61
-1.095775564787694710e-61
-9.395222637692092320e-62
-8.055500710942045609e-62
-6.906817880361385985e-62
-5.921932719549393892e-62
-5.077488322746067643e-62
-4.353458387413825987e-62
-3.732672283270483746e-62
-3.200407844617735815e-62
-2.744042228887049340e-62
-2.352752561389493227e-62
-2.017259266950104904e-62
-1.729606001445727300e-62
-1.482970964243018993e-62
-1.271505116743094757e-62
-1.090193470328076846e-62
-9.347361541024091221e-63
-8.014464419083812977e-63
-6.871633202894325336e-63
-5.891765239194572171e-63
-5.051622606858647461e-63
-4.331281021240184243e-63
-3.713657322596547685e-63
-3.184104342813130645e-63
-2.730063542543741540e-63
-2.340767180934026618e-63
-2.006982954775016006e-63
-1.720795051112290066e-63
-1.475416420895559634e-63
-1.265027821669515978e-63
-1.084639812146462383e-63
-9.299744258118155900e-64
-7.973637174100265603e-64
-6.836627763036907284e-64
-5.861751437869053820e-64
-5.025888655973245670e-64
-4.309216630895434954e-64
-3.694739227841074944e-64
-3.167883894226738958e-64
-2.716156066355306729e-64
-2.328842856344432079e-64
-1.996758992138499551e-64
-1.712028985478391153e-64
-1.467900361865478745e-64
-1.258583523200483226e-64
-1.079114445382843494e-64
-9.252369546938898751e-65
-7.933017911066300635e-65
-6.801800647718178789e-65
-5.831890532701556257e-65
-5.000285798852955376e-65
-4.287264640858793756e-65
-3.675917505550392157e-65
-3.151746075769358828e-65
-2.702319437563171180e-65
-2.316979276590087527e-65
-1.986587112361908480e-65
-1.703307575892712960e-65
-1.460422591106073228e-65
-1.252172053244785739e-65
-1.073617225915279488e-65
-9.205236171779153496e-66
-7.892605570480852222e-66
-6.767150948517767982e-66
-5.802181744809393815e-66
-4.974813367680851216e-66
-4.265424478541286826e-66
-3.657191664784157371e-66
-3.135690466506814400e-66
-2.688553295257033874e-66
-2.305176132225085001e-66
-1.976467050124882326e-66
-1.694630594868539359e-66
-1.452982913569507439e-66
-1.245793244567644060e-66
-1.068148010355893129e-66
-9.158342903225644159e-67
-7.852399098240829713e-67
-6.732677761643749152e-67
-5.772624299277660663e-67
-4.949470698041429706e-67
-4.243695574270459004e-67
-3.638561217103390770e-67
-3.119716647649611790e-67
-2.674857280364833304e-67
-2.293433115379632462e-67
-1.966398541458880026e-67
-1.685997816078208185e-67
-1.445581135201391218e-67
-1.239446930786064266e-67
-1.062706656047344775e-67
-9.111688518129004465e-68
-7.812397445612950281e-68
-6.698380187907520405e-68
-5.743217425138522919e-68
-4.924257128904415696e-68
-4.222077361276360624e-68
-3.620025676556902301e-68
-3.103824202541295569e-68
-2.661231035643996296e-68
-2.281749919752547677e-68
-1.956381323739843908e-68
-1.677409014346823041e-68
-1.438217062936009683e-68
-1.233132946364780749e-68
-1.057293021059018342e-68
-9.065271799569791340e-69
-7.772599569205714301e-69
-6.664257332701882470e-69
-5.713960355352266092e-69
-4.899172002606388807e-69
-4.200569275675797664e-69
-3.601584559669443486e-69
-3.088012716648292713e-69
-2.647674205671510264e-69
-2.270126240602746272e-69
-1.946415135681740777e-69
-1.668863965646763127e-69
-1.430890504691161450e-69
-1.226851126611655516e-69
-1.051906964183229310e-69
-9.019091536828824069e-70
-7.733004430943750395e-70
-6.630308305976185965e-70
-5.684852326785970672e-70
-4.874214664834751496e-70
-4.179170756458585516e-70
-3.583237385428273823e-70
-3.072281777548394716e-70
-2.634186436835183115e-70
-2.258561774741813580e-70
-1.936499717329579918e-70
-1.660362447091457533e-70
-1.423601269363027341e-70
-1.220601307673665279e-70
-1.046548344931753456e-70
-8.973146525353529260e-71
-7.693610998038961089e-71
-6.596532222214622626e-71
-5.655892580194915267e-71
-4.849384464609549480e-71
-4.157881245471959018e-71
-3.564983675271330999e-71
-3.056630974920699375e-71
-2.620767377324191497e-71
-2.247056220525577809e-71
-1.926634810052466542e-71
-1.651904236929953157e-71
-1.416349166821470877e-71
-1.214383326532346730e-71
-1.041217023531921143e-71
-8.927435566728581642e-72
-7.654418242965351111e-72
-6.562928200411627640e-72
-5.627080360201474950e-72
-4.824680754267460518e-72
-4.136700187406964473e-72
-3.546822953074440366e-72
-3.041059900534215185e-72
-2.607416677119680620e-72
-2.235609277846758010e-72
-1.916820156537241414e-72
-1.643489114540750845e-72
-1.409134007904753985e-72
-1.208197020999822387e-72
-1.035912860923211010e-72
-8.881957468642604753e-73
-7.615425143430471298e-73
-6.529495364050209278e-73
-5.598414915276703913e-73
-4.800102889444483984e-73
-4.115627029783032336e-73
-3.528754745138594840e-73
-3.025568148237901180e-73
-2.594133987986158589e-73
-2.224220648126623140e-73
-1.907055500781330761e-73
-1.635116860426426873e-73
-1.401955604414925462e-73
-1.202042229714294334e-73
-1.030635718753384556e-73
-8.836711044858845982e-74
-7.576630682350498093e-74
-6.496232841078522661e-74
-5.569895497719457191e-74
-4.775650229058727751e-74
-4.094661222934501179e-74
-3.510778580178303838e-74
-3.010155313949387868e-74
-2.580918963461816502e-74
-2.212890034307713706e-74
-1.897340588086504552e-74
-1.626787256207534696e-74
-1.394813769112592149e-74
-1.195918792136075560e-74
-1.025385459375114753e-74
-8.791695115183470039e-75
-7.538033847821965300e-75
-6.463139763886571474e-75
-5.541521363638157075e-75
-4.751322135294636963e-75
-4.073802219995351638e-75
-3.492893989308497888e-75
-2.994820995645120136e-75
-2.567771258850083874e-75
-2.201617140845587451e-75
-1.887675165051799469e-75
-1.618500084617235175e-75
-1.387708315712353613e-75
-1.189826548543299058e-75
-1.020161945842159011e-75
-8.746908505434032554e-76
-7.499633633097102404e-76
-6.430215269284870971e-76
-5.513291772930125272e-76
-4.727117973585275948e-76
-4.053049476885867524e-76
-3.475100506033096311e-76
-2.979564793349190109e-76
-2.554690531210049153e-76
-2.190401673701551561e-76
-1.878058979567341182e-76
-1.610255129495487032e-76
-1.380639058877625252e-76
-1.183765340027651297e-76
-1.014965041906022989e-76
-8.702350047410598293e-77
-7.461429036555849188e-77
-6.397458498480459622e-77
-5.485205989263537302e-77
-4.703037112596851614e-77
-4.032402452297520038e-77
-3.457397666232044875e-77
-2.964386309123499692e-77
-2.541676439348099280e-77
-2.179243340334801780e-77
-1.868491780807337974e-77
-1.602052175783273357e-77
-1.373605814216120686e-77
-1.177735008490463217e-77
-1.009794612012172191e-77
-8.658018578863278828e-78
-7.423419061681452656e-78
-6.364868597055960696e-78
-5.457263280056965008e-78
-4.679078924211175596e-78
-4.011860607679657470e-78
-3.439785008150002420e-78
-2.949285147057123363e-78
-2.528728643808439600e-78
-2.168141849694609469e-78
-1.858973319223967200e-78
-1.593891009517312777e-78
-1.366608398274727275e-78
-1.171735396638316844e-78
-1.004650521296728903e-78
-8.613912943463900267e-79
-7.385602717032753522e-79
-6.332444714945844480e-79
-5.429462916461354822e-79
-4.655242783510346983e-79
-3.991423407225107029e-79
-3.422262072383506819e-79
-2.934260913255732800e-79
-2.515846806864815839e-79
-2.157096912213160669e-79
-1.849503346540438435e-79
-1.585771417824113185e-79
-1.359646628535033908e-79
-1.165766347979211183e-79
-9.995326355827239739e-80
-8.570031990773869811e-80
-7.347979016219826465e-80
-6.300186006415700920e-80
-5.401804173340555166e-80
-4.631528068759389593e-80
-3.971090317855863806e-80
-3.404828401869775205e-80
-2.919313215831907812e-80
-2.503030592511132677e-80
-2.146108239797512481e-80
-1.840081615744943455e-80
-1.577693188914781421e-80
-1.352720323408258990e-80
-1.159827706818213422e-80
-9.944408213767970840e-81
-8.526374576216125622e-81
-7.310546977877604758e-81
-6.268091630038737206e-81
-5.374286329251937399e-81
-4.607934161391093355e-81
-3.950860809209978864e-81
-3.387483541874006390e-81
-2.904441664894246602e-81
-2.490279666453258387e-81
-2.135175545822566433e-81
-1.830707881083790686e-81
-1.569656112079139029e-81
-1.345829302230785650e-81
-1.153919318253663026e-81
-9.893749458656286446e-82
-8.482939561043338884e-82
-7.273305625639664530e-82
-6.236160748675270724e-82
-5.346908666428653159e-82
-4.584460445988825561e-82
-3.930734353626817942e-82
-3.370227039978291085e-82
-2.889645872537861510e-82
-2.477593696099739077e-82
-2.124298545123105488e-82
-1.821381898055362223e-82
-1.561659977680585070e-82
-1.338973385259332068e-82
-1.148041028172867166e-82
-9.843348769123924422e-83
-8.439725812310143028e-83
-7.236253988114207816e-83
-6.204392529449454495e-83
-5.319670470759691557e-83
-4.561106310271528327e-83
-3.910710426134202941e-83
-3.353058446069042816e-83
-2.874925452833597640e-83
-2.464972350553616942e-83
-2.113476953986842134e-83
-1.812103423403578588e-83
-1.553704577150270400e-83
-1.332152393666149263e-83
-1.142192683248344376e-83
-9.793204830535045620e-84
-8.396732202841657653e-84
-7.199391098857075025e-84
-6.172786143728987899e-84
-5.292571031772466233e-84
-4.537871145076703507e-84
-3.890788504433819177e-84
-3.335977312325926557e-84
-2.860280021818627427e-84
-2.452415300603587582e-84
-2.102710490146534117e-84
-1.802872215111398933e-84
-1.545789702982013154e-84
-1.325366149534623951e-84
-1.136374130933562560e-84
-9.743316334949706537e-85
-8.353957611206006886e-85
-7.162715996348182242e-85
-6.141340767102075239e-85
-5.265609642613076287e-85
-4.514754344345432372e-85
-3.870968068888486784e-85
-3.318983193209891850e-85
-2.845709197485778619e-85
-2.439922218715204804e-85
-2.091998872773101691e-85
-1.793688032394871038e-85
-1.537915148726532825e-85
-1.318614475854333580e-85
-1.130585219459221495e-85
-9.693681981091977189e-86
-8.311400921683158268e-86
-7.126227723964796121e-86
-6.110055579357167296e-86
-5.238785600029070573e-86
-4.491755305106179369e-86
-3.851248602507716204e-86
-3.302075645451266985e-86
-2.831212599774221985e-86
-2.427492779022824183e-86
-2.081341822467826497e-86
-1.784550635696438386e-86
-1.530080708986416456e-86
-1.311897196516731617e-86
-1.124825797829033697e-86
-9.644300474313774622e-87
-8.269061024237478099e-87
-7.089925329958222277e-87
-6.078929764461024770e-87
-5.212098204349906670e-87
-4.468873427458679346e-87
-3.831629590935109393e-87
-3.285254228038859691e-87
-2.816789850558909764e-87
-2.415126657320547161e-87
-2.070739061255538322e-87
-1.775459786679099959e-87
-1.522286179410411406e-87
-1.305214136310252774e-87
-1.119095715816013988e-87
-9.595170526563305927e-88
-8.226936814488079729e-88
-7.053807867427350237e-88
-6.047962510536924748e-88
-5.185546759469894740e-88
-4.446108114559183886e-88
-3.812110522434059675e-88
-3.268518502207698741e-88
-2.802440573641358063e-88
-2.402823531054319575e-88
-2.060190312576890509e-88
-1.766415248219788903e-88
-1.514531356688400621e-88
-1.298565120916043277e-88
-1.113394823958460469e-88
-9.546290856349273959e-89
-8.185027193679298278e-89
-7.017874394295572090e-89
-6.017153009844692766e-89
-5.159130572828850562e-89
-4.423458772603879984e-89
-3.792690887875284982e-89
-3.251868031428342023e-89
-2.788164394739190834e-89
-2.390583079312966490e-89
-2.049695301281559603e-89
-1.757416784403589146e-89
-1.506816038545967714e-89
-1.291949976903114866e-89
-1.107722973555964864e-89
-9.497660188709630950e-90
-8.143331068653679522e-90
-6.982123973284603864e-90
-5.986500458758252375e-90
-5.132848955395217658e-90
-4.400924810814407106e-90
-3.773370180722671891e-90
-3.235302381394740141e-90
-2.773960941476941026e-90
-2.378404982820368515e-90
-2.039253753620892400e-90
-1.748464160517182804e-90
-1.499140023738993481e-90
-1.285368531724118235e-90
-1.102080016665753675e-90
-9.449277255176154656e-91
-8.101847351821599746e-91
-6.946555671891633397e-91
-5.956004057746039912e-91
-5.106701221646911961e-91
-4.378505641421446880e-91
-3.754147897020825699e-91
-3.218821120013655168e-91
-2.759829843376090766e-91
-2.366288923926591732e-91
-2.028865397240589807e-91
-1.739557143043125254e-91
-1.491503112048706048e-91
-1.278820613710546874e-91
-1.096465806098576554e-91
-9.401140793743525521e-92
-8.060574961134747890e-92
-6.911168562363409480e-92
-5.925663011348780503e-92
-5.080686689554473924e-92
-4.356200679650389225e-92
-3.735023535381596705e-92
-3.202423817392647318e-92
-2.745770731845179451e-92
-2.354234586600141215e-92
-2.018529961174009169e-92
-1.730695499653357665e-92
-1.483905104276117112e-92
-1.272306052068553936e-92
-1.090880195415119391e-92
-9.353249548834253460e-93
-8.019512820056065949e-93
-6.875961721673428166e-93
-5.895476528160101450e-93
-5.054804680562829232e-93
-4.334009343705084058e-93
-3.715996596970686886e-93
-3.186110045829599175e-93
-2.731783240170733833e-93
-2.342241656419180727e-93
-2.008247175834635817e-93
-1.721878999203542359e-93
-1.476345802237165935e-93
-1.265824676874203384e-93
-1.085323038921934254e-93
-9.305602271267805251e-94
-7.978659857533493463e-94
-6.840934231497260875e-94
-5.865443820804534672e-94
-5.029054519573168211e-94
-4.311931054753658592e-94
-3.697066585495377780e-94
-3.169879379800827157e-94
-2.717867003507079887e-94
-2.330309820563866118e-94
-1.998016773009510300e-94
-1.713107411726640959e-94
-1.468825008757211892e-94
-1.259376319069294666e-94
-1.079794191667887252e-94
-9.258197718227212391e-95
-7.938015007970213524e-95
-6.806085178188018431e-95
-5.835564105918325235e-95
-5.003435534926334856e-95
-4.289965236912430843e-95
-3.678233007190744947e-95
-3.153731395950709035e-95
-2.704021658867450028e-95
-2.318438767807653972e-95
-1.987838485851773800e-95
-1.704380508427256882e-95
-1.461342527666227757e-95
-1.252960810456841007e-95
-1.074293509440131323e-95
-9.211034653225869678e-96
-7.897577211198670658e-96
-6.771413652753883378e-96
-5.805836604127660910e-96
-4.977947058384171106e-96
-4.268111317231871438e-96
-3.659495370807616523e-96
-3.137665673079921630e-96
-2.690246845113891220e-96
-2.306628188509647987e-96
-1.977712048874164325e-96
-1.695698061675523453e-96
-1.453898163793348062e-96
-1.246577983696577845e-96
-1.068820848760589657e-96
-9.164111846077129567e-97
-7.857345412451105956e-97
-6.736918750832847705e-97
-5.776260540029674796e-97
-4.952588425113217315e-97
-4.246368725680682235e-97
-3.640853187598922080e-97
-3.121681792135080235e-97
-2.676542202948465987e-97
-2.294877774606321403e-97
-1.967637197941638787e-97
-1.687059845001019061e-97
-1.446491722962111723e-97
-1.240227672300845865e-97
-1.063376066881969791e-97
-9.117428072860103444e-98
-7.817318562333853645e-98
-6.702599572670667772e-98
-5.746835142170892303e-98
-4.927358973666242507e-98
-4.224736895131777790e-98
-3.622305971307780614e-98
-3.105779336197539463e-98
-2.662907374903266400e-98
-2.283187219603287931e-98
-1.957613670264933281e-98
-1.678465633087198375e-98
-1.439123011985065733e-98
-1.233909710629966063e-98
-1.057959021784281929e-98
-9.070982115889840720e-99
-7.777495616798169686e-99
-6.668455223095860889e-99
-5.717559643028268651e-99
-4.902258045966118580e-99
-4.203215261347129984e-99
-3.603853238153983128e-99
-3.089957890472252233e-99
-2.649342005331696478e-99
-2.271556218567764176e-99
-1.947641204393260281e-99
-1.669915201765132507e-99
-1.431791838659054960e-99
-1.227623933888199825e-99
-1.052569572170894117e-99
-9.024772763683476752e-100
-7.737875537114569336e-100
-6.634484811497881874e-100
-5.688433278988667446e-100
-4.877284987287531375e-100
-4.181803262962684844e-100
-3.585494506822205794e-100
-3.074217042277573000e-100
-2.635845740398593628e-100
-2.259984468120094631e-100
-1.937719540207936876e-100
-1.661408328008042196e-100
-1.424498011759882094e-100
-1.221370178119171139e-100
-1.047207577465056809e-100
-8.978798810930707020e-101
-7.698457289845048494e-101
-6.600687451802370810e-101
-5.659455290328461339e-101
-4.852439146241021738e-101
-4.160500341474570538e-101
-3.567229298448627456e-101
-3.058556381033784483e-101
-2.622418228071600284e-101
-2.248471666426355375e-101
-1.927848418915152474e-101
-1.652944789925101309e-101
-1.417241341037604942e-101
-1.215148280201868532e-101
-1.041872897806145386e-101
-8.933059058460290218e-102
-7.659239846815483623e-102
-6.567062262449557505e-102
-5.630624921194848422e-102
-4.827719874754881627e-102
-4.139305941223563824e-102
-3.549057136609259979e-102
-3.042975498253093523e-102
-2.609059118111381566e-102
-2.237017513189968548e-102
-1.918027583039610657e-102
-1.644524366756026917e-102
-1.410021637211451054e-102
-1.208958077846111997e-102
-1.036565394045923494e-102
-8.887552313210813939e-103
-7.620222185090348207e-103
-6.533608366369762962e-103
-5.601941419584846719e-103
-4.803126528059357952e-103
-4.118219509381550189e-103
-3.530977547306707566e-103
-3.027473987528273352e-103
-2.595768062063013477e-103
-2.225621709644380108e-103
-1.908256776417640840e-103
-1.636146838864944512e-103
-1.402838711964761137e-103
-1.202799409588598025e-103
-1.031284927745121962e-103
-8.842277388197543190e-104
-7.581403286944273846e-104
-6.500324890962014146e-104
-5.573404037326962714e-104
-4.778658464668733013e-104
-4.097240495936161375e-104
-3.512990058958511911e-104
-3.012051444522763593e-104
-2.582544713246668796e-104
-2.214283958544757265e-104
-1.898535744190359000e-104
-1.627811987735034044e-104
-1.395692377940357306e-104
-1.196672114788410308e-104
-1.026031361169589747e-104
-8.797233102483477348e-105
-7.542782139837250654e-105
-6.467210968069797239e-105
-5.545012030060398680e-105
-4.754315046365548975e-105
-4.076368353677365756e-105
-3.495094202384546416e-105
-2.996707466959426992e-105
-2.569388726748354618e-105
-2.203003964160743793e-105
-1.888864232797397183e-105
-1.619519595962457951e-105
-1.388582448735336626e-105
-1.190576033623106329e-105
-1.020804557286938060e-105
-8.752418281146540796e-106
-7.504357736386487827e-106
-6.434265733959710169e-106
-5.516764657216909263e-106
-4.730095638183554814e-106
-4.055602538182262256e-106
-3.477289510794482134e-106
-2.981441654610747981e-106
-2.556299759411429467e-106
-2.191781432268238011e-106
-1.879241989969860298e-106
-1.611269447251060135e-106
-1.381508738896527948e-106
-1.184511007084273863e-106
-1.015604379762730985e-106
-8.707831755250689085e-107
-7.466129074341849916e-107
-6.401488329298377375e-107
-5.488661182000217553e-107
-4.705999608390736445e-107
-4.034942507801807087e-107
-3.459575519776306282e-107
-2.966253609287706546e-107
-2.543277469827066961e-107
-2.180616070142225848e-107
-1.869668764724171854e-107
-1.603061326406355404e-107
-1.374471063915335483e-107
-1.178476876973622450e-107
-1.010430692957163138e-107
-8.663472361814664237e-108
-7.428095156558009033e-108
-6.368877899129487419e-108
-5.460700871368059092e-108
-4.682026328473779475e-108
-4.014387723645764326e-108
-3.441951767283418487e-108
-2.951142934830074676e-108
-2.530321518325935778e-108
-2.169507586548641399e-108
-1.860144307355103278e-108
-1.594895019330239517e-108
-1.367469240223244946e-108
-1.172473485898753501e-108
-1.005283361921289101e-108
-8.619338943780919357e-109
-7.390254990970140667e-109
-6.336433592852768453e-109
-5.432882996011803760e-109
-4.658175173120609881e-109
-3.993937649569565444e-109
-3.424417793623363936e-109
-2.936109237095404457e-109
-2.517431566968756617e-109
-2.158455691737208515e-109
-1.850668369429684358e-109
-1.586770313015264308e-109
-1.360503085186718921e-109
-1.166500677268956634e-109
-1.000162252393734454e-109
-8.575430349987168029e-110
-7.352607590566343218e-110
-6.304154564200350971e-110
-5.405206830338683073e-110
-4.634445520205142754e-110
-3.973591752159413387e-110
-3.406973141445063386e-110
-2.921152123949339011e-110
-2.504607279538064979e-110
-2.147460097433693690e-110
-1.841240703780300043e-110
-1.578686995538948110e-110
-1.353572417102745764e-110
-1.160558295291358022e-110
-9.950672307969646797e-111
-8.531745435134390953e-111
-7.315151973363592652e-111
-6.272039971216139076e-111
-5.377671652451623654e-111
-4.610836750769997721e-111
-3.953349500719164710e-111
-3.389617355727660107e-111
-2.906271205255128377e-111
-2.491848321528869672e-111
-2.136520516832206393e-111
-1.831861064498665308e-111
-1.570644856058563281e-111
-1.346677055193790442e-111
-1.154646184966590156e-111
-9.899981642340279220e-112
-8.488283059758922324e-112
-7.277887162380434359e-112
-6.240088976232583803e-112
-5.350276744131496143e-112
-4.587348249011410851e-112
-3.933210367256033456e-112
-3.372349983767875702e-112
-2.891466092863289820e-112
-2.479154360140426548e-112
-2.125636664588144362e-112
-1.822529206929043236e-112
-1.562643684805277921e-112
-1.339816819603387716e-112
-1.148764192084982502e-112
-9.849549204848635279e-113
-8.445042090201011814e-113
-7.240812185612980373e-113
-6.208300745849384617e-113
-5.323021390817766524e-113
-4.563979402262116935e-113
-3.913173826467152222e-113
-3.355170575168879073e-113
-2.876736400601652155e-113
-2.466525064267411552e-113
-2.114808256810264157e-113
-1.813244887662021048e-113
-1.554683273078996606e-113
-1.332991531391143202e-113
-1.142912163222469740e-113
-9.799373680030491957e-114
-8.402021398576004692e-114
-7.203926076008704224e-114
-6.176674450912097697e-114
-5.295904881590315386e-114
-4.540729600976290107e-114
-3.893239355724983386e-114
-3.338078681828344928e-114
-2.862081744265442242e-114
-2.453960104490795922e-114
-2.104035011053700833e-114
-1.804007864528264665e-114
-1.546763413242826390e-114
-1.326201012528334257e-114
-1.137089945736364058e-114
-9.749453759122580907e-115
-8.359219862745379012e-115
-7.167227871441851548e-115
-6.145209266489975529e-115
-5.268926509149680519e-115
-4.517598238713377556e-115
-3.873406435065021378e-115
-3.321073857926094867e-115
-2.847501741607020907e-115
-2.441459153070095357e-115
-2.093316646312477239e-115
-1.794817896592046452e-115
-1.538883898717354063e-115
-1.319445085893112807e-115
-1.131297387761764606e-115
-9.699788140029276314e-116
-8.316636366286778116e-116
-7.130716614686690786e-116
-6.113904371854976355e-116
-5.242085569800429289e-116
-4.494584712121381390e-116
-3.853674547171341378e-116
-3.304155659913618987e-116
-2.832996012326153313e-116
-2.429021883934260630e-116
-2.082652883011758940e-116
-1.785674744145011749e-116
-1.531044523975784961e-116
-1.312723575265998800e-116
-1.125534338207334492e-116
-9.650375527286432254e-117
-8.274269798465578641e-117
-7.094391353395013367e-117
-6.082758950458964193e-117
-5.215381363431585998e-117
-4.471688420922665417e-117
-3.834043177363542433e-117
-3.287323646501737327e-117
-2.818564178059444108e-117
-2.416647972673310762e-117
-2.072043443001276945e-117
-1.776578168700027848e-117
-1.523245084538230345e-117
-1.306036305324985052e-117
-1.119800646751489191e-117
-9.601214632030901311e-118
-8.232119054204049706e-118
-7.058251140069650125e-118
-6.051772189914503070e-118
-5.188813193498975360e-118
-4.448908767897270472e-118
-3.814511813582453023e-118
-3.270577378649283401e-118
-2.804205862371439616e-118
-2.404337096530009905e-118
-2.061488049547594561e-118
-1.767527932984560140e-118
-1.515485376966548854e-118
-1.299383101641412217e-118
-1.114096163838221114e-118
-9.552304171964704877e-119
-8.190183034055352092e-119
-7.022295032040565303e-119
-6.020943281972266076e-119
-5.162380367005864690e-119
-4.426245158867590318e-119
-3.795079946378085130e-119
-3.253916419551838690e-119
-2.789920690744159388e-119
-2.392088934390900213e-119
-2.050986427327126395e-119
-1.758523800935088108e-119
-1.507765198858693195e-119
-1.292763790675120270e-119
-1.108420740673580831e-119
-9.503642871322681044e-120
-8.148460644172970462e-120
-6.986522091438672341e-120
-5.990271422500311075e-120
-5.136082194486670901e-120
-4.403697002683127299e-120
-3.775747068895469512e-120
-3.237340334629595065e-120
-2.775708290567649713e-120
-2.379903166778748810e-120
-2.040538302418488874e-120
-1.749565537690545326e-120
-1.500084348843951014e-120
-1.286178199770070123e-120
-1.102774229221540608e-120
-9.455229460837044326e-121
-8.106950796282664397e-121
-6.950931385173768324e-121
-5.959755811463434069e-121
-5.109917989987785491e-121
-4.381263711204067441e-121
-3.756512676861869471e-121
-3.220848691517134526e-121
-2.761568291129630391e-121
-2.367779475843665127e-121
-2.030143402296058213e-121
-1.740652909586390721e-121
-1.492442626577344267e-121
-1.279626157149545973e-121
-1.097156482200196943e-121
-9.407062677707524809e-122
-8.065652407654524278e-122
-6.915521984908596518e-122
-5.929395652900953420e-122
-5.083887071050272393e-122
-4.358944699287447761e-122
-3.737376268572770795e-122
-3.204441060051407616e-122
-2.747500323606775783e-122
-2.355717545355081655e-122
-2.019801455822390968e-122
-1.731785684148120949e-122
-1.484839832734493003e-122
-1.273107491912116228e-122
-1.091567353077992042e-122
-9.359141265566267448e-123
-8.024564401072905623e-123
-6.880292967035418383e-123
-5.899190154907983018e-123
-5.057988758690906138e-123
-4.336739384770885842e-123
-3.718337344880080195e-123
-3.188117012260879456e-123
-2.733504021054459374e-123
-2.343717060692969933e-123
-2.009512193241272211e-123
-1.722963630085798276e-123
-1.477275769006496627e-123
-1.266622034026880613e-123
-1.086006696069641012e-123
-9.311463974446126456e-124
-7.983685704811089325e-124
-6.845243412650367856e-124
-5.869138529613413665e-124
-5.032222377386200473e-124
-4.314647188457895887e-124
-3.699395409178249535e-124
-3.171876122353645110e-124
-2.719579018397343101e-124
-2.331777708840439085e-124
-1.999275346170790528e-124
-1.714186517287623584e-124
-1.469750238094428335e-124
-1.260169614329181967e-124
-1.080474366132704583e-124
-9.264029560745948094e-125
-7.943015252601478987e-125
-6.810372407531819661e-125
-5.839239993160039633e-125
-5.006587255053631518e-125
-4.292667534101792843e-125
-3.680549967391535764e-125
-3.155717966707406481e-125
-2.705724952420008200e-125
-2.319899178375032369e-125
-1.989090647595884008e-125
-1.705454116814128448e-125
-1.462263043704691378e-125
-1.253750064515905363e-125
-1.074970218963555801e-125
-9.216836787201307311e-126
-7.902551983608703159e-126
-6.775679042114983826e-126
-5.809493765682779363e-126
-4.981082723034391565e-126
-4.270799848392142864e-126
-3.661800527961322207e-126
-3.139642123857700611e-126
-2.691941461756862821e-126
-2.308081159460871923e-126
-1.978957831862058008e-126
-1.696766200891815266e-126
-1.454813990543563901e-126
-1.247363217141520214e-126
-1.069494110993739360e-126
-9.169884422850120533e-127
-7.862294842400146004e-127
-6.741162411468573126e-127
-5.779899071290331669e-127
-4.955708116076234626e-127
-4.249043560938822150e-127
-3.643146601832462508e-127
-3.123648174487265300e-127
-2.678228186883645391e-127
-2.296323343840050763e-127
-1.968876634668000034e-127
-1.688122542907800563e-127
-1.447402884312269908e-127
-1.241008905613423793e-127
-1.064045899385982872e-127
-9.123171243001063863e-128
-7.822242778921118182e-128
-6.706821615271574795e-128
-5.750455138043608557e-128
-4.930462772314993553e-128
-4.227398104257622364e-128
-3.624587702441778549e-128
-3.107735701414388055e-128
-2.664584770107426337e-128
-2.284625424825380543e-128
-1.958846793058912202e-128
-1.679522917403514196e-128
-1.440029531701582901e-128
-1.234686964187668898e-128
-1.058625442030837809e-128
-9.076696029202147805e-129
-7.782394748465663488e-129
-6.672655757788242303e-129
-5.721161197936248743e-129
-4.905346033259013370e-129
-4.205862913754494414e-129
-3.606123345704529930e-129
-3.091904289583094790e-129
-2.651010855557583318e-129
-2.272987097291867000e-129
-1.948868045419204515e-129
-1.670967100068916306e-129
-1.432693740387277479e-129
-1.228397227964710360e-129
-1.053232597542727835e-129
-9.030457569206863430e-130
-7.742749711650205216e-130
-6.638663947847030718e-130
-5.692016486873296380e-130
-4.880357243770839591e-130
-4.184437427712258497e-130
-3.587753050002204825e-130
-3.076153526051609164e-130
-2.637506089175918274e-130
-2.261408057668881634e-130
-1.938940131466342390e-130
-1.662454867736739736e-130
-1.425395319024783771e-130
-1.222139532884823764e-130
-1.047867225256381827e-130
-8.984454656945673603e-131
-7.703306634384666191e-131
-6.604845298815810556e-131
-5.663020244653215334e-131
-4.855495752050694013e-131
-4.163121087274993534e-131
-3.569476336169135310e-131
-3.060482999981762091e-131
-2.624070118708325292e-131
-2.249888003932371659e-131
-1.929062792243610172e-131
-1.653985998376291637e-131
-1.418134077244358782e-131
-1.215913715724246640e-131
-1.042529185222926452e-131
-8.938686092492475124e-132
-7.664064487848147036e-132
-6.571198928579504746e-132
-5.634171714946762556e-132
-4.830760909618364378e-132
-4.141913336433699172e-132
-3.551292727481230639e-132
-3.044892302628446939e-132
-2.610702593694999455e-132
-2.238426635596470422e-132
-1.919235770113576790e-132
-1.645560271088230706e-132
-1.410909825645798036e-132
-1.209719614090639801e-132
-1.037218338206593939e-132
-8.893150682034330441e-133
-7.625022248460319036e-133
-6.537723959515581901e-133
-5.605470145277581919e-133
-4.806152071297951365e-133
-4.120813622012026692e-133
-3.533201749642720905e-133
-3.029381027328263346e-133
-2.597403165461593771e-133
-2.227023653706428754e-133
-1.909458808750938978e-133
-1.637177466098425450e-133
-1.403722375793981254e-133
-1.203557066418991566e-133
-1.031934545680850781e-133
-8.847847237838301780e-134
-7.586178897855179511e-134
-6.504419518473410139e-134
-5.576914787002894444e-134
-4.781668595199931715e-134
-4.099821393650912981e-134
-3.515202930774192043e-134
-3.013948769489955805e-134
-2.584171487109534231e-134
-2.215678760830302796e-134
-1.899731653136493198e-134
-1.628837364752408920e-134
-1.396571540213631757e-134
-1.197425911967127883e-134
-1.026677669824845060e-134
-8.802774578223509006e-135
-7.547533422854901986e-135
-6.471284736749986890e-135
-5.548504895292704201e-135
-4.757309842704963032e-135
-4.078936103795634974e-135
-3.497295801399474353e-135
-2.998595126583161041e-135
-2.571007213507857661e-135
-2.204391661051450660e-135
-1.890054049550042724e-135
-1.620539749509305193e-135
-1.389457132384509310e-135
-1.191325990811932424e-135
-1.021447573519868984e-135
-8.757931527528280667e-136
-7.509084815441701636e-136
-6.438318750068014873e-136
-5.520239729112276256e-136
-4.733075178446142941e-136
-4.058157207680585066e-136
-3.479479894434602647e-136
-2.983319698128252146e-136
-2.557910001283618502e-136
-2.193162059960311865e-136
-1.880425745563892234e-136
-1.612284403936711253e-136
-1.382378966736622284e-136
-1.185257143844899938e-136
-1.016244120345550230e-136
-8.713316916080489592e-137
-7.470832072734120874e-137
-6.405520698551898622e-137
-5.492118551201532519e-137
-4.708963970294062006e-137
-4.037484163315528648e-137
-3.461754745174828617e-137
-2.968122085685217928e-137
-2.544879508813079504e-137
-2.181989664647480711e-137
-1.870846490036367818e-137
-1.604071112704681229e-137
-1.375336858645073709e-137
-1.179219212768121881e-137
-1.011067174576642476e-137
-8.668929580165063545e-138
-7.432774196959143253e-138
-6.372889726707510670e-138
-5.464140628056452888e-138
-4.684975589339233858e-138
-4.016916431470545287e-138
-3.444119891282699071e-138
-2.953001892844283821e-138
-2.531915396212945846e-138
-2.170874183695565102e-138
-1.861316033104842138e-138
-1.595899661580292139e-138
-1.368330624425716557e-138
-1.173212040089888711e-138
-1.005916601179252165e-138
-8.624768361996601686e-139
-7.394910195427027518e-139
-6.340424983398417372e-139
-5.436305229908696916e-139
-4.661109409875958090e-139
-3.996453475663345665e-139
-3.426574872776194769e-139
-2.937958725214897030e-139
-2.519017325330921481e-139
-2.159815327171831709e-139
-1.851834126179854267e-139
-1.587769837421692921e-139
-1.361360081330048634e-139
-1.167235469120986483e-139
-1.000792265807431907e-139
-8.580832109687201467e-140
-7.357239080503724956e-140
-6.308125621824034230e-140
-5.408611630708440309e-140
-4.637364809386263761e-140
-3.976094762144355846e-140
-3.409119232015947970e-140
-2.922992190415771471e-140
-2.506184959737757616e-140
-2.148812806620153313e-140
-1.842400521938202355e-140
-1.579681428173091625e-140
-1.354425047540601529e-140
-1.161289343970338250e-140
-9.956940347994474590e-141
-8.537119677216891668e-141
-7.319759869587644663e-141
-6.275990799497904302e-141
-5.381059108104185754e-141
-4.613741168522619002e-141
-3.955839759883253558e-141
-3.391752513694482318e-141
-2.908101898063991247e-141
-2.493417964717896636e-141
-2.137866335054222106e-141
-1.833014974316699152e-141
-1.571634222858858349e-141
-1.347525342165889286e-141
-1.155373509541007505e-141
-9.906217751746351068e-142
-8.493629924404242297e-142
-7.282471585082344359e-142
-6.244019678224290207e-142
-5.353646943424541037e-142
-4.590237871093357956e-142
-3.935687940554211604e-142
-3.374474264823549202e-142
-2.893287459765822661e-142
-2.480716007261028563e-142
-2.126975626949572949e-142
-1.823677238505340380e-142
-1.563628011578114925e-142
-1.340660785236152966e-142
-1.149487811526217398e-142
-9.855753546297030310e-143
-8.450361716874676706e-143
-7.245373254371860665e-143
-6.212211424078456536e-143
-5.326374421658251396e-143
-4.566854304045554266e-143
-3.915638778523472921e-143
-3.357284034722702295e-143
-2.878548489105922785e-143
-2.468078756052839263e-143
-2.116140398236256829e-143
-1.814387070941543370e-143
-1.555662585499346956e-143
-1.333831197698358481e-143
-1.143632096405062811e-143
-9.805546415353939635e-144
-8.407313926033790912e-144
-7.208463909793684639e-144
-6.180565207383487316e-144
-5.299240831437383570e-144
-4.543589857449547499e-144
-3.895691750834736019e-144
-3.340181375006777265e-144
-2.863884601637422334e-144
-2.455505881467218709e-144
-2.105360366291553304e-144
-1.805144229303376784e-144
-1.547737736854603314e-144
-1.327036401411677653e-144
-1.137806211438901348e-144
-9.755595049328290031e-145
-8.364485429035981251e-145
-7.171742588616012447e-145
-6.149080202689351348e-145
-5.272245465017546263e-145
-4.520443924482006381e-145
-3.875846337195742028e-145
-3.323165839575343758e-145
-2.849295414872059991e-145
-2.442997055557094508e-145
-2.094635249932116594e-145
-1.795948472503446792e-145
-1.539853258934609157e-145
-1.320276219142540772e-145
-1.132010004667104377e-145
-9.705898145304259910e-146
-8.321875108756112241e-146
-7.135208333010964256e-146
-6.117755588749974011e-146
-5.245387618259736857e-146
-4.497415901411649043e-146
-3.856102019964921188e-146
-3.306236984600301952e-146
-2.834780548269560699e-146
-2.430551952046158938e-146
-2.083964769407364616e-146
-1.786799560682198736e-146
-1.532008946083018296e-146
-1.313550474560465902e-146
-1.126243324903225452e-146
-9.656454407002779279e-147
-8.279481853758478664e-147
-7.098860190030028129e-147
-6.086590548503913172e-147
-5.218666590612269283e-147
-4.474505187582461814e-147
-3.836458284137011459e-147
-3.289394368514687165e-147
-2.820339623228678989e-147
-2.418170246319805049e-147
-2.073348646391697957e-147
-1.777697255202276228e-147
-1.524204593691224455e-147
-1.306858992233157840e-147
-1.120506021730798818e-147
-9.607262544748279297e-148
-8.237304558270668758e-148
-7.062697211579593210e-148
-6.055584269051652066e-148
-5.192081685091316124e-148
-4.451711185398540243e-148
-3.816914617330948248e-148
-3.272637552000403088e-148
-2.805972263076679455e-148
-2.405851615417490214e-148
-2.062786603977480040e-148
-1.768641318641886731e-148
-1.516439998192677562e-148
-1.300201597622008804e-148
-1.114797945499801952e-148
-9.558321275435589083e-149
-8.195342122152816372e-149
-7.026718454394625909e-149
-6.024735941635082340e-149
-5.165632208264509637e-149
-4.429033300307492784e-149
-3.797470509775615353e-149
-3.255966097977882410e-149
-2.791678093059826909e-149
-2.393595738023759081e-149
-2.052278366667344658e-149
-1.759631514788708759e-149
-1.508714957058096043e-149
-1.293578117077616573e-149
-1.109118947322493880e-149
-9.509629322494300683e-150
-8.153593450869844074e-150
-6.990922980016465580e-150
-5.994044761615040752e-150
-5.139317470231669202e-150
-4.406470940786453647e-150
-3.778125454296984534e-150
-3.239379571593944069e-150
-2.777456740332979693e-150
-2.381402294459997492e-150
-2.041823660367713700e-150
-1.750667608633833886e-150
-1.501029268789834183e-150
-1.286988377834963543e-150
-1.103468879069660544e-150
-9.461185415858729043e-151
-8.112057455461061556e-151
-6.955309854766747189e-151
-5.963509928452379416e-151
-5.113136784607384329e-151
-4.384023518325635060e-151
-3.758878946304028232e-151
-3.222877540210631209e-151
-2.763307833950817955e-151
-2.369270966676233172e-151
-2.031422212381178220e-151
-1.741749366365235074e-151
-1.493382732916800194e-151
-1.280432208009350247e-151
-1.097847593366498406e-151
-9.412988291932611587e-152
-8.070733052514545718e-152
-6.919878149723834438e-152
-5.933130645685711000e-152
-5.087089468501959849e-152
-4.361690447413233845e-152
-3.739730483776847048e-152
-3.206459573394112009e-152
-2.749231004857532053e-152
-2.357201438242297227e-152
-2.021073751399619006e-152
-1.732876555362267977e-152
-1.485775149988886448e-152
-1.273909436591619313e-152
-1.092254943589147775e-152
-9.365036693557225277e-153
-8.029619164137024755e-153
-6.884626940697022232e-153
-5.902906120910979829e-153
-5.061174842505342225e-153
-4.339471145520404102e-153
-3.720679567252713557e-153
-3.190125242902721650e-153
-2.735225885877507833e-153
-2.345193394340382984e-153
-2.010778007496666511e-153
-1.724048944189204651e-153
-1.478206321572277366e-153
-1.267419893443837889e-153
-1.086690783860617496e-153
-9.317329369976457304e-154
-7.988714717926220536e-154
-6.849555308204790189e-154
-5.872835565761120633e-154
-5.035392230668235731e-154
-4.317365033085076655e-154
-3.701725699813473888e-154
-3.173874122676888545e-154
-2.721292111705130943e-154
-2.333246521756290875e-154
-2.000534712121355506e-154
-1.715266302589392926e-154
-1.470676050243933234e-154
-1.260963409294573978e-154
-1.081154969047041507e-154
-9.269865076807392322e-155
-7.948018646943336395e-155
-6.814662337449247173e-155
-5.842918195884165078e-155
-5.009740960485048178e-155
-4.295371533498322872e-155
-3.682868387071737429e-155
-3.157705788827290117e-155
-2.707429318896190583e-155
-2.321360508871528522e-155
-1.990343598090655663e-155
-1.706528401478859426e-155
-1.463184139586525905e-155
-1.254539815734912899e-155
-1.075647354753955770e-155
-9.222642576005708628e-156
-7.907529889683415327e-156
-6.779947118293040141e-156
-5.813153230924789910e-156
-4.984220362875205703e-156
-4.273490073088328152e-156
-3.664107137159253189e-156
-3.141619819624157093e-156
-2.693637145857776753e-156
-2.309535045654653681e-156
-1.980204399582619333e-156
-1.697835012940923430e-156
-1.455730394183398256e-156
-1.248148945213775846e-156
-1.070167797322285742e-156
-9.175660635834446855e-157
-7.867247390050365500e-157
-6.745408745234084097e-157
-5.783539894502615928e-157
-4.958829772167416294e-157
-4.251720081105913834e-157
-3.645441460713232080e-157
-3.125615795485557780e-157
-2.679915232839003695e-157
-2.297769823653978219e-157
-1.970116852129560185e-157
-1.689185910219857554e-157
-1.448314619613134686e-157
-1.241790631033692547e-157
-1.064716153824968246e-157
-9.128918030829789859e-158
-7.827170097327606476e-158
-6.711046317384248930e-158
-5.754077414192626834e-158
-4.933568526081163638e-158
-4.230060989708684321e-158
-3.626870870863793839e-158
-3.109693298967527654e-158
-2.666263221921778555e-158
-2.286064535988998388e-158
-1.960080692610705536e-158
-1.680580867715167864e-158
-1.440936622444989488e-158
-1.235464707346170297e-158
-1.059292282062977040e-158
-9.082413541772239407e-159
-7.787296966151552866e-159
-6.676858938444322148e-159
-5.724765021503709978e-159
-4.908435965709716532e-159
-4.208512233947668974e-159
-3.608394883221474238e-159
-3.093851914752466101e-159
-2.652680757010858550e-159
-2.274418877342645918e-159
-1.950095659246007284e-159
-1.672019660975327462e-159
-1.433596210233508185e-159
-1.229171009147792490e-159
-1.053896040561735038e-159
-9.036145955652714132e-160
-7.747626956482577211e-160
-6.642845716681010677e-160
-5.695601951860573460e-160
-4.883431435503221392e-160
-4.187073251751615585e-160
-3.590013015863766844e-160
-3.078091229638655962e-160
-2.639167483825473591e-160
-2.262832543952810799e-160
-1.940161491588863510e-160
-1.663502066692495648e-160
-1.426293191513670586e-160
-1.222909372275632405e-160
-1.048527288567185244e-160
-8.990114065641440642e-161
-7.708159033580548252e-161
-6.609005764904065990e-161
-5.666587444582498214e-161
-4.858554283250489591e-161
-4.165743483912809748e-161
-3.571724789323788751e-161
-3.062410832528784697e-161
-2.625723049889478168e-161
-2.251305233605194404e-161
-1.930277930519549016e-161
-1.655027862696309254e-161
-1.419027375795575248e-161
-1.216679633403040025e-161
-1.043185886042478174e-161
-8.944316671056979045e-162
-7.668892167976056579e-162
-6.575338200441628628e-162
-5.637720742864139151e-162
-4.833803860063657691e-162
-4.144522374071539912e-162
-3.553529726576950499e-162
-3.046810314420275210e-162
-2.612347104522457067e-162
-2.239836645624907249e-162
-1.920444718238014251e-162
-1.646596827948185191e-162
-1.411798573559955806e-162
-1.210481630035452960e-162
-1.037871693664080386e-162
-8.898752577332869011e-163
-7.629825335444446658e-163
-6.541842145119468870e-163
-5.609001093754502982e-163
-4.809179520360144090e-163
-4.123409368703008722e-163
-3.535427353028918531e-163
-3.031289268393913875e-163
-2.599039298829984917e-163
-2.228426480868756322e-163
-1.910661598257823648e-163
-1.638208742535646241e-163
-1.404606596252912489e-163
-1.204315200505880986e-163
-1.032584572818257522e-163
-8.853420595989533301e-164
-7.590957516977360833e-164
-6.508516725236573494e-164
-5.580427748139240732e-164
-4.784680621846365576e-164
-4.102403917101947703e-164
-3.517417196502432647e-164
-3.015847289603412273e-164
-2.585799285695416540e-164
-2.217074441717568374e-164
-1.900928315399023836e-164
-1.629863387666214302e-164
-1.397451256281156356e-164
-1.198180183971103514e-164
-1.027324385597225370e-164
-8.808319544601224763e-165
-7.552287698758768391e-165
-6.475361071543100303e-165
-5.551999960719813626e-165
-4.760306525499889261e-165
-4.081505471368485397e-165
-3.499498787226199945e-165
-3.000483975265020320e-165
-2.572626719770239449e-165
-2.205780232067921512e-165
-1.891244615781705102e-165
-1.621560545662260202e-165
-1.390332367006796099e-165
-1.192076420407198016e-165
-1.022090994795903855e-165
-8.763448246766213555e-166
-7.513814872136786982e-166
-6.442374319216231360e-166
-5.523716989994383418e-166
-4.736056595554403638e-166
-4.060713486394091777e-166
-3.481671657821831622e-166
-2.985198924646334950e-166
-2.559521257465358133e-166
-2.194543557325182164e-166
-1.881610246818948884e-166
-1.613299999954955359e-166
-1.383249742742948655e-166
-1.186003750605502379e-166
-1.016884263908104826e-166
-8.718805532074086129e-167
-7.475538033597797103e-167
-6.409555607839829056e-167
-5.495578098238773741e-167
-4.711930199482044285e-167
-4.040027419846432913e-167
-3.463935343292052773e-167
-2.969991739056870675e-167
-2.546482556941551321e-167
-2.183364124395311602e-167
-1.872024957210886182e-167
-1.605081535078806435e-167
-1.376203198748577575e-167
-1.179962016168192027e-167
