-1.600000000000000089e+00
-8.214673904521472281e-01
-4.217554209851628322e-01
-2.165364531785803348e-01
-1.111735219564824739e-01
-5.707838935560383131e-02
-2.930502222197468865e-02
-1.504570008239233120e-02
-7.724719990130306420e-03
-3.966003482666173585e-03
-2.036214082143692622e-03
-1.045427167787809069e-03
-5.367402046440190302e-04
-2.755716095372962417e-04
-1.414831818558128255e-04
-7.263988761997576397e-05
-3.729456182869923114e-05
-1.914766648967361265e-05
-9.830739765325136029e-06
-5.047270088272374309e-06
-2.591354867700175804e-06
-1.330445950565708773e-06
-6.830737269680248850e-07
-3.507017449867783061e-07
-1.800562795508146075e-07
-9.244397631070613369e-08
-4.746231998936004314e-08
-2.436796759154020863e-08
-1.251093171752812930e-08
-6.423326518826785949e-09
-3.297845795901692757e-09
-1.693170487545590687e-09
-8.693027137466684302e-10
-4.463148948590279732e-10
-2.291457074998561081e-10
-1.176473289832614105e-10
-6.040215270846557137e-11
-3.101149922694702811e-11
-1.592183458998063675e-11
-8.174542444901321129e-12
-4.196950031470871786e-12
-2.154785993881526422e-12
-1.106304017110432645e-12
-5.679954212390209802e-13
-2.916185727962423744e-13
-1.497219675014428021e-13
-7.686982121048204191e-14
-3.946628214643621992e-14
-2.026266487855068275e-14
-1.040319902586840263e-14
-5.341180472583997970e-15
-2.742253490467221115e-15
-1.407919886732753518e-15
-7.228501720750201892e-16
-3.711236528389711513e-16
-1.905412366454368519e-16
-9.782713277540706024e-17
-5.022612467276847846e-17
-2.578695222966463939e-17
-1.323946272238543445e-17
-6.797366808466542502e-18
-3.489884483810665310e-18
-1.791766437434607828e-18
-9.199235622869695835e-19
-4.723045050795762883e-19
-2.424892183040691462e-19
-1.244981158581407554e-19
-6.391946396887262530e-20
-3.281734704100600244e-20
-1.684898777208609878e-20
-8.650558760559838434e-21
-4.441344956868761139e-21
-2.280262532385496247e-21
-1.170725820015326807e-21
-6.010706776893350673e-22
-3.085999756742268701e-22
-1.584405104441899166e-22
-8.134607041030891065e-23
-4.176446511468327944e-23
-2.144259135711793206e-23
-1.100899347916459609e-23
-5.652205715521291818e-24
-2.901939174642498505e-24
-1.489905250652762514e-24
-7.649428614216750114e-25
-3.927347601356646199e-25
-2.016367490928080572e-25
-1.035237588103273718e-25
-5.315086999982332296e-26
-2.728856654938498630e-26
-1.401041722031443321e-26
-7.193188045698469307e-27
-3.693105883082171636e-27
-1.896103782774369487e-27
-9.734921415388188384e-28
-4.998075307097263108e-28
-2.566097424877820862e-28
-1.317478347037717699e-28
-6.764159373239328982e-29
-3.472835218085823370e-29
-1.783013052544538371e-29
-9.154294246349332000e-30
-4.699971378737284912e-30
-2.413045764806924977e-30
-1.238899004660980742e-30
-6.360719577453835647e-31
-3.265702320430538260e-31
-1.676667476973513755e-31
-8.608297856033821410e-32
-4.419647485019302342e-32
-2.269122678898272821e-32
-1.165006428531463063e-32
-5.981342441910701966e-33
-3.070923604473190828e-33
-1.576664749777801332e-33
-8.094866735111575161e-34
-4.156043158093788670e-34
-2.133783704803618274e-34
-1.095521082358959241e-34
-5.624592779442092423e-35
-2.887762220552664371e-35
-1.482626559727302497e-35
-7.612058568964022340e-36
-3.908161180384844464e-36
-2.006516853948191439e-36
-1.030180102444430474e-36
-5.289121002817175607e-37
-2.715525267481155323e-37
-1.394197159490396829e-37
-7.158046889889793578e-38
-3.675063812107405932e-38
-1.886840674673137438e-38
-9.687363032641897466e-39
-4.973658019241813217e-39
-2.553561171292503946e-39
-1.311042019838482416e-39
-6.731114167561409013e-40
-3.455869243788875122e-40
-1.774302430899418421e-40
-9.109572423648997363e-41
-4.677010429368659266e-41
-2.401257220331831889e-41
-1.232846564118973475e-41
-6.329645311591989980e-42
-3.249748260375697871e-42
-1.668476389423260523e-42
-8.566243410315996488e-43
-4.398056012656343595e-43
-2.258037247361978662e-43
-1.159314978208882367e-43
-5.952121561633337991e-44
-3.055921104305546550e-44
-1.568962209363465693e-44
-8.055320574023971708e-45
-4.135739481999333816e-45
-2.123359449917462438e-45
-1.090169091447247830e-45
-5.597114741892217103e-46
-2.873654525677179078e-46
-1.475383427668140143e-46
-7.574871089018034265e-47
-3.889068491566949639e-47
-1.996714340660722272e-47
-1.025147324313084649e-47
-5.263281858327991288e-48
-2.702259008359251891e-48
-1.387386034951669370e-48
-7.123077410509439262e-49
-3.657109882749874517e-49
-1.877622819987052506e-49
-9.640036988676126998e-50
-4.949360018093698012e-50
-2.541086161544752024e-50
-1.304637136273906448e-50
-6.698230398886770763e-51
-3.438986154012959340e-51
-1.765634363586324123e-51
-9.065069082174302650e-52
-4.654161652001331759e-52
-2.389526266882515723e-52
-1.226823691795520069e-52
-6.298722854025814556e-53
-3.233872141298710109e-53
-1.660325318105335384e-53
-8.524394414785092200e-54
-4.376570021936521952e-54
-2.247005971907046154e-54
-1.153651332545539632e-54
-5.923043435236473170e-55
-3.040991896424002820e-55
-1.561297298463462670e-55
-8.015967609304875312e-56
-4.115534996227863699e-56
-2.112986121041139254e-56
-1.084843246820773061e-56
-5.569770943846897423e-57
-2.859615751661341816e-57
-1.468175680758158453e-57
-7.537865282485754684e-58
-3.870069076989668148e-58
-1.986959715965120280e-58
-1.020139133004639152e-58
-5.237568946796529814e-59
-2.689057559398790523e-59
-1.380608185059353543e-59
-7.088278768859955627e-60
-3.639243664407897808e-60
-1.868449997637933928e-60
-9.592942148437304956e-61
-4.925180720896911442e-61
-2.528672096437780983e-61
-1.298263542731202607e-61
-6.665507278540878316e-62
-3.422185543839263032e-62
-1.757008642712955058e-62
-9.020783154570331329e-63
-4.631424498637280791e-63
-2.377852623107342093e-63
-1.220830243239840354e-63
-6.267951463120632906e-64
-3.218073582431545735e-64
-1.652214067526865366e-64
-8.482749865747718499e-65
-4.355188997546340933e-65
-2.236028587962642697e-65
-1.148015355706305816e-65
-5.894107365319134191e-66
-3.026135622770873859e-66
-1.553669833244935436e-66
-7.976806897124699514e-67
-4.095429216200995392e-67
-2.102663469383841891e-67
-1.079543420746136942e-67
-5.542560729500604427e-68
-2.845645561803409096e-68
-1.461003146129001955e-68
-7.501040261830909655e-69
-3.851162480976742109e-69
-1.977252745909507298e-69
-1.015155408404121608e-69
-5.211981651532034067e-70
-2.675920603980333388e-70
-1.373863447255510400e-70
-7.053650130341162660e-71
-3.621464728583661289e-71
-1.859321987627535839e-71
-9.546077382416911652e-72
-4.901119547742724367e-72
-2.516318678236342688e-72
-1.291921086348015260e-72
-6.632944021702607551e-73
-3.405467010326943046e-73
-1.748425061402609997e-73
-8.976713578697192242e-74
-4.608798423955374784e-74
-2.366236009029141554e-74
-1.214866074706931833e-74
-6.237330400864547993e-75
-3.202352204866309020e-75
-1.644142443150144801e-75
-8.441308764413386663e-76
-4.333912426689730734e-76
-2.225104832250612528e-76
-1.142406912519586728e-76
-5.865312657887301176e-77
-3.011351927037921684e-77
-1.546079630773024752e-77
-7.937837498264675678e-78
-4.075421659707966233e-78
-2.092391247370249007e-78
-1.074269486113854971e-78
-5.515483446252037314e-79
-2.831743621046619634e-79
-1.453865651756689199e-79
-7.464395143853681702e-80
-3.832348250078154925e-80
-1.967593197684740248e-80
-1.010196030983434452e-80
-5.186519358856641201e-81
-2.662847827030968186e-81
-1.367151659776450728e-81
-7.019190664430384310e-82
-3.603772648872347642e-82
-1.850238571032510865e-82
-9.499441566624737429e-83
-4.877175921554971169e-83
-2.504025610659904067e-83
-1.285609615008810641e-83
-6.600539847384295845e-84
-3.388830152503901780e-84
-1.739883413789299557e-84
-8.932859297603018945e-85
-4.586282885298889293e-85
-2.354676146038594476e-85
-1.208931043153913800e-85
-6.206858932851544717e-86
-3.186707631546288218e-86
-1.636110251387685280e-86
-8.400070116871634189e-87
-4.312739799075921083e-87
-2.214234442778780187e-87
-1.136825868474228825e-87
-5.836658622337519264e-88
-2.996640454657295032e-88
-1.538526509006679480e-88
-7.899058478094656810e-89
-4.055511846893368739e-89
-2.082169208634559557e-89
-1.069021316435507178e-89
-5.488538444687523147e-90
-2.817909595971117683e-90
-1.446763026457759227e-90
-7.427929049668235382e-91
-3.813625933059200957e-91
-1.957980839619198528e-91
-1.005260881798314069e-91
-5.161181458090582533e-92
-2.649838915017249195e-92
-1.360472661648618747e-92
-6.984899544662427006e-93
-3.586167000952579626e-93
-1.841199529998841266e-93
-9.453033582561766389e-94
-4.853349268077112544e-94
-2.491792598875114026e-94
-1.279328977341208307e-94
-6.568293978414228565e-95
-3.372274571356587716e-95
-1.731383495012784759e-95
-8.889219259500272770e-96
-4.563877342661704113e-96
-2.343172756887516246e-96
-1.203025006236821936e-96
-6.176536328262810051e-97
-3.171139487256866341e-97
-1.628117299597880351e-97
-8.359032934066752322e-98
-4.291670606907147027e-98
-2.203417158835081468e-98
-1.131272089716097497e-98
-5.808144571440242502e-99
-2.982000852793581918e-99
-1.531010286794027899e-99
-7.860468906550598026e-100
-4.035699300246400086e-100
-2.071997108014373863e-100
-1.063798785840612315e-100
-5.461725078566461758e-101
-2.804143154785676470e-101
-1.439695099885039308e-101
-7.391641104683028250e-102
-3.794995080889282134e-102
-1.948415441173052484e-102
-1.000349842485666202e-102
-5.135967341537028556e-103
-2.636893555937447050e-103
-1.353826292684985549e-103
-6.950775948609066200e-104
-3.568647362575932201e-104
-1.832204647736958041e-104
-9.406852317192432348e-105
-4.829639015858045820e-105
-2.479619349489194469e-105
-1.273079022712224133e-105
-6.536205641417440542e-106
-3.355799869821053842e-106
-1.722925101213489344e-106
-8.845792417739750797e-107
-4.541581258676203606e-107
-2.331725565681971634e-107
-1.197147822307090057e-107
-6.146361859850360131e-108
-3.155647398616205844e-108
-1.620163396080241040e-108
-8.318196231775620558e-109
-4.270704344866042416e-109
-2.192652720981117361e-109
-1.125745443045078083e-109
-5.779769821322782786e-110
-2.967432770335090511e-110
-1.523530783868316649e-110
-7.822067858111451916e-111
-4.015983544589057027e-111
-2.061874701545171960e-111
-1.058601769073517792e-111
-5.435042704805204452e-112
-2.790443967320300225e-112
-1.432661702523437838e-112
-7.355530438578978684e-113
-3.776455246731900439e-113
-1.938896772932572061e-113
-9.954627952606121363e-114
-5.110876404468538251e-114
-2.624011439313839677e-114
-1.347212393481051163e-114
-6.916819057860702746e-115
-3.551213313556502256e-115
-1.823253708516329671e-115
-9.360896662919788169e-116
-4.806044596237991100e-116
-2.467505570542619557e-116
-1.266859601224912103e-116
-6.504274066796603346e-117
-3.339405652773050577e-117
-1.714508029527956780e-117
-8.802577730784732059e-118
-4.519394098599862441e-118
-2.320334297876127460e-118
-1.191299350408051213e-118
-6.116334803918883781e-119
-3.140230994066925471e-119
-1.612248350070662826e-119
-8.277559030583140083e-120
-4.249840510104372014e-120
-2.181940871045746929e-120
-1.120245795911750464e-120
-5.751533691454057709e-121
-2.952935857885175347e-121
-1.516087820843413504e-121
-7.783854411778554675e-122
-3.996364107064401042e-122
-2.051801746454223053e-122
-1.053430141490607912e-122
-5.408490683461935134e-123
-2.776811705017588391e-123
-1.425662665686163938e-123
-7.319596185289018794e-124
-3.758005985932967766e-124
-1.929424606605012568e-124
-9.905996229137193188e-125
-5.085908045111240741e-125
-2.611192256185794271e-125
-1.340630805411099198e-125
-6.883028058004970056e-126
-3.533864435761542346e-126
-1.814346497660393039e-126
-9.315165517556548333e-127
-4.782565443335808322e-127
-2.455450971502255327e-127
-1.260670563714443169e-127
-6.472498488714877167e-128
-3.323091527018734963e-128
-1.706132078083543634e-128
-8.759574162187754236e-129
-4.497315330302682865e-129
-2.308998680265069829e-129
-1.185479450271794217e-129
-6.086454440308739050e-130
-3.124889903866381332e-130
-1.604371971737171839e-130
-8.237120355859221576e-131
-4.229078602229880596e-131
-2.171281352119328913e-131
-1.114773016414275887e-131
-5.723435504626790189e-132
-2.938509767754447686e-132
-1.508681219209591156e-132
-7.745827651051520771e-133
-3.976840517126011678e-133
-2.041778001154881753e-133
-1.048283779057043739e-133
-5.382068377720860974e-134
-2.763246040925808377e-134
-1.418697821510317507e-134
-7.283837482976692692e-135
-3.739646856011429214e-135
-1.919998715012642169e-135
-9.857602088081068118e-136
-5.061061664632149027e-136
-2.598435699101683154e-136
-1.334081370624275974e-136
-6.849402138609544562e-137
-3.516600313100520307e-137
-1.805482801541248507e-137
-9.269657784301834136e-138
-4.759200994034197799e-138
-2.443455263254178897e-138
-1.254511761744960245e-138
-6.440878145075868870e-139
-3.306857101284962857e-139
-1.697797045994161886e-139
-8.716780680563511286e-140
-4.475344424254045288e-140
-2.297718440979042236e-140
-1.179687982315496549e-140
-6.056720052378164562e-141
-3.109623760078868359e-141
-1.596534072174958634e-141
-8.196879237734706654e-142
-4.208418123295741787e-142
-2.160673908547006613e-142
-1.109326973295136585e-142
-5.695474586943232925e-143
-2.924154153951681558e-143
-1.501310801329115828e-143
-7.707986663908921142e-144
-3.957412306525683855e-144
-2.031803225240618638e-144
-1.043162558344147252e-144
-5.355775153877101364e-145
-2.749746649690022926e-145
-1.411767002953346847e-145
-7.248253474015703918e-146
-3.721377416647260000e-146
-1.910618872087950201e-146
-9.809444368766771329e-147
-5.036336667122910900e-147
-2.585741462112401634e-147
-1.327563932040846596e-147
-6.815940493200169503e-148
-3.499420531516349150e-148
-1.796662407574592196e-148
-9.224372371711426925e-149
-4.735950687967829354e-149
-2.431518158096818847e-149
-1.248383047605550791e-149
-6.409412277507568448e-150
-3.290701986209997843e-150
-1.689502733354829428e-150
-8.674196259567096346e-151
-4.453480853510140163e-151
-2.286493309476071708e-151
-1.173924807638479377e-151
-6.027130926986264532e-152
-3.094432196565640630e-152
-1.588734463402396860e-152
-8.156834711078339815e-153
-4.187858577787045556e-153
-2.150118285923312340e-153
-1.103907535938021255e-153
-5.667650267796878291e-154
-2.909868672176516829e-154
-1.493976390432032920e-154
-7.670330542783543828e-155
-3.938079009303549638e-155
-2.021877179479314412e-155
-1.038066356526051796e-155
-5.329610381322549717e-156
-2.736313207544766221e-156
-1.404870043788518357e-156
-7.212843304970786866e-157
-3.703197229671551295e-157
-1.901284852867515933e-157
-9.761521916195269995e-158
-5.011732459586388856e-158
-2.573109240763067584e-158
-1.321078333348689313e-158
-6.782642319242494439e-159
-3.482324678974151485e-159
-1.787885104214971033e-159
-9.179308193673186425e-160
-4.712813967508131461e-160
-2.419639369734538895e-160
-1.242284274306920159e-160
-6.378100131341773828e-161
-3.274625794334828187e-161
-1.681248941237169022e-161
-8.631819877866156547e-162
-4.431724093702218443e-162
-2.275323016535875009e-162
-1.168189788018439781e-162
-5.997686354477103259e-163
-3.079314848976665630e-163
-1.580972958355940993e-163
-8.116985815475258545e-164
-4.167399472609643191e-164
-2.139614231085267669e-164
-1.098514574364911696e-164
-5.639961879857363942e-165
-2.895652979810119395e-165
-1.486677810612223812e-165
-7.632858384541949623e-166
-3.918840161775440629e-166
-2.011999625807925454e-166
-1.032995051376938649e-166
-5.303573432528923133e-167
-2.722945392306743503e-167
-1.398006778601172931e-167
-7.177606126574761138e-168
-3.685105859056625870e-168
-1.891996433486942245e-168
-9.713833581008417731e-169
-4.987248451923293672e-169
-2.560538732086163288e-169
-1.314624418999094023e-169
-6.749506818123971971e-170
-3.465312345451980782e-170
-1.779150680950097797e-170
-9.134464169382561231e-171
-4.689790277750744560e-171
-2.407818613269938348e-171
-1.236215295578079146e-171
-6.346940955597096392e-172
-3.258628140092751311e-172
-1.673035471684922134e-172
-8.589650519117900935e-173
-4.410073623022488211e-173
-2.264207294253788567e-173
-1.162482785908338549e-173
-5.968385628660631789e-174
-3.064271354742409182e-174
-1.573249370885915819e-174
-8.077331595201153142e-175
-4.147040317079028034e-175
-2.129161492106681265e-175
-1.093147959232588729e-175
-5.612408759055424590e-176
-2.881506735907465880e-176
-1.479414886822675314e-176
-7.595569290464117641e-177
-3.899695302522442941e-177
-2.002170327326081052e-177
-1.027948521268278536e-177
-5.277663683033627940e-178
-2.709642883366166814e-178
-1.391177042784996821e-178
-7.142541093709405551e-179
-3.667102870904320748e-179
-1.882753391175807994e-179
-9.666378219463077576e-180
-4.962884056916318234e-180
-2.548029634594710048e-180
-1.308202034203259547e-180
-6.716533195132393679e-181
-3.448383122931578590e-181
-1.770458928296110051e-181
-9.089839223313538136e-182
-4.666879066503001727e-182
-2.396055605197438319e-182
-1.230175965862409122e-182
-6.315934002962023704e-183
-3.242708639800687623e-183
-1.664862127708627060e-183
-8.547687171946185247e-184
-4.388528922212371428e-184
-2.253145876033567152e-184
-1.156803664433297902e-184
-5.939228046796778216e-185
-3.049301353064086439e-185
-1.565563515752318310e-185
-8.037871099200760147e-186
-4.126780622907144112e-186
-2.118759818292471485e-186
-1.087807561829718276e-186
-5.584990244565034129e-187
-2.867429601189657003e-187
-1.472187444871540014e-187
-7.558462366219276343e-188
-3.880643972380496043e-188
-1.992389048290749844e-188
-1.022926645165563513e-188
-5.251880511425681699e-189
-2.696405361679538661e-189
-1.384380672537595411e-189
-7.107647365386409477e-190
-3.649187833436214476e-190
-1.873555504251678377e-190
-9.619154693405336959e-191
-4.938638690216910643e-191
-2.535581648274156405e-191
-1.301811024928803737e-191
-6.683720659437995177e-192
-3.431536605387401776e-192
-1.761809637792846998e-192
-9.045432285194409424e-193
-4.644079784269084572e-193
-2.384350063396889713e-193
-1.224166140314386048e-193
-6.285078529774838196e-194
-3.226866911650535258e-194
-1.656728713281183848e-194
-8.505928829914309466e-195
-4.367089474550788384e-195
-2.242138496581379229e-195
-1.151152287386922702e-195
-5.910212909579610464e-196
-3.034404484905539415e-196
-1.557915208619837249e-196
-7.998603381066413974e-197
-4.106619904191390480e-197
-2.108408960171922575e-197
-1.082493254073951159e-197
-5.557705678788530174e-198
-2.853421238034791870e-198
-1.464995311418206945e-198
-7.521536721845765959e-199
-3.861685714428045767e-199
-1.982655554110926604e-199
-1.017929302625579995e-199
-5.226223299329006812e-200
-2.683232509762455336e-200
-1.377617504856805167e-200
-7.072924104724754215e-201
-3.631360316983890210e-201
-1.864402552115113755e-201
-9.572161870239900776e-202
-4.914511770332104278e-202
-2.523194474575624858e-202
-1.295451237895621154e-202
-6.651068424075622422e-203
-3.414772388777482964e-203
-1.753202601998244104e-203
-9.001242289983655497e-204
-4.621391884237651989e-204
-2.372701707125987277e-204
-1.218185674796314194e-204
-6.254373796006858492e-205
-3.211102575698899386e-205
-1.648635033333433315e-205
-8.464374491502367473e-206
-4.345754765840270813e-206
-2.231184891899825932e-206
-1.145528519228232324e-206
-5.881339521118525568e-207
-3.019580392985140470e-207
-1.550304266053703592e-207
-7.959527499012596879e-208
-4.086557677403663030e-208
-2.098108669493069318e-208
-1.077204908508477092e-208
-5.530554407341788481e-209
-2.839481310470371119e-209
-1.457838313968642251e-209
-7.484791471730974835e-210
-3.842820073975759217e-210
-1.972969611341321270e-210
-1.012956373793694743e-210
-5.200691431388502196e-211
-2.670124011681073558e-211
-1.370887377537017993e-211
-7.038370478931877180e-212
-3.613619893977386227e-212
-1.855294315244695038e-212
-9.525398622904589427e-213
-4.890502718608879391e-213
-2.510867816409182105e-213
-1.289122520572433154e-213
-6.618575705923570124e-214
-3.398090071034318789e-214
-1.744637614483662997e-214
-8.957268177841301075e-215
-4.598814822269508787e-215
-2.361110257013948053e-215
-1.212234425874450084e-215
-6.223819065245765907e-216
-3.195415253858540594e-216
-1.640580893748912696e-216
-8.423023160084658244e-217
-4.324524284395383173e-217
-2.220284799280843435e-217
-1.139932225078605763e-217
-5.852607188922588880e-218
-3.004828721766186750e-218
-1.542730505515552359e-218
-7.920642515854743020e-219
-4.066593461377357859e-219
-2.087858699217099639e-219
-1.071942398299158024e-219
-5.503535779036619140e-220
-2.825609484165719096e-220
-1.450716280871504559e-220
-7.448225734587526362e-221
-3.824046598556266724e-221
-1.963330987677104307e-221
-1.008007739400630474e-221
-5.175284295256177993e-222
-2.657079553044994712e-222
-1.364190129164820168e-222
-7.003985659284882508e-223
-3.595966138935770639e-223
-1.846230575191016848e-223
-9.478863829844929338e-224
-4.866610959221410208e-224
-2.498601378135706305e-224
-1.282824721173347152e-224
-6.586241725686330228e-225
-3.381489252053866315e-225
-1.736114469829236306e-225
-8.913508894105562593e-226
-4.576348056882715758e-226
-2.349575435055213676e-226
-1.206312250815842417e-226
-6.193413604675445170e-227
-3.179804569889848187e-227
-1.632566101359578197e-227
-8.381873843902417248e-228
-4.303397521031180362e-228
-2.209437957299910841e-228
-1.134363270718089120e-228
-5.824015223884916812e-229
-2.990149117449064092e-229
-1.535193745358429793e-229
-7.881947498988094983e-230
-4.046726777296765501e-230
-2.077658803511593498e-230
-1.066705597231664849e-230
-5.476649145866425482e-231
-2.811805426422833228e-231
-1.443629041314274505e-231
-7.411838633433856708e-232
-3.805364837911786508e-232
-1.953739451948670007e-232
-1.003083280759839542e-232
-5.150001281574384267e-233
-2.644098821000177149e-233
-1.357525599115435672e-233
-6.969768821107876528e-234
-3.578398628456526374e-234
-1.837211114572398280e-234
-9.432556374983464605e-235
-4.842835919156704677e-235
-2.486394865561084247e-235
-1.276557688653703895e-235
-6.554065707875142013e-236
-3.364969533687688320e-236
-1.727632963618246595e-236
-8.869963389266526119e-237
-4.553991049241958926e-237
-2.338096964601840225e-237
-1.200419007584770519e-237
-6.163156685061594952e-238
-3.164270149390543923e-238
-1.624590463940984413e-238
-8.340925556044338564e-239
-4.282373969049280629e-239
-2.198644105809531325e-239
-1.128821522582761750e-239
-5.795562940263817038e-240
-2.975541227962419599e-240
-1.527693804823224626e-240
-7.843441520362194625e-241
-4.026957148685124020e-241
-2.067508737745696165e-241
-1.061494379708025774e-241
-5.449893862990035666e-242
-2.798068806169853651e-242
-1.436576425318581600e-242
-7.375629295572337631e-243
-3.786774343985278802e-243
-1.944194774115308069e-243
-9.981828797645403556e-244
-5.124841783963859324e-244
-2.631181504220374372e-244
-1.350893627548717787e-244
-6.935719143755763457e-245
-3.560916941206010318e-245
-1.828235717068408979e-245
-9.386475147697831002e-246
-4.819177028201678814e-246
-2.474247985927448405e-246
-1.270321272707111943e-246
-6.522046880790516077e-247
-3.348530519731097101e-247
-1.719192892433113197e-247
-8.826630618942508424e-248
-4.531743263142499010e-248
-2.326674570358067854e-248
-1.194554554839542416e-248
-6.133047580730016346e-249
-3.148811619788332448e-249
-1.616653790207952597e-249
-8.300177314417189554e-250
-4.261453124227911789e-250
-2.187902985933366892e-250
-1.123306847760757622e-250
-5.767249655669324411e-251
-2.961004702955228655e-251
-1.520230504033286948e-251
-7.805123656462650741e-252
-4.007284101393881284e-252
-2.057408258482833777e-252
-1.056308620744158911e-252
-5.423269288717158792e-253
-2.784399293951203640e-253
-1.429558263736864590e-253
-7.339596852569596229e-254
-3.768274670907105204e-254
-1.934696725260688137e-254
-9.933064188850573961e-255
-5.099805199005665405e-255
-2.618327292901022825e-255
-1.344294055405547092e-255
-6.901835810589817784e-256
-3.543520657909132836e-256
-1.819304167416044270e-256
-9.340619042787693067e-257
-4.795633718929206494e-257
-2.462160447908002092e-257
-1.264115323760970572e-257
-6.490184476503344028e-258
-3.332171815916145699e-258
-1.710794053849333071e-258
-8.783509543854469330e-259
-4.509604165000696062e-259
-2.315307978372123048e-259
-1.188718751929035476e-259
-6.103085569553775476e-260
-3.133428610329803798e-260
-1.608755889809887438e-260
-8.259628141728438247e-261
-4.240634484806897024e-261
-2.177214340059899823e-261
-1.117819113989915213e-261
-5.739074691042886136e-262
-2.946539193788213439e-262
-1.512803663991246250e-262
-7.766992988283644469e-263
-3.987707163591083105e-263
-2.047357123476407916e-263
-1.051148195966151952e-263
-5.396774784492686742e-264
-2.770796561921762620e-264
-1.422574388247336295e-264
-7.303740440235270603e-265
-3.749865374987143785e-265
-1.925245077586042825e-265
-9.884537811659426066e-266
-5.074890926230519777e-266
-2.605535878750014858e-266
-1.337726724403936171e-266
-6.868118008963231898e-267
-3.526209361337898178e-267
-1.810416251403928555e-267
-9.294986960455193332e-268
-4.772205426682595512e-268
-2.450131961599172648e-268
-1.257939692973825231e-268
-6.458477730833892259e-269
-3.315893029901014732e-269
-1.702436246431902573e-269
-8.740599129797604680e-270
-4.487573223839636745e-270
-2.303996916031373092e-270
-1.182911458888849141e-270
-6.073269932933763246e-271
-3.118120752073880125e-271
-1.600896573325571299e-271
-8.219277065459947233e-272
-4.219917551478783895e-272
-2.166577911835388967e-272
-1.112358189654216751e-272
-5.711037370645343108e-273
-2.932144353524312204e-273
-1.505413106574191655e-273
-7.729048601311672775e-274
-3.968225865748474475e-274
-2.037355091663272351e-274
-1.046012981608060343e-274
-5.370409714879223921e-275
-2.757260283838039780e-275
-1.415624631351006161e-275
-7.268059198598361987e-276
-3.731546014702841648e-276
-1.915839604406137990e-276
-9.836248502227775706e-277
-5.050098368102624764e-277
-2.592806954982247407e-277
-1.331191477034703503e-277
-6.834564930199242823e-278
-3.508982636303817740e-278
-1.801571755866563741e-278
-9.249577806275345084e-279
-4.748891589565330529e-279
-2.438162238512830652e-279
-1.251794232231360575e-279
-6.426925883337918353e-280
-3.299693771259475648e-280
-1.694119269729893116e-280
-8.697898347622544809e-281
-4.465649911274878519e-281
-2.292741112054985167e-281
-1.177132536438762619e-281
-6.043599955779399577e-282
-3.102887677881877808e-282
-1.593075652259722257e-282
-8.179123117841850304e-283
-4.199301827375393335e-283
-2.155993446159210192e-283
-1.106923943780253504e-283
-5.683137022038741171e-284
-2.917819836922373948e-284
-1.498058654528889499e-284
-7.691289585500926260e-285
-3.948839740632965910e-285
-2.027401923157262026e-285
-1.040902854508577376e-285
-5.344173447545545595e-286
-2.743790135049413152e-286
-1.408708826367169658e-286
-7.232552271891613573e-287
-3.713316150687360903e-287
-1.906480080143171625e-287
-9.788195102400581787e-288
-5.025426930003624467e-288
-2.580140216311362120e-288
-1.324688156558607745e-288
-6.801175769569413930e-289
-3.491840069646733070e-289
-1.792770468680455500e-289
-9.204390491166639422e-290
-4.725691648425940026e-290
-2.426250991571043189e-290
-1.245678794142421844e-290
-6.395528177286196385e-291
-3.283573651473795419e-291
-1.685842924271068184e-291
-8.655406173207647779e-292
-4.443833701504846215e-292
-2.281540296486644037e-292
-1.171381845978982974e-292
-6.014074926495633776e-293
-3.087729022407653110e-293
-1.585292939037918793e-293
-8.139165335834971963e-294
-4.178786818054488882e-294
-2.145460689176989421e-294
-1.101516246034845730e-294
-5.655372976068277162e-295
-2.903565300427861209e-295
-1.490740131468561947e-295
-7.653715035248856435e-296
-3.929548323294049734e-296
-2.017497379244830781e-296
-1.035817692107725032e-296
-5.318065353249567819e-297
-2.730385792492230215e-297
-1.401826807428934539e-297
-7.197218808528469701e-298
-3.695175345721591376e-298
-1.897166280320713699e-298
-9.740376459680765541e-299
-5.000876020221798611e-299
-2.567535358941547436e-299
-1.318216607002131418e-299
-6.767949726279014520e-300
-3.474781250223723843e-300
-1.784012178758400019e-300
-9.159423931371258712e-301
-4.702605046842988380e-301
-2.414397935098345812e-301
-1.239593232036337748e-301
-6.364283859644201150e-302
-3.267532283924274608e-302
-1.677607011558259337e-302
-8.613121587431504431e-303
-4.422124071296676503e-303
-2.270394200689644098e-303
-1.165659249586425805e-303
-5.984694136963784975e-304
-3.072644422090958241e-304
-1.577548247001563445e-304
-8.099402761104891928e-305
-4.158372031490779888e-305
-2.134979388273784344e-305
-1.096134966721533476e-305
-5.627744566850131897e-306
-2.889380402163626914e-306
-1.483457361868137747e-306
-7.616324049379707383e-307
-3.910351151051322980e-307
-2.007641222378626657e-307
-1.030757372444627850e-307
-5.292084805821452718e-308
-2.717046934681107163e-308
-1.394978409480203871e-308
-7.162057961080208624e-309
-3.677123164722375924e-309
-1.887897981559626730e-309
-9.692791427198304324e-310
-4.976445049936156563e-310
-2.554992080561987637e-310
-1.311776673153273148e-310
-6.734886003445811533e-311
-3.457805768901098008e-311
-1.775296676044077833e-311
-9.114677048426743353e-312
-4.679631231120236753e-312
-2.402602784810180213e-312
-1.233537399961258627e-312
-6.333192181085764864e-313
-3.251569283869375865e-313
-1.669411334057492782e-313
-8.571043576110920557e-314
-4.400520500370484137e-314
-2.259302557297582720e-314
-1.159964610391617322e-314
-5.955456885007227968e-315
-3.057633518834183889e-315
-1.569841391625077766e-315
-8.059834479822352976e-316
-4.138056994495664760e-316
-2.124549321825500797e-316
-1.090779951272537162e-316
-5.600251387908134022e-317
-2.875264432537718388e-317
-1.476210344093081248e-317
-7.579115226898474362e-318
-3.891246204676282545e-318
-1.997833489462415001e-318
-1.025719806018095125e-318
-5.266245719021846914e-319
-2.703774246866221713e-319
-1.388126838555566291e-319
-7.127391006905822646e-320
-3.659050173100271906e-320
-1.878931651134260608e-320
-9.644161406821132542e-321
-4.950537771329290373e-321
-2.544438076082419703e-321
-1.304333305020890877e-321
-6.719292783440953001e-322
-3.458459520888725809e-322
-1.729229760444362905e-322
-8.893181625142437795e-323
-4.940656458412465442e-323
-2.470328229206232721e-323
-1.482196937523739633e-323
-9.881312916824930884e-324
0.000000000000000000e+00
0.000000000000000000e+00
0.000000000000000000e+00
0.000000000000000000e+00
0.000000000000000000e+00
0.000000000000000000e+00
0.000000000000000000e+00
0.000000000000000000e+00
0.000000000000000000e+00
0.000000000000000000e+00
0.000000000000000000e+00
0.000000000000000000e+00
0.000000000000000000e+00
0.000000000000000000e+00
0.000000000000000000e+00
0.000000000000000000e+00
0.000000000000000000e+00
0.000000000000000000e+00
0.000000000000000000e+00
0.000000000000000000e+00
0.000000000000000000e+00
0.000000000000000000e+00
0.000000000000000000e+00
0.000000000000000000e+00
0.000000000000000000e+00
0.000000000000000000e+00
0.000000000000000000e+00
0.000000000000000000e+00
0.000000000000000000e+00
0.000000000000000000e+00
0.000000000000000000e+00
0.000000000000000000e+00
0.000000000000000000e+00
0.000000000000000000e+00
0.000000000000000000e+00
0.000000000000000000e+00
0.000000000000000000e+00
0.000000000000000000e+00
0.000000000000000000e+00
0.000000000000000000e+00
0.000000000000000000e+00
0.000000000000000000e+00
0.000000000000000000e+00
0.000000000000000000e+00
0.000000000000000000e+00
0.000000000000000000e+00
0.000000000000000000e+00
0.000000000000000000e+00
0.000000000000000000e+00
0.000000000000000000e+00
0.000000000000000000e+00
0.000000000000000000e+00
0.000000000000000000e+00
0.000000000000000000e+00
0.000000000000000000e+00
0.000000000000000000e+00
0.000000000000000000e+00
0.000000000000000000e+00
0.000000000000000000e+00
0.000000000000000000e+00
0.000000000000000000e+00
0.000000000000000000e+00
0.000000000000000000e+00
0.000000000000000000e+00
0.000000000000000000e+00
0.000000000000000000e+00
0.000000000000000000e+00
0.000000000000000000e+00
0.000000000000000000e+00
0.000000000000000000e+00
0.000000000000000000e+00
0.000000000000000000e+00
0.000000000000000000e+00
0.000000000000000000e+00
0.000000000000000000e+00
0.000000000000000000e+00
0.000000000000000000e+00
0.000000000000000000e+00
0.000000000000000000e+00
0.000000000000000000e+00
0.000000000000000000e+00
0.000000000000000000e+00
0.000000000000000000e+00
0.000000000000000000e+00
0.000000000000000000e+00
0.000000000000000000e+00
0.000000000000000000e+00
0.000000000000000000e+00
0.000000000000000000e+00
0.000000000000000000e+00
0.000000000000000000e+00
0.000000000000000000e+00
0.000000000000000000e+00
0.000000000000000000e+00
0.000000000000000000e+00
0.000000000000000000e+00
0.000000000000000000e+00
0.000000000000000000e+00
0.000000000000000000e+00
0.000000000000000000e+00
0.000000000000000000e+00
0.000000000000000000e+00
0.000000000000000000e+00
0.000000000000000000e+00
0.000000000000000000e+00
0.000000000000000000e+00
0.000000000000000000e+00
0.000000000000000000e+00
0.000000000000000000e+00
0.000000000000000000e+00
0.000000000000000000e+00
0.000000000000000000e+00
0.000000000000000000e+00
0.000000000000000000e+00
0.000000000000000000e+00
0.000000000000000000e+00
0.000000000000000000e+00
0.000000000000000000e+00
0.000000000000000000e+00
0.000000000000000000e+00
0.000000000000000000e+00
0.000000000000000000e+00
0.000000000000000000e+00
0.000000000000000000e+00
0.000000000000000000e+00
0.000000000000000000e+00
0.000000000000000000e+00
0.000000000000000000e+00
0.000000000000000000e+00
0.000000000000000000e+00
0.000000000000000000e+00
0.000000000000000000e+00
0.000000000000000000e+00
0.000000000000000000e+00
0.000000000000000000e+00
0.000000000000000000e+00
0.000000000000000000e+00
0.000000000000000000e+00
0.000000000000000000e+00
0.000000000000000000e+00
0.000000000000000000e+00
0.000000000000000000e+00
0.000000000000000000e+00
0.000000000000000000e+00
0.000000000000000000e+00
0.000000000000000000e+00
0.000000000000000000e+00
0.000000000000000000e+00
0.000000000000000000e+00
0.000000000000000000e+00
0.000000000000000000e+00
0.000000000000000000e+00
0.000000000000000000e+00
0.000000000000000000e+00
0.000000000000000000e+00
0.000000000000000000e+00
0.000000000000000000e+00
0.000000000000000000e+00
0.000000000000000000e+00
0.000000000000000000e+00
0.000000000000000000e+00
0.000000000000000000e+00
0.000000000000000000e+00
0.000000000000000000e+00
0.000000000000000000e+00
0.000000000000000000e+00
0.000000000000000000e+00
0.000000000000000000e+00
0.000000000000000000e+00
0.000000000000000000e+00
0.000000000000000000e+00
0.000000000000000000e+00
0.000000000000000000e+00
0.000000000000000000e+00
0.000000000000000000e+00
0.000000000000000000e+00
0.000000000000000000e+00
0.000000000000000000e+00
0.000000000000000000e+00
0.000000000000000000e+00
0.000000000000000000e+00
0.000000000000000000e+00
0.000000000000000000e+00
0.000000000000000000e+00
0.000000000000000000e+00
0.000000000000000000e+00
0.000000000000000000e+00
0.000000000000000000e+00
0.000000000000000000e+00
0.000000000000000000e+00
0.000000000000000000e+00
0.000000000000000000e+00
0.000000000000000000e+00
0.000000000000000000e+00
0.000000000000000000e+00
0.000000000000000000e+00
0.000000000000000000e+00
0.000000000000000000e+00
0.000000000000000000e+00
0.000000000000000000e+00
0.000000000000000000e+00
0.000000000000000000e+00
0.000000000000000000e+00
0.000000000000000000e+00
0.000000000000000000e+00
0.000000000000000000e+00
0.000000000000000000e+00
0.000000000000000000e+00
0.000000000000000000e+00
0.000000000000000000e+00
0.000000000000000000e+00
0.000000000000000000e+00
0.000000000000000000e+00
0.000000000000000000e+00
0.000000000000000000e+00
0.000000000000000000e+00
0.000000000000000000e+00
0.000000000000000000e+00
0.000000000000000000e+00
0.000000000000000000e+00
0.000000000000000000e+00
0.000000000000000000e+00
0.000000000000000000e+00
0.000000000000000000e+00
0.000000000000000000e+00
0.000000000000000000e+00
0.000000000000000000e+00
0.000000000000000000e+00
0.000000000000000000e+00
0.000000000000000000e+00
0.000000000000000000e+00
0.000000000000000000e+00
0.000000000000000000e+00
0.000000000000000000e+00
0.000000000000000000e+00
0.000000000000000000e+00
0.000000000000000000e+00
0.000000000000000000e+00
0.000000000000000000e+00
0.000000000000000000e+00
0.000000000000000000e+00
0.000000000000000000e+00
0.000000000000000000e+00
0.000000000000000000e+00
0.000000000000000000e+00
0.000000000000000000e+00
0.000000000000000000e+00
0.000000000000000000e+00
0.000000000000000000e+00
0.000000000000000000e+00
0.000000000000000000e+00
0.000000000000000000e+00
0.000000000000000000e+00
0.000000000000000000e+00
0.000000000000000000e+00
0.000000000000000000e+00
0.000000000000000000e+00
0.000000000000000000e+00
0.000000000000000000e+00
0.000000000000000000e+00
0.000000000000000000e+00
0.000000000000000000e+00
0.000000000000000000e+00
0.000000000000000000e+00
0.000000000000000000e+00
0.000000000000000000e+00
0.000000000000000000e+00
0.000000000000000000e+00
0.000000000000000000e+00
0.000000000000000000e+00
0.000000000000000000e+00
0.000000000000000000e+00
0.000000000000000000e+00
0.000000000000000000e+00
0.000000000000000000e+00
0.000000000000000000e+00
0.000000000000000000e+00
0.000000000000000000e+00
0.000000000000000000e+00
0.000000000000000000e+00
0.000000000000000000e+00
0.000000000000000000e+00
0.000000000000000000e+00
0.000000000000000000e+00
0.000000000000000000e+00
0.000000000000000000e+00
0.000000000000000000e+00
0.000000000000000000e+00
0.000000000000000000e+00
0.000000000000000000e+00
0.000000000000000000e+00
0.000000000000000000e+00
0.000000000000000000e+00
0.000000000000000000e+00
0.000000000000000000e+00
0.000000000000000000e+00
0.000000000000000000e+00
0.000000000000000000e+00
0.000000000000000000e+00
0.000000000000000000e+00
0.000000000000000000e+00
0.000000000000000000e+00
0.000000000000000000e+00
0.000000000000000000e+00
0.000000000000000000e+00
0.000000000000000000e+00
0.000000000000000000e+00
0.000000000000000000e+00
0.000000000000000000e+00
0.000000000000000000e+00
0.000000000000000000e+00
0.000000000000000000e+00
0.000000000000000000e+00
0.000000000000000000e+00
0.000000000000000000e+00
0.000000000000000000e+00
0.000000000000000000e+00
0.000000000000000000e+00
0.000000000000000000e+00
0.000000000000000000e+00
0.000000000000000000e+00
0.000000000000000000e+00
0.000000000000000000e+00
0.000000000000000000e+00
0.000000000000000000e+00
0.000000000000000000e+00
0.000000000000000000e+00
0.000000000000000000e+00
0.000000000000000000e+00
0.000000000000000000e+00
0.000000000000000000e+00
0.000000000000000000e+00
0.000000000000000000e+00
0.000000000000000000e+00
0.000000000000000000e+00
0.000000000000000000e+00
0.000000000000000000e+00
0.000000000000000000e+00
0.000000000000000000e+00
0.000000000000000000e+00
0.000000000000000000e+00
0.000000000000000000e+00
0.000000000000000000e+00
0.000000000000000000e+00
0.000000000000000000e+00
0.000000000000000000e+00
0.000000000000000000e+00
0.000000000000000000e+00
0.000000000000000000e+00
0.000000000000000000e+00
0.000000000000000000e+00
0.000000000000000000e+00
0.000000000000000000e+00
0.000000000000000000e+00
0.000000000000000000e+00
0.000000000000000000e+00
0.000000000000000000e+00
0.000000000000000000e+00
0.000000000000000000e+00
0.000000000000000000e+00
0.000000000000000000e+00
0.000000000000000000e+00
0.000000000000000000e+00
0.000000000000000000e+00
0.000000000000000000e+00
0.000000000000000000e+00
0.000000000000000000e+00
0.000000000000000000e+00
0.000000000000000000e+00
0.000000000000000000e+00
0.000000000000000000e+00
0.000000000000000000e+00
0.000000000000000000e+00
0.000000000000000000e+00
0.000000000000000000e+00
0.000000000000000000e+00
0.000000000000000000e+00
0.000000000000000000e+00
0.000000000000000000e+00
0.000000000000000000e+00
0.000000000000000000e+00
0.000000000000000000e+00
0.000000000000000000e+00
0.000000000000000000e+00
0.000000000000000000e+00
0.000000000000000000e+00
0.000000000000000000e+00
0.000000000000000000e+00
0.000000000000000000e+00
0.000000000000000000e+00
0.000000000000000000e+00
0.000000000000000000e+00
0.000000000000000000e+00
0.000000000000000000e+00
0.000000000000000000e+00
0.000000000000000000e+00
0.000000000000000000e+00
0.000000000000000000e+00
0.000000000000000000e+00
0.000000000000000000e+00
0.000000000000000000e+00
0.000000000000000000e+00
0.000000000000000000e+00
0.000000000000000000e+00
0.000000000000000000e+00
0.000000000000000000e+00
0.000000000000000000e+00
0.000000000000000000e+00
0.000000000000000000e+00
0.000000000000000000e+00
0.000000000000000000e+00
0.000000000000000000e+00
0.000000000000000000e+00
0.000000000000000000e+00
0.000000000000000000e+00
0.000000000000000000e+00
0.000000000000000000e+00
0.000000000000000000e+00
0.000000000000000000e+00
0.000000000000000000e+00
0.000000000000000000e+00
0.000000000000000000e+00
0.000000000000000000e+00
0.000000000000000000e+00
0.000000000000000000e+00
0.000000000000000000e+00
0.000000000000000000e+00
0.000000000000000000e+00
0.000000000000000000e+00
0.000000000000000000e+00
0.000000000000000000e+00
0.000000000000000000e+00
0.000000000000000000e+00
0.000000000000000000e+00
0.000000000000000000e+00
0.000000000000000000e+00
0.000000000000000000e+00
0.000000000000000000e+00
0.000000000000000000e+00
0.000000000000000000e+00
0.000000000000000000e+00
0.000000000000000000e+00
0.000000000000000000e+00
0.000000000000000000e+00
0.000000000000000000e+00
0.000000000000000000e+00
0.000000000000000000e+00
0.000000000000000000e+00
0.000000000000000000e+00
0.000000000000000000e+00
0.000000000000000000e+00
0.000000000000000000e+00
0.000000000000000000e+00
0.000000000000000000e+00
0.000000000000000000e+00
0.000000000000000000e+00
0.000000000000000000e+00
0.000000000000000000e+00
0.000000000000000000e+00
0.000000000000000000e+00
0.000000000000000000e+00
0.000000000000000000e+00
0.000000000000000000e+00
0.000000000000000000e+00
0.000000000000000000e+00
0.000000000000000000e+00
0.000000000000000000e+00
0.000000000000000000e+00
0.000000000000000000e+00
0.000000000000000000e+00
0.000000000000000000e+00
0.000000000000000000e+00
0.000000000000000000e+00
0.000000000000000000e+00
0.000000000000000000e+00
0.000000000000000000e+00
0.000000000000000000e+00
0.000000000000000000e+00
0.000000000000000000e+00
0.000000000000000000e+00
0.000000000000000000e+00
0.000000000000000000e+00
0.000000000000000000e+00
0.000000000000000000e+00
0.000000000000000000e+00
0.000000000000000000e+00
0.000000000000000000e+00
0.000000000000000000e+00
0.000000000000000000e+00
0.000000000000000000e+00
0.000000000000000000e+00
0.000000000000000000e+00
0.000000000000000000e+00
0.000000000000000000e+00
0.000000000000000000e+00
0.000000000000000000e+00
0.000000000000000000e+00
0.000000000000000000e+00
0.000000000000000000e+00
0.000000000000000000e+00
0.000000000000000000e+00
0.000000000000000000e+00
0.000000000000000000e+00
0.000000000000000000e+00
0.000000000000000000e+00
0.000000000000000000e+00
0.000000000000000000e+00
0.000000000000000000e+00
0.000000000000000000e+00
0.000000000000000000e+00
0.000000000000000000e+00
0.000000000000000000e+00
0.000000000000000000e+00
0.000000000000000000e+00
0.000000000000000000e+00
0.000000000000000000e+00
0.000000000000000000e+00
0.000000000000000000e+00
0.000000000000000000e+00
0.000000000000000000e+00
0.000000000000000000e+00
0.000000000000000000e+00
0.000000000000000000e+00
0.000000000000000000e+00
0.000000000000000000e+00
0.000000000000000000e+00
0.000000000000000000e+00
0.000000000000000000e+00
0.000000000000000000e+00
0.000000000000000000e+00
0.000000000000000000e+00
0.000000000000000000e+00
0.000000000000000000e+00
0.000000000000000000e+00
0.000000000000000000e+00
0.000000000000000000e+00
0.000000000000000000e+00
0.000000000000000000e+00
0.000000000000000000e+00
0.000000000000000000e+00
0.000000000000000000e+00
0.000000000000000000e+00
0.000000000000000000e+00
0.000000000000000000e+00
0.000000000000000000e+00
0.000000000000000000e+00
0.000000000000000000e+00
0.000000000000000000e+00
0.000000000000000000e+00
0.000000000000000000e+00
0.000000000000000000e+00
0.000000000000000000e+00
0.000000000000000000e+00
0.000000000000000000e+00
0.000000000000000000e+00
0.000000000000000000e+00
0.000000000000000000e+00
0.000000000000000000e+00
0.000000000000000000e+00
0.000000000000000000e+00
0.000000000000000000e+00
0.000000000000000000e+00
0.000000000000000000e+00
0.000000000000000000e+00
0.000000000000000000e+00
0.000000000000000000e+00
0.000000000000000000e+00
0.000000000000000000e+00
0.000000000000000000e+00
0.000000000000000000e+00
0.000000000000000000e+00
0.000000000000000000e+00
0.000000000000000000e+00
0.000000000000000000e+00
0.000000000000000000e+00
0.000000000000000000e+00
0.000000000000000000e+00
0.000000000000000000e+00
0.000000000000000000e+00
0.000000000000000000e+00
0.000000000000000000e+00
0.000000000000000000e+00
0.000000000000000000e+00
0.000000000000000000e+00
0.000000000000000000e+00
0.000000000000000000e+00
0.000000000000000000e+00
0.000000000000000000e+00
0.000000000000000000e+00
0.000000000000000000e+00
0.000000000000000000e+00
0.000000000000000000e+00
0.000000000000000000e+00
0.000000000000000000e+00
0.000000000000000000e+00
0.000000000000000000e+00
0.000000000000000000e+00
0.000000000000000000e+00
0.000000000000000000e+00
0.000000000000000000e+00
0.000000000000000000e+00
0.000000000000000000e+00
0.000000000000000000e+00
0.000000000000000000e+00
0.000000000000000000e+00
0.000000000000000000e+00
0.000000000000000000e+00
0.000000000000000000e+00
0.000000000000000000e+00
0.000000000000000000e+00
0.000000000000000000e+00
0.000000000000000000e+00
0.000000000000000000e+00
0.000000000000000000e+00
0.000000000000000000e+00
0.000000000000000000e+00
0.000000000000000000e+00
0.000000000000000000e+00
0.000000000000000000e+00
0.000000000000000000e+00
0.000000000000000000e+00
0.000000000000000000e+00
0.000000000000000000e+00
0.000000000000000000e+00
0.000000000000000000e+00
0.000000000000000000e+00
0.000000000000000000e+00
0.000000000000000000e+00
0.000000000000000000e+00
0.000000000000000000e+00
0.000000000000000000e+00
0.000000000000000000e+00
0.000000000000000000e+00
0.000000000000000000e+00
0.000000000000000000e+00
0.000000000000000000e+00
0.000000000000000000e+00
0.000000000000000000e+00
0.000000000000000000e+00
0.000000000000000000e+00
0.000000000000000000e+00
0.000000000000000000e+00
0.000000000000000000e+00
0.000000000000000000e+00
0.000000000000000000e+00
0.000000000000000000e+00
0.000000000000000000e+00
0.000000000000000000e+00
0.000000000000000000e+00
0.000000000000000000e+00
0.000000000000000000e+00
0.000000000000000000e+00
0.000000000000000000e+00
0.000000000000000000e+00
0.000000000000000000e+00
0.000000000000000000e+00
0.000000000000000000e+00
0.000000000000000000e+00
0.000000000000000000e+00
0.000000000000000000e+00
0.000000000000000000e+00
0.000000000000000000e+00
0.000000000000000000e+00
0.000000000000000000e+00
0.000000000000000000e+00
0.000000000000000000e+00
0.000000000000000000e+00
0.000000000000000000e+00
0.000000000000000000e+00
0.000000000000000000e+00
0.000000000000000000e+00
0.000000000000000000e+00
0.000000000000000000e+00
0.000000000000000000e+00
0.000000000000000000e+00
0.000000000000000000e+00
0.000000000000000000e+00
0.000000000000000000e+00
0.000000000000000000e+00
0.000000000000000000e+00
0.000000000000000000e+00
0.000000000000000000e+00
0.000000000000000000e+00
0.000000000000000000e+00
0.000000000000000000e+00
0.000000000000000000e+00
0.000000000000000000e+00
0.000000000000000000e+00
0.000000000000000000e+00
0.000000000000000000e+00
0.000000000000000000e+00
0.000000000000000000e+00
0.000000000000000000e+00
0.000000000000000000e+00
0.000000000000000000e+00
0.000000000000000000e+00
0.000000000000000000e+00
0.000000000000000000e+00
0.000000000000000000e+00
0.000000000000000000e+00
0.000000000000000000e+00
0.000000000000000000e+00
0.000000000000000000e+00
0.000000000000000000e+00
0.000000000000000000e+00
0.000000000000000000e+00
0.000000000000000000e+00
0.000000000000000000e+00
0.000000000000000000e+00
0.000000000000000000e+00
0.000000000000000000e+00
0.000000000000000000e+00
0.000000000000000000e+00
0.000000000000000000e+00
0.000000000000000000e+00
0.000000000000000000e+00
0.000000000000000000e+00
0.000000000000000000e+00
0.000000000000000000e+00
0.000000000000000000e+00
0.000000000000000000e+00
0.000000000000000000e+00
0.000000000000000000e+00
0.000000000000000000e+00
0.000000000000000000e+00
0.000000000000000000e+00
0.000000000000000000e+00
0.000000000000000000e+00
0.000000000000000000e+00
0.000000000000000000e+00
0.000000000000000000e+00
0.000000000000000000e+00
0.000000000000000000e+00
0.000000000000000000e+00
0.000000000000000000e+00
0.000000000000000000e+00
0.000000000000000000e+00
0.000000000000000000e+00
0.000000000000000000e+00
0.000000000000000000e+00
0.000000000000000000e+00
0.000000000000000000e+00
0.000000000000000000e+00
0.000000000000000000e+00
0.000000000000000000e+00
0.000000000000000000e+00
0.000000000000000000e+00
0.000000000000000000e+00
0.000000000000000000e+00
0.000000000000000000e+00
0.000000000000000000e+00
0.000000000000000000e+00
0.000000000000000000e+00
0.000000000000000000e+00
0.000000000000000000e+00
0.000000000000000000e+00
0.000000000000000000e+00
0.000000000000000000e+00
0.000000000000000000e+00
0.000000000000000000e+00
0.000000000000000000e+00
0.000000000000000000e+00
0.000000000000000000e+00
0.000000000000000000e+00
0.000000000000000000e+00
0.000000000000000000e+00
0.000000000000000000e+00
0.000000000000000000e+00
0.000000000000000000e+00
0.000000000000000000e+00
0.000000000000000000e+00
0.000000000000000000e+00
0.000000000000000000e+00
0.000000000000000000e+00
0.000000000000000000e+00
0.000000000000000000e+00
0.000000000000000000e+00
0.000000000000000000e+00
0.000000000000000000e+00
0.000000000000000000e+00
0.000000000000000000e+00
0.000000000000000000e+00
0.000000000000000000e+00
0.000000000000000000e+00
0.000000000000000000e+00
0.000000000000000000e+00
0.000000000000000000e+00
0.000000000000000000e+00
0.000000000000000000e+00
0.000000000000000000e+00
0.000000000000000000e+00
0.000000000000000000e+00
0.000000000000000000e+00
0.000000000000000000e+00
0.000000000000000000e+00
0.000000000000000000e+00
0.000000000000000000e+00
0.000000000000000000e+00
0.000000000000000000e+00
0.000000000000000000e+00
0.000000000000000000e+00
0.000000000000000000e+00
0.000000000000000000e+00
0.000000000000000000e+00
0.000000000000000000e+00
0.000000000000000000e+00
0.000000000000000000e+00
0.000000000000000000e+00
0.000000000000000000e+00
0.000000000000000000e+00
0.000000000000000000e+00
0.000000000000000000e+00
0.000000000000000000e+00
0.000000000000000000e+00
0.000000000000000000e+00
0.000000000000000000e+00
0.000000000000000000e+00
0.000000000000000000e+00
0.000000000000000000e+00
0.000000000000000000e+00
0.000000000000000000e+00
0.000000000000000000e+00
0.000000000000000000e+00
0.000000000000000000e+00
0.000000000000000000e+00
0.000000000000000000e+00
0.000000000000000000e+00
0.000000000000000000e+00
0.000000000000000000e+00
0.000000000000000000e+00
0.000000000000000000e+00
0.000000000000000000e+00
0.000000000000000000e+00
0.000000000000000000e+00
0.000000000000000000e+00
0.000000000000000000e+00
0.000000000000000000e+00
0.000000000000000000e+00
0.000000000000000000e+00
0.000000000000000000e+00
0.000000000000000000e+00
0.000000000000000000e+00
0.000000000000000000e+00
0.000000000000000000e+00
0.000000000000000000e+00
0.000000000000000000e+00
0.000000000000000000e+00
0.000000000000000000e+00
0.000000000000000000e+00
0.000000000000000000e+00
0.000000000000000000e+00
0.000000000000000000e+00
0.000000000000000000e+00
0.000000000000000000e+00
0.000000000000000000e+00
0.000000000000000000e+00
0.000000000000000000e+00
0.000000000000000000e+00
0.000000000000000000e+00
0.000000000000000000e+00
0.000000000000000000e+00
0.000000000000000000e+00
0.000000000000000000e+00
0.000000000000000000e+00
0.000000000000000000e+00
0.000000000000000000e+00
0.000000000000000000e+00
0.000000000000000000e+00
0.000000000000000000e+00
0.000000000000000000e+00
0.000000000000000000e+00
0.000000000000000000e+00
0.000000000000000000e+00
0.000000000000000000e+00
0.000000000000000000e+00
0.000000000000000000e+00
0.000000000000000000e+00
0.000000000000000000e+00
0.000000000000000000e+00
0.000000000000000000e+00
0.000000000000000000e+00
0.000000000000000000e+00
0.000000000000000000e+00
0.000000000000000000e+00
0.000000000000000000e+00
0.000000000000000000e+00
0.000000000000000000e+00
0.000000000000000000e+00
0.000000000000000000e+00
0.000000000000000000e+00
0.000000000000000000e+00
0.000000000000000000e+00
0.000000000000000000e+00
0.000000000000000000e+00
0.000000000000000000e+00
0.000000000000000000e+00
0.000000000000000000e+00
0.000000000000000000e+00
0.000000000000000000e+00
0.000000000000000000e+00
0.000000000000000000e+00
0.000000000000000000e+00
0.000000000000000000e+00
0.000000000000000000e+00
0.000000000000000000e+00
0.000000000000000000e+00
0.000000000000000000e+00
0.000000000000000000e+00
0.000000000000000000e+00
0.000000000000000000e+00
0.000000000000000000e+00
0.000000000000000000e+00
0.000000000000000000e+00
0.000000000000000000e+00
0.000000000000000000e+00
0.000000000000000000e+00
0.000000000000000000e+00
0.000000000000000000e+00
0.000000000000000000e+00
0.000000000000000000e+00
0.000000000000000000e+00
0.000000000000000000e+00
0.000000000000000000e+00
0.000000000000000000e+00
0.000000000000000000e+00
0.000000000000000000e+00
0.000000000000000000e+00
0.000000000000000000e+00
0.000000000000000000e+00
0.000000000000000000e+00
0.000000000000000000e+00
0.000000000000000000e+00
0.000000000000000000e+00
0.000000000000000000e+00
0.000000000000000000e+00
0.000000000000000000e+00
0.000000000000000000e+00
0.000000000000000000e+00
0.000000000000000000e+00
0.000000000000000000e+00
0.000000000000000000e+00
0.000000000000000000e+00
0.000000000000000000e+00
0.000000000000000000e+00
0.000000000000000000e+00
0.000000000000000000e+00
0.000000000000000000e+00
0.000000000000000000e+00
0.000000000000000000e+00
0.000000000000000000e+00
0.000000000000000000e+00
0.000000000000000000e+00
0.000000000000000000e+00
0.000000000000000000e+00
0.000000000000000000e+00
0.000000000000000000e+00
0.000000000000000000e+00
0.000000000000000000e+00
0.000000000000000000e+00
0.000000000000000000e+00
0.000000000000000000e+00
0.000000000000000000e+00
0.000000000000000000e+00
0.000000000000000000e+00
0.000000000000000000e+00
0.000000000000000000e+00
0.000000000000000000e+00
0.000000000000000000e+00
0.000000000000000000e+00
0.000000000000000000e+00
0.000000000000000000e+00
0.000000000000000000e+00
0.000000000000000000e+00
0.000000000000000000e+00
0.000000000000000000e+00
0.000000000000000000e+00
0.000000000000000000e+00
0.000000000000000000e+00
0.000000000000000000e+00
0.000000000000000000e+00
0.000000000000000000e+00
0.000000000000000000e+00
0.000000000000000000e+00
0.000000000000000000e+00
0.000000000000000000e+00
0.000000000000000000e+00
0.000000000000000000e+00
0.000000000000000000e+00
0.000000000000000000e+00
0.000000000000000000e+00
0.000000000000000000e+00
0.000000000000000000e+00
0.000000000000000000e+00
0.000000000000000000e+00
0.000000000000000000e+00
0.000000000000000000e+00
0.000000000000000000e+00
0.000000000000000000e+00
0.000000000000000000e+00
0.000000000000000000e+00
0.000000000000000000e+00
0.000000000000000000e+00
0.000000000000000000e+00
0.000000000000000000e+00
0.000000000000000000e+00
0.000000000000000000e+00
0.000000000000000000e+00
0.000000000000000000e+00
0.000000000000000000e+00
0.000000000000000000e+00
0.000000000000000000e+00
0.000000000000000000e+00
0.000000000000000000e+00
0.000000000000000000e+00
0.000000000000000000e+00
0.000000000000000000e+00
0.000000000000000000e+00
0.000000000000000000e+00
0.000000000000000000e+00
0.000000000000000000e+00
0.000000000000000000e+00
0.000000000000000000e+00
0.000000000000000000e+00
0.000000000000000000e+00
0.000000000000000000e+00
0.000000000000000000e+00
0.000000000000000000e+00
0.000000000000000000e+00
0.000000000000000000e+00
0.000000000000000000e+00
0.000000000000000000e+00
0.000000000000000000e+00
0.000000000000000000e+00
0.000000000000000000e+00
0.000000000000000000e+00
0.000000000000000000e+00
0.000000000000000000e+00
0.000000000000000000e+00
0.000000000000000000e+00
0.000000000000000000e+00
0.000000000000000000e+00
0.000000000000000000e+00
0.000000000000000000e+00
0.000000000000000000e+00
0.000000000000000000e+00
0.000000000000000000e+00
0.000000000000000000e+00
0.000000000000000000e+00
0.000000000000000000e+00
0.000000000000000000e+00
0.000000000000000000e+00
0.000000000000000000e+00
0.000000000000000000e+00
0.000000000000000000e+00
0.000000000000000000e+00
0.000000000000000000e+00
0.000000000000000000e+00
0.000000000000000000e+00
0.000000000000000000e+00
0.000000000000000000e+00
0.000000000000000000e+00
0.000000000000000000e+00
0.000000000000000000e+00
0.000000000000000000e+00
0.000000000000000000e+00
0.000000000000000000e+00
0.000000000000000000e+00
0.000000000000000000e+00
0.000000000000000000e+00
0.000000000000000000e+00
0.000000000000000000e+00
0.000000000000000000e+00
0.000000000000000000e+00
0.000000000000000000e+00
0.000000000000000000e+00
0.000000000000000000e+00
0.000000000000000000e+00
0.000000000000000000e+00
0.000000000000000000e+00
0.000000000000000000e+00
0.000000000000000000e+00
0.000000000000000000e+00
0.000000000000000000e+00
0.000000000000000000e+00
0.000000000000000000e+00
0.000000000000000000e+00
0.000000000000000000e+00
0.000000000000000000e+00
0.000000000000000000e+00
0.000000000000000000e+00
0.000000000000000000e+00
0.000000000000000000e+00
0.000000000000000000e+00
0.000000000000000000e+00
0.000000000000000000e+00
0.000000000000000000e+00
0.000000000000000000e+00
0.000000000000000000e+00
0.000000000000000000e+00
0.000000000000000000e+00
0.000000000000000000e+00
0.000000000000000000e+00
0.000000000000000000e+00
0.000000000000000000e+00
0.000000000000000000e+00
0.000000000000000000e+00
0.000000000000000000e+00
0.000000000000000000e+00
0.000000000000000000e+00
0.000000000000000000e+00
0.000000000000000000e+00
0.000000000000000000e+00
0.000000000000000000e+00
0.000000000000000000e+00
0.000000000000000000e+00
0.000000000000000000e+00
0.000000000000000000e+00
0.000000000000000000e+00
0.000000000000000000e+00
0.000000000000000000e+00
0.000000000000000000e+00
0.000000000000000000e+00
0.000000000000000000e+00
0.000000000000000000e+00
0.000000000000000000e+00
0.000000000000000000e+00
0.000000000000000000e+00
0.000000000000000000e+00
0.000000000000000000e+00
0.000000000000000000e+00
0.000000000000000000e+00
0.000000000000000000e+00
0.000000000000000000e+00
0.000000000000000000e+00
0.000000000000000000e+00
0.000000000000000000e+00
0.000000000000000000e+00
0.000000000000000000e+00
0.000000000000000000e+00
0.000000000000000000e+00
0.000000000000000000e+00
0.000000000000000000e+00
0.000000000000000000e+00
0.000000000000000000e+00
0.000000000000000000e+00
0.000000000000000000e+00
0.000000000000000000e+00
0.000000000000000000e+00
0.000000000000000000e+00
0.000000000000000000e+00
0.000000000000000000e+00
0.000000000000000000e+00
0.000000000000000000e+00
0.000000000000000000e+00
0.000000000000000000e+00
0.000000000000000000e+00
0.000000000000000000e+00
0.000000000000000000e+00
0.000000000000000000e+00
0.000000000000000000e+00
0.000000000000000000e+00
0.000000000000000000e+00
0.000000000000000000e+00
0.000000000000000000e+00
0.000000000000000000e+00
0.000000000000000000e+00
0.000000000000000000e+00
0.000000000000000000e+00
0.000000000000000000e+00
0.000000000000000000e+00
0.000000000000000000e+00
0.000000000000000000e+00
0.000000000000000000e+00
0.000000000000000000e+00
0.000000000000000000e+00
0.000000000000000000e+00
0.000000000000000000e+00
0.000000000000000000e+00
0.000000000000000000e+00
0.000000000000000000e+00
0.000000000000000000e+00
0.000000000000000000e+00
0.000000000000000000e+00
0.000000000000000000e+00
0.000000000000000000e+00
0.000000000000000000e+00
0.000000000000000000e+00
0.000000000000000000e+00
0.000000000000000000e+00
0.000000000000000000e+00
0.000000000000000000e+00
0.000000000000000000e+00
0.000000000000000000e+00
0.000000000000000000e+00
0.000000000000000000e+00
0.000000000000000000e+00
0.000000000000000000e+00
0.000000000000000000e+00
0.000000000000000000e+00
0.000000000000000000e+00
0.000000000000000000e+00
0.000000000000000000e+00
0.000000000000000000e+00
0.000000000000000000e+00
0.000000000000000000e+00
0.000000000000000000e+00
0.000000000000000000e+00
0.000000000000000000e+00
0.000000000000000000e+00
0.000000000000000000e+00
0.000000000000000000e+00
0.000000000000000000e+00
0.000000000000000000e+00
0.000000000000000000e+00
0.000000000000000000e+00
0.000000000000000000e+00
0.000000000000000000e+00
0.000000000000000000e+00
0.000000000000000000e+00
0.000000000000000000e+00
0.000000000000000000e+00
0.000000000000000000e+00
0.000000000000000000e+00
0.000000000000000000e+00
0.000000000000000000e+00
0.000000000000000000e+00
0.000000000000000000e+00
0.000000000000000000e+00
0.000000000000000000e+00
0.000000000000000000e+00
0.000000000000000000e+00
0.000000000000000000e+00
0.000000000000000000e+00
0.000000000000000000e+00
0.000000000000000000e+00
0.000000000000000000e+00
0.000000000000000000e+00
0.000000000000000000e+00
0.000000000000000000e+00
0.000000000000000000e+00
0.000000000000000000e+00
0.000000000000000000e+00
0.000000000000000000e+00
0.000000000000000000e+00
0.000000000000000000e+00
0.000000000000000000e+00
0.000000000000000000e+00
0.000000000000000000e+00
0.000000000000000000e+00
0.000000000000000000e+00
0.000000000000000000e+00
0.000000000000000000e+00
0.000000000000000000e+00
0.000000000000000000e+00
0.000000000000000000e+00
0.000000000000000000e+00
0.000000000000000000e+00
0.000000000000000000e+00
0.000000000000000000e+00
0.000000000000000000e+00
0.000000000000000000e+00
0.000000000000000000e+00
0.000000000000000000e+00
0.000000000000000000e+00
0.000000000000000000e+00
0.000000000000000000e+00
0.000000000000000000e+00
0.000000000000000000e+00
0.000000000000000000e+00
0.000000000000000000e+00
0.000000000000000000e+00
0.000000000000000000e+00
0.000000000000000000e+00
0.000000000000000000e+00
0.000000000000000000e+00
0.000000000000000000e+00
0.000000000000000000e+00
0.000000000000000000e+00
0.000000000000000000e+00
0.000000000000000000e+00
0.000000000000000000e+00
0.000000000000000000e+00
0.000000000000000000e+00
0.000000000000000000e+00
0.000000000000000000e+00
0.000000000000000000e+00
0.000000000000000000e+00
0.000000000000000000e+00
0.000000000000000000e+00
0.000000000000000000e+00
0.000000000000000000e+00
0.000000000000000000e+00
0.000000000000000000e+00
0.000000000000000000e+00
0.000000000000000000e+00
0.000000000000000000e+00
0.000000000000000000e+00
0.000000000000000000e+00
0.000000000000000000e+00
0.000000000000000000e+00
0.000000000000000000e+00
0.000000000000000000e+00
0.000000000000000000e+00
0.000000000000000000e+00
0.000000000000000000e+00
0.000000000000000000e+00
0.000000000000000000e+00
0.000000000000000000e+00
0.000000000000000000e+00
0.000000000000000000e+00
0.000000000000000000e+00
0.000000000000000000e+00
0.000000000000000000e+00
0.000000000000000000e+00
0.000000000000000000e+00
0.000000000000000000e+00
0.000000000000000000e+00
0.000000000000000000e+00
0.000000000000000000e+00
0.000000000000000000e+00
0.000000000000000000e+00
0.000000000000000000e+00
0.000000000000000000e+00
0.000000000000000000e+00
0.000000000000000000e+00
0.000000000000000000e+00
0.000000000000000000e+00
0.000000000000000000e+00
0.000000000000000000e+00
0.000000000000000000e+00
0.000000000000000000e+00
0.000000000000000000e+00
0.000000000000000000e+00
0.000000000000000000e+00
0.000000000000000000e+00
0.000000000000000000e+00
0.000000000000000000e+00
0.000000000000000000e+00
0.000000000000000000e+00
0.000000000000000000e+00
0.000000000000000000e+00
0.000000000000000000e+00
0.000000000000000000e+00
0.000000000000000000e+00
0.000000000000000000e+00
0.000000000000000000e+00
0.000000000000000000e+00
0.000000000000000000e+00
0.000000000000000000e+00
0.000000000000000000e+00
0.000000000000000000e+00
0.000000000000000000e+00
0.000000000000000000e+00
0.000000000000000000e+00
0.000000000000000000e+00
0.000000000000000000e+00
0.000000000000000000e+00
0.000000000000000000e+00
0.000000000000000000e+00
0.000000000000000000e+00
0.000000000000000000e+00
0.000000000000000000e+00
0.000000000000000000e+00
0.000000000000000000e+00
0.000000000000000000e+00
0.000000000000000000e+00
0.000000000000000000e+00
0.000000000000000000e+00
0.000000000000000000e+00
0.000000000000000000e+00
0.000000000000000000e+00
0.000000000000000000e+00
0.000000000000000000e+00
0.000000000000000000e+00
0.000000000000000000e+00
0.000000000000000000e+00
0.000000000000000000e+00
0.000000000000000000e+00
0.000000000000000000e+00
0.000000000000000000e+00
0.000000000000000000e+00
0.000000000000000000e+00
