-1.000000000000000000e+00
-6.703200460356393275e-01
-4.493289641172215632e-01
-3.011942119122021366e-01
-2.018965179946553834e-01
-1.353352832366127023e-01
-9.071795328941251180e-02
-6.081006262521797268e-02
-4.076220397836621129e-02
-2.732372244729255883e-02
-1.831563888873417867e-02
-1.227733990306843596e-02
-8.229747049020030153e-03
-5.516564420760771553e-03
-3.697863716482932030e-03
-2.478752176666358491e-03
-1.661557273173933915e-03
-1.113775147844803248e-03
-7.465858083766792027e-04
-5.004514334406108328e-04
-3.354626279025118532e-04
-2.248673241788481947e-04
-1.507330750954765037e-04
-1.010394018370934185e-04
-6.772873649085389821e-05
-4.539992976248485417e-05
-3.043248300840362453e-05
-2.039950341117192215e-05
-1.367419606568096356e-05
-9.166087736247617148e-06
-6.144212353328209806e-06
-4.118588707535708162e-06
-2.760772572037198647e-06
-1.850601197581908156e-06
-1.240495079956713404e-06
-8.315287191035678771e-07
-5.573903692694595559e-07
-3.736299379885260169e-07
-2.504516372327621972e-07
-1.678827529995663184e-07
-1.125351747192591165e-07
-7.543458349844258244e-08
-5.056531348335520255e-08
-3.389494326196924329e-08
-2.272045992773855586e-08
-1.522997974471262915e-08
-1.020896072359763779e-08
-6.843271022217987702e-09
-4.587181746647523845e-09
-3.074879879586606064e-09
-2.061153622438557870e-09
-1.381632591079540672e-09
-9.261360220567754134e-10
-6.208075409403624446e-10
-4.161397394224148838e-10
-2.789468092868924638e-10
-1.869836380426847200e-10
-1.253388808606834727e-10
-8.401716438858898119e-11
-5.631838950074272097e-11
-3.775134544279097726e-11
-2.530548361511900507e-11
-1.696277294184065339e-11
-1.137048673926673872e-11
-7.621865194512890309e-12
-5.109089028063325100e-12
-3.424724792491592234e-12
-2.295661680562354716e-12
-1.538828043396812759e-12
-1.031507284890682147e-12
-6.914400106940203020e-13
-4.634860997992992934e-13
-3.106840237543445514e-13
-2.082577291055501817e-13
-1.395993305613097870e-13
-9.357622968840174817e-14
-6.272602259257110548e-14
-4.204651035188472132e-14
-2.818461875471339289e-14
-1.889271494115638408e-14
-1.266416554909417554e-14
-8.489044033871777098e-15
-5.690376387583506688e-15
-3.814373362085069695e-15
-2.556850927669983703e-15
-1.713908431542013000e-15
-1.148867178732114142e-15
-7.701087001365468350e-16
-5.162192993279734994e-16
-3.460321444900131418e-16
-2.319522830243569634e-16
-1.554822650349587907e-16
-1.042228790559592039e-16
-6.986268508675703646e-17
-4.683035828352841966e-17
-3.139132792048029595e-17
-2.104223637677623066e-17
-1.410503285677346893e-17
-9.454886273886541638e-18
-6.337799802373369917e-18
-4.248354255291588871e-18
-2.847757019982765952e-18
-1.908908616733165400e-18
-1.279579711846396787e-18
-8.577279313511479903e-19
-5.749522264293559897e-19
-3.854020028884197631e-19
-2.583426883183935133e-19
-1.731722827265553571e-19
-1.160808525293614872e-19
-7.781132241133796610e-20
-5.215848922086210944e-20
-3.496288089567773497e-20
-2.343631993152914033e-20
-1.570983505540860739e-20
-1.053061735755381174e-20
-7.058883911899183234e-21
-4.731711388784500905e-21
-3.171760995957367682e-21
-2.126094976824190951e-21
-1.425164082740935155e-21
-9.553160535512446199e-22
-6.403675009950564455e-22
-4.292511727467311325e-22
-2.877356658764413728e-22
-1.928749847963917821e-22
-1.292879686878407586e-22
-8.666431712268782377e-23
-5.809282904332702119e-23
-3.894078783866354298e-23
-2.610279069667704745e-23
-1.749722386145524080e-23
-1.172873990430658048e-23
-7.862009472594781995e-24
-5.270062551602374075e-24
-3.532628572200807111e-24
-2.367991747144463236e-24
-1.587312336957892649e-24
-1.064007278782546865e-24
-7.132254080957731029e-25
-4.780892883885468821e-25
-3.204728338017572301e-25
-2.148193647071660186e-25
-1.439977264398534936e-25
-9.652456261619012438e-26
-6.470234925645459878e-26
-4.337128173220072618e-26
-2.907263956735351031e-26
-1.948797309316584491e-26
-1.306317902095224679e-26
-8.756510762696520037e-27
-5.869664697562310943e-27
-3.934553910283740584e-27
-2.637410358271086553e-27
-1.767909032771149397e-27
-1.185064864233980974e-27
-7.943727343485419004e-28
-5.324839678579720116e-28
-3.569346778477936493e-28
-2.392604696866494756e-28
-1.603810890548637927e-28
-1.075066589985016419e-28
-7.206386860901401541e-29
-4.830585572350026252e-29
-3.238038343236792312e-29
-2.170522011303639466e-29
-1.454944414538415813e-29
-9.752784069326954440e-30
-6.537486666326856944e-30
-4.382208363129633777e-30
-2.937482111710802807e-30
-1.969053144350841225e-30
-1.319895794367887492e-30
-8.847526096429239508e-31
-5.930674100260018685e-31
-3.975449735908646841e-31
-2.664823649986639049e-31
-1.786284711735919579e-31
-1.197382450203573418e-31
-8.026294591427327493e-32
-5.380186160021138245e-32
-3.606446634465658340e-32
-2.417473474040117119e-32
-1.620480930408499112e-32
-1.086240851871309900e-32
-7.281290178321643462e-33
-4.880794767531385097e-33
-3.271694573262173307e-33
-2.193082456963638772e-33
-1.470067133511831808e-33
-9.854154686111257471e-34
-6.605437422836372082e-34
-4.427757117361248634e-34
-2.968014354744205301e-34
-1.989519518906590650e-34
-1.333614815502261367e-34
-8.939487445212813046e-35
-5.992317635810123443e-35
-4.016770633496392383e-35
-2.692521875959928747e-35
-1.804851387845415299e-35
-1.209828065388019208e-35
-8.109720044861124788e-36
-5.436107913807424836e-36
-3.643932107038127354e-36
-2.442600737740527707e-36
-1.637324238968907793e-36
-1.097531259240915585e-36
-7.356972042199196141e-37
-4.931525838009918281e-37
-3.305700626760734337e-37
-2.215877396310284630e-37
-1.485347038304055090e-37
-9.956578950948690930e-38
-6.674094460757460715e-38
-4.473779306181120725e-38
-2.998863950472602039e-38
-2.010198621335431104e-38
-1.347476432394337128e-38
-9.032404641945187949e-39
-6.054601895401185753e-39
-4.058521021252769105e-39
-2.720507997802788996e-39
-1.823611046327480022e-39
-1.222403040525347191e-39
-8.194012623990514689e-40
-5.492610919329901053e-40
-3.681807204301105446e-40
-2.467989174681451305e-40
-1.654342617187944049e-40
-1.108939019312136462e-40
-7.433440544760237175e-41
-4.982784208166912623e-41
-3.340060139804082082e-41
-2.238909266675295403e-41
-1.500785762707394803e-41
-1.006006781547647312e-41
-6.743465121191900478e-42
-4.520279850477056309e-42
-3.030034197465779334e-42
-2.031092662734810931e-42
-1.361482127187039936e-42
-9.126287621727244497e-43
-6.117533538730657112e-43
-4.100705363306536582e-43
-2.748785007910214747e-43
-1.842565693044439766e-43
-1.235108720185249191e-43
-8.279181341735910599e-44
-5.549701218129868703e-44
-3.720075976020836120e-44
-2.493641499502348642e-44
-1.671537884742809128e-44
-1.120465351851108561e-44
-7.510703862341802107e-45
-5.034575358764982317e-45
-3.374776786257219031e-45
-2.262180530723965324e-45
-1.516384957495806566e-45
-1.016463234516348694e-45
-6.813556821545298352e-46
-4.567263722284663023e-46
-3.061528428578786519e-46
-2.052203877184338977e-46
-1.375633397428735289e-46
-9.221146422925875649e-47
-6.181119294717007785e-47
-4.143328170186518394e-47
-2.777355929780172644e-47
-1.861717354707616733e-47
-1.247946462912951298e-47
-8.365235304698179500e-48
-5.607384914544287151e-48
-3.758742514056854231e-48
-2.519560455058726682e-48
-1.688911880224532432e-48
-1.132111489302240170e-48
-7.588770256265603670e-49
-5.086904827533820335e-49
-3.409854278171415497e-49
-2.285693676718671573e-49
-1.532146290601420933e-49
-1.027028372049287209e-49
-6.884377056319819717e-50
-4.614735945319039912e-50
-3.093350011308561020e-50
-2.073534521984688078e-50
-1.389931756233275377e-50
-9.316991188246807609e-51
-6.245365962219299050e-51
-4.186393999304231430e-51
-2.806223818336920415e-51
-1.881068079093928287e-51
-1.260917641374406344e-51
-8.452183714132490750e-52
-5.665668176358938971e-52
-3.797810952799559503e-52
-2.545748812715277354e-52
-1.706466461334469236e-52
-1.143878676920005657e-52
-7.667648073721999736e-53
-5.139778209762382460e-53
-3.445296366180925400e-53
-2.309451218784805497e-53
-1.548071447292907448e-53
-1.037703323815834557e-53
-6.955933397915621825e-54
-4.662701595511680221e-54
-3.125502348153820579e-54
-2.095086877898985623e-54
-1.404378732441903774e-54
-9.413832165819244263e-55
-6.310280410763791321e-55
-4.229907455440953457e-55
-2.835391760257697893e-55
-1.900619935265001581e-55
-1.274023642503082407e-55
-8.540035866931664385e-56
-5.724557235467611222e-56
-3.837285469612333760e-56
-2.572209372642414812e-56
-1.724203505082956637e-56
-1.155768172902011493e-56
-7.747345748662207627e-57
-5.193201158897235260e-57
-3.481106839904310465e-57
-2.333455697179623098e-57
-1.564162130355560706e-57
-1.048489231227167018e-57
-7.028233497440626916e-58
-4.711165801553596501e-58
-3.157988876978917993e-58
-2.116863249396533122e-58
-1.418975870786669382e-58
-9.511679710291761883e-59
-6.375869581278993818e-59
-4.273873191240143193e-59
-2.864862874302560997e-59
-1.920375013788330420e-59
-1.287265867648277783e-59
-8.628801156620958539e-60
-5.784058388538505883e-60
-3.877170285277934755e-60
-2.598944964115577162e-60
-1.742124907990036460e-60
-1.167781248523708636e-60
-7.827871802699642162e-61
-5.247179387146677275e-61
-3.517289528349498133e-61
-2.357709678563894198e-61
-1.580420060273613028e-61
-1.059387247558250106e-61
-7.101285085528113591e-62
-4.760133745443511861e-62
-3.190813071381476947e-62
-2.138865964899539179e-62
-1.433724732055512888e-62
-9.610544283938806645e-63
-6.442140486837557005e-63
-4.318295907704982609e-63
-2.894640311648300292e-63
-1.940335426960694967e-63
-1.300645732724867569e-63
-8.718489074362107592e-64
-5.844177997687592913e-64
-3.917469664450395229e-64
-2.625958445817594762e-64
-1.760232586288115850e-64
-1.179919188274109050e-64
-7.909234846022304221e-65
-5.301718666092323640e-65
-3.553848300322994520e-65
-2.382215756276174484e-65
-1.596846975413906966e-65
-1.070398538071315468e-65
-7.175095973164410823e-66
-4.809610663041670101e-66
-3.223978441063575949e-66
-2.161097377031693996e-66
-1.448626893259376220e-66
-9.710436457780846145e-67
-6.509100213405769806e-67
-4.363180354700720493e-67
-2.924727256224850505e-67
-1.960503309034319642e-67
-1.314164668364901017e-67
-8.809109209967659668e-68
-5.904922491158462701e-68
-3.958187916110312595e-68
-2.653252706144761045e-68
-1.778528476127130582e-68
-1.192183289993226892e-68
-7.991443578311751165e-69
-5.356824827305269327e-69
-3.590787064844103126e-69
-2.406976550610463690e-69
-1.613444632211901215e-69
-1.081524280140230546e-69
-7.249674052522774330e-70
-4.859601844630418672e-70
-3.257488532207521131e-70
-2.183559862869900444e-70
-1.463683947800517468e-70
-9.811366912712914339e-71
-6.576755920602231574e-71
-4.408531331463226361e-71
-2.955126925055971164e-71
-1.980880816444664777e-71
-1.327824120070332512e-71
-8.900671252927725288e-72
-5.966298364010570034e-72
-3.999329394025902174e-72
-2.680830663515113045e-72
-1.797014533781244736e-72
-1.204574865010949963e-72
-8.074506789675094430e-73
-5.412503762970060849e-73
-3.628109771562141562e-73
-2.431994709095942529e-73
-1.630214805359614243e-73
-1.092765663376631170e-73
-7.325027297807852308e-74
-4.910112635478845780e-74
-3.291346927854428747e-74
-2.206255824198628353e-74
-1.478897505643213324e-74
-9.913346440647453517e-75
-6.645114842462003500e-75
-4.454353687111341753e-75
-2.985842568603477234e-75
-2.001470128041442892e-75
-1.341625548367689418e-75
-8.993184993444142416e-76
-6.028312178812635488e-76
-4.040898497218867688e-76
-2.708695266681081555e-76
-1.815692735858170500e-76
-1.217095238287017839e-76
-8.158433361583297120e-77
-5.468761426515179993e-77
-3.665820411179563043e-77
-2.457272906780257064e-77
-1.647159287995061721e-77
-1.104123889756905788e-77
-7.401163766108939935e-78
-4.961148436415422299e-78
-3.325557248287606510e-78
-2.229187687766289637e-78
-1.494269193485613704e-78
-1.001638594566908430e-78
-6.714184288211593566e-79
-4.500652321165735493e-79
-3.016877471114205822e-79
-2.022273445321203382e-79
-1.355570428964352176e-79
-9.086660323479307492e-80
-6.090970566344832048e-80
-4.082899670433968776e-80
-2.736849495044256440e-80
-1.834565079510671899e-80
-1.229745748552962702e-80
-8.243232267821489981e-81
-5.525603833248537353e-81
-3.703923015877948880e-81
-2.482813846515756448e-81
-1.664279891894354999e-81
-1.115600173750806522e-81
-7.478091598260035811e-82
-5.012714704404508705e-82
-3.360123151419937089e-82
-2.252357905545217130e-82
-1.509800654933797376e-82
-1.012049644519855649e-82
-6.783971643049174507e-83
-4.547432184073168182e-83
-3.048234950971856707e-83
-2.043292992662887980e-83
-1.369660252906078494e-83
-9.181107237812088869e-84
-6.154280226308305566e-84
-4.125337404615184674e-84
-2.765296358974179485e-84
-1.853633582649747154e-84
-1.242527748455013865e-84
-8.328912575449193056e-85
-5.583037061001886269e-85
-3.742421659749443962e-85
-2.508620259248006448e-85
-1.681578447665099344e-85
-1.127195742451401907e-85
-7.555819019711960893e-86
-5.064816953130251224e-86
-3.395048333184337357e-86
-2.275768954993397322e-86
-1.525493550677644151e-86
-1.022568907117303344e-86
-6.854484368934803294e-87
-4.594698277734921143e-87
-3.079918361051215071e-87
-2.064531017565849337e-87
-1.383896526736737561e-87
-9.276535835107259231e-88
-6.218247928040320336e-88
-4.168216237385100915e-88
-2.794038900130464340e-88
-1.872900284160809325e-88
-1.255442604698828424e-88
-8.415483445768168639e-89
-5.641067250779607390e-89
-3.781320459232702147e-89
-2.534694904308355113e-89
-1.699056804942267410e-89
-1.138911835706060384e-89
-7.634354341410382433e-90
-5.117460753586560983e-90
-3.430336527929701640e-90
-2.299423339319559370e-90
-1.541349558668101795e-90
-1.033197507123437736e-90
-6.925730005388866138e-91
-4.642455656042646841e-91
-3.111931089076903337e-91
-2.085989790889755316e-91
-1.398280772659126193e-91
-9.372956318996094301e-92
-6.282880511239462421e-92
-4.211540753530433124e-92
-2.823080191787475260e-92
-1.892367244121324664e-92
-1.268491698195735152e-92
-8.502954135303866317e-93
-5.699700607415784246e-93
-3.820623573552288066e-93
-2.561040569708476637e-93
-1.716716832586116368e-93
-1.150749706249275765e-93
-7.713705960685086279e-94
-5.170651734671782876e-94
-3.465991508819526634e-94
-2.323323587751026781e-94
-1.557370374296946133e-94
-1.043936580993263660e-94
-6.997716170296884661e-95
-4.690709425417851705e-95
-3.144276557985883800e-95
-2.107671607097867156e-95
-1.412814528697844165e-95
-9.470378999165535643e-96
-6.348184886695737289e-96
-4.255315585492612461e-96
-2.852423339163564967e-96
-1.912036544021241916e-96
-1.281676424210136328e-96
-8.591333996793516619e-97
-5.758943400238150832e-97
-3.860335205164256152e-97
-2.587660072438688796e-97
-1.734560418881677676e-97
-1.162710619836390378e-97
-7.793882362148514480e-98
-5.224395583791720039e-98
-3.502017088235636576e-98
-2.347472255803694077e-98
-1.573557710577753978e-98
-1.054787276994209210e-98
-7.070450560725608953e-99
-4.739464745358275048e-99
-3.176958226292830260e-99
-2.129578784501961542e-99
-1.427499348863867510e-99
-9.568814292462673610e-100
-6.414168037030026562e-100
-4.299545413862268779e-100
-2.882071479752543378e-100
-1.931910286985717055e-100
-1.294998192508983538e-100
-8.680632480186866750e-101
-5.818801963737293444e-101
-3.900459600204739402e-101
-2.614556258769377064e-101
-1.752589471741047675e-101
-1.174795855379029238e-101
-7.874892118601446675e-102
-5.278698047466734683e-102
-3.538417118186120802e-102
-2.371871925555801135e-102
-1.589913298329196096e-102
-1.065750755328695768e-102
-7.143940953744649590e-103
-4.788726828989974899e-103
-3.209979588460642972e-103
-2.151713665510388410e-103
-1.442336803320429667e-103
-9.668272724006691986e-104
-6.480837017441244389e-104
-4.344234967880665756e-104
-2.912027783659385024e-104
-1.951990597999608793e-104
-1.308458427512262515e-104
-8.770859133657349718e-105
-5.879282698245269443e-105
-3.941001048944283911e-105
-2.641732004554820158e-105
-1.770805918907049225e-105
-1.187006705081948859e-105
-7.956743891951400108e-106
-5.333564931946623716e-106
-3.575195490716512119e-106
-2.396525205923557071e-106
-1.606438886360239442e-106
-1.076828188258430719e-106
-7.218195207258612255e-107
-4.838500943623796478e-107
-3.243344175273461580e-107
-2.174078616878716719e-107
-1.457328478551232158e-107
-9.768764928315045787e-108
-6.548198956459443006e-108
-4.389389025944518773e-108
-2.942295453939442976e-108
-1.972279624135128510e-108
-1.322058568445405168e-108
-8.862023604621304565e-109
-5.940392070618809713e-109
-3.981963886246924206e-109
-2.669190215541276392e-109
-1.789211708159496118e-109
-1.199344474580971472e-109
-8.039446434137247713e-110
-5.389002103831905681e-110
-3.612356138326739389e-110
-2.421434732940290141e-110
-1.623136241656822212e-110
-1.088020760229540235e-110
-7.293221260847925639e-111
-4.888792411319657263e-111
-3.277055554214458061e-111
-2.196676029962370578e-111
-1.472475977529795099e-111
-9.870301650441395481e-112
-6.616261056709485277e-112
-4.435012416117410211e-112
-2.972877726940353204e-112
-1.992779534781029442e-112
-1.335800069493253956e-112
-8.954135640771486198e-113
-6.002136614931437811e-113
-4.023352492032900344e-113
-2.696933827677159124e-113
-1.807808807523564555e-113
-1.211810483082857430e-113
-8.123008588065897422e-114
-5.445015490700040529e-114
-3.649903034390903353e-114
-2.446603170038446340e-114
-1.640007149571149663e-114
-1.099329667999335676e-114
-7.369027136616335816e-115
-4.939606609454650072e-115
-3.311117329847476262e-115
-2.219508320972813797e-115
-1.487780919891014958e-115
-9.972893747122568359e-116
-6.685030595679891358e-116
-4.481110016645649470e-116
-3.003777872648744226e-116
-2.013492521874786815e-116
-1.349684399955476553e-116
-9.047205091117597717e-117
-6.064522933171611722e-117
-4.065171291747877268e-117
-2.724965807427258324e-117
-1.826599205480120677e-117
-1.224406063506124512e-117
-8.207439288557132287e-118
-5.501611081740457096e-118
-3.687840193582530019e-118
-2.472033208334238215e-118
-1.657053414012273447e-118
-1.110756120764182560e-118
-7.445620940050318983e-119
-4.990948971298563192e-119
-3.345533144202265357e-119
-2.242577931235470485e-119
-1.503244942104218207e-119
-1.007655218794164266e-119
-6.754514926501717106e-120
-4.527686756480889695e-120
-3.034999195039293304e-120
-2.034420800136797875e-120
-1.363713044403591659e-120
-9.141241907040381016e-121
-6.127557695950014625e-121
-4.107424756835343454e-121
-2.753289152089697711e-121
-1.845584911178234485e-121
-1.237132562623703503e-121
-8.292747563300811063e-122
-5.558794928393861290e-122
-3.726171672303524452e-122
-2.497727566915250517e-122
-1.674276857639154101e-122
-1.122301340289044985e-122
-7.523010860884294181e-123
-5.042824986594402759e-123
-3.380306677163709207e-123
-2.265887327451007691e-123
-1.518869697648479448e-123
-1.018128805649889461e-123
-6.824721478734210771e-124
-4.574747615805636641e-124
-3.066545032428335309e-124
-2.055566607307652432e-124
-1.377887502839819801e-124
-9.236256143354886624e-125
-6.191247643210744955e-125
-4.150117405215163701e-125
-2.781906890117041644e-125
-1.864767954650159971e-125
-1.249991341206837449e-125
-8.378942533819369329e-126
-5.616573144999903203e-126
-3.764901569118741995e-126
-2.523688993131383268e-126
-1.691679322055407394e-126
-1.133966561037745485e-126
-7.601205173977144564e-127
-5.095240202146525043e-127
-3.415441646865576669e-127
-2.289439001958894922e-127
-1.534656857188909528e-127
-1.028711255159802706e-127
-6.895657759160757556e-128
-4.622297626566757614e-128
-3.098418757830549467e-128
-2.076932204386709352e-128
-1.392209290857432537e-128
-9.332257959387670408e-129
-6.255599584953346460e-129
-4.193253801766310222e-129
-2.810822081439176790e-129
-1.884150387028343175e-129
-1.262983774170863614e-129
-8.466033416444980557e-130
-5.674951909450466241e-130
-3.804034025192961906e-130
-2.549920262888542466e-130
-1.709262668006599026e-130
-1.145753030305209181e-130
-7.680212240196348685e-131
-5.148200222412013485e-131
-3.450941810087988232e-131
-2.313235473004413444e-131
-1.550608108755627678e-131
-1.039403698844272514e-131
-6.967331352589223668e-132
-4.670341873013267642e-132
-3.130623779320320844e-132
-2.098519875874312077e-132
-1.406679939802724893e-132
-9.429257620059944335e-133
-6.320620401960627797e-133
-4.236838558815904530e-133
-2.840037817791113274e-133
-1.903734280764630691e-133
-1.276111250721800998e-133
-8.554029523304543651e-134
-5.733937463851523833e-134
-3.843573224734517332e-134
-2.576424180945304709e-134
-1.727028775578630114e-134
-1.157662008350767472e-134
-7.760040507313705623e-135
-5.201710710101067152e-135
-3.486810962658906629e-135
-2.337279285007143106e-135
-1.566725157924170089e-135
-1.050207279984888093e-135
-7.039749922664496831e-136
-4.718885492239692747e-136
-3.163163540395093142e-136
-2.120331930015943031e-136
-1.421300996939074255e-136
-9.527265496987219079e-137
-6.386317046534012836e-137
-4.280876336630965112e-137
-2.869557223043412922e-137
-1.923521729852296156e-137
-1.289375174505172933e-137
-8.642940263314884899e-138
-5.793536115188645738e-138
-3.883523395442480321e-138
-2.603203581213397009e-138
-1.744979544399144961e-138
-1.169694768532843823e-138
-7.840698510906001533e-139
-5.255777386782199144e-139
-3.523052939860795982e-139
-2.361573008833536530e-139
-1.583009727997765392e-139
-1.061123153746351179e-139
-7.112921212687530631e-140
-4.767933674736417612e-140
-3.196041520344263188e-140
-2.142370699048907899e-140
-1.436074025611901456e-140
-9.626292069587775838e-141
-6.452696543238367079e-141
-4.325371843917651087e-141
-2.899383453536039160e-141
-1.943514850049292797e-141
-1.302776963756020111e-141
-8.732775143190760080e-142
-5.853754236002649760e-142
-3.923888808958480941e-142
-2.630261327059838617e-142
-1.763116893840553096e-142
-1.181852597445372457e-142
-7.922194875269399511e-143
-5.310406033493708339e-143
-3.559671616839520464e-143
-2.386119242071680143e-143
-1.599463560191958942e-143
-1.072152487300225772e-143
-7.186853046442879741e-144
-4.817491664943075714e-144
-3.229261234621024174e-144
-2.164638539452196708e-144
-1.451000605416148598e-144
-9.726347926202599958e-145
-6.519765989650920148e-145
-4.370329838324499320e-145
-2.929519698416506688e-145
-1.963715779104909493e-145
-1.316318051450469379e-145
-8.823543768458417130e-146
-5.914598265070658879e-146
-3.964673781324341051e-146
-2.657600311613684840e-146
-1.781442763225153884e-146
-1.194136795054968820e-146
-8.004538314341155776e-147
-5.365602491363019466e-147
-3.596670909019481953e-147
-2.410920609308901473e-147
-1.616088413820251091e-147
-1.083296459949678668e-147
-7.261553329036889243e-148
-4.867564761810368399e-148
-3.262826235218070610e-148
-2.187137832197718218e-148
-1.466082332365096194e-148
-9.827443765229752735e-149
-6.587532557121613496e-149
-4.415755126950882348e-149
-2.959969179979893021e-149
-1.984126676988240685e-149
-1.329999885459252006e-149
-8.915255844484610337e-150
-5.976074708094223043e-150
-4.005882673442230144e-150
-2.685223458075226878e-150
-1.799959112032903235e-150
-1.206548674840191535e-150
-8.087737632630891412e-151
-5.421372662229435216e-151
-3.634054772522073624e-151
-2.435979762412948024e-151
-1.632886066482570260e-151
-1.094556263255513147e-151
-7.337030047740496108e-152
-4.918158319366389951e-152
-3.296740111048128356e-152
-2.209870983005370274e-152
-1.481320819060932783e-152
-9.929590396264979579e-153
-6.656003491539533646e-153
-4.461652566862004325e-153
-2.990735154014035143e-153
-2.004749726119024337e-153
-1.343823928702070212e-153
-9.007921177513858377e-154
-6.038190138396293717e-154
-4.047519891541838795e-154
-2.713133720028398845e-154
-1.818667920110322976e-154
-1.219089563931919698e-154
-8.171801726163840234e-155
-5.477722509276386596e-155
-3.671827204588480105e-155
-2.461299380814718524e-155
-1.649858314255250091e-155
-1.105933101163823743e-155
-7.413291272844885472e-156
-4.969277747288817434e-156
-3.331006488326593573e-156
-2.232840422600146370e-156
-1.496717694867515491e-156
-1.003279874125971593e-156
-6.725186114107288077e-157
-4.508027065606741791e-157
-3.021820910147487879e-157
-2.025587131601452358e-157
-1.357791659304314999e-157
-9.101549675716445313e-158
-6.100951197622043747e-158
-4.089589887651289910e-158
-2.741334081757204269e-158
-1.837571187882598142e-158
-1.231760803255185476e-158
-8.256739583429307449e-159
-5.534658057668744403e-159
-3.709992244007907960e-159
-2.486882171795302345e-159
-1.667006971882980858e-159
-1.117428190134356833e-159
-7.490345158524002045e-160
-5.020928511484465494e-160
-3.365629030959997192e-160
-2.256048606971912770e-160
-1.512274606084086809e-160
-1.013707983568836405e-160
-6.795087822125343137e-161
-4.554883581743375460e-161
-3.053229772201093012e-161
-2.046641121459267568e-161
-1.371904570755040050e-161
-9.196151350249910346e-162
-6.164364596450366377e-162
-4.132097160072933547e-162
-2.769827558563886465e-162
-1.856670936567368867e-162
-1.244563747672829712e-162
-8.342560286343580184e-163
-5.592185395196734320e-163
-3.748553971548189691e-163
-2.512730870775318233e-163
-1.684333872973225938e-163
-1.129042759270825109e-163
-7.568199943705989041e-164
-5.073116134672036398e-164
-3.400611440937581480e-164
-2.279498017638523702e-164
-1.527993216121638403e-164
-1.024244482972766286e-164
-6.865716089780698099e-165
-4.602227125369532367e-165
-3.084965098544067318e-165
-2.067913946874446905e-165
-1.386164172066572453e-165
-9.291736316326397919e-166
-6.228437115311074731e-166
-4.175046253865261712e-166
-2.798617197091949302e-166
-1.875969208390743008e-166
-1.257499766129953295e-166
-8.429273011220552151e-167
-5.650310672928139068e-167
-3.787516510392940463e-167
-2.538848241607253144e-167
-1.701840870191714642e-167
-1.140778050452268573e-167
-7.646863952955853731e-168
-5.125846196973755501e-168
-3.435957458726937096e-168
-2.303191161910391051e-168
-1.543875205680685948e-168
-1.034890498945124278e-168
-6.937078468947571624e-169
-4.650062758657620032e-169
-3.117030282452058324e-169
-2.089407882427793027e-169
-1.400571987936178316e-169
-9.388314794296271342e-170
-6.293175605109535236e-170
-4.218441761327482298e-170
-2.827706075651765403e-170
-1.895468066806083755e-170
-1.270570241800567160e-170
-8.516887029752404720e-171
-5.709040105864100770e-171
-3.826884026582222414e-171
-2.565237076871560303e-171
-1.719529835460912323e-171
-1.152635318465774717e-171
-7.726345597362993799e-172
-5.179124336511738501e-172
-3.471670863674730468e-172
-2.327130573159085836e-172
-1.559922272930888754e-172
-1.045647169803076262e-172
-7.009182589994499993e-173
-4.698395596397154362e-173
-3.149428752470657269e-173
-2.111125226342024820e-173
-1.415129558908617765e-173
-9.485897110740400950e-174
-6.358586987960626856e-174
-4.262288322491481283e-174
-2.857097304549560041e-174
-1.915169596714005682e-174
-1.283776572235418337e-174
-8.605411710002914499e-175
-5.768379973604914126e-175
-3.866660729457773811e-175
-2.591900198174392381e-175
-1.737402660160081047e-175
-1.164615831140907976e-175
-7.806653375442254616e-176
-5.232956250010552903e-176
-3.507755474409640194e-176
-2.351318811088089145e-176
-1.576136133692978745e-176
-1.056515645695536165e-176
-7.082036162599807699e-177
-4.747230806540073306e-177
-3.182163972781819286e-177
-2.133068300727989311e-177
-1.429838441541181238e-177
-9.584493699573786441e-178
-6.424678257926741122e-178
-4.306590625617722402e-178
-2.886794026420625533e-178
-1.935075904685726406e-178
-1.297120169511348301e-178
-8.694856517406230133e-179
-5.828336621021154750e-179
-3.906850872113969685e-179
-2.618840456449873296e-179
-1.755461255327413947e-179
-1.176720869484879868e-179
-7.887795874042201780e-180
-5.287347693407514283e-180
-3.544215149251436777e-180
-2.375758462006352161e-180
-1.592518521621693780e-180
-1.067497088726086369e-180
-7.155646976577567121e-181
-4.796573610754366758e-181
-3.215239443574090231e-181
-2.155239451832236418e-181
-1.444700208570043633e-181
-9.684115103163362489e-182
-6.491456481767043530e-182
-4.351353407696285076e-182
-2.916799416564375912e-182
-1.955189119188202734e-182
-1.310602460382572419e-182
-8.785231015780880755e-183
-5.888916458931765791e-183
-3.947458751851264501e-183
-2.646060732264787276e-183
-1.773707551864769078e-183
-1.188951727819780112e-183
-7.969781769262807591e-184
-5.342304482466365257e-184
-3.581053786623337868e-184
-2.400452139105374164e-184
-1.609071188391499961e-184
-1.078592673077174215e-184
-7.230022902708111724e-185
-4.846429284982138095e-185
-3.248658701417586281e-185
-2.177641050288366090e-185
-1.459716449078345741e-185
-9.784771973451988622e-186
-6.558928799692719719e-186
-4.396581454954354574e-186
-2.947116683284507778e-186
-1.975511390811604477e-186
-1.324224886432794576e-186
-8.876544868351903112e-187
-5.950125964790862654e-187
-3.988488710636554152e-187
-2.673563936126431835e-187
-1.792143500743535372e-187
-1.201309713920905659e-187
-8.052619827384947960e-188
-5.397832493400302208e-188
-3.618275325468636817e-188
-2.425402482737809708e-188
-1.625795903883799474e-188
-1.089803585135905042e-188
-7.305171893581211726e-189
-4.896803160003449569e-189
-3.282425319641050862e-189
-2.200275491370387221e-189
-1.474888768666436733e-189
-9.886475073099556331e-190
-6.627102426130069467e-190
-4.442279603366505674e-190
-2.977749068231885465e-190
-1.996044892499711432e-190
-1.337988904229639627e-190
-8.968807838783560593e-191
-6.011971683378335288e-191
-4.029945135567217451e-191
-2.701353008794425767e-191
-1.810771073213633424e-191
-1.213796149156525264e-191
-8.136318905805023162e-192
-5.453937663499989208e-192
-3.655883745672694925e-192
-2.450612160700322280e-192
-1.642694456376081301e-192
-1.101131023620529325e-192
-7.381101984446006293e-193
-4.947700622007426826e-193
-3.316542908714655137e-193
-2.223145195248704794e-193
-1.490218789623056132e-193
-9.989235276633242867e-194
-6.695984650493398766e-194
-4.488452739172771618e-194
-3.008699846750980724e-194
-2.016791819781584308e-194
-1.351895985480323136e-194
-9.062029792225351658e-195
-6.074460227500971356e-195
-4.071832459339972280e-195
-2.729430921594242360e-195
-1.829592261014191632e-195
-1.226412368629440464e-195
-8.220887953983826708e-196
-5.510625991768083921e-196
-3.693883068487256065e-196
-2.476083868518702594e-196
-1.659768652733503889e-196
-1.112576199708858565e-196
-7.457821294069732511e-197
-4.999127113166508140e-197
-3.351015116635862269e-197
-2.246252607249398033e-197
-1.505708151099125443e-197
-1.009306357160968781e-197
-6.765582837962194004e-198
-4.535105799400851711e-198
-3.039972328230770029e-198
-2.037754391006765506e-198
-1.365947617188934724e-198
-9.156220696363793176e-199
-6.137598278699190963e-199
-4.114155160725761908e-199
-2.757800676735518444e-199
-1.848609076586406853e-199
-1.239159721319329011e-199
-8.306336014403015317e-200
-5.567903539561927412e-200
-3.732277356961235523e-200
-2.501820329735944215e-200
-1.677020318601534512e-200
-1.124140337167708639e-200
-7.535338025607518113e-201
-5.051088132219450102e-201
-3.385845629319297563e-201
-2.269600198114931381e-201
-1.521358509282931340e-201
-1.019797105979211483e-201
-6.835904430270122990e-202
-4.582243772393742788e-202
-3.071569856457565060e-202
-2.058934847582363768e-202
-1.380145301815745143e-202
-9.251390622490224990e-203
-6.201392587961118167e-203
-4.156917765047263447e-203
-2.786465307632912101e-203
-1.867823553289141738e-203
-1.252039570227257237e-203
-8.392672223531485352e-204
-5.625776431239784509e-204
-3.771070716374952753e-204
-2.527824296204023084e-204
-1.694451298601526934e-204
-1.135824672483685576e-204
-7.613660467476963491e-205
-5.103589235059001718e-205
-3.421038170991626313e-205
-2.293190464268838394e-205
-1.537171537577124370e-205
-1.030396895833395794e-205
-6.906956946500374199e-206
-4.629871698344151777e-206
-3.103495809973226136e-206
-2.080335454212595490e-206
-1.394490557437391208e-206
-9.347549746577177460e-207
-6.265849976445828046e-207
-4.200124844663672384e-207
-2.815427879230289224e-207
-1.887237745615712707e-207
-1.265053292521349390e-207
-8.479905812804191730e-208
-5.684250854816920029e-208
-3.810267294678869880e-208
-2.554098548377289069e-208
-1.712063456527862762e-208
-1.147630454995653595e-208
-7.692796994246057275e-209
-5.156636035325668149e-209
-3.456596504588617395e-209
-2.317025928082524527e-209
-1.553148926777994685e-209
-1.041106860098052866e-209
-6.978747983889228847e-210
-4.677994669831859103e-210
-3.135753602436238507e-210
-2.101958499141409441e-210
-1.408984917909504897e-210
-9.444708350365885034e-211
-6.330977336210591512e-211
-4.243781019459369211e-211
-2.844691488329079596e-211
-1.906853729413983067e-211
-1.278202279683968144e-211
-8.568046109606361666e-212
-5.743333062626946324e-212
-3.849871282937972753e-212
-2.580645895610326253e-212
-1.729858675547138683e-212
-1.159558947027934300e-212
-7.772756067528201187e-213
-5.210234205009120435e-213
-3.492524432158255362e-213
-2.341109138144836962e-213
-1.569292385255738692e-213
-1.051928143928028953e-213
-7.051285218639968809e-214
-4.726617832369274589e-214
-3.168346682986537720e-214
-2.123806294396449192e-214
-1.423629933030640804e-214
-9.542876822467807269e-215
-6.396781630949200563e-215
-4.287890957337653542e-215
-2.874259263918442863e-215
-1.926673602108217128e-215
-1.291487937660787039e-215
-8.657102538272713355e-216
-5.803029371990016859e-216
-3.889886915778603531e-216
-2.607469176458204018e-216
-1.747838858399914053e-216
-1.171611424025536397e-216
-7.853546236886517374e-217
-5.264389475052911201e-217
-3.528825795267082580e-217
-2.365442669535101787e-217
-1.585603639137470962e-217
-1.062861904380870448e-217
-7.124576406741285517e-218
-4.775746384951356747e-218
-3.201278536615022142e-218
-2.145881176036734450e-218
-1.438427168707906737e-218
-9.642065659472201299e-219
-6.463269896736210753e-219
-4.332459374720830003e-219
-2.904134367510470272e-219
-1.946699482923234064e-219
-1.304911687010687235e-219
-8.747084621094674140e-220
-5.863346165889615125e-220
-3.930318471842105012e-220
-2.634571258979833409e-220
-1.766005927603574435e-220
-1.183789174690466803e-220
-7.935176140749781057e-221
-5.319107635968420597e-221
-3.565504475410750822e-221
-2.390029124097666579e-221
-1.602084432491703155e-221
-1.073909310540782767e-221
-7.198629384798155527e-222
-4.825385580611241269e-222
-3.234552684535110938e-222
-2.168185504402325341e-222
-1.453378207124723142e-222
-9.742285467070614548e-223
-6.530449242778890614e-223
-4.377491037053051184e-223
-2.934319993478066487e-223
-1.966933513111559220e-223
-1.318474963057862237e-223
-8.838001979338040129e-224
-5.924289893653081076e-224
-3.971170274242096311e-224
-2.661955041045385230e-224
-1.784361825658182382e-224
-1.196093501119457328e-224
-8.017654507333419103e-225
-5.374394538453710413e-225
-3.602564394430061174e-225
-2.414871130720494115e-225
-1.618736527514734651e-225
-1.085071543643272541e-225
-7.273452070869372424e-226
-4.875540726983284768e-226
-3.268172684559772155e-226
-2.190721664366575291e-226
-1.468484646909508407e-226
-9.843546961190335443e-227
-6.598326852179233393e-227
-4.422990759310576531e-227
-2.964819369396340076e-227
-1.987377856181155117e-227
-1.332179216045592403e-227
-8.929864334274235858e-228
-5.985867071642174624e-228
-4.012446691026491150e-228
-2.689623450644487433e-228
-1.802908515254588928e-228
-1.208525718943529648e-228
-8.100990155574071879e-229
-5.430256094018795796e-229
-3.640009514928072641e-229
-2.439971345616806518e-229
-1.635561704719535607e-229
-1.096349797201628134e-229
-7.349052465313758749e-230
-4.926217186867559250e-230
-3.302142131482695117e-230
-2.213492065591754394e-230
-1.483748103306852285e-230
-9.945860969139643368e-231
-6.666909982697904737e-231
-4.468963406517624581e-231
-2.995635756388549811e-231
-2.008034698128197097e-231
-1.346025911290484810e-231
-9.022681508214216013e-232
-6.048084283951202578e-232
-4.054152135645688499e-232
-2.717579446201256256e-232
-1.821647979483174668e-232
-1.221087157467918710e-232
-8.185191996074418568e-233
-5.486698275619274822e-233
-3.677843840696440848e-233
-2.465332452607586626e-233
-1.652561763125110551e-233
-1.107745277134786579e-233
-7.425438651647690643e-234
-4.977420378806842800e-234
-3.336464657460607942e-234
-2.236499142785328914e-234
-1.499170208350563604e-234
-1.004923843076831686e-234
-6.736205967535121206e-235
-4.515413894263792808e-235
-3.026772449472940074e-235
-2.028906247670151782e-235
-1.360016529340283424e-235
-9.116463425565262010e-236
-6.110948183107267747e-236
-4.096291067421963431e-236
-2.745826016889730576e-236
-1.840582222047422348e-236
-1.233779159815095189e-236
-8.270269032050857854e-237
-5.543727118291578551e-237
-3.716071417142317608e-237
-2.490957163410618647e-237
-1.669738520450059357e-237
-1.119259201895589568e-237
-7.502618797404815233e-238
-5.029155777664362786e-238
-3.371143932404453605e-238
-2.259745355961913897e-238
-1.514752611037246765e-238
-1.015369039963115130e-238
-6.806222216112536993e-239
-4.562347189233450942e-239
-3.058232777917257967e-239
-2.049994736481244097e-239
-1.374152566130956971e-239
-9.211220113889158912e-240
-6.174465490786727838e-240
-4.138867992029249431e-240
-2.774366182952543479e-240
-1.859713267476512183e-240
-1.246603083067973139e-240
-8.356230360303127050e-241
-5.601348719802289253e-241
-3.754696331719625018e-241
-2.516848217928202513e-241
-1.687093813306387599e-241
-1.130892802602005743e-241
-7.580601155014807115e-242
-5.081428915207461755e-242
-3.406183664368771875e-242
-2.283233190705569651e-242
-1.530496977503891864e-242
-1.025922804417722203e-242
-6.876966214863153428e-243
-4.609768309732710499e-243
-3.090020105593731547e-243
-2.071302419432688256e-243
-1.388435533147724355e-243
-9.306961704971212807e-244
-6.238642998528376898e-244
-4.181887461973555362e-244
-2.803202996026040256e-244
-1.879043161343246298e-244
-1.259560298414586694e-244
-8.443085172179485965e-245
-5.659569241298305370e-245
-3.793722714369054517e-245
-2.543008384542083562e-245
-1.704629497395305131e-245
-1.142647323167755510e-245
-7.659394062683273796e-246
-5.134245380703071287e-246
-3.441587599950837777e-246
-2.306965158434783336e-246
-1.546404991204655190e-246
-1.036586264894070332e-246
-6.948445528037204679e-247
-4.657682326229607276e-247
-3.122137831337685188e-247
-2.092831574831935450e-247
-1.402866957586214437e-247
-9.403698435910899267e-248
-6.303487568464489543e-248
-4.225354077078292666e-248
-2.832339539464061881e-248
-1.898573970482154624e-248
-1.272652191295693285e-248
-8.530842754566087573e-249
-5.718394907963669683e-249
-3.833154737956259720e-249
-2.569440460408627279e-249
-1.722347447706984458e-249
-1.154524020436206589e-249
-7.739005945280669793e-250
-5.187610821510743316e-250
-3.477359524690140916e-250
-2.330943796672817275e-250
-1.562478353092068546e-250
-1.047360561574389133e-250
-7.020667798504734748e-251
-4.706094361894731450e-251
-3.154589389313410687e-251
-2.114584504667912379e-251
-1.417448382515276697e-251
-9.501440650208042698e-252
-6.369006134052495406e-252
-4.269272484979434596e-252
-2.861778928669842726e-252
-1.918307783209834996e-252
-1.285880161551770989e-252
-8.619512490877180090e-253
-5.777832009689690990e-253
-3.872996618721032037e-253
-2.596147271757016316e-253
-1.740249558719502048e-253
-1.166524164314384265e-253
-7.819445315249213937e-254
-5.241530943690540709e-254
-3.513503263471950866e-254
-2.355171669316940658e-254
-1.578718781798401066e-254
-1.058246846492456650e-254
-7.093640748578291605e-255
-4.755009593147395183e-255
-3.187378249378540878e-255
-2.136563534856467843e-255
-1.432181367043088199e-255
-9.600198798876203566e-256
-6.435205700814131858e-256
-4.313647381618635671e-256
-2.891524311428184446e-256
-1.938246709549754988e-256
-1.299245623573700052e-256
-8.709103862055452840e-257
-5.837886901742308167e-257
-3.913252616726848172e-257
-2.623131674193486848e-257
-1.758337744602761487e-257
-1.178649037908352091e-257
-7.900720773506065380e-258
-5.296011512611438169e-258
-3.550022680939055717e-258
-2.379651366914414950e-258
-1.595128013818878877e-258
-1.069246283655833083e-258
-7.167372180836305591e-259
-4.804433250212862228e-259
-3.220507917457549061e-259
-2.158771015488334158e-259
-1.447067486482576797e-259
-9.699983441556997807e-260
-6.502093347089573815e-260
-4.358483511748711225e-260
-2.921578868241037126e-260
-1.958392881456127374e-260
-1.312750006453569466e-260
-8.799626447592625829e-261
-5.898566005446180962e-261
-3.953927036315031235e-261
-2.650396553004310753e-261
-1.776613939422589682e-261
-1.190899937661335989e-261
-7.982841010369141168e-262
-5.351058353565953892e-262
-3.586921681901803412e-262
-2.404385506938704589e-262
-1.611707803698613010e-262
-1.080360049171155145e-262
-7.241869978954906162e-263
-4.854370617677277617e-263
-3.253981935915561334e-263
-2.181209321082107455e-263
-1.462108332520990802e-263
-9.800805247645847564e-264
-6.569676224788448821e-264
-4.403785669439538091e-264
-2.951945812669866769e-264
-1.978748453043397940e-264
-1.326394754137030656e-264
-8.891089926545851016e-265
-5.959875808869359771e-265
-3.995024226568092701e-265
-2.677944823466374566e-265
-1.795080097346923047e-265
-1.203278173491276662e-265
-8.065814806483709331e-266
-5.406677352397223889e-266
-3.624204211758426023e-266
-2.429376734068521125e-266
-1.628459924218759243e-266
-1.091589331369537209e-266
-7.317142108556575036e-267
-4.904827035056512375e-267
-3.287803883936004385e-267
-2.203880850836186253e-267
-1.477305513389609721e-267
-9.902674997440496090e-268
-6.637961560159683669e-268
-4.449558698589144097e-268
-2.982628391676622060e-268
-1.999315600815923519e-268
-1.340181325578732197e-268
-8.983504078579582571e-269
-6.021822867514955672e-269
-4.036548581771182158e-269
-2.705779431158015061e-269
-1.813738192856167652e-269
-1.215785068931833044e-269
-8.149651033758477458e-270
-5.462874456123502505e-270
-3.661874256915707428e-270
-2.454627720472515266e-270
-1.645386166587343148e-270
-1.102935330933257068e-270
-7.393196618055306605e-271
-4.955807897365478913e-271
-3.321977377905888322e-271
-2.226788028887024812e-271
-1.492660654035194761e-271
-1.000560358328482029e-271
-6.706956654561990584e-272
-4.495807493445133395e-272
-3.013629885973239618e-272
-2.020096523900006330e-272
-1.354111194897118105e-272
-9.076878785008312939e-273
-6.084413805026828712e-273
-4.078504541885091848e-273
-2.733903352273041207e-273
-1.832590220952695128e-273
-1.228421961273500964e-273
-8.234358656320622290e-274
-5.519655673578302392e-274
-3.699935845213969480e-274
-2.480141166092796290e-274
-1.662488340630245156e-274
-1.114399261025004884e-274
-7.470041639522957616e-275
-5.007318655693285325e-275
-3.356506071799514630e-275
-2.249933304567604866e-275
-1.508175396294909212e-275
-1.010960201074130181e-275
-6.776668885242254765e-276
-4.542536999123976041e-276
-3.044953610371447698e-276
-2.041093444280621200e-276
-1.368185851533103152e-276
-9.171224029850009816e-277
-6.147655313892359566e-277
-4.120896593019662752e-277
-2.762319593941112243e-277
-1.851638197375586411e-277
-1.241190201706179444e-277
-8.319946731466895957e-278
-5.577027076051083320e-278
-3.738393046360653709e-278
-2.505919798935559547e-278
-1.679768274984142406e-278
-1.125982347416602260e-278
-7.547685389556312551e-279
-5.059364817790024633e-279
-3.391393657571794831e-279
-2.273319152668552185e-279
-1.523851399070519108e-279
-1.021468139976447000e-279
-6.847105706129663285e-280
-4.589752212143307420e-280
-3.076602914136148745e-280
-2.062308607037172158e-280
-1.382406800408883794e-280
-9.266549900900849378e-281
-6.211554156162840911e-281
-4.163729267912037140e-281
-2.791031194546798845e-281
-1.870884158815558032e-281
-1.254091155464621708e-281
-8.406424410638569164e-282
-5.634994797934495331e-282
-3.777249972362124449e-282
-2.531966375361954476e-282
-1.697227817293354695e-282
-1.137685828620945604e-282
-7.626136170153040055e-283
-5.111951948651155962e-283
-3.426643865551897159e-283
-2.296948073704540757e-283
-1.539690338506960825e-283
-1.032085298588638540e-283
-6.918274648626584103e-284
-4.637458180954673497e-284
-3.108581181345959820e-284
-2.083744280585156229e-284
-1.396775562088373704e-284
-9.362866590805558619e-285
-6.276117164174474307e-285
-4.207007146414595296e-285
-2.820041224056638563e-285
-1.890330163132089582e-285
-1.267126201973288673e-285
-8.493800940397189413e-286
-5.693565037384729933e-286
-3.816510777966291466e-286
-2.558283680381935889e-286
-1.714868834405883103e-286
-1.149510956024060826e-286
-7.705402369605376948e-287
-5.165085671116530709e-287
-3.462260464840932695e-287
-2.320822594179600492e-287
-1.555693908171057161e-287
-1.042812812142610274e-287
-6.990183322419254227e-288
-4.685660006481739064e-288
-3.140891831252265019e-288
-2.105402756918029594e-288
-1.411293672940887487e-288
-9.460184398154562242e-289
-6.341351241276746912e-289
-4.250734855980883706e-289
-2.849352784346467398e-289
-1.909978289574944561e-289
-1.280296734994831960e-289
-8.582085663410339088e-290
-5.752744056979149354e-290
-3.856179661105601721e-290
-2.584874527954061841e-290
-1.732693212574360398e-290
-1.161458994018511376e-290
-7.785492463390136172e-291
-5.218771666469917692e-291
-3.498247263717684965e-291
-2.344945266859074199e-291
-1.571863819232064878e-291
-1.053651827669417526e-291
-7.062839416289155175e-292
-4.734362842669381418e-292
-3.173538318647271545e-292
-2.127286351851552846e-292
-1.425962685304152523e-292
-9.558513728582050399e-293
-6.407263362575555611e-293
-4.294917072163720956e-293
-2.878969009532104173e-293
-1.929830639004782916e-293
-1.293604162778702615e-293
-8.671288019457343825e-294
-5.812538184390405036e-294
-3.896260863344576404e-294
-2.611741761284055465e-294
-1.750702857657169508e-294
-1.173531220139505876e-294
-7.866415015081019840e-295
-5.273015675044672983e-295
-3.534608110042673226e-295
-2.369318671041802792e-295
-1.588201800645877107e-295
-1.064603504122732782e-295
-7.136250698932693666e-296
-4.783571897030534864e-296
-3.206524134232371421e-296
-2.149397405273080616e-296
-1.440784167651404074e-296
-9.657865095875313277e-297
-6.473860575673280770e-297
-4.339558519113722660e-297
-2.908893066306727651e-297
-1.949889334119300096e-297
-1.307049908211281183e-297
-8.761417546430840018e-298
-5.872953813061112269e-298
-3.936758670336397316e-298
-2.638888253130856280e-298
-1.768899695321623443e-298
-1.185728925200446062e-298
-7.948178677261701555e-299
-5.327823496841671651e-299
-3.571346891672344868e-299
-2.393945412835097924e-299
-1.604709599338466948e-299
-1.075669012502418012e-299
-7.210425019797479157e-300
-4.833292431206731519e-300
-3.239852804990277035e-300
-2.171738281389827153e-300
-1.455759704758622170e-300
-9.758249123106504614e-301
-6.541150001427394013e-301
-4.384663970082932459e-301
-2.939128154276867323e-301
-1.970156519679557990e-301
-1.320635408969046270e-301
-8.852483881363458838e-302
-5.933997402885443194e-302
-3.977677412277625200e-302
-2.666316906112920690e-302
-1.787285671251257006e-302
-1.198053413431872174e-302
-8.030792192448256586e-303
-5.383200992144689945e-303
-3.608467536873609824e-303
-2.418828125435283270e-303
-1.621388980393930535e-303
-1.086849535979362620e-303
-7.285370309915160879e-304
-4.883529761529121361e-304
-3.273527894564689592e-304
-2.194311368983352788e-304
-1.470890897873481139e-304
-9.859676543759770772e-305
-6.609138834709712455e-305
-4.430238247938646883e-305
-2.969677506306813640e-305
-1.990634362738631096e-305
-1.334362117671115088e-305
-8.944496761455353728e-306
-5.995675480904515092e-306
-4.019021464374303366e-306
-2.694030653017666548e-306
-1.805862751352266821e-306
-1.210506002620525197e-306
-8.114264394030265620e-307
-5.439154082151222475e-307
-3.645974014742625375e-307
-2.443969469407076961e-307
-1.638241727242685988e-307
-1.098146270022847575e-307
-7.361094582755137968e-308
-4.934289259585231576e-308
-3.307553003638407826e-308
-2.217119081664265190e-308
-1.486179364887718421e-308
-9.962158202886620054e-309
-6.677834345173433411e-309
-4.476286225675129773e-309
-3.000544388863318871e-309
-2.011325052874883039e-309
-1.348231502035603049e-309
-9.037466025112283347e-310
-6.057994641998940202e-310
-4.060795247308460057e-310
-2.722032457117167181e-310
-1.824632921965107416e-310
-1.223088024249819309e-310
-8.198604207208018932e-311
-5.495688749603575273e-311
-3.683870335632121295e-311
-2.469372132969961174e-311
-1.655269641851358556e-311
-1.109560422527610404e-311
-7.437605935079906057e-312
-4.985576352798204515e-312
-3.341931770319715172e-312
-2.240163858129454021e-312
-1.501626740506362633e-312
-1.006570505826682648e-312
-6.747243878043691103e-313
-4.522812826940674388e-313
-3.031732102351234860e-313
-2.032230802418359916e-313
-1.362245045026092831e-313
-9.131401612875442271e-314
-6.120961549370517735e-314
-4.103003227632567613e-314
-2.750325312608036174e-314
-1.843598190250593209e-314
-1.235800823423765371e-314
-8.283820652205358371e-315
-5.552811041552794401e-315
-3.722160552511935423e-315
-2.495038833551166415e-315
-1.672474542494498884e-315
-1.121093215575402467e-315
-7.514912532572389808e-316
-5.037396537537329464e-316
-3.376667891944434542e-316
-2.263448170729692140e-316
-1.517234689742992482e-316
-1.017032797986962240e-316
-6.817374695453357265e-317
-4.569823136285171817e-317
-3.063244059139166667e-317
-2.053353622348179240e-317
-1.376404142976691034e-317
-9.226315268163815103e-318
-6.184585297572805516e-318
-4.145650487032857215e-318
-2.778911750285758487e-318
-1.862760882545876608e-318
-1.248647166078123979e-318
-8.369916699631973580e-319
-5.610510661044027506e-319
-3.760827696143568694e-319
-2.520969957904960492e-319
-1.689852728470815555e-319
-1.132744306220225952e-319
-7.592800845288276891e-320
-5.089864283456521898e-320
-3.411523284533807388e-320
-2.287029874599130253e-320
-1.533085699045388027e-320
-1.027656543349792812e-320
-6.887275103026976826e-321
-4.619513788615655188e-321
-3.092850942966203367e-321
-2.075075712533235486e-321
-1.388324464813902789e-321
-9.337840706399559685e-322
-6.225227137599706457e-322
-4.199557989650595626e-322
-2.816174181295105302e-322
-1.877449454196736868e-322
-1.284570679187241015e-322
-8.399115979301191251e-323
-5.434722104253711986e-323
-3.952525166729972353e-323
-2.470328229206232721e-323
-1.482196937523739633e-323
-9.881312916824930884e-324
-9.881312916824930884e-324
-4.940656458412465442e-324
-4.940656458412465442e-324
0.000000000000000000e+00
0.000000000000000000e+00
0.000000000000000000e+00
0.000000000000000000e+00
0.000000000000000000e+00
0.000000000000000000e+00
0.000000000000000000e+00
0.000000000000000000e+00
0.000000000000000000e+00
0.000000000000000000e+00
0.000000000000000000e+00
0.000000000000000000e+00
0.000000000000000000e+00
0.000000000000000000e+00
0.000000000000000000e+00
0.000000000000000000e+00
0.000000000000000000e+00
0.000000000000000000e+00
0.000000000000000000e+00
0.000000000000000000e+00
0.000000000000000000e+00
0.000000000000000000e+00
0.000000000000000000e+00
0.000000000000000000e+00
0.000000000000000000e+00
0.000000000000000000e+00
0.000000000000000000e+00
0.000000000000000000e+00
0.000000000000000000e+00
0.000000000000000000e+00
0.000000000000000000e+00
0.000000000000000000e+00
0.000000000000000000e+00
0.000000000000000000e+00
0.000000000000000000e+00
0.000000000000000000e+00
0.000000000000000000e+00
0.000000000000000000e+00
0.000000000000000000e+00
0.000000000000000000e+00
0.000000000000000000e+00
0.000000000000000000e+00
0.000000000000000000e+00
0.000000000000000000e+00
0.000000000000000000e+00
0.000000000000000000e+00
0.000000000000000000e+00
0.000000000000000000e+00
0.000000000000000000e+00
0.000000000000000000e+00
0.000000000000000000e+00
0.000000000000000000e+00
0.000000000000000000e+00
0.000000000000000000e+00
0.000000000000000000e+00
0.000000000000000000e+00
0.000000000000000000e+00
0.000000000000000000e+00
0.000000000000000000e+00
0.000000000000000000e+00
0.000000000000000000e+00
0.000000000000000000e+00
0.000000000000000000e+00
0.000000000000000000e+00
0.000000000000000000e+00
0.000000000000000000e+00
0.000000000000000000e+00
0.000000000000000000e+00
0.000000000000000000e+00
0.000000000000000000e+00
0.000000000000000000e+00
0.000000000000000000e+00
0.000000000000000000e+00
0.000000000000000000e+00
0.000000000000000000e+00
0.000000000000000000e+00
0.000000000000000000e+00
0.000000000000000000e+00
0.000000000000000000e+00
0.000000000000000000e+00
0.000000000000000000e+00
0.000000000000000000e+00
0.000000000000000000e+00
0.000000000000000000e+00
0.000000000000000000e+00
0.000000000000000000e+00
0.000000000000000000e+00
0.000000000000000000e+00
0.000000000000000000e+00
0.000000000000000000e+00
0.000000000000000000e+00
0.000000000000000000e+00
0.000000000000000000e+00
0.000000000000000000e+00
0.000000000000000000e+00
0.000000000000000000e+00
0.000000000000000000e+00
0.000000000000000000e+00
0.000000000000000000e+00
0.000000000000000000e+00
0.000000000000000000e+00
0.000000000000000000e+00
0.000000000000000000e+00
0.000000000000000000e+00
0.000000000000000000e+00
0.000000000000000000e+00
0.000000000000000000e+00
0.000000000000000000e+00
0.000000000000000000e+00
0.000000000000000000e+00
0.000000000000000000e+00
0.000000000000000000e+00
0.000000000000000000e+00
0.000000000000000000e+00
0.000000000000000000e+00
0.000000000000000000e+00
0.000000000000000000e+00
0.000000000000000000e+00
0.000000000000000000e+00
0.000000000000000000e+00
0.000000000000000000e+00
0.000000000000000000e+00
0.000000000000000000e+00
0.000000000000000000e+00
0.000000000000000000e+00
0.000000000000000000e+00
0.000000000000000000e+00
0.000000000000000000e+00
0.000000000000000000e+00
0.000000000000000000e+00
0.000000000000000000e+00
0.000000000000000000e+00
0.000000000000000000e+00
0.000000000000000000e+00
0.000000000000000000e+00
0.000000000000000000e+00
0.000000000000000000e+00
0.000000000000000000e+00
0.000000000000000000e+00
0.000000000000000000e+00
0.000000000000000000e+00
0.000000000000000000e+00
0.000000000000000000e+00
0.000000000000000000e+00
0.000000000000000000e+00
0.000000000000000000e+00
0.000000000000000000e+00
0.000000000000000000e+00
0.000000000000000000e+00
0.000000000000000000e+00
0.000000000000000000e+00
0.000000000000000000e+00
0.000000000000000000e+00
0.000000000000000000e+00
0.000000000000000000e+00
0.000000000000000000e+00
0.000000000000000000e+00
0.000000000000000000e+00
0.000000000000000000e+00
0.000000000000000000e+00
0.000000000000000000e+00
0.000000000000000000e+00
0.000000000000000000e+00
0.000000000000000000e+00
0.000000000000000000e+00
0.000000000000000000e+00
0.000000000000000000e+00
0.000000000000000000e+00
0.000000000000000000e+00
0.000000000000000000e+00
0.000000000000000000e+00
0.000000000000000000e+00
0.000000000000000000e+00
0.000000000000000000e+00
0.000000000000000000e+00
0.000000000000000000e+00
0.000000000000000000e+00
0.000000000000000000e+00
0.000000000000000000e+00
0.000000000000000000e+00
0.000000000000000000e+00
0.000000000000000000e+00
0.000000000000000000e+00
0.000000000000000000e+00
0.000000000000000000e+00
0.000000000000000000e+00
0.000000000000000000e+00
0.000000000000000000e+00
0.000000000000000000e+00
0.000000000000000000e+00
0.000000000000000000e+00
0.000000000000000000e+00
0.000000000000000000e+00
0.000000000000000000e+00
0.000000000000000000e+00
0.000000000000000000e+00
0.000000000000000000e+00
0.000000000000000000e+00
0.000000000000000000e+00
0.000000000000000000e+00
0.000000000000000000e+00
0.000000000000000000e+00
0.000000000000000000e+00
0.000000000000000000e+00
0.000000000000000000e+00
0.000000000000000000e+00
0.000000000000000000e+00
0.000000000000000000e+00
0.000000000000000000e+00
0.000000000000000000e+00
0.000000000000000000e+00
0.000000000000000000e+00
0.000000000000000000e+00
0.000000000000000000e+00
0.000000000000000000e+00
0.000000000000000000e+00
0.000000000000000000e+00
0.000000000000000000e+00
0.000000000000000000e+00
0.000000000000000000e+00
0.000000000000000000e+00
0.000000000000000000e+00
0.000000000000000000e+00
0.000000000000000000e+00
0.000000000000000000e+00
0.000000000000000000e+00
0.000000000000000000e+00
0.000000000000000000e+00
0.000000000000000000e+00
0.000000000000000000e+00
0.000000000000000000e+00
0.000000000000000000e+00
0.000000000000000000e+00
0.000000000000000000e+00
0.000000000000000000e+00
0.000000000000000000e+00
0.000000000000000000e+00
0.000000000000000000e+00
0.000000000000000000e+00
0.000000000000000000e+00
0.000000000000000000e+00
0.000000000000000000e+00
0.000000000000000000e+00
0.000000000000000000e+00
0.000000000000000000e+00
0.000000000000000000e+00
0.000000000000000000e+00
0.000000000000000000e+00
0.000000000000000000e+00
0.000000000000000000e+00
0.000000000000000000e+00
0.000000000000000000e+00
0.000000000000000000e+00
0.000000000000000000e+00
0.000000000000000000e+00
0.000000000000000000e+00
0.000000000000000000e+00
0.000000000000000000e+00
0.000000000000000000e+00
0.000000000000000000e+00
0.000000000000000000e+00
0.000000000000000000e+00
0.000000000000000000e+00
0.000000000000000000e+00
0.000000000000000000e+00
0.000000000000000000e+00
0.000000000000000000e+00
0.000000000000000000e+00
0.000000000000000000e+00
0.000000000000000000e+00
0.000000000000000000e+00
0.000000000000000000e+00
0.000000000000000000e+00
0.000000000000000000e+00
0.000000000000000000e+00
0.000000000000000000e+00
0.000000000000000000e+00
0.000000000000000000e+00
0.000000000000000000e+00
0.000000000000000000e+00
0.000000000000000000e+00
0.000000000000000000e+00
0.000000000000000000e+00
0.000000000000000000e+00
0.000000000000000000e+00
0.000000000000000000e+00
0.000000000000000000e+00
0.000000000000000000e+00
0.000000000000000000e+00
0.000000000000000000e+00
0.000000000000000000e+00
0.000000000000000000e+00
0.000000000000000000e+00
0.000000000000000000e+00
0.000000000000000000e+00
0.000000000000000000e+00
0.000000000000000000e+00
0.000000000000000000e+00
0.000000000000000000e+00
0.000000000000000000e+00
0.000000000000000000e+00
0.000000000000000000e+00
0.000000000000000000e+00
0.000000000000000000e+00
0.000000000000000000e+00
0.000000000000000000e+00
0.000000000000000000e+00
0.000000000000000000e+00
0.000000000000000000e+00
0.000000000000000000e+00
0.000000000000000000e+00
0.000000000000000000e+00
0.000000000000000000e+00
0.000000000000000000e+00
0.000000000000000000e+00
0.000000000000000000e+00
0.000000000000000000e+00
0.000000000000000000e+00
0.000000000000000000e+00
0.000000000000000000e+00
0.000000000000000000e+00
0.000000000000000000e+00
0.000000000000000000e+00
0.000000000000000000e+00
0.000000000000000000e+00
0.000000000000000000e+00
0.000000000000000000e+00
0.000000000000000000e+00
0.000000000000000000e+00
0.000000000000000000e+00
0.000000000000000000e+00
0.000000000000000000e+00
0.000000000000000000e+00
0.000000000000000000e+00
0.000000000000000000e+00
0.000000000000000000e+00
0.000000000000000000e+00
0.000000000000000000e+00
0.000000000000000000e+00
0.000000000000000000e+00
0.000000000000000000e+00
0.000000000000000000e+00
0.000000000000000000e+00
0.000000000000000000e+00
0.000000000000000000e+00
0.000000000000000000e+00
0.000000000000000000e+00
0.000000000000000000e+00
0.000000000000000000e+00
0.000000000000000000e+00
0.000000000000000000e+00
0.000000000000000000e+00
0.000000000000000000e+00
0.000000000000000000e+00
0.000000000000000000e+00
0.000000000000000000e+00
0.000000000000000000e+00
0.000000000000000000e+00
0.000000000000000000e+00
0.000000000000000000e+00
0.000000000000000000e+00
0.000000000000000000e+00
0.000000000000000000e+00
0.000000000000000000e+00
0.000000000000000000e+00
0.000000000000000000e+00
0.000000000000000000e+00
0.000000000000000000e+00
0.000000000000000000e+00
0.000000000000000000e+00
0.000000000000000000e+00
0.000000000000000000e+00
0.000000000000000000e+00
0.000000000000000000e+00
0.000000000000000000e+00
0.000000000000000000e+00
0.000000000000000000e+00
0.000000000000000000e+00
0.000000000000000000e+00
0.000000000000000000e+00
0.000000000000000000e+00
0.000000000000000000e+00
0.000000000000000000e+00
0.000000000000000000e+00
0.000000000000000000e+00
0.000000000000000000e+00
0.000000000000000000e+00
0.000000000000000000e+00
0.000000000000000000e+00
0.000000000000000000e+00
0.000000000000000000e+00
0.000000000000000000e+00
0.000000000000000000e+00
0.000000000000000000e+00
0.000000000000000000e+00
0.000000000000000000e+00
0.000000000000000000e+00
0.000000000000000000e+00
0.000000000000000000e+00
0.000000000000000000e+00
0.000000000000000000e+00
0.000000000000000000e+00
0.000000000000000000e+00
0.000000000000000000e+00
0.000000000000000000e+00
0.000000000000000000e+00
0.000000000000000000e+00
0.000000000000000000e+00
0.000000000000000000e+00
0.000000000000000000e+00
0.000000000000000000e+00
0.000000000000000000e+00
0.000000000000000000e+00
0.000000000000000000e+00
0.000000000000000000e+00
0.000000000000000000e+00
0.000000000000000000e+00
0.000000000000000000e+00
0.000000000000000000e+00
0.000000000000000000e+00
0.000000000000000000e+00
0.000000000000000000e+00
0.000000000000000000e+00
0.000000000000000000e+00
0.000000000000000000e+00
0.000000000000000000e+00
0.000000000000000000e+00
0.000000000000000000e+00
0.000000000000000000e+00
0.000000000000000000e+00
0.000000000000000000e+00
0.000000000000000000e+00
0.000000000000000000e+00
0.000000000000000000e+00
0.000000000000000000e+00
0.000000000000000000e+00
0.000000000000000000e+00
0.000000000000000000e+00
0.000000000000000000e+00
0.000000000000000000e+00
0.000000000000000000e+00
0.000000000000000000e+00
0.000000000000000000e+00
0.000000000000000000e+00
0.000000000000000000e+00
0.000000000000000000e+00
0.000000000000000000e+00
0.000000000000000000e+00
0.000000000000000000e+00
0.000000000000000000e+00
0.000000000000000000e+00
0.000000000000000000e+00
0.000000000000000000e+00
0.000000000000000000e+00
0.000000000000000000e+00
0.000000000000000000e+00
0.000000000000000000e+00
0.000000000000000000e+00
0.000000000000000000e+00
0.000000000000000000e+00
0.000000000000000000e+00
0.000000000000000000e+00
0.000000000000000000e+00
0.000000000000000000e+00
0.000000000000000000e+00
0.000000000000000000e+00
0.000000000000000000e+00
0.000000000000000000e+00
0.000000000000000000e+00
0.000000000000000000e+00
0.000000000000000000e+00
0.000000000000000000e+00
0.000000000000000000e+00
0.000000000000000000e+00
0.000000000000000000e+00
0.000000000000000000e+00
0.000000000000000000e+00
0.000000000000000000e+00
0.000000000000000000e+00
0.000000000000000000e+00
0.000000000000000000e+00
0.000000000000000000e+00
0.000000000000000000e+00
0.000000000000000000e+00
0.000000000000000000e+00
0.000000000000000000e+00
0.000000000000000000e+00
0.000000000000000000e+00
0.000000000000000000e+00
0.000000000000000000e+00
0.000000000000000000e+00
0.000000000000000000e+00
0.000000000000000000e+00
0.000000000000000000e+00
0.000000000000000000e+00
0.000000000000000000e+00
0.000000000000000000e+00
0.000000000000000000e+00
0.000000000000000000e+00
0.000000000000000000e+00
0.000000000000000000e+00
0.000000000000000000e+00
0.000000000000000000e+00
0.000000000000000000e+00
0.000000000000000000e+00
0.000000000000000000e+00
0.000000000000000000e+00
0.000000000000000000e+00
0.000000000000000000e+00
0.000000000000000000e+00
0.000000000000000000e+00
0.000000000000000000e+00
0.000000000000000000e+00
0.000000000000000000e+00
0.000000000000000000e+00
0.000000000000000000e+00
0.000000000000000000e+00
0.000000000000000000e+00
0.000000000000000000e+00
0.000000000000000000e+00
0.000000000000000000e+00
0.000000000000000000e+00
0.000000000000000000e+00
0.000000000000000000e+00
0.000000000000000000e+00
0.000000000000000000e+00
0.000000000000000000e+00
0.000000000000000000e+00
0.000000000000000000e+00
0.000000000000000000e+00
0.000000000000000000e+00
0.000000000000000000e+00
0.000000000000000000e+00
0.000000000000000000e+00
0.000000000000000000e+00
0.000000000000000000e+00
0.000000000000000000e+00
0.000000000000000000e+00
0.000000000000000000e+00
0.000000000000000000e+00
0.000000000000000000e+00
0.000000000000000000e+00
0.000000000000000000e+00
0.000000000000000000e+00
0.000000000000000000e+00
0.000000000000000000e+00
0.000000000000000000e+00
0.000000000000000000e+00
0.000000000000000000e+00
0.000000000000000000e+00
0.000000000000000000e+00
0.000000000000000000e+00
0.000000000000000000e+00
0.000000000000000000e+00
0.000000000000000000e+00
0.000000000000000000e+00
0.000000000000000000e+00
0.000000000000000000e+00
0.000000000000000000e+00
0.000000000000000000e+00
0.000000000000000000e+00
0.000000000000000000e+00
0.000000000000000000e+00
0.000000000000000000e+00
0.000000000000000000e+00
0.000000000000000000e+00
0.000000000000000000e+00
0.000000000000000000e+00
0.000000000000000000e+00
0.000000000000000000e+00
0.000000000000000000e+00
0.000000000000000000e+00
0.000000000000000000e+00
0.000000000000000000e+00
0.000000000000000000e+00
0.000000000000000000e+00
0.000000000000000000e+00
0.000000000000000000e+00
0.000000000000000000e+00
0.000000000000000000e+00
0.000000000000000000e+00
0.000000000000000000e+00
0.000000000000000000e+00
0.000000000000000000e+00
0.000000000000000000e+00
0.000000000000000000e+00
0.000000000000000000e+00
0.000000000000000000e+00
0.000000000000000000e+00
0.000000000000000000e+00
0.000000000000000000e+00
0.000000000000000000e+00
0.000000000000000000e+00
0.000000000000000000e+00
0.000000000000000000e+00
0.000000000000000000e+00
0.000000000000000000e+00
0.000000000000000000e+00
0.000000000000000000e+00
0.000000000000000000e+00
0.000000000000000000e+00
0.000000000000000000e+00
0.000000000000000000e+00
0.000000000000000000e+00
0.000000000000000000e+00
0.000000000000000000e+00
0.000000000000000000e+00
0.000000000000000000e+00
0.000000000000000000e+00
0.000000000000000000e+00
0.000000000000000000e+00
0.000000000000000000e+00
0.000000000000000000e+00
0.000000000000000000e+00
0.000000000000000000e+00
0.000000000000000000e+00
0.000000000000000000e+00
0.000000000000000000e+00
0.000000000000000000e+00
0.000000000000000000e+00
0.000000000000000000e+00
0.000000000000000000e+00
0.000000000000000000e+00
0.000000000000000000e+00
0.000000000000000000e+00
0.000000000000000000e+00
0.000000000000000000e+00
0.000000000000000000e+00
0.000000000000000000e+00
0.000000000000000000e+00
0.000000000000000000e+00
0.000000000000000000e+00
0.000000000000000000e+00
0.000000000000000000e+00
0.000000000000000000e+00
0.000000000000000000e+00
0.000000000000000000e+00
