-6.999999999999999556e-01
-2.575156088200096227e-01
-9.473469826562888607e-02
-3.485094785750476182e-02
-1.282094722211392368e-02
-4.716562899359826727e-03
-1.735126523666450727e-03
-6.383173758881613164e-04
-2.348238395317582918e-04
-8.638686286067568743e-05
-3.177995083373939589e-05
-1.169119055317196114e-05
-4.300948647329746272e-06
-1.582230584886737883e-06
-5.820701033724974293e-07
-2.141316243512780237e-07
-7.877462230348137755e-08
-2.897956403149616451e-08
-1.066098582129883941e-08
-3.921957506276087313e-09
-1.442807535706990426e-09
-5.307792299538333790e-10
-1.952627665008247092e-10
-7.183315742191322223e-11
-2.642594180995368344e-11
-9.721560705474813658e-12
-3.576362319644327489e-12
-1.315670171577358146e-12
-4.840080074858141306e-13
-1.780565953163845825e-13
-6.550336078188121488e-14
-2.409733975928983473e-14
-8.864915884365921929e-15
-3.261220301572378179e-15
-1.199735902079408942e-15
-4.413581732102891962e-16
-1.623665981170498695e-16
-5.973133338020845198e-17
-2.197392954433620470e-17
-8.083756921111049359e-18
-2.973847978704112056e-18
-1.094017532534492117e-18
-4.024665585005491446e-19
-1.480591726313756229e-19
-5.446792568793657146e-20
-2.003763006384575440e-20
-7.371432150287668218e-21
-2.711798340081030598e-21
-9.976148579186545142e-22
-3.670019964354424446e-22
-1.350124893574742498e-22
-4.966831913599291975e-23
-1.827195348767393145e-23
-6.721876038156073036e-24
-2.472840000540564757e-24
-9.097069975052520736e-25
-3.346625018719828175e-25
-1.231154541697018056e-25
-4.529164447951821800e-26
-1.666186486086080382e-26
-6.129557533887563452e-27
-2.254938200194760936e-27
-8.295454049637867178e-28
-3.051727000044156239e-28
-1.122667623384046459e-28
-4.130063379117942303e-29
-1.519365407912547654e-29
-5.589432971980884846e-30
-2.056237478197561755e-30
-7.564474943950949243e-31
-2.782814815136052439e-31
-1.023740359075861622e-31
-3.766130312014796662e-32
-1.385481914562833152e-32
-5.096903124825149876e-33
-1.875045873265654337e-33
-6.897908280277879545e-34
-2.537598643400491418e-34
-9.335303708515829145e-35
-3.434266311454496364e-35
-1.263395971491790629e-35
-4.647774039706514369e-36
-1.709820516418369161e-36
-6.290078160834566528e-37
-2.313990438732513702e-37
-8.512695094769778816e-38
-3.131645514326784299e-38
-1.152068001757591512e-38
-4.238221326780829896e-39
-1.559154493257020504e-39
-5.735808836793359956e-40
-2.110086149545762243e-40
-7.762573135184954827e-41
-2.855691067024292031e-41
-1.050550033895176260e-41
-3.864757593919972460e-42
-1.421764863914367620e-42
-5.230380636140093151e-43
-1.924149505537150323e-43
-7.078550448273139938e-44
-2.604053183214584936e-44
-9.579776298216970397e-45
-3.524202751135487311e-45
-1.296481738662582711e-45
-4.769489775081708769e-46
-1.754597233129967131e-46
-6.454802496048112760e-47
-2.374589135118210203e-47
-8.735625240390658116e-48
-3.213656931718062070e-48
-1.182238316157172702e-48
-4.349211710793675681e-49
-1.599985573703069911e-49
-5.886017987362549861e-50
-2.165345007915992762e-50
-7.965859114555076157e-51
-2.930475799512962061e-51
-1.078061799491264142e-51
-3.965967723451256760e-52
-1.458997989807225973e-52
-5.367353651605399259e-53
-1.974539061922094597e-53
-7.263923266710841435e-54
-2.672248032069822097e-54
-9.830651127093325839e-55
-3.616494442986502717e-55
-1.330433954685500962e-55
-4.894392997652142001e-56
-1.800546560849690142e-56
-6.623840626085464211e-57
-2.436774787933017269e-57
-8.964393472454582575e-58
-3.297816061087517055e-58
-1.213198729639082812e-58
-4.463108706895295408e-59
-1.641885936980040017e-59
-6.040160809634670646e-60
-2.222050983234049319e-60
-8.174468739665959901e-61
-3.007218991821737926e-61
-1.106294042191529051e-61
-4.069828340127156893e-62
-1.497206175429677253e-62
-5.507913711355021830e-63
-2.026248218153810043e-63
-7.454150621690544285e-64
-2.742228765115276390e-64
-1.008809585674862296e-64
-3.711203066264626211e-65
-1.365275310091173811e-65
-5.022567181215087682e-66
-1.847699207871432443e-66
-6.797305520446592038e-67
-2.500588956333451917e-67
-9.199152678554305801e-68
-3.384179146637334627e-68
-1.244969933288991428e-68
-4.579988433336019809e-69
-1.684883585427324480e-69
-6.198340318459402396e-70
-2.280241972545264663e-70
-8.388541425956193562e-71
-3.085971932024258211e-71
-1.135265629823840384e-71
-4.176408854807398722e-72
-1.536414955610009291e-72
-5.652154752772565975e-73
-2.079311531864483410e-73
-7.649359643636418344e-74
-2.814042151020348427e-74
-1.035228253950249209e-74
-3.808391915481056724e-75
-1.401029089629009951e-75
-5.154097985576547906e-76
-1.896086686676757119e-76
-6.975313107072569539e-77
-2.566074287825693977e-77
-9.440059750097231753e-78
-3.472803905490795609e-78
-1.277573160049956193e-78
-4.699929001748115496e-79
-1.729007254708551144e-79
-6.360662226435514495e-80
-2.339956865341399102e-80
-8.608220239870738349e-81
-3.166787251324346494e-81
-1.164995924326048406e-81
-4.285780496080746473e-82
-1.576650533881651874e-82
-5.800173173270382167e-83
-2.133764465680299475e-83
-7.849680792259498796e-84
-2.887736183230629089e-84
-1.062338773337437502e-84
-3.908125942701319931e-85
-1.437719187828578063e-85
-5.289073313798372339e-86
-1.945741334994933542e-86
-7.157982349821122875e-87
-2.633274546767242594e-87
-9.687275687157162481e-88
-3.563749566265076903e-88
-1.311030198912566332e-88
-4.823010569348398336e-89
-1.774286433015848300e-89
-6.527235014559419981e-90
-2.401235569550790886e-90
-8.833651994473349755e-91
-3.249718959229852571e-91
-1.195504794685719463e-91
-4.398016357867623286e-92
-1.617939799995203503e-92
-5.952067894712705741e-93
-2.189643410921393365e-93
-8.055247943744930141e-94
-2.963360112042294547e-94
-1.090159262007862187e-94
-4.010471800953243228e-95
-1.475370124968506876e-95
-5.427583370944553446e-96
-1.996696337414495393e-96
-7.345435327971101169e-97
-2.702234643614978942e-97
-9.940965706071902423e-98
-3.657076908654203897e-98
-1.345363409476694264e-98
-4.949315392507925942e-99
-1.820751380777033555e-99
-6.698170004723870918e-100
-2.464119038209134956e-100
-9.064987347562883748e-101
-3.334822479647629510e-101
-1.226812630218733277e-101
-4.513191448269349146e-102
-1.660310347889060636e-102
-6.107940429525906505e-103
-2.246985711922450179e-103
-8.266198480222463873e-104
-3.040964477516465843e-104
-1.118708312610964537e-104
-4.115497888771688378e-105
-1.514007063463579446e-105
-5.569720724365979979e-106
-2.048985747560757282e-106
-7.537797317809014063e-107
-2.773000664939176995e-107
-1.020129934985862420e-107
-3.752848304048588342e-108
-1.380595736894589844e-108
-5.078927881724573557e-109
-1.868433150878893380e-109
-6.873581434115244888e-110
-2.528649296828717395e-110
-9.302380902359091945e-111
-3.422154687923759567e-111
-1.258940354195624285e-111
-4.631382739696638955e-112
-1.703790494130663193e-112
-6.267894948540040108e-113
-2.305829690990215984e-113
-8.482673381580001143e-114
-3.120601143255520075e-114
-1.148005004699804656e-114
-4.223274395909831803e-115
-1.553655824680969568e-115
-5.715580365563914638e-116
-2.102644510854120789e-116
-7.735196876352146950e-117
-2.845619904223513876e-117
-1.046845060152079551e-117
-3.851127757218319615e-118
-1.416750727205305262e-118
-5.211934658035222958e-119
-1.917363609420070064e-119
-7.053586531559149865e-120
-2.594869471484392120e-120
-9.545991310825141096e-121
-3.511773948853797050e-121
-1.291909437824764161e-121
-4.752669220310864371e-122
-1.748409296840675254e-122
-6.432038350607020107e-123
-2.366214674014596243e-123
-8.704817319681561052e-124
-3.202323331063945565e-124
-1.178068917482075911e-124
-4.333873350247521364e-125
-1.594342906196864423e-125
-5.865259773673558005e-126
-2.157708487864368556e-126
-7.937765927264217905e-127
-2.920140893471676520e-127
-1.074259800032236629e-127
-3.951980949088045135e-128
-1.453852543070696546e-128
-5.348424610905281072e-129
-1.967575457007423753e-129
-7.238305595865362591e-130
-2.662823817635073334e-130
-9.795981379695972706e-131
-3.603740155688409439e-131
-1.325741914601738707e-131
-4.877131946812456067e-132
-1.794196575112754983e-132
-6.600480334041960722e-133
-2.428181016750451317e-133
-8.932778755052606205e-134
-3.286185656516885166e-134
-1.208920142905041104e-134
-4.447368665928066777e-135
-1.636095499505000052e-135
-6.018858980610112063e-136
-2.214214478276565008e-136
-8.145639849020994930e-137
-2.996613435641675388e-137
-1.102392476110695279e-137
-4.055475280632051540e-138
-1.491925979923517362e-138
-5.488488957634201073e-139
-2.019102250610101955e-139
-7.427862076224457321e-140
-2.732557749700002638e-140
-1.005251817928330949e-140
-3.698114770160508749e-141
-1.360460395034504871e-141
-5.004854098611732779e-142
-1.841182928941886850e-142
-6.773333469935407841e-143
-2.491770131787664006e-143
-9.166710036097370775e-144
-3.372244165460152715e-144
-1.240579299083137838e-144
-4.563836192755643961e-145
-1.678941508188949185e-145
-6.176480637920891458e-146
-2.272200245484571080e-146
-8.358957565384781295e-147
-3.075088637929553085e-147
-1.131261889674175680e-147
-4.161679917918856470e-148
-1.530996482538402579e-148
-5.632221304316714971e-149
-2.071978425985924854e-149
-7.622382654709867076e-150
-2.804117871409560721e-150
-1.031577315513003652e-150
-3.794960863560604651e-151
-1.396088081754169090e-151
-5.135921033418347275e-152
-1.889399759674597960e-152
-6.950713277385485069e-153
-2.557024516227496658e-153
-9.406767500914491486e-154
-3.460556371466107989e-154
-1.273067544077226050e-154
-4.683353766886304513e-155
-1.722909566570302760e-155
-6.338230085388149210e-156
-2.331704541828615242e-156
-8.577861638248249015e-157
-3.155618945924718931e-157
-1.160887334376801575e-157
-4.270665838335430623e-158
-1.571090162036807481e-158
-5.779717708400514608e-159
-2.126239320695070607e-159
-7.821997330940497322e-160
-2.877552006950903646e-160
-1.058592224258860766e-160
-3.894343158887838385e-161
-1.432648785021487258e-161
-5.270420344286505275e-162
-1.938879290994720476e-162
-7.132738300700200082e-163
-2.623987780083732599e-163
-9.653111581778970655e-164
-3.551181294270424939e-164
-1.306406590034683343e-164
-4.806001262846488188e-165
-1.768029058845212374e-165
-6.504215421428478423e-166
-2.392767134493785806e-166
-8.802498362909672165e-167
-3.238258178659746604e-167
-1.191288609134200212e-167
-4.382505878021943286e-168
-1.612233813337273642e-168
-5.931076742882196999e-169
-2.181921197716440651e-169
-8.026839508960484371e-170
-2.952909232929237462e-170
-1.086314598440000128e-170
-3.996328074104870079e-171
-1.470166938639445894e-171
-5.408441918154094970e-172
-1.989654590458732428e-172
-7.319530188621533258e-173
-2.692704675427591837e-173
-9.905906912360323635e-174
-3.644179499215443891e-174
-1.340618717699803821e-174
-4.931860646913794781e-175
-1.814330138722074555e-175
-6.674547575335822943e-176
-2.455428832086747995e-176
-9.033017865843200623e-177
-3.323061564578051139e-177
-1.222486031355272330e-177
-4.497274780548718457e-178
-1.654454933062683532e-178
-6.086399562184360408e-179
-2.239061269682493622e-179
-8.237046086394158047e-180
-3.030239911166099283e-180
-1.114762965135185539e-180
-4.100983766525521741e-181
-1.508667616282565466e-181
-5.550077995914821624e-182
-2.041759591595063005e-182
-7.511213775624241018e-183
-2.763221126295884900e-183
-1.016532243774853686e-183
-3.739613137726455262e-184
-1.375726791304192252e-184
-5.061016031895678076e-185
-1.861843749573492391e-185
-6.849340381416391382e-186
-2.519731511908456041e-186
-9.269574205029561217e-187
-3.410085778443492034e-187
-1.254500450520474556e-187
-4.615049246867948674e-188
-1.697781737916466700e-188
-6.245789969757899214e-189
-2.297697723748735444e-189
-8.452757545935799498e-190
-3.109595722356553772e-190
-1.143956336609636470e-190
-4.208380178364834452e-191
-1.548176548253830105e-191
-5.695423234063516058e-192
-2.095229116582135039e-192
-7.707917165343704885e-193
-2.835584259382409914e-193
-1.043153152736139219e-193
-3.837545988847991068e-194
-1.411754273847108833e-194
-5.193553733342697665e-195
-1.910601645115969538e-195
-7.028710655065012794e-196
-2.585718147941078865e-196
-9.512325472914210685e-197
-3.499388979216555520e-197
-1.287353262115690312e-197
-4.735907986573535209e-198
-1.742243183540042562e-198
-6.409354487454655038e-199
-2.357869747114494283e-199
-8.674118049235302151e-200
-3.191029700607804597e-200
-1.173914223021074101e-200
-4.318589083482006807e-201
-1.588720138680451786e-201
-5.844574767955808966e-202
-2.150098899520295451e-202
-7.909771816188593358e-203
-2.909842435533083960e-203
-1.070471209080859635e-203
-3.938043501867849014e-204
-1.448725242775974068e-204
-5.329562327233873824e-205
-1.960636410631169316e-205
-7.212778270833770336e-206
-2.653432839567849437e-206
-9.761433902061738454e-207
-3.591030848922443570e-207
-1.321066421930998826e-207
-4.859931770503326367e-208
-1.787868983864102305e-208
-6.577202426716803466e-209
-2.419617553212032123e-209
-8.901275533242549104e-210
-3.274596268882301237e-210
-1.204656645458510895e-210
-4.431684135347413552e-211
-1.630325483159953181e-211
-5.997632276724452533e-212
-2.206405610313196859e-212
-8.116912629195539309e-213
-2.986045282065878034e-213
-1.098504669679016985e-213
-4.041172840057366017e-214
-1.486664406077514393e-214
-5.469132709172701948e-215
-2.011981484742909901e-215
-7.401666242545105765e-216
-2.722920841045022343e-216
-1.001706597357716734e-216
-3.685072632537037277e-217
-1.355662460733901143e-217
-4.987203484718899962e-218
-1.834689630966658314e-218
-6.749445961630540783e-219
-2.482982408581491271e-219
-9.134381809074810331e-220
-3.360351275369029030e-220
-1.236204149322502006e-220
-4.547740916265803421e-221
-1.673020386868366507e-221
-6.154698049895649674e-222
-2.264186879174577411e-222
-8.329478038184554503e-223
-3.064243725937135521e-223
-1.127272269510851670e-223
-4.147002925557156465e-224
-1.525597118790303070e-224
-5.612358155133392892e-225
-2.064671181764459360e-225
-7.595500805502906589e-226
-2.794228591745649364e-226
-1.027939252836655866e-226
-3.781577178917389231e-227
-1.391164499326808582e-227
-5.117808185898955915e-228
-1.882736415451140969e-228
-6.926200203892902262e-229
-2.548006660449650556e-229
-9.373592663473304464e-230
-3.448352030807291384e-230
-1.268577818055794577e-230
-4.666836987888532858e-231
-1.716833383142650690e-231
-6.315877055749950780e-232
-2.323481321776826396e-232
-8.547610102275430610e-233
-3.144490027776460367e-233
-1.156793234187577251e-233
-4.255604485438313728e-234
-1.565549399949730044e-234
-5.759334383797936509e-235
-2.118740714631057772e-235
-7.794411500856559490e-236
-2.867403747195374140e-236
-1.054858888131133808e-236
-3.880608982804104768e-237
-1.427596263998853356e-237
-5.251833158183370254e-238
-1.932041447358149315e-238
-7.107583279741805742e-239
-2.614733765030902590e-239
-9.619067962916699012e-240
-3.538657346787918997e-240
-1.301799287233558475e-240
-4.789051943048633524e-241
-1.761793752549741759e-241
-6.481277011473372904e-242
-2.384328565058140187e-242
-8.771454600826955311e-243
-3.226837816812896933e-243
-1.187087292800005495e-243
-4.367050098969863568e-244
-1.606547949976725122e-244
-5.910159620525640013e-245
-2.174226218432995851e-245
-7.998531262174287757e-246
-2.942495210920988526e-246
-1.082483493843258582e-246
-3.982234227923684062e-247
-1.464982102382354783e-247
-5.389367971505854168e-248
-1.982637677624843119e-248
-7.293716408900735761e-249
-2.683208316569381407e-249
-9.870971760461106843e-250
-3.631327575057519887e-250
-1.335890759022609117e-250
-4.914467458953314013e-251
-1.807931542454983493e-251
-6.651008455145629307e-252
-2.446769273705512571e-252
-9.001161130862395957e-253
-3.311342126715766048e-253
-1.218174691103651403e-253
-4.481414246124056568e-254
-1.648620168521858385e-254
-6.064934662997902859e-255
-2.231164774564978378e-255
-8.207996504283714622e-256
-3.019553167133044911e-256
-1.110831531712363356e-256
-4.086520831219615347e-257
-1.503346999724529893e-257
-5.530504541454245211e-258
-2.034558920106311689e-258
-7.484723985590830885e-259
-2.753476077141645436e-259
-1.012947240537803671e-259
-3.726424647852017927e-260
-1.370875017019289162e-260
-5.043167351769476132e-261
-1.855277587103017391e-261
-6.825184819613600114e-262
-2.510845177331262332e-262
-9.236883207046358705e-263
-3.398059432374094191e-263
-1.250076205049130134e-263
-4.598773357351913470e-264
-1.691794172776739871e-264
-6.223762948582095601e-265
-2.289594435507909471e-265
-8.422947214438935809e-266
-3.098629114264352725e-266
-1.139921946953131436e-266
-4.193538488241804724e-267
-1.542716595585330291e-267
-5.675337190698412163e-268
-2.087839874173635335e-268
-7.680733661664513869e-269
-2.825584007239827443e-269
-1.039474265566352459e-269
-3.824012119286451837e-270
-1.406775441475922484e-270
-5.175237632638714203e-271
-1.903863528224548546e-271
-7.003922508299373940e-272
-2.576599098361260053e-272
-9.478778364279826732e-273
-3.487047687639220200e-273
-1.282813154666886589e-273
-4.719205864662291793e-274
-1.736098816264957198e-274
-6.386750623459550535e-275
-2.349554250259659985e-275
-8.643527045875109463e-276
-3.179775899386783069e-276
-1.169774180916830140e-276
-4.303358719724651496e-277
-1.583117200972558305e-277
-5.823962712026826419e-278
-2.142516147903746714e-278
-7.881876431916215193e-279
-2.899580297155699163e-279
-1.066695979349363239e-279
-3.924155207828681833e-280
-1.443616024926020412e-280
-5.310766565159233545e-281
-1.953721836182759008e-281
-7.187340972993575698e-282
-2.644074980653486885e-282
-9.727008262981970942e-283
-3.578366364055808791e-283
-1.316407418315537018e-283
-4.842792254038608633e-284
-1.781563708125112933e-284
-6.554006613563890436e-285
-2.411084290431821224e-285
-8.869883413813020897e-286
-3.263047753529379104e-286
-1.200408184084118079e-286
-4.416054919384912749e-287
-1.624575815925720140e-287
-5.976480433033939019e-288
-2.198624281876585294e-288
-8.088286721627218286e-289
-2.975514399186618594e-289
-1.094630574370353057e-289
-4.026920839885404320e-290
-1.481421388218677719e-290
-5.449844724373095035e-291
-2.004885831673507329e-291
-7.375562793685921968e-292
-2.713317918866059148e-292
-9.981738797129066550e-293
-3.672076490607146096e-293
-1.350881447303347958e-293
-4.969615119228248845e-294
-1.828219232898838756e-294
-6.725642697377077448e-295
-2.474225677029871041e-295
-9.102167593977826101e-296
-3.348500327921374079e-296
-1.231844429398106466e-296
-4.531702402971295996e-297
-1.667120147560363074e-297
-6.132992282501587334e-298
-2.256201773595452892e-298
-8.300102476403122434e-299
-3.053437060684885012e-299
-1.123296719536926837e-299
-4.132377694529590189e-300
-1.520216796972878974e-300
-5.592565057298225775e-301
-2.057389707993807002e-301
-7.568713760486385634e-302
-2.784374188594337226e-302
-1.024314020512272842e-302
-3.768240694501282703e-303
-1.386258280892619737e-303
-5.099759216940612696e-304
-1.876096570837024628e-304
-6.901773580631838933e-305
-2.539020607934665457e-305
-9.340534823697804607e-306
-3.436190731184345174e-306
-1.264103925946586617e-306
-4.650378458598566096e-307
-1.710778628584953754e-307
-6.293602858518793335e-308
-2.315287102546885132e-308
-8.517465254363959505e-309
-3.133400357972590347e-309
-1.152713572657355149e-309
-4.240596249399258142e-310
-1.560028178462701084e-310
-5.739022945045662659e-311
-2.111268553893442852e-311
-7.766922957691296565e-312
-2.857291277300772194e-312
-1.051138718351983515e-312
-3.866923243051318342e-313
-1.422561561668148659e-313
-5.233311523423347465e-314
-1.925227718726812193e-314
-7.082516970912706837e-315
-2.605512386264289150e-315
-9.585144376107233128e-316
-3.526177591098100000e-316
-1.297208236122520508e-316
-4.772162286817350085e-317
-1.755580257599659948e-317
-6.458421181780316413e-318
-2.375922165598887331e-318
-8.740515340577492613e-319
-3.215478036264000759e-319
-1.182891969273112476e-319
-4.351730208569699561e-320
-1.600772692525638803e-320
-5.889262498427658807e-321
-2.164007528784659863e-321
-7.954456898044069361e-322
-2.914987310463354611e-322
-1.086944420850742397e-322
-3.952525166729972353e-323
-1.482196937523739633e-323
-4.940656458412465442e-324
-4.940656458412465442e-324
0.000000000000000000e+00
0.000000000000000000e+00
0.000000000000000000e+00
0.000000000000000000e+00
0.000000000000000000e+00
0.000000000000000000e+00
0.000000000000000000e+00
0.000000000000000000e+00
0.000000000000000000e+00
0.000000000000000000e+00
0.000000000000000000e+00
0.000000000000000000e+00
0.000000000000000000e+00
0.000000000000000000e+00
0.000000000000000000e+00
0.000000000000000000e+00
0.000000000000000000e+00
0.000000000000000000e+00
0.000000000000000000e+00
0.000000000000000000e+00
0.000000000000000000e+00
0.000000000000000000e+00
0.000000000000000000e+00
0.000000000000000000e+00
0.000000000000000000e+00
0.000000000000000000e+00
0.000000000000000000e+00
0.000000000000000000e+00
0.000000000000000000e+00
0.000000000000000000e+00
0.000000000000000000e+00
0.000000000000000000e+00
0.000000000000000000e+00
0.000000000000000000e+00
0.000000000000000000e+00
0.000000000000000000e+00
0.000000000000000000e+00
0.000000000000000000e+00
0.000000000000000000e+00
0.000000000000000000e+00
0.000000000000000000e+00
0.000000000000000000e+00
0.000000000000000000e+00
0.000000000000000000e+00
0.000000000000000000e+00
0.000000000000000000e+00
0.000000000000000000e+00
0.000000000000000000e+00
0.000000000000000000e+00
0.000000000000000000e+00
0.000000000000000000e+00
0.000000000000000000e+00
0.000000000000000000e+00
0.000000000000000000e+00
0.000000000000000000e+00
0.000000000000000000e+00
0.000000000000000000e+00
0.000000000000000000e+00
0.000000000000000000e+00
0.000000000000000000e+00
0.000000000000000000e+00
0.000000000000000000e+00
0.000000000000000000e+00
0.000000000000000000e+00
0.000000000000000000e+00
0.000000000000000000e+00
0.000000000000000000e+00
0.000000000000000000e+00
0.000000000000000000e+00
0.000000000000000000e+00
0.000000000000000000e+00
0.000000000000000000e+00
0.000000000000000000e+00
0.000000000000000000e+00
0.000000000000000000e+00
0.000000000000000000e+00
0.000000000000000000e+00
0.000000000000000000e+00
0.000000000000000000e+00
0.000000000000000000e+00
0.000000000000000000e+00
0.000000000000000000e+00
0.000000000000000000e+00
0.000000000000000000e+00
0.000000000000000000e+00
0.000000000000000000e+00
0.000000000000000000e+00
0.000000000000000000e+00
0.000000000000000000e+00
0.000000000000000000e+00
0.000000000000000000e+00
0.000000000000000000e+00
0.000000000000000000e+00
0.000000000000000000e+00
0.000000000000000000e+00
0.000000000000000000e+00
0.000000000000000000e+00
0.000000000000000000e+00
0.000000000000000000e+00
0.000000000000000000e+00
0.000000000000000000e+00
0.000000000000000000e+00
0.000000000000000000e+00
0.000000000000000000e+00
0.000000000000000000e+00
0.000000000000000000e+00
0.000000000000000000e+00
0.000000000000000000e+00
0.000000000000000000e+00
0.000000000000000000e+00
0.000000000000000000e+00
0.000000000000000000e+00
0.000000000000000000e+00
0.000000000000000000e+00
0.000000000000000000e+00
0.000000000000000000e+00
0.000000000000000000e+00
0.000000000000000000e+00
0.000000000000000000e+00
0.000000000000000000e+00
0.000000000000000000e+00
0.000000000000000000e+00
0.000000000000000000e+00
0.000000000000000000e+00
0.000000000000000000e+00
0.000000000000000000e+00
0.000000000000000000e+00
0.000000000000000000e+00
0.000000000000000000e+00
0.000000000000000000e+00
0.000000000000000000e+00
0.000000000000000000e+00
0.000000000000000000e+00
0.000000000000000000e+00
0.000000000000000000e+00
0.000000000000000000e+00
0.000000000000000000e+00
0.000000000000000000e+00
0.000000000000000000e+00
0.000000000000000000e+00
0.000000000000000000e+00
0.000000000000000000e+00
0.000000000000000000e+00
0.000000000000000000e+00
0.000000000000000000e+00
0.000000000000000000e+00
0.000000000000000000e+00
0.000000000000000000e+00
0.000000000000000000e+00
0.000000000000000000e+00
0.000000000000000000e+00
0.000000000000000000e+00
0.000000000000000000e+00
0.000000000000000000e+00
0.000000000000000000e+00
0.000000000000000000e+00
0.000000000000000000e+00
0.000000000000000000e+00
0.000000000000000000e+00
0.000000000000000000e+00
0.000000000000000000e+00
0.000000000000000000e+00
0.000000000000000000e+00
0.000000000000000000e+00
0.000000000000000000e+00
0.000000000000000000e+00
0.000000000000000000e+00
0.000000000000000000e+00
0.000000000000000000e+00
0.000000000000000000e+00
0.000000000000000000e+00
0.000000000000000000e+00
0.000000000000000000e+00
0.000000000000000000e+00
0.000000000000000000e+00
0.000000000000000000e+00
0.000000000000000000e+00
0.000000000000000000e+00
0.000000000000000000e+00
0.000000000000000000e+00
0.000000000000000000e+00
0.000000000000000000e+00
0.000000000000000000e+00
0.000000000000000000e+00
0.000000000000000000e+00
0.000000000000000000e+00
0.000000000000000000e+00
0.000000000000000000e+00
0.000000000000000000e+00
0.000000000000000000e+00
0.000000000000000000e+00
0.000000000000000000e+00
0.000000000000000000e+00
0.000000000000000000e+00
0.000000000000000000e+00
0.000000000000000000e+00
0.000000000000000000e+00
0.000000000000000000e+00
0.000000000000000000e+00
0.000000000000000000e+00
0.000000000000000000e+00
0.000000000000000000e+00
0.000000000000000000e+00
0.000000000000000000e+00
0.000000000000000000e+00
0.000000000000000000e+00
0.000000000000000000e+00
0.000000000000000000e+00
0.000000000000000000e+00
0.000000000000000000e+00
0.000000000000000000e+00
0.000000000000000000e+00
0.000000000000000000e+00
0.000000000000000000e+00
0.000000000000000000e+00
0.000000000000000000e+00
0.000000000000000000e+00
0.000000000000000000e+00
0.000000000000000000e+00
0.000000000000000000e+00
0.000000000000000000e+00
0.000000000000000000e+00
0.000000000000000000e+00
0.000000000000000000e+00
0.000000000000000000e+00
0.000000000000000000e+00
0.000000000000000000e+00
0.000000000000000000e+00
0.000000000000000000e+00
0.000000000000000000e+00
0.000000000000000000e+00
0.000000000000000000e+00
0.000000000000000000e+00
0.000000000000000000e+00
0.000000000000000000e+00
0.000000000000000000e+00
0.000000000000000000e+00
0.000000000000000000e+00
0.000000000000000000e+00
0.000000000000000000e+00
0.000000000000000000e+00
0.000000000000000000e+00
0.000000000000000000e+00
0.000000000000000000e+00
0.000000000000000000e+00
0.000000000000000000e+00
0.000000000000000000e+00
0.000000000000000000e+00
0.000000000000000000e+00
0.000000000000000000e+00
0.000000000000000000e+00
0.000000000000000000e+00
0.000000000000000000e+00
0.000000000000000000e+00
0.000000000000000000e+00
0.000000000000000000e+00
0.000000000000000000e+00
0.000000000000000000e+00
0.000000000000000000e+00
0.000000000000000000e+00
0.000000000000000000e+00
0.000000000000000000e+00
0.000000000000000000e+00
0.000000000000000000e+00
0.000000000000000000e+00
0.000000000000000000e+00
0.000000000000000000e+00
0.000000000000000000e+00
0.000000000000000000e+00
0.000000000000000000e+00
0.000000000000000000e+00
0.000000000000000000e+00
0.000000000000000000e+00
0.000000000000000000e+00
0.000000000000000000e+00
0.000000000000000000e+00
0.000000000000000000e+00
0.000000000000000000e+00
0.000000000000000000e+00
0.000000000000000000e+00
0.000000000000000000e+00
0.000000000000000000e+00
0.000000000000000000e+00
0.000000000000000000e+00
0.000000000000000000e+00
0.000000000000000000e+00
0.000000000000000000e+00
0.000000000000000000e+00
0.000000000000000000e+00
0.000000000000000000e+00
0.000000000000000000e+00
0.000000000000000000e+00
0.000000000000000000e+00
0.000000000000000000e+00
0.000000000000000000e+00
0.000000000000000000e+00
0.000000000000000000e+00
0.000000000000000000e+00
0.000000000000000000e+00
0.000000000000000000e+00
0.000000000000000000e+00
0.000000000000000000e+00
0.000000000000000000e+00
0.000000000000000000e+00
0.000000000000000000e+00
0.000000000000000000e+00
0.000000000000000000e+00
0.000000000000000000e+00
0.000000000000000000e+00
0.000000000000000000e+00
0.000000000000000000e+00
0.000000000000000000e+00
0.000000000000000000e+00
0.000000000000000000e+00
0.000000000000000000e+00
0.000000000000000000e+00
0.000000000000000000e+00
0.000000000000000000e+00
0.000000000000000000e+00
0.000000000000000000e+00
0.000000000000000000e+00
0.000000000000000000e+00
0.000000000000000000e+00
0.000000000000000000e+00
0.000000000000000000e+00
0.000000000000000000e+00
0.000000000000000000e+00
0.000000000000000000e+00
0.000000000000000000e+00
0.000000000000000000e+00
0.000000000000000000e+00
0.000000000000000000e+00
0.000000000000000000e+00
0.000000000000000000e+00
0.000000000000000000e+00
0.000000000000000000e+00
0.000000000000000000e+00
0.000000000000000000e+00
0.000000000000000000e+00
0.000000000000000000e+00
0.000000000000000000e+00
0.000000000000000000e+00
0.000000000000000000e+00
0.000000000000000000e+00
0.000000000000000000e+00
0.000000000000000000e+00
0.000000000000000000e+00
0.000000000000000000e+00
0.000000000000000000e+00
0.000000000000000000e+00
0.000000000000000000e+00
0.000000000000000000e+00
0.000000000000000000e+00
0.000000000000000000e+00
0.000000000000000000e+00
0.000000000000000000e+00
0.000000000000000000e+00
0.000000000000000000e+00
0.000000000000000000e+00
0.000000000000000000e+00
0.000000000000000000e+00
0.000000000000000000e+00
0.000000000000000000e+00
0.000000000000000000e+00
0.000000000000000000e+00
0.000000000000000000e+00
0.000000000000000000e+00
0.000000000000000000e+00
0.000000000000000000e+00
0.000000000000000000e+00
0.000000000000000000e+00
0.000000000000000000e+00
0.000000000000000000e+00
0.000000000000000000e+00
0.000000000000000000e+00
0.000000000000000000e+00
0.000000000000000000e+00
0.000000000000000000e+00
0.000000000000000000e+00
0.000000000000000000e+00
0.000000000000000000e+00
0.000000000000000000e+00
0.000000000000000000e+00
0.000000000000000000e+00
0.000000000000000000e+00
0.000000000000000000e+00
0.000000000000000000e+00
0.000000000000000000e+00
0.000000000000000000e+00
0.000000000000000000e+00
0.000000000000000000e+00
0.000000000000000000e+00
0.000000000000000000e+00
0.000000000000000000e+00
0.000000000000000000e+00
0.000000000000000000e+00
0.000000000000000000e+00
0.000000000000000000e+00
0.000000000000000000e+00
0.000000000000000000e+00
0.000000000000000000e+00
0.000000000000000000e+00
0.000000000000000000e+00
0.000000000000000000e+00
0.000000000000000000e+00
0.000000000000000000e+00
0.000000000000000000e+00
0.000000000000000000e+00
0.000000000000000000e+00
0.000000000000000000e+00
0.000000000000000000e+00
0.000000000000000000e+00
0.000000000000000000e+00
0.000000000000000000e+00
0.000000000000000000e+00
0.000000000000000000e+00
0.000000000000000000e+00
0.000000000000000000e+00
0.000000000000000000e+00
0.000000000000000000e+00
0.000000000000000000e+00
0.000000000000000000e+00
0.000000000000000000e+00
0.000000000000000000e+00
0.000000000000000000e+00
0.000000000000000000e+00
0.000000000000000000e+00
0.000000000000000000e+00
0.000000000000000000e+00
0.000000000000000000e+00
0.000000000000000000e+00
0.000000000000000000e+00
0.000000000000000000e+00
0.000000000000000000e+00
0.000000000000000000e+00
0.000000000000000000e+00
0.000000000000000000e+00
0.000000000000000000e+00
0.000000000000000000e+00
0.000000000000000000e+00
0.000000000000000000e+00
0.000000000000000000e+00
0.000000000000000000e+00
0.000000000000000000e+00
0.000000000000000000e+00
0.000000000000000000e+00
0.000000000000000000e+00
0.000000000000000000e+00
0.000000000000000000e+00
0.000000000000000000e+00
0.000000000000000000e+00
0.000000000000000000e+00
0.000000000000000000e+00
0.000000000000000000e+00
0.000000000000000000e+00
0.000000000000000000e+00
0.000000000000000000e+00
0.000000000000000000e+00
0.000000000000000000e+00
0.000000000000000000e+00
0.000000000000000000e+00
0.000000000000000000e+00
0.000000000000000000e+00
0.000000000000000000e+00
0.000000000000000000e+00
0.000000000000000000e+00
0.000000000000000000e+00
0.000000000000000000e+00
0.000000000000000000e+00
0.000000000000000000e+00
0.000000000000000000e+00
0.000000000000000000e+00
0.000000000000000000e+00
0.000000000000000000e+00
0.000000000000000000e+00
0.000000000000000000e+00
0.000000000000000000e+00
0.000000000000000000e+00
0.000000000000000000e+00
0.000000000000000000e+00
0.000000000000000000e+00
0.000000000000000000e+00
0.000000000000000000e+00
0.000000000000000000e+00
0.000000000000000000e+00
0.000000000000000000e+00
0.000000000000000000e+00
0.000000000000000000e+00
0.000000000000000000e+00
0.000000000000000000e+00
0.000000000000000000e+00
0.000000000000000000e+00
0.000000000000000000e+00
0.000000000000000000e+00
0.000000000000000000e+00
0.000000000000000000e+00
0.000000000000000000e+00
0.000000000000000000e+00
0.000000000000000000e+00
0.000000000000000000e+00
0.000000000000000000e+00
0.000000000000000000e+00
0.000000000000000000e+00
0.000000000000000000e+00
0.000000000000000000e+00
0.000000000000000000e+00
0.000000000000000000e+00
0.000000000000000000e+00
0.000000000000000000e+00
0.000000000000000000e+00
0.000000000000000000e+00
0.000000000000000000e+00
0.000000000000000000e+00
0.000000000000000000e+00
0.000000000000000000e+00
0.000000000000000000e+00
0.000000000000000000e+00
0.000000000000000000e+00
0.000000000000000000e+00
0.000000000000000000e+00
0.000000000000000000e+00
0.000000000000000000e+00
0.000000000000000000e+00
0.000000000000000000e+00
0.000000000000000000e+00
0.000000000000000000e+00
0.000000000000000000e+00
0.000000000000000000e+00
0.000000000000000000e+00
0.000000000000000000e+00
0.000000000000000000e+00
0.000000000000000000e+00
0.000000000000000000e+00
0.000000000000000000e+00
0.000000000000000000e+00
0.000000000000000000e+00
0.000000000000000000e+00
0.000000000000000000e+00
0.000000000000000000e+00
0.000000000000000000e+00
0.000000000000000000e+00
0.000000000000000000e+00
0.000000000000000000e+00
0.000000000000000000e+00
0.000000000000000000e+00
0.000000000000000000e+00
0.000000000000000000e+00
0.000000000000000000e+00
0.000000000000000000e+00
0.000000000000000000e+00
0.000000000000000000e+00
0.000000000000000000e+00
0.000000000000000000e+00
0.000000000000000000e+00
0.000000000000000000e+00
0.000000000000000000e+00
0.000000000000000000e+00
0.000000000000000000e+00
0.000000000000000000e+00
0.000000000000000000e+00
0.000000000000000000e+00
0.000000000000000000e+00
0.000000000000000000e+00
0.000000000000000000e+00
0.000000000000000000e+00
0.000000000000000000e+00
0.000000000000000000e+00
0.000000000000000000e+00
0.000000000000000000e+00
0.000000000000000000e+00
0.000000000000000000e+00
0.000000000000000000e+00
0.000000000000000000e+00
0.000000000000000000e+00
0.000000000000000000e+00
0.000000000000000000e+00
0.000000000000000000e+00
0.000000000000000000e+00
0.000000000000000000e+00
0.000000000000000000e+00
0.000000000000000000e+00
0.000000000000000000e+00
0.000000000000000000e+00
0.000000000000000000e+00
0.000000000000000000e+00
0.000000000000000000e+00
0.000000000000000000e+00
0.000000000000000000e+00
0.000000000000000000e+00
0.000000000000000000e+00
0.000000000000000000e+00
0.000000000000000000e+00
0.000000000000000000e+00
0.000000000000000000e+00
0.000000000000000000e+00
0.000000000000000000e+00
0.000000000000000000e+00
0.000000000000000000e+00
0.000000000000000000e+00
0.000000000000000000e+00
0.000000000000000000e+00
0.000000000000000000e+00
0.000000000000000000e+00
0.000000000000000000e+00
0.000000000000000000e+00
0.000000000000000000e+00
0.000000000000000000e+00
0.000000000000000000e+00
0.000000000000000000e+00
0.000000000000000000e+00
0.000000000000000000e+00
0.000000000000000000e+00
0.000000000000000000e+00
0.000000000000000000e+00
0.000000000000000000e+00
0.000000000000000000e+00
0.000000000000000000e+00
0.000000000000000000e+00
0.000000000000000000e+00
0.000000000000000000e+00
0.000000000000000000e+00
0.000000000000000000e+00
0.000000000000000000e+00
0.000000000000000000e+00
0.000000000000000000e+00
0.000000000000000000e+00
0.000000000000000000e+00
0.000000000000000000e+00
0.000000000000000000e+00
0.000000000000000000e+00
0.000000000000000000e+00
0.000000000000000000e+00
0.000000000000000000e+00
0.000000000000000000e+00
0.000000000000000000e+00
0.000000000000000000e+00
0.000000000000000000e+00
0.000000000000000000e+00
0.000000000000000000e+00
0.000000000000000000e+00
0.000000000000000000e+00
0.000000000000000000e+00
0.000000000000000000e+00
0.000000000000000000e+00
0.000000000000000000e+00
0.000000000000000000e+00
0.000000000000000000e+00
0.000000000000000000e+00
0.000000000000000000e+00
0.000000000000000000e+00
0.000000000000000000e+00
0.000000000000000000e+00
0.000000000000000000e+00
0.000000000000000000e+00
0.000000000000000000e+00
0.000000000000000000e+00
0.000000000000000000e+00
0.000000000000000000e+00
0.000000000000000000e+00
0.000000000000000000e+00
0.000000000000000000e+00
0.000000000000000000e+00
0.000000000000000000e+00
0.000000000000000000e+00
0.000000000000000000e+00
0.000000000000000000e+00
0.000000000000000000e+00
0.000000000000000000e+00
0.000000000000000000e+00
0.000000000000000000e+00
0.000000000000000000e+00
0.000000000000000000e+00
0.000000000000000000e+00
0.000000000000000000e+00
0.000000000000000000e+00
0.000000000000000000e+00
0.000000000000000000e+00
0.000000000000000000e+00
0.000000000000000000e+00
0.000000000000000000e+00
0.000000000000000000e+00
0.000000000000000000e+00
0.000000000000000000e+00
0.000000000000000000e+00
0.000000000000000000e+00
0.000000000000000000e+00
0.000000000000000000e+00
0.000000000000000000e+00
0.000000000000000000e+00
0.000000000000000000e+00
0.000000000000000000e+00
0.000000000000000000e+00
0.000000000000000000e+00
0.000000000000000000e+00
0.000000000000000000e+00
0.000000000000000000e+00
0.000000000000000000e+00
0.000000000000000000e+00
0.000000000000000000e+00
0.000000000000000000e+00
0.000000000000000000e+00
0.000000000000000000e+00
0.000000000000000000e+00
0.000000000000000000e+00
0.000000000000000000e+00
0.000000000000000000e+00
0.000000000000000000e+00
0.000000000000000000e+00
0.000000000000000000e+00
0.000000000000000000e+00
0.000000000000000000e+00
0.000000000000000000e+00
0.000000000000000000e+00
0.000000000000000000e+00
0.000000000000000000e+00
0.000000000000000000e+00
0.000000000000000000e+00
0.000000000000000000e+00
0.000000000000000000e+00
0.000000000000000000e+00
0.000000000000000000e+00
0.000000000000000000e+00
0.000000000000000000e+00
0.000000000000000000e+00
0.000000000000000000e+00
0.000000000000000000e+00
0.000000000000000000e+00
0.000000000000000000e+00
0.000000000000000000e+00
0.000000000000000000e+00
0.000000000000000000e+00
0.000000000000000000e+00
0.000000000000000000e+00
0.000000000000000000e+00
0.000000000000000000e+00
0.000000000000000000e+00
0.000000000000000000e+00
0.000000000000000000e+00
0.000000000000000000e+00
0.000000000000000000e+00
0.000000000000000000e+00
0.000000000000000000e+00
0.000000000000000000e+00
0.000000000000000000e+00
0.000000000000000000e+00
0.000000000000000000e+00
0.000000000000000000e+00
0.000000000000000000e+00
0.000000000000000000e+00
0.000000000000000000e+00
0.000000000000000000e+00
0.000000000000000000e+00
0.000000000000000000e+00
0.000000000000000000e+00
0.000000000000000000e+00
0.000000000000000000e+00
0.000000000000000000e+00
0.000000000000000000e+00
0.000000000000000000e+00
0.000000000000000000e+00
0.000000000000000000e+00
0.000000000000000000e+00
0.000000000000000000e+00
0.000000000000000000e+00
0.000000000000000000e+00
0.000000000000000000e+00
0.000000000000000000e+00
0.000000000000000000e+00
0.000000000000000000e+00
0.000000000000000000e+00
0.000000000000000000e+00
0.000000000000000000e+00
0.000000000000000000e+00
0.000000000000000000e+00
0.000000000000000000e+00
0.000000000000000000e+00
0.000000000000000000e+00
0.000000000000000000e+00
0.000000000000000000e+00
0.000000000000000000e+00
0.000000000000000000e+00
0.000000000000000000e+00
0.000000000000000000e+00
0.000000000000000000e+00
0.000000000000000000e+00
0.000000000000000000e+00
0.000000000000000000e+00
0.000000000000000000e+00
0.000000000000000000e+00
0.000000000000000000e+00
0.000000000000000000e+00
0.000000000000000000e+00
0.000000000000000000e+00
0.000000000000000000e+00
0.000000000000000000e+00
0.000000000000000000e+00
0.000000000000000000e+00
0.000000000000000000e+00
0.000000000000000000e+00
0.000000000000000000e+00
0.000000000000000000e+00
0.000000000000000000e+00
0.000000000000000000e+00
0.000000000000000000e+00
0.000000000000000000e+00
0.000000000000000000e+00
0.000000000000000000e+00
0.000000000000000000e+00
0.000000000000000000e+00
0.000000000000000000e+00
0.000000000000000000e+00
0.000000000000000000e+00
0.000000000000000000e+00
0.000000000000000000e+00
0.000000000000000000e+00
0.000000000000000000e+00
0.000000000000000000e+00
0.000000000000000000e+00
0.000000000000000000e+00
0.000000000000000000e+00
0.000000000000000000e+00
0.000000000000000000e+00
0.000000000000000000e+00
0.000000000000000000e+00
0.000000000000000000e+00
0.000000000000000000e+00
0.000000000000000000e+00
0.000000000000000000e+00
0.000000000000000000e+00
0.000000000000000000e+00
0.000000000000000000e+00
0.000000000000000000e+00
0.000000000000000000e+00
0.000000000000000000e+00
0.000000000000000000e+00
0.000000000000000000e+00
0.000000000000000000e+00
0.000000000000000000e+00
0.000000000000000000e+00
0.000000000000000000e+00
0.000000000000000000e+00
0.000000000000000000e+00
0.000000000000000000e+00
0.000000000000000000e+00
0.000000000000000000e+00
0.000000000000000000e+00
0.000000000000000000e+00
0.000000000000000000e+00
0.000000000000000000e+00
0.000000000000000000e+00
0.000000000000000000e+00
0.000000000000000000e+00
0.000000000000000000e+00
0.000000000000000000e+00
0.000000000000000000e+00
0.000000000000000000e+00
0.000000000000000000e+00
0.000000000000000000e+00
0.000000000000000000e+00
0.000000000000000000e+00
0.000000000000000000e+00
0.000000000000000000e+00
0.000000000000000000e+00
0.000000000000000000e+00
0.000000000000000000e+00
0.000000000000000000e+00
0.000000000000000000e+00
0.000000000000000000e+00
0.000000000000000000e+00
0.000000000000000000e+00
0.000000000000000000e+00
0.000000000000000000e+00
0.000000000000000000e+00
0.000000000000000000e+00
0.000000000000000000e+00
0.000000000000000000e+00
0.000000000000000000e+00
0.000000000000000000e+00
0.000000000000000000e+00
0.000000000000000000e+00
0.000000000000000000e+00
0.000000000000000000e+00
0.000000000000000000e+00
0.000000000000000000e+00
0.000000000000000000e+00
0.000000000000000000e+00
0.000000000000000000e+00
0.000000000000000000e+00
0.000000000000000000e+00
0.000000000000000000e+00
0.000000000000000000e+00
0.000000000000000000e+00
0.000000000000000000e+00
0.000000000000000000e+00
0.000000000000000000e+00
0.000000000000000000e+00
0.000000000000000000e+00
0.000000000000000000e+00
0.000000000000000000e+00
0.000000000000000000e+00
0.000000000000000000e+00
0.000000000000000000e+00
0.000000000000000000e+00
0.000000000000000000e+00
0.000000000000000000e+00
0.000000000000000000e+00
0.000000000000000000e+00
0.000000000000000000e+00
0.000000000000000000e+00
0.000000000000000000e+00
0.000000000000000000e+00
0.000000000000000000e+00
0.000000000000000000e+00
0.000000000000000000e+00
0.000000000000000000e+00
0.000000000000000000e+00
0.000000000000000000e+00
0.000000000000000000e+00
0.000000000000000000e+00
0.000000000000000000e+00
0.000000000000000000e+00
0.000000000000000000e+00
0.000000000000000000e+00
0.000000000000000000e+00
0.000000000000000000e+00
0.000000000000000000e+00
0.000000000000000000e+00
0.000000000000000000e+00
0.000000000000000000e+00
0.000000000000000000e+00
0.000000000000000000e+00
0.000000000000000000e+00
0.000000000000000000e+00
0.000000000000000000e+00
0.000000000000000000e+00
0.000000000000000000e+00
0.000000000000000000e+00
0.000000000000000000e+00
0.000000000000000000e+00
0.000000000000000000e+00
0.000000000000000000e+00
0.000000000000000000e+00
0.000000000000000000e+00
0.000000000000000000e+00
0.000000000000000000e+00
0.000000000000000000e+00
0.000000000000000000e+00
0.000000000000000000e+00
0.000000000000000000e+00
0.000000000000000000e+00
0.000000000000000000e+00
0.000000000000000000e+00
0.000000000000000000e+00
0.000000000000000000e+00
0.000000000000000000e+00
0.000000000000000000e+00
0.000000000000000000e+00
0.000000000000000000e+00
0.000000000000000000e+00
0.000000000000000000e+00
0.000000000000000000e+00
0.000000000000000000e+00
0.000000000000000000e+00
0.000000000000000000e+00
0.000000000000000000e+00
0.000000000000000000e+00
0.000000000000000000e+00
0.000000000000000000e+00
0.000000000000000000e+00
0.000000000000000000e+00
0.000000000000000000e+00
0.000000000000000000e+00
0.000000000000000000e+00
0.000000000000000000e+00
0.000000000000000000e+00
0.000000000000000000e+00
0.000000000000000000e+00
0.000000000000000000e+00
0.000000000000000000e+00
0.000000000000000000e+00
0.000000000000000000e+00
0.000000000000000000e+00
0.000000000000000000e+00
0.000000000000000000e+00
0.000000000000000000e+00
0.000000000000000000e+00
0.000000000000000000e+00
0.000000000000000000e+00
0.000000000000000000e+00
0.000000000000000000e+00
0.000000000000000000e+00
0.000000000000000000e+00
0.000000000000000000e+00
0.000000000000000000e+00
0.000000000000000000e+00
0.000000000000000000e+00
0.000000000000000000e+00
0.000000000000000000e+00
0.000000000000000000e+00
0.000000000000000000e+00
0.000000000000000000e+00
0.000000000000000000e+00
0.000000000000000000e+00
0.000000000000000000e+00
0.000000000000000000e+00
0.000000000000000000e+00
0.000000000000000000e+00
0.000000000000000000e+00
0.000000000000000000e+00
0.000000000000000000e+00
0.000000000000000000e+00
0.000000000000000000e+00
0.000000000000000000e+00
0.000000000000000000e+00
0.000000000000000000e+00
0.000000000000000000e+00
0.000000000000000000e+00
0.000000000000000000e+00
0.000000000000000000e+00
0.000000000000000000e+00
0.000000000000000000e+00
0.000000000000000000e+00
0.000000000000000000e+00
0.000000000000000000e+00
0.000000000000000000e+00
0.000000000000000000e+00
0.000000000000000000e+00
0.000000000000000000e+00
0.000000000000000000e+00
0.000000000000000000e+00
0.000000000000000000e+00
0.000000000000000000e+00
0.000000000000000000e+00
0.000000000000000000e+00
0.000000000000000000e+00
0.000000000000000000e+00
0.000000000000000000e+00
0.000000000000000000e+00
0.000000000000000000e+00
0.000000000000000000e+00
0.000000000000000000e+00
0.000000000000000000e+00
0.000000000000000000e+00
0.000000000000000000e+00
0.000000000000000000e+00
0.000000000000000000e+00
0.000000000000000000e+00
0.000000000000000000e+00
0.000000000000000000e+00
0.000000000000000000e+00
0.000000000000000000e+00
0.000000000000000000e+00
0.000000000000000000e+00
0.000000000000000000e+00
0.000000000000000000e+00
0.000000000000000000e+00
0.000000000000000000e+00
0.000000000000000000e+00
0.000000000000000000e+00
0.000000000000000000e+00
0.000000000000000000e+00
0.000000000000000000e+00
0.000000000000000000e+00
0.000000000000000000e+00
0.000000000000000000e+00
0.000000000000000000e+00
0.000000000000000000e+00
0.000000000000000000e+00
0.000000000000000000e+00
0.000000000000000000e+00
0.000000000000000000e+00
0.000000000000000000e+00
0.000000000000000000e+00
0.000000000000000000e+00
0.000000000000000000e+00
0.000000000000000000e+00
0.000000000000000000e+00
0.000000000000000000e+00
0.000000000000000000e+00
0.000000000000000000e+00
0.000000000000000000e+00
0.000000000000000000e+00
0.000000000000000000e+00
0.000000000000000000e+00
0.000000000000000000e+00
0.000000000000000000e+00
0.000000000000000000e+00
0.000000000000000000e+00
0.000000000000000000e+00
0.000000000000000000e+00
0.000000000000000000e+00
0.000000000000000000e+00
0.000000000000000000e+00
0.000000000000000000e+00
0.000000000000000000e+00
0.000000000000000000e+00
0.000000000000000000e+00
0.000000000000000000e+00
0.000000000000000000e+00
0.000000000000000000e+00
0.000000000000000000e+00
0.000000000000000000e+00
0.000000000000000000e+00
0.000000000000000000e+00
0.000000000000000000e+00
0.000000000000000000e+00
0.000000000000000000e+00
0.000000000000000000e+00
0.000000000000000000e+00
0.000000000000000000e+00
0.000000000000000000e+00
0.000000000000000000e+00
0.000000000000000000e+00
0.000000000000000000e+00
0.000000000000000000e+00
0.000000000000000000e+00
0.000000000000000000e+00
0.000000000000000000e+00
0.000000000000000000e+00
0.000000000000000000e+00
0.000000000000000000e+00
0.000000000000000000e+00
0.000000000000000000e+00
0.000000000000000000e+00
0.000000000000000000e+00
0.000000000000000000e+00
0.000000000000000000e+00
0.000000000000000000e+00
0.000000000000000000e+00
0.000000000000000000e+00
0.000000000000000000e+00
0.000000000000000000e+00
0.000000000000000000e+00
0.000000000000000000e+00
0.000000000000000000e+00
0.000000000000000000e+00
0.000000000000000000e+00
0.000000000000000000e+00
0.000000000000000000e+00
0.000000000000000000e+00
0.000000000000000000e+00
0.000000000000000000e+00
0.000000000000000000e+00
0.000000000000000000e+00
0.000000000000000000e+00
0.000000000000000000e+00
0.000000000000000000e+00
0.000000000000000000e+00
0.000000000000000000e+00
0.000000000000000000e+00
0.000000000000000000e+00
0.000000000000000000e+00
0.000000000000000000e+00
0.000000000000000000e+00
0.000000000000000000e+00
0.000000000000000000e+00
0.000000000000000000e+00
0.000000000000000000e+00
0.000000000000000000e+00
0.000000000000000000e+00
0.000000000000000000e+00
0.000000000000000000e+00
0.000000000000000000e+00
0.000000000000000000e+00
0.000000000000000000e+00
0.000000000000000000e+00
0.000000000000000000e+00
0.000000000000000000e+00
0.000000000000000000e+00
0.000000000000000000e+00
0.000000000000000000e+00
0.000000000000000000e+00
0.000000000000000000e+00
0.000000000000000000e+00
0.000000000000000000e+00
0.000000000000000000e+00
0.000000000000000000e+00
0.000000000000000000e+00
0.000000000000000000e+00
0.000000000000000000e+00
0.000000000000000000e+00
0.000000000000000000e+00
0.000000000000000000e+00
0.000000000000000000e+00
0.000000000000000000e+00
0.000000000000000000e+00
0.000000000000000000e+00
0.000000000000000000e+00
0.000000000000000000e+00
0.000000000000000000e+00
0.000000000000000000e+00
0.000000000000000000e+00
0.000000000000000000e+00
0.000000000000000000e+00
0.000000000000000000e+00
0.000000000000000000e+00
0.000000000000000000e+00
0.000000000000000000e+00
0.000000000000000000e+00
0.000000000000000000e+00
0.000000000000000000e+00
0.000000000000000000e+00
0.000000000000000000e+00
0.000000000000000000e+00
0.000000000000000000e+00
0.000000000000000000e+00
0.000000000000000000e+00
0.000000000000000000e+00
0.000000000000000000e+00
0.000000000000000000e+00
0.000000000000000000e+00
0.000000000000000000e+00
0.000000000000000000e+00
0.000000000000000000e+00
0.000000000000000000e+00
0.000000000000000000e+00
0.000000000000000000e+00
0.000000000000000000e+00
0.000000000000000000e+00
0.000000000000000000e+00
0.000000000000000000e+00
0.000000000000000000e+00
0.000000000000000000e+00
0.000000000000000000e+00
0.000000000000000000e+00
0.000000000000000000e+00
0.000000000000000000e+00
0.000000000000000000e+00
0.000000000000000000e+00
0.000000000000000000e+00
0.000000000000000000e+00
0.000000000000000000e+00
0.000000000000000000e+00
0.000000000000000000e+00
0.000000000000000000e+00
0.000000000000000000e+00
0.000000000000000000e+00
0.000000000000000000e+00
0.000000000000000000e+00
0.000000000000000000e+00
0.000000000000000000e+00
0.000000000000000000e+00
0.000000000000000000e+00
0.000000000000000000e+00
0.000000000000000000e+00
0.000000000000000000e+00
0.000000000000000000e+00
0.000000000000000000e+00
0.000000000000000000e+00
0.000000000000000000e+00
0.000000000000000000e+00
0.000000000000000000e+00
0.000000000000000000e+00
0.000000000000000000e+00
0.000000000000000000e+00
0.000000000000000000e+00
0.000000000000000000e+00
0.000000000000000000e+00
0.000000000000000000e+00
0.000000000000000000e+00
0.000000000000000000e+00
0.000000000000000000e+00
0.000000000000000000e+00
0.000000000000000000e+00
0.000000000000000000e+00
0.000000000000000000e+00
0.000000000000000000e+00
0.000000000000000000e+00
0.000000000000000000e+00
0.000000000000000000e+00
0.000000000000000000e+00
0.000000000000000000e+00
0.000000000000000000e+00
0.000000000000000000e+00
0.000000000000000000e+00
0.000000000000000000e+00
0.000000000000000000e+00
0.000000000000000000e+00
0.000000000000000000e+00
0.000000000000000000e+00
0.000000000000000000e+00
0.000000000000000000e+00
0.000000000000000000e+00
0.000000000000000000e+00
0.000000000000000000e+00
0.000000000000000000e+00
0.000000000000000000e+00
0.000000000000000000e+00
0.000000000000000000e+00
0.000000000000000000e+00
0.000000000000000000e+00
0.000000000000000000e+00
0.000000000000000000e+00
0.000000000000000000e+00
0.000000000000000000e+00
0.000000000000000000e+00
0.000000000000000000e+00
0.000000000000000000e+00
0.000000000000000000e+00
0.000000000000000000e+00
0.000000000000000000e+00
0.000000000000000000e+00
0.000000000000000000e+00
0.000000000000000000e+00
0.000000000000000000e+00
0.000000000000000000e+00
0.000000000000000000e+00
0.000000000000000000e+00
0.000000000000000000e+00
0.000000000000000000e+00
0.000000000000000000e+00
0.000000000000000000e+00
0.000000000000000000e+00
0.000000000000000000e+00
0.000000000000000000e+00
0.000000000000000000e+00
0.000000000000000000e+00
0.000000000000000000e+00
0.000000000000000000e+00
0.000000000000000000e+00
0.000000000000000000e+00
0.000000000000000000e+00
0.000000000000000000e+00
0.000000000000000000e+00
0.000000000000000000e+00
0.000000000000000000e+00
0.000000000000000000e+00
0.000000000000000000e+00
0.000000000000000000e+00
0.000000000000000000e+00
0.000000000000000000e+00
0.000000000000000000e+00
0.000000000000000000e+00
0.000000000000000000e+00
0.000000000000000000e+00
0.000000000000000000e+00
0.000000000000000000e+00
0.000000000000000000e+00
0.000000000000000000e+00
0.000000000000000000e+00
0.000000000000000000e+00
0.000000000000000000e+00
0.000000000000000000e+00
0.000000000000000000e+00
0.000000000000000000e+00
0.000000000000000000e+00
0.000000000000000000e+00
0.000000000000000000e+00
0.000000000000000000e+00
0.000000000000000000e+00
0.000000000000000000e+00
0.000000000000000000e+00
0.000000000000000000e+00
0.000000000000000000e+00
0.000000000000000000e+00
0.000000000000000000e+00
0.000000000000000000e+00
0.000000000000000000e+00
0.000000000000000000e+00
0.000000000000000000e+00
0.000000000000000000e+00
0.000000000000000000e+00
0.000000000000000000e+00
0.000000000000000000e+00
0.000000000000000000e+00
0.000000000000000000e+00
0.000000000000000000e+00
0.000000000000000000e+00
0.000000000000000000e+00
0.000000000000000000e+00
0.000000000000000000e+00
0.000000000000000000e+00
0.000000000000000000e+00
0.000000000000000000e+00
0.000000000000000000e+00
0.000000000000000000e+00
0.000000000000000000e+00
0.000000000000000000e+00
0.000000000000000000e+00
0.000000000000000000e+00
0.000000000000000000e+00
0.000000000000000000e+00
0.000000000000000000e+00
0.000000000000000000e+00
0.000000000000000000e+00
0.000000000000000000e+00
0.000000000000000000e+00
0.000000000000000000e+00
0.000000000000000000e+00
0.000000000000000000e+00
0.000000000000000000e+00
0.000000000000000000e+00
0.000000000000000000e+00
0.000000000000000000e+00
0.000000000000000000e+00
0.000000000000000000e+00
0.000000000000000000e+00
0.000000000000000000e+00
0.000000000000000000e+00
0.000000000000000000e+00
0.000000000000000000e+00
0.000000000000000000e+00
0.000000000000000000e+00
0.000000000000000000e+00
0.000000000000000000e+00
0.000000000000000000e+00
0.000000000000000000e+00
0.000000000000000000e+00
0.000000000000000000e+00
0.000000000000000000e+00
0.000000000000000000e+00
0.000000000000000000e+00
0.000000000000000000e+00
0.000000000000000000e+00
0.000000000000000000e+00
0.000000000000000000e+00
0.000000000000000000e+00
0.000000000000000000e+00
0.000000000000000000e+00
0.000000000000000000e+00
0.000000000000000000e+00
0.000000000000000000e+00
0.000000000000000000e+00
0.000000000000000000e+00
0.000000000000000000e+00
0.000000000000000000e+00
0.000000000000000000e+00
0.000000000000000000e+00
0.000000000000000000e+00
0.000000000000000000e+00
0.000000000000000000e+00
0.000000000000000000e+00
0.000000000000000000e+00
0.000000000000000000e+00
0.000000000000000000e+00
0.000000000000000000e+00
0.000000000000000000e+00
0.000000000000000000e+00
0.000000000000000000e+00
0.000000000000000000e+00
0.000000000000000000e+00
0.000000000000000000e+00
0.000000000000000000e+00
0.000000000000000000e+00
0.000000000000000000e+00
0.000000000000000000e+00
0.000000000000000000e+00
0.000000000000000000e+00
0.000000000000000000e+00
0.000000000000000000e+00
0.000000000000000000e+00
0.000000000000000000e+00
0.000000000000000000e+00
0.000000000000000000e+00
0.000000000000000000e+00
0.000000000000000000e+00
0.000000000000000000e+00
0.000000000000000000e+00
0.000000000000000000e+00
0.000000000000000000e+00
0.000000000000000000e+00
0.000000000000000000e+00
0.000000000000000000e+00
0.000000000000000000e+00
0.000000000000000000e+00
0.000000000000000000e+00
0.000000000000000000e+00
0.000000000000000000e+00
0.000000000000000000e+00
0.000000000000000000e+00
0.000000000000000000e+00
0.000000000000000000e+00
0.000000000000000000e+00
0.000000000000000000e+00
0.000000000000000000e+00
0.000000000000000000e+00
0.000000000000000000e+00
0.000000000000000000e+00
0.000000000000000000e+00
0.000000000000000000e+00
0.000000000000000000e+00
0.000000000000000000e+00
0.000000000000000000e+00
0.000000000000000000e+00
0.000000000000000000e+00
0.000000000000000000e+00
0.000000000000000000e+00
0.000000000000000000e+00
0.000000000000000000e+00
0.000000000000000000e+00
0.000000000000000000e+00
0.000000000000000000e+00
0.000000000000000000e+00
0.000000000000000000e+00
0.000000000000000000e+00
0.000000000000000000e+00
0.000000000000000000e+00
0.000000000000000000e+00
0.000000000000000000e+00
0.000000000000000000e+00
0.000000000000000000e+00
0.000000000000000000e+00
0.000000000000000000e+00
0.000000000000000000e+00
0.000000000000000000e+00
0.000000000000000000e+00
0.000000000000000000e+00
0.000000000000000000e+00
0.000000000000000000e+00
0.000000000000000000e+00
0.000000000000000000e+00
0.000000000000000000e+00
0.000000000000000000e+00
0.000000000000000000e+00
0.000000000000000000e+00
0.000000000000000000e+00
0.000000000000000000e+00
0.000000000000000000e+00
0.000000000000000000e+00
0.000000000000000000e+00
0.000000000000000000e+00
0.000000000000000000e+00
0.000000000000000000e+00
0.000000000000000000e+00
0.000000000000000000e+00
0.000000000000000000e+00
0.000000000000000000e+00
0.000000000000000000e+00
0.000000000000000000e+00
0.000000000000000000e+00
0.000000000000000000e+00
0.000000000000000000e+00
0.000000000000000000e+00
0.000000000000000000e+00
0.000000000000000000e+00
0.000000000000000000e+00
0.000000000000000000e+00
0.000000000000000000e+00
0.000000000000000000e+00
0.000000000000000000e+00
0.000000000000000000e+00
0.000000000000000000e+00
0.000000000000000000e+00
0.000000000000000000e+00
0.000000000000000000e+00
0.000000000000000000e+00
0.000000000000000000e+00
0.000000000000000000e+00
0.000000000000000000e+00
0.000000000000000000e+00
0.000000000000000000e+00
0.000000000000000000e+00
0.000000000000000000e+00
0.000000000000000000e+00
0.000000000000000000e+00
0.000000000000000000e+00
0.000000000000000000e+00
0.000000000000000000e+00
0.000000000000000000e+00
0.000000000000000000e+00
0.000000000000000000e+00
0.000000000000000000e+00
0.000000000000000000e+00
0.000000000000000000e+00
0.000000000000000000e+00
0.000000000000000000e+00
0.000000000000000000e+00
0.000000000000000000e+00
0.000000000000000000e+00
0.000000000000000000e+00
0.000000000000000000e+00
0.000000000000000000e+00
0.000000000000000000e+00
0.000000000000000000e+00
0.000000000000000000e+00
0.000000000000000000e+00
0.000000000000000000e+00
0.000000000000000000e+00
0.000000000000000000e+00
0.000000000000000000e+00
0.000000000000000000e+00
0.000000000000000000e+00
0.000000000000000000e+00
0.000000000000000000e+00
0.000000000000000000e+00
0.000000000000000000e+00
0.000000000000000000e+00
0.000000000000000000e+00
0.000000000000000000e+00
0.000000000000000000e+00
0.000000000000000000e+00
0.000000000000000000e+00
0.000000000000000000e+00
0.000000000000000000e+00
0.000000000000000000e+00
0.000000000000000000e+00
0.000000000000000000e+00
0.000000000000000000e+00
0.000000000000000000e+00
0.000000000000000000e+00
0.000000000000000000e+00
0.000000000000000000e+00
0.000000000000000000e+00
0.000000000000000000e+00
0.000000000000000000e+00
0.000000000000000000e+00
0.000000000000000000e+00
0.000000000000000000e+00
0.000000000000000000e+00
0.000000000000000000e+00
0.000000000000000000e+00
0.000000000000000000e+00
0.000000000000000000e+00
0.000000000000000000e+00
0.000000000000000000e+00
0.000000000000000000e+00
0.000000000000000000e+00
0.000000000000000000e+00
0.000000000000000000e+00
0.000000000000000000e+00
0.000000000000000000e+00
0.000000000000000000e+00
0.000000000000000000e+00
0.000000000000000000e+00
0.000000000000000000e+00
0.000000000000000000e+00
0.000000000000000000e+00
0.000000000000000000e+00
0.000000000000000000e+00
0.000000000000000000e+00
0.000000000000000000e+00
0.000000000000000000e+00
0.000000000000000000e+00
0.000000000000000000e+00
0.000000000000000000e+00
0.000000000000000000e+00
0.000000000000000000e+00
0.000000000000000000e+00
0.000000000000000000e+00
0.000000000000000000e+00
0.000000000000000000e+00
0.000000000000000000e+00
0.000000000000000000e+00
0.000000000000000000e+00
0.000000000000000000e+00
0.000000000000000000e+00
0.000000000000000000e+00
0.000000000000000000e+00
0.000000000000000000e+00
0.000000000000000000e+00
0.000000000000000000e+00
0.000000000000000000e+00
0.000000000000000000e+00
0.000000000000000000e+00
0.000000000000000000e+00
0.000000000000000000e+00
0.000000000000000000e+00
0.000000000000000000e+00
0.000000000000000000e+00
0.000000000000000000e+00
0.000000000000000000e+00
0.000000000000000000e+00
0.000000000000000000e+00
0.000000000000000000e+00
0.000000000000000000e+00
0.000000000000000000e+00
0.000000000000000000e+00
0.000000000000000000e+00
0.000000000000000000e+00
0.000000000000000000e+00
0.000000000000000000e+00
0.000000000000000000e+00
0.000000000000000000e+00
0.000000000000000000e+00
0.000000000000000000e+00
0.000000000000000000e+00
0.000000000000000000e+00
0.000000000000000000e+00
0.000000000000000000e+00
0.000000000000000000e+00
0.000000000000000000e+00
0.000000000000000000e+00
0.000000000000000000e+00
0.000000000000000000e+00
0.000000000000000000e+00
0.000000000000000000e+00
0.000000000000000000e+00
0.000000000000000000e+00
0.000000000000000000e+00
0.000000000000000000e+00
0.000000000000000000e+00
0.000000000000000000e+00
0.000000000000000000e+00
0.000000000000000000e+00
0.000000000000000000e+00
0.000000000000000000e+00
0.000000000000000000e+00
0.000000000000000000e+00
0.000000000000000000e+00
0.000000000000000000e+00
0.000000000000000000e+00
0.000000000000000000e+00
0.000000000000000000e+00
0.000000000000000000e+00
0.000000000000000000e+00
0.000000000000000000e+00
0.000000000000000000e+00
0.000000000000000000e+00
0.000000000000000000e+00
0.000000000000000000e+00
0.000000000000000000e+00
0.000000000000000000e+00
0.000000000000000000e+00
0.000000000000000000e+00
0.000000000000000000e+00
0.000000000000000000e+00
0.000000000000000000e+00
0.000000000000000000e+00
0.000000000000000000e+00
0.000000000000000000e+00
0.000000000000000000e+00
0.000000000000000000e+00
0.000000000000000000e+00
0.000000000000000000e+00
0.000000000000000000e+00
0.000000000000000000e+00
0.000000000000000000e+00
0.000000000000000000e+00
0.000000000000000000e+00
0.000000000000000000e+00
0.000000000000000000e+00
0.000000000000000000e+00
0.000000000000000000e+00
0.000000000000000000e+00
0.000000000000000000e+00
0.000000000000000000e+00
0.000000000000000000e+00
0.000000000000000000e+00
0.000000000000000000e+00
0.000000000000000000e+00
0.000000000000000000e+00
0.000000000000000000e+00
0.000000000000000000e+00
0.000000000000000000e+00
0.000000000000000000e+00
0.000000000000000000e+00
0.000000000000000000e+00
0.000000000000000000e+00
0.000000000000000000e+00
0.000000000000000000e+00
0.000000000000000000e+00
0.000000000000000000e+00
0.000000000000000000e+00
0.000000000000000000e+00
