-1.600000000000000089e+00
-1.281179844666892942e+00
-1.025888621487927477e+00
-8.214673904521472281e-01
-6.577796648114999645e-01
-5.267087804926489092e-01
-4.217554209851628322e-01
-3.377153404657443625e-01
-2.704213046497057626e-01
-2.165364531785803348e-01
-1.733888371550333929e-01
-1.388389271582867734e-01
-1.111735219564824739e-01
-8.902079724454850518e-02
-7.128228199118351316e-02
-5.707838935560383131e-02
-4.570480125528060544e-02
-3.659754385798225790e-02
-2.930502222197468865e-02
-2.346562738644335927e-02
-1.878980553123417788e-02
-1.504570008239233120e-02
-1.204765480904003774e-02
-9.647007823028920168e-03
-7.724719990130306420e-03
-6.185472223156492436e-03
-4.952938963784384377e-03
-3.966003482666173585e-03
-3.175727328669127221e-03
-2.542923653530449260e-03
-2.036214082143692622e-03
-1.630472775918372520e-03
-1.305580536115437396e-03
-1.045427167787809069e-03
-8.371126352730842365e-04
-6.703073975174145792e-04
-5.367402046440190302e-04
-4.297879575076881515e-04
-3.441472928996253404e-04
-2.755716095372962417e-04
-2.206604949384990846e-04
-1.766911116433913425e-04
-1.414831818558128255e-04
-1.132908755956301208e-04
-9.071624149861596252e-05
-7.263988761997576397e-05
-5.816547496098823300e-05
-4.657527135968430291e-05
-3.729456182869923114e-05
-2.986315058163291572e-05
-2.391254163965032408e-05
-1.914766648967361265e-05
-1.533225273685845456e-05
-1.227710823737615025e-05
-9.830739765325136029e-06
-7.871841028437447546e-06
-6.303277541284969855e-06
-5.047270088272374309e-06
-4.041537942302905722e-06
-3.236210595709371492e-06
-2.591354867700175804e-06
-2.074994766798069259e-06
-1.661525920631851955e-06
-1.330445950565708773e-06
-1.065337835177170405e-06
-8.530558513687811792e-07
-6.830737269680248850e-07
-5.469626821330805857e-07
-4.379734775836548917e-07
-3.507017449867783061e-07
-2.808200044791057742e-07
-2.248630810736853243e-07
-1.800562795508146075e-07
-1.441777976663821680e-07
-1.154485552616439684e-07
-9.244397631070613369e-08
-7.402334950633781591e-08
-5.927326463890817297e-08
-4.746231998936004314e-08
-3.800485484468656173e-08
-3.043190876656460675e-08
-2.436796759154020863e-08
-1.951234308361086684e-08
-1.562426292559231723e-08
-1.251093171752812930e-08
-1.001797097156300272e-08
-8.021764058265336607e-09
-6.423326518826785949e-09
-5.143397794772007147e-09
-4.118510992353778150e-09
-3.297845795901692757e-09
-2.640708477830437525e-09
-2.114514048398343435e-09
-1.693170487545590687e-09
-1.355784938892642901e-09
-1.085627710882618916e-09
-8.693027137466684302e-10
-6.960831973540387749e-10
-5.573798516633013376e-10
-4.463148948590279732e-10
-3.573810297925066009e-10
-2.861683576477863928e-10
-2.291457074998561081e-10
-1.834855387129694595e-10
-1.469237337418147184e-10
-1.176473289832614105e-10
-9.420461667015580275e-11
-7.543316009523406007e-11
-6.040215270846557137e-11
-4.836626289036120157e-11
-3.872867573561944374e-11
-3.101149922694702811e-11
-2.483206735154218386e-11
-1.988396512012916368e-11
-1.592183458998063675e-11
-1.274920847925206124e-11
-1.020876808692125108e-11
-8.174542444901321129e-12
-6.545661887363502758e-12
-5.241356300058987185e-12
-4.196950031470871786e-12
-3.360654868371604055e-12
-2.691002051399608293e-12
-2.154785993881526422e-12
-1.725417740582201826e-12
-1.381606520540380350e-12
-1.106304017110432645e-12
-8.858590054974403841e-13
-7.093404394124873526e-13
-5.679954212390209802e-13
-4.548151784715724380e-13
-3.641875248164717464e-13
-2.916185727962423744e-13
-2.335098986231685983e-13
-1.869801097788832928e-13
-1.497219675014428021e-13
-1.198879794167001335e-13
-9.599878927907228520e-14
-7.686982121048204191e-14
-6.155254099876079766e-14
-4.928742182227811450e-14
-3.946628214643621992e-14
-3.160212826871923950e-14
-2.530500611653810411e-14
-2.026266487855068275e-14
-1.622507365102430366e-14
-1.299202333745514599e-14
-1.040319902586840263e-14
-8.330230570000538368e-15
-6.670327192320390348e-15
-5.341180472583997970e-15
-4.276882980126883194e-15
-3.424660170085900925e-15
-2.742253490467221115e-15
-2.195824938096276047e-15
-1.758279158191174287e-15
-1.407919886732753518e-15
-1.127374113617312476e-15
-9.027306198535594752e-16
-7.228501720750201892e-16
-5.788131694853198837e-16
-4.634773541077215724e-16
-3.711236528389711513e-16
-2.971725899352770512e-16
-2.379572078828354646e-16
-1.905412366454368519e-16
-1.525734949800241625e-16
-1.221713041242444222e-16
-9.782713277540706024e-17
-7.833384423337727426e-17
-6.272483899192434022e-17
-5.022612467276847846e-17
-4.021793662904847732e-17
-3.220400612701706967e-17
-2.578695222966463939e-17
-2.064857715752147437e-17
-1.653408804704096695e-17
-1.323946272238543445e-17
-1.060133299633681349e-17
-8.488883850943009080e-18
-6.797366808466542502e-18
-5.442905844884415808e-18
-4.358338290553465937e-18
-3.489884483810665310e-18
-2.794481038046219955e-18
-2.237645488905381721e-18
-1.791766437434607828e-18
-1.434734403744890505e-18
-1.148845500330079487e-18
-9.199235622869695835e-19
-7.366172041476471312e-19
-5.898369469930276287e-19
-4.723045050795762883e-19
-3.781918827833286284e-19
-3.028323860241385342e-19
-2.424892183040691462e-19
-1.941701869001273587e-19
-1.554793311822793478e-19
-1.244981158581407554e-19
-9.969029796028356953e-20
-7.982575028472029551e-20
-6.391946396887262530e-20
-5.118270557426960149e-20
-4.098390673579601299e-20
-3.281734704100600244e-20
-2.627807724023476053e-20
-2.104183932299288530e-20
-1.684898777208609878e-20
-1.349161471039729002e-20
-1.080324052435773822e-20
-8.650558760559838434e-21
-6.926825955709930980e-21
-5.546568626231873220e-21
-4.441344956868761139e-21
-3.556351026220757282e-21
-2.847703284596536421e-21
-2.280262532385496247e-21
-1.825891498150867851e-21
-1.462059616237206883e-21
-1.170725820015326807e-21
-9.374439526467239818e-22
-7.506464360224001281e-22
-6.010706776893350673e-22
-4.812997734224044222e-22
-3.853947305947045666e-22
-3.085999756742268701e-22
-2.471075430615707162e-22
-1.978682522722756306e-22
-1.584405104441899166e-22
-1.268692428498941213e-22
-1.015889480296453984e-22
-8.134607041030891065e-23
-6.513684115783862156e-23
-5.215750502293238277e-23
-4.176446511468327944e-23
-3.344236933014114453e-23
-2.677855596480195455e-23
-2.144259135711793206e-23
-1.716988491510502066e-23
-1.374856905530158721e-23
-1.100899347916459609e-23
-8.815312847234338707e-24
-7.058750715193603251e-24
-5.652205715521291818e-24
-4.525932525398061339e-24
-3.624083456163956496e-24
-2.901939174642498505e-24
-2.323691238125781580e-24
-1.860666487197368947e-24
-1.489905250652762514e-24
-1.193022860999810036e-24
-9.552980273373686665e-25
-7.649428614216750114e-25
-6.125183602345443423e-25
-4.904663610130713308e-25
-3.927347601356646199e-25
-3.144774118661879338e-25
-2.518138260537291075e-25
-2.016367490928080572e-25
-1.614580868011633172e-25
-1.292855291050801791e-25
-1.035237588103273718e-25
-8.289534576996762488e-26
-6.637740388573474779e-26
-5.315086999982332296e-26
-4.255988960642744319e-26
-3.407929547187654698e-26
-2.728856654938498630e-26
-2.185097590807703297e-26
-1.749689369983135858e-26
-1.401041722031443321e-26
-1.121866509877551387e-26
-8.983204755386947391e-27
-7.193188045698469307e-27
-5.759854714404826491e-27
-4.612131105190625052e-27
-3.693105883082171636e-27
-2.957208013516005242e-27
-2.367947064627580903e-27
-1.896103782774369487e-27
-1.518281218679485531e-27
-1.215744559942778545e-27
-9.734921415388188384e-28
-7.795115691757161667e-28
-6.241840694453647956e-28
-4.998075307097263108e-28
-4.002145840987693115e-28
-3.204667866806792842e-28
-2.566097424877820862e-28
-2.054770187628161940e-28
-1.645331343632269822e-28
-1.317478347037717699e-28
-1.054954190006119628e-28
-8.447412783016996798e-29
-6.764159373239328982e-29
-5.416315409443009713e-29
-4.337046334335717872e-29
-3.472835218085823370e-29
-2.780829053288051036e-29
-2.226713834085497590e-29
-1.783013052544538371e-29
-1.427725241061294958e-29
-1.143233001606187895e-29
-9.154294246349332000e-30
-7.330185800357996238e-30
-5.869553940676372380e-30
-4.699971378737284912e-30
-3.763442875593399324e-30
-3.013529474228446390e-30
-2.413045764806924977e-30
-1.932215998830915274e-30
-1.547197620778163467e-30
-1.238899004660980742e-30
-9.920327714684459358e-31
-7.943577450340130246e-31
-6.360719577453835647e-31
-5.093266075132448690e-31
-4.078368649365872720e-31
-3.265702320430538260e-31
-2.614969994760964005e-31
-2.093904282310260048e-31
-1.676667476973513755e-31
-1.342570361066840098e-31
-1.075046304153751174e-31
-8.608297856033821410e-32
-6.892986068774806302e-32
-5.519471763052519309e-32
-4.419647485019302342e-32
-3.538977048962186942e-32
-2.833791291168152822e-32
-2.269122678898272821e-32
-1.816971400800621656e-32
-1.454916960651215837e-32
-1.165006428531463063e-32
-9.328642219636638742e-33
-7.469792743691987929e-33
-5.981342441910701966e-33
-4.789484612891692960e-33
-3.835119470236883338e-33
-3.070923604473190828e-33
-2.459003391601770475e-33
-1.969015989554839864e-33
-1.576664749777801332e-33
-1.262494437007547571e-33
-1.010926516686349401e-33
-8.094866735111575161e-34
-6.481862566430954679e-34
-5.190269797507566581e-34
-4.156043158093788670e-34
-3.327899204822168678e-34
-2.664773366438234935e-34
-2.133783704803618274e-34
-1.708600422170643545e-34
-1.368140264671493629e-34
-1.095521082358959241e-34
-8.772247063287304308e-35
-7.024266331201229454e-35
-5.624592779442092423e-35
-4.503821814675062993e-35
-3.606378583083004308e-35
-2.887762220552664371e-35
-2.312339220726600410e-35
-1.851576502267308503e-35
-1.482626559727302497e-35
-1.187194540931531526e-35
-9.506310734625206692e-36
-7.612058568964022340e-36
-6.095260009362845293e-36
-4.880702669999923174e-36
-3.908161180384844464e-36
-3.129410833761627455e-36
-2.505836303686028037e-36
-2.006516853948191439e-36
-1.606693094539291811e-36
-1.286539255805754001e-36
-1.030180102444430474e-36
-8.249037397679192062e-37
-6.605312782381313851e-37
-5.289121002817175607e-37
-4.235197015508541115e-37
-3.391280659039352259e-37
-2.715525267481155323e-37
-2.174422650237847931e-37
-1.741141545794926029e-37
-1.394197159490396829e-37
-1.116385812644324096e-37
-8.939318762699933131e-38
-7.158046889889793578e-38
-5.731715876567052380e-38
-4.589599285259373162e-38
-3.675063812107405932e-38
-2.942761052460452049e-38
-2.356378842551900030e-38
-1.886840674673137438e-38
-1.510863901555556489e-38
-1.209805236692361744e-38
-9.687363032641897466e-39
-7.757033915869918133e-39
-6.211347192131324357e-39
-4.973658019241813217e-39
-3.982594005324076978e-39
-3.189011980695229336e-39
-2.553561171292503946e-39
-2.044731940489949416e-39
-1.637293343688980286e-39
-1.311042019838482416e-39
-1.049800382080266149e-39
-8.406144315280317746e-40
-6.731114167561409013e-40
-5.389854877269697283e-40
-4.315858396523401171e-40
-3.455869243788875122e-40
-2.767243763091559769e-40
-2.215835584095688155e-40
-1.774302430899418421e-40
-1.420750320507370369e-40
-1.137647921836303453e-40
-9.109572423648997363e-41
-7.294375364195328111e-41
-5.840879185026075983e-41
-4.677010429368659266e-41
-3.745057184627461965e-41
-2.998807363793550190e-41
-2.401257220331831889e-41
-1.922776470343732755e-41
-1.539639037252599571e-41
-1.232846564118973475e-41
-9.871863559475445758e-42
-7.904770388563395388e-42
-6.329645311591989980e-42
-5.068383748188688151e-42
-4.058444439510399875e-42
-3.249748260375697871e-42
-2.602194982146634470e-42
-2.083674851887262429e-42
-1.668476389423260523e-42
-1.336011450894805048e-42
-1.069794339456615977e-42
-8.566243410315996488e-43
-6.859311501129607897e-43
-5.492507277211958090e-43
-4.398056012656343595e-43
-3.521687949457070734e-43
-2.819947262531696189e-43
-2.258037247361978662e-43
-1.808094881142062929e-43
-1.447809199352861258e-43
-1.159314978208882367e-43
-9.283068648135305142e-44
-7.433300280406367871e-44
-5.952121561633337991e-44
-4.766086361107384909e-44
-3.816383614870377514e-44
-3.055921104305546550e-44
-2.446990328580306921e-44
-1.959396680669928874e-44
-1.568962209363465693e-44
-1.256326724800310718e-44
-1.005987798831588396e-44
-8.055320574023971708e-45
-6.450196476106246096e-45
-5.164913574580502999e-45
-4.135739481999333816e-45
-3.311641291956677397e-45
-2.651755047513435888e-45
-2.123359449917462438e-45
-1.700253331385760272e-45
-1.361456436874495500e-45
-1.090169091447247830e-45
-8.729391670256400032e-46
-6.989950415084781617e-46
-5.597114741892217103e-46
-4.481819122250190145e-46
-3.588760204293482086e-46
-2.873654525677179078e-46
-2.301042661770861856e-46
-1.842530924987193709e-46
-1.475383427668140143e-46
-1.181394694177477386e-46
-9.459869192353773626e-47
-7.574871089018034265e-47
-6.065482603249963251e-47
-4.856858787163425164e-47
-3.889068491566949639e-47
-3.114122603702887590e-47
-2.493594446053598135e-47
-1.996714340660722272e-47
-1.598843855507403310e-47
-1.280254076528504597e-47
-1.025147324313084649e-47
-8.208738060775806005e-48
-6.573043596009932339e-48
-5.263281858327991288e-48
-4.214506646056680596e-48
-3.374713106339080020e-48
-2.702259008359251891e-48
-2.163799860362122601e-48
-1.732635480618131776e-48
-1.387386034951669370e-48
-1.110931890470256513e-48
-8.895647167926074228e-49
-7.123077410509439262e-49
-5.703714506466674396e-49
-4.567177540887084416e-49
-3.657109882749874517e-49
-2.928384669694509102e-49
-2.344867135152594344e-49
-1.877622819987052506e-49
-1.503482820533777347e-49
-1.203894929044246822e-49
-9.640036988676126998e-50
-7.719138182334438941e-50
-6.181002660878498504e-50
-4.949360018093698012e-50
-3.963137686988608647e-50
-3.173432578881009178e-50
-2.541086161544752024e-50
-2.034742733583200867e-50
-1.629294612093248953e-50
-1.304637136273906448e-50
-1.044671752248783143e-50
-8.365077457962483678e-51
-6.698230398886770763e-51
-5.363523613742973429e-51
-4.294773968951556166e-51
-3.438986154012959340e-51
-2.753724841631220704e-51
-2.205010478035268499e-51
-1.765634363586324123e-51
-1.413809474798775351e-51
-1.132090127069556720e-51
-9.065069082174302650e-52
-7.258739874121657695e-52
-5.812344515252901395e-52
-4.654161652001331759e-52
-3.726761313978577146e-52
-2.984157175846017677e-52
-2.389526266882515723e-52
-1.913383057144989061e-52
-1.532117379963313343e-52
-1.226823691795520069e-52
-9.823636168051489991e-53
-7.866152912405236337e-53
-6.298722854025814556e-53
-5.043622979825415901e-53
-4.038617566156910398e-53
-3.233872141298710109e-53
-2.589482379788530032e-53
-2.073495395690719119e-53
-1.660325318105335384e-53
-1.329484583216681089e-53
-1.064568032382868547e-53
-8.524394414785092200e-54
-6.825801445133611776e-54
-5.465674522002049197e-54
-4.376570021936521952e-54
-3.504483313048985588e-54
-2.806170866656158466e-54
-2.247005971907046154e-54
-1.799261726283394889e-54
-1.440736161871789857e-54
-1.153651332545539632e-54
-9.237717718940375977e-55
-7.396986095142849612e-55
-5.923043435236473170e-55
-4.742802417694672571e-55
-3.797739290492421096e-55
-3.040991896424002820e-55
-2.435035953433599464e-55
-1.949824365361489187e-55
-1.561297298463462670e-55
-1.250189143952671458e-55
-1.001073208283443451e-55
-8.015967609304875312e-56
-6.418685085340000267e-56
-5.139681225376042550e-56
-4.115534996227863699e-56
-3.295462804492714031e-56
-2.638800327478419930e-56
-2.112986121041139254e-56
-1.691947018961731571e-56
-1.354805261836243691e-56
-1.084843246820773061e-56
-8.686745640311228046e-57
-6.955802143821672961e-57
-5.569770943846897423e-57
-4.459923920417435241e-57
-3.571227897241582743e-57
-2.859615751661341816e-57
-2.289801290325284519e-57
-1.833529538410612453e-57
-1.468175680758158453e-57
-1.175623181635930538e-57
-9.413654532719439620e-58
-7.537865282485754684e-58
-6.035850669834376182e-58
-4.833131389756824484e-58
-3.870069076989668148e-58
-3.098909061817335650e-58
-2.481412394034959880e-58
-1.986959715965120280e-58
-1.591032962662264128e-58
-1.273999602477208193e-58
-1.020139133004639152e-58
-8.168635599759337846e-59
-6.540932055525032938e-59
-5.237568946796529814e-59
-4.193917356055548019e-59
-3.358226491735624461e-59
-2.689057559398790523e-59
-2.153228966406845727e-59
-1.724170970445849518e-59
-1.380608185059353543e-59
-1.105504612550107613e-59
-8.852188923659196471e-60
-7.088278768859955627e-60
-5.675849932527233913e-60
-4.544865334317369006e-60
-3.639243664407897808e-60
-2.914078520419492254e-60
-2.333411666336343833e-60
-1.868449997637933928e-60
-1.496137798588505902e-60
-1.198013495247422881e-60
-9.592942148437304956e-61
-7.681427582270824311e-61
-6.150806372921036020e-61
-4.925180720896911442e-61
-3.943776419347012079e-61
-3.157929287712455002e-61
-2.528672096437780983e-61
-2.024802327329776175e-61
-1.621334957005943614e-61
-1.298263542731202607e-61
-1.039568177508150969e-61
-8.324211226128307107e-62
-6.665507278540878316e-62
-5.337320987342022040e-62
-4.273792545937596937e-62
-3.422185543839263032e-62
-2.740271964673278180e-62
-2.194238256278206322e-62
-1.757008642712955058e-62
-1.406902537468348701e-62
-1.126559484009465572e-62
-9.020783154570331329e-63
-7.223278475466497834e-63
-5.783949246989887584e-63
-4.631424498637280791e-63
-3.708554824844072495e-63
-2.969578559020221920e-63
-2.377852623107342093e-63
-1.904035533945880684e-63
-1.524632468513132766e-63
-1.220830243239840354e-63
-9.775644383741864628e-64
-7.827724095675691131e-64
-6.267951463120632906e-64
-5.018983176187791191e-64
-4.018887553783738971e-64
-3.218073582431545735e-64
-2.576831882791408307e-64
-2.063365669579608234e-64
-1.652214067526865366e-64
-1.322989601494107352e-64
-1.059367257586327556e-64
-8.482749865747718499e-65
-6.792455097091686526e-65
-5.438972853874198256e-65
-4.355188997546340933e-65
-3.487362727107092353e-65
-2.792461773132592634e-65
-2.236028587962642697e-65
-1.790471724372983735e-65
-1.433697678570392900e-65
-1.148015355706305816e-65
-9.192588344368770386e-66
-7.360849316953122934e-66
-5.894107365319134191e-66
-4.719632224218443571e-66
-3.779186049943131190e-66
-3.026135622770873859e-66
-2.423139979451640705e-66
-1.940298814049982290e-66
-1.553669833244935436e-66
-1.244081547262732122e-66
-9.961826271718779162e-67
-7.976806897124699514e-67
-6.387327638372473937e-67
-5.114572144729091210e-67
-4.095429216200995392e-67
-3.279363354410476593e-67
-2.625908895631180460e-67
-2.102663469383841891e-67
-1.683681285682452173e-67
-1.348186580036990419e-67
-1.079543420746136942e-67
-8.644307950641832174e-68
-6.921820698410011419e-68
-5.542560729500604427e-68
-4.438135684049101125e-68
-3.553781241437866326e-68
-2.845645561803409096e-68
-2.278614836780188886e-68
-1.824572126651063000e-68
-1.461003146129001955e-68
-1.169879864884615296e-68
-9.367665647323672457e-69
-7.501040261830909655e-69
-6.006363498433029496e-69
-4.809519908709547370e-69
-3.851162480976742109e-69
-3.083769843227948028e-69
-2.469289855459503850e-69
-1.977252745909507298e-69
-1.583260228669696091e-69
-1.267775683646435912e-69
-1.015155408404121608e-69
-8.128729052824859638e-70
-6.508977390773342131e-70
-5.211981651532034067e-70
-4.173428651697790623e-70
-3.341820419819063655e-70
-2.675920603980333388e-70
-2.142709714842775174e-70
-1.715747812267807300e-70
-1.373863447255510400e-70
-1.100103848717734753e-70
-8.808942987610184440e-71
-7.053650130341162660e-71
-5.648121486453151088e-71
-4.522662130421089498e-71
-3.621464728583661289e-71
-2.899842261520885336e-71
-2.322012161358622772e-71
-1.859321987627535839e-71
-1.488828659559023506e-71
-1.192160794243397530e-71
-9.546077382416911652e-72
-7.643901211239351563e-72
-6.120757604040402797e-72
-4.901119547742724367e-72
-3.924509738044285412e-72
-3.142501735363283963e-72
-2.516318678236342688e-72
-2.014910483322068675e-72
-1.613414187525153495e-72
-1.291921086348015260e-72
-1.034489535455764442e-72
-8.283544639654588866e-73
-6.632944021702607551e-73
-5.311246369630680567e-73
-4.252913624269369412e-73
-3.405467010326943046e-73
-2.726884809568123176e-73
-2.183518660466859830e-73
-1.748425061402609997e-73
-1.400029342862177621e-73
-1.121055860010778569e-73
-8.976713578697192242e-74
-7.187990317733990796e-74
-5.755692699213441518e-74
-4.608798423955374784e-74
-3.690437280565186875e-74
-2.955071163667116016e-74
-2.366236009029141554e-74
-1.894733676558215655e-74
-1.517184123386231359e-74
-1.214866074706931833e-74
-9.727887055525594277e-75
-7.789483016709548929e-75
-6.237330400864547993e-75
-4.994463746322441665e-75
-3.999253929192358164e-75
-3.202352204866309020e-75
-2.564243187749545829e-75
-2.053285430605675563e-75
-1.644142443150144801e-75
-1.316526349953334233e-75
-1.054191890333171013e-75
-8.441308764413386663e-76
-6.759271657235413341e-76
-5.412401632423840884e-76
-4.333912426689730734e-76
-3.470325781016394313e-76
-2.778819653166293534e-76
-2.225104832250612528e-76
-1.781724664593983840e-76
-1.426693580639798417e-76
-1.142406912519586728e-76
-9.147679442051631998e-77
-7.324889079143852597e-77
-5.865312657887301176e-77
-4.696575224971728572e-77
-3.760723448247261875e-77
-3.011351927037921684e-77
-2.411302121324855542e-77
-1.930819798277442762e-77
-1.546079630773024752e-77
-1.238003788247796723e-77
-9.913159382027044841e-78
-7.937837498264675678e-78
-6.356123383136068986e-78
-5.089585730431139731e-78
-4.075421659707966233e-78
-3.263342555585443629e-78
-2.613080442787370684e-78
-2.092391247370249007e-78
-1.675455933305150592e-78
-1.341600232736314557e-78
-1.074269486113854971e-78
-8.602077583435767186e-79
-6.888005263849205613e-79
-5.515483446252037314e-79
-4.416453890582474797e-79
-3.536419818446821600e-79
-2.831743621046619634e-79
-2.267483032843158064e-79
-1.815658474876746414e-79
-1.453865651756689199e-79
-1.164164606177596559e-79
-9.321901433183113952e-80
-7.464395143853681702e-80
-5.977020381834192579e-80
-4.786023777730710078e-80
-3.832348250078154925e-80
-3.068704584840423532e-80
-2.457226539584006841e-80
-1.967593197684740248e-80
-1.575525467110846912e-80
-1.261582170763622570e-80
-1.010196030983434452e-80
-8.089017462865374678e-81
-6.477178835363487450e-81
-5.186519358856641201e-81
-4.153040041588707280e-81
-3.325494497111232976e-81
-2.662847827030968186e-81
-2.132241853379429796e-81
-1.707365804065555162e-81
-1.367151659776450728e-81
-1.094729469442791863e-81
-8.765908322581105528e-82
-7.019190664430384310e-82
-5.620528503214014655e-82
-4.500567396683455107e-82
-3.603772648872347642e-82
-2.885675551560651111e-82
-2.310668346817188650e-82
-1.850238571032510865e-82
-1.481555228145069349e-82
-1.186336685662694383e-82
-9.499441566624737429e-83
-7.606558169219233529e-83
-6.090855633556200670e-83
-4.877175921554971169e-83
-3.905337180994292641e-83
-3.127149551823798602e-83
-2.504025610659904067e-83
-2.005066964316973411e-83
-1.605532113681451185e-83
-1.285609615008810641e-83
-1.029435704287055099e-83
-8.243076723206465210e-84
-6.600539847384295845e-84
-5.285299135243372197e-84
-4.232136703193202141e-84
-3.388830152503901780e-84
-2.713563055242127683e-84
-2.172851433505566606e-84
-1.739883413789299557e-84
-1.393189726135704702e-84
-1.115579123076276208e-84
-8.932859297603018945e-85
-7.152874554583859372e-85
-5.727574194227162870e-85
-4.586282885298889293e-85
-3.672408246616014402e-85
-2.940634641845557693e-85
-2.354676146038594476e-85
-1.885477261889144743e-85
-1.509772165943798604e-85
-1.208931043153913800e-85
-9.680363038005663010e-86
-7.751428758344468938e-86
-6.206858932851544717e-86
-4.970064102162505122e-86
-3.979716221495636532e-86
-3.186707631546288218e-86
-2.551715992739603606e-86
-2.043254437007581803e-86
-1.636110251387685280e-86
-1.310094673581733025e-86
-1.049041806498973600e-86
-8.400070116871634189e-87
-6.726250329702837347e-87
-5.385960220374540160e-87
-4.312739799075921083e-87
-3.453372066168086089e-87
-2.765244179568867112e-87
-2.214234442778780187e-87
-1.773020337159614825e-87
-1.419723700095864383e-87
-1.136825868474228825e-87
-9.102989934906930596e-88
-7.289104519255173019e-88
-5.836658622337519264e-88
-4.673630866962643037e-88
-3.742351042603473038e-88
-2.996640454657295032e-88
-2.399522095137710058e-88
-1.921387090702055898e-88
-1.538526509006679480e-88
-1.231955721140663927e-88
-9.864730246546723471e-89
-7.899058478094656810e-89
-6.325071571237650836e-89
-5.064721383215738129e-89
-4.055511846893368739e-89
-3.247400023779722993e-89
-2.600314661273339610e-89
-2.082169208634559557e-89
-1.667270764555371800e-89
-1.335046061969181057e-89
-1.069021316435507178e-89
-8.560053525852940995e-90
-6.854355029120306818e-90
-5.488538444687523147e-90
-4.394878020008116061e-90
-3.519143211877440162e-90
-2.817909595971117683e-90
-2.256405611532250298e-90
-1.806788369305234923e-90
-1.446763026457759227e-90
-1.158477268441873099e-90
-9.276360792702973552e-91
-7.427929049668235382e-91
-5.947820616281620145e-91
-4.762642433296362992e-91
-3.813625933059200957e-91
-3.053712925333994404e-91
-2.445222157085415420e-91
-1.957980839619198528e-91
-1.567828492477583009e-91
-1.255418915285466009e-91
-1.005260881798314069e-91
-8.049499877450371869e-92
-6.445535626648734939e-92
-5.161181458090582533e-92
-4.132751036733812104e-92
-3.309248332055957962e-92
-2.649838915017249195e-92
-2.121825130958851488e-92
-1.699024744807596168e-92
-1.360472661648618747e-92
-1.089381345827825283e-92
-8.723083896441845239e-93
-6.984899544662427006e-93
-5.593070321027752325e-93
-4.478580603190811345e-93
-3.586167000952579626e-93
-2.871578050768790143e-93
-2.299379950645496276e-93
-1.841199529998841266e-93
-1.474317329902910511e-93
-1.180541029821692253e-93
-9.453033582561766389e-94
-7.569397560585830865e-94
-6.061099744308281876e-94
-4.853349268077112544e-94
-3.886258288368343689e-94
-3.111872368891967789e-94
-2.491792598875114026e-94
-1.995271534230569292e-94
-1.597688546433611360e-94
-1.279328977341208307e-94
-1.024406562792408542e-94
-8.202806506213220435e-95
-6.568293978414228565e-95
-5.259478661869634199e-95
-4.211461284401833690e-95
-3.372274571356587716e-95
-2.700306382190448975e-95
-2.162236319554848147e-95
-1.731383495012784759e-95
-1.386383523249554632e-95
-1.110129141853495674e-95
-8.889219259500272770e-96
-7.117930343810477873e-96
-5.699593057645508470e-96
-4.563877342661704113e-96
-3.654467290593773255e-96
-2.926268647314463325e-96
-2.343172756887516246e-96
-1.876266067935514947e-96
-1.502396418419606117e-96
-1.203025006236821936e-96
-9.633071191380709414e-97
-7.713560407898861365e-97
-6.176536328262810051e-97
-4.945783658514449008e-97
-3.960273962107224468e-97
-3.171139487256866341e-97
-2.539249997312985557e-97
-2.033272448204898740e-97
-1.628117299597880351e-97
-1.303694418123962446e-97
-1.043916882565714320e-97
-8.359032934066752322e-98
-6.693390322520634362e-98
-5.359647983563635270e-98
-4.291670606907147027e-98
-3.436501175949209013e-98
-2.751735026750108928e-98
-2.203417158835081468e-98
-1.764358533307974135e-98
-1.412787869775126954e-98
-1.131272089716097497e-98
-9.058518751115324622e-99
-7.253494779041245931e-99
-5.808144571440242502e-99
-4.650798599900387992e-99
-3.724068392373339965e-99
-2.982000852793581918e-99
-2.387799618361692384e-99
-1.912000465092674937e-99
-1.531010286794027899e-99
-1.225937200886359692e-99
-9.816537703768386564e-100
-7.860468906550598026e-100
-6.294171457939607299e-100
-5.039978506743628381e-100
-4.035699300246400086e-100
-3.231535376632553496e-100
-2.587611244918523111e-100
-2.071997108014373863e-100
-1.659125583122556125e-100
-1.328523910542381991e-100
-1.063798785840612315e-100
-8.518234770000601455e-101
-6.820869187165891965e-101
-5.461725078566461758e-101
-4.373407554857004638e-101
-3.501951007372922985e-101
-2.804143154785676470e-101
-2.245382307170013404e-101
-1.797961597198655786e-101
-1.439695099885039308e-101
-1.152817715273993827e-101
-9.231042633649802357e-102
-7.391641104683028250e-102
-5.918763501457144867e-102
-4.739375314635556964e-102
-3.794995080889282134e-102
-3.038794505153326333e-102
-2.433276420054325907e-102
-1.948415441173052484e-102
-1.560169120167906823e-102
-1.249285769394243176e-102
-1.000349842485666202e-102
-8.010175348802282099e-103
-6.414047005708135787e-103
-5.135967341537028556e-103
-4.112561150527877175e-103
-3.293081535010231650e-103
-2.636893555937447050e-103
-2.111459297749404889e-103
-1.690724434444395007e-103
-1.353826292684985549e-103
-1.084059349605089648e-103
-8.680468682104581015e-104
-6.950775948609066200e-104
-5.565746281345800896e-104
-4.456701222618690344e-104
-3.568647362575932201e-104
-2.857549421034950054e-104
-2.288146702105940344e-104
-1.832204647736958041e-104
-1.467114791241029511e-104
-1.174773687719169398e-104
-9.406852317192432348e-105
-7.532418494090578531e-105
-6.031489222640585125e-105
-4.829639015858045820e-105
-3.867272602583835921e-105
-3.096669820164286902e-105
-2.479619349489194469e-105
-1.985523958132286109e-105
-1.589883297663937961e-105
-1.273079022712224133e-105
-1.019401990354448072e-105
-8.162733022846405140e-106
-6.536205641417440542e-106
-5.233784330238757856e-106
-4.190886872022042529e-106
-3.355799869821053842e-106
-2.687114472469132467e-106
-2.151673064025088320e-106
-1.722925101213489344e-106
-1.379610570965859337e-106
-1.104705785631769988e-106
-8.845792417739750797e-107
-7.083156847322075497e-107
-5.671748618377048221e-107
-4.541581258676203606e-107
-3.636613982208111758e-107
-2.911972835524256165e-107
-2.331725565681971634e-107
-1.867099873778895134e-107
-1.495056703916003273e-107
-1.197147822307090057e-107
-9.586010381416857168e-108
-7.675877057149245659e-108
-6.146361859850360131e-108
-4.921621833043608105e-108
-3.940926684729973891e-108
-3.155647398616205844e-108
-2.526844902489106045e-108
-2.023339224792689206e-108
-1.620163396080241040e-108
-1.297325430078160033e-108
-1.038816995618710343e-108
-8.318196231775620558e-109
-6.660690847584535973e-109
-5.333464290926561443e-109
-4.270704344866042416e-109
-3.419712705733541726e-109
-2.738291870710669442e-109
-2.192652720981117361e-109
-1.755739045296881624e-109
-1.405885923330652268e-109
-1.125745443045078083e-109
-9.014264824093671014e-110
-7.218059004449057789e-110
-5.779769821322782786e-110
-4.628077876182920035e-110
-3.705875059071424199e-110
-2.967432770335090511e-110
-2.376134409848334415e-110
-1.902659696323205595e-110
-1.523530783868316649e-110
-1.219948083138551516e-110
-9.768580597856957703e-111
-7.822067858111451916e-111
-6.263422302143162945e-111
-5.015356507589299776e-111
-4.015983544589057027e-111
-3.215748233650858350e-111
-2.574969889047884986e-111
-2.061874701545171960e-111
-1.651020193655185945e-111
-1.322033622030650933e-111
-1.058601769073517792e-111
-8.476620312910617931e-112
-6.787546934871866360e-112
-5.435042704805204452e-112
-4.352041980187634950e-112
-3.484842792600545692e-112
-2.790443967320300225e-112
-2.234412855376917625e-112
-1.789177946858431063e-112
-1.432661702523437838e-112
-1.147185810936982913e-112
-9.185945869126863129e-113
-7.355530438578978684e-113
-5.889848340463224178e-113
-4.716221863716632349e-113
-3.776455246731900439e-113
-3.023948966499636300e-113
-2.421389041987869552e-113
-1.938896772932572061e-113
-1.552547166481798041e-113
-1.243182585994476366e-113
-9.954627952606121363e-114
-7.971042933772837482e-114
-6.382712217327958258e-114
-5.110876404468538251e-114
-4.092469898742905517e-114
-3.276993718234585524e-114
-2.624011439313839677e-114
-2.101144105140146409e-114
-1.682464673903870811e-114
-1.347212393481051163e-114
-1.078763353133347068e-114
-8.638061657498674919e-115
-6.916819057860702746e-115
-5.538555728836827207e-115
-4.434928730218782313e-115
-3.551213313556502256e-115
-2.843589325900808023e-115
-2.276968331783755520e-115
-1.823253708516329671e-115
-1.459947439415795512e-115
-1.169034521032907295e-115
-9.360896662919788169e-116
-7.495620082838959355e-116
-6.002023358383499138e-116
-4.806044596237991100e-116
-3.848379668293944054e-116
-3.081541541027520376e-116
-2.467505570542619557e-116
-1.975824002239041532e-116
-1.582116180173663333e-116
-1.266859601224912103e-116
-1.014421866945052790e-116
-8.122855311995962129e-117
-6.504274066796603346e-117
-5.208215524105825737e-117
-4.170412972603474227e-117
-3.339405652773050577e-117
-2.673987009687183512e-117
-2.141161413570305146e-117
-1.714508029527956780e-117
-1.372870706844221612e-117
-1.099308924338997617e-117
-8.802577730784732059e-118
-7.048553231121850982e-118
-5.644040208609350792e-118
-4.519394098599862441e-118
-3.618847893270379726e-118
-2.897746863608432151e-118
-2.320334297876127460e-118
-1.857978459580113793e-118
-1.487752846399542696e-118
-1.191299350408051213e-118
-9.539179479422172360e-119
-7.638377802309770839e-119
-6.116334803918883781e-119
-4.897578046259659911e-119
-3.921673925344532641e-119
-3.140230994066925471e-119
-2.514500410748000752e-119
-2.013454528535588271e-119
-1.612248350070662826e-119
-1.290987556692483246e-119
-1.033742023343848057e-119
-8.277559030583140083e-120
-6.628151120639672821e-120
-5.307408514481410559e-120
-4.249840510104372014e-120
-3.403006252871596317e-120
-2.724914389034043170e-120
-2.181940871045746929e-120
-1.747161666399197964e-120
-1.399017695228287471e-120
-1.120245795911750464e-120
-8.970227092468420218e-121
-7.182796345597515119e-121
-5.751533691454057709e-121
-4.605468150883414724e-121
-3.687770606354436920e-121
-2.952935857885175347e-121
-2.364526189822876912e-121
-1.893364560367534137e-121
-1.516087820843413504e-121
-1.213988224255950318e-121
-9.720857778623462756e-122
-7.783854411778554675e-122
-6.232823366370058383e-122
-4.990854795226325581e-122
-3.996364107064401042e-122
-3.200038216200676873e-122
-2.562390290475048710e-122
-2.051801746454223053e-122
-1.642954401755915309e-122
-1.315575040772836002e-122
-1.053430141490607912e-122
-8.435209156514697060e-123
-6.754387473047614854e-123
-5.408490683461935134e-123
-4.330780783575034580e-123
-3.467818157241870206e-123
-2.776811705017588391e-123
-2.223496993064763449e-123
-1.780437207620100412e-123
-1.425662665686163938e-123
-1.141581420356985442e-123
-9.141069417547276717e-124
-7.319596185289018794e-124
-5.861074439808067491e-124
-4.693181525233967725e-124
-3.758005985932967766e-124
-3.009175953321763916e-124
-2.409559737782701273e-124
-1.929424606605012568e-124
-1.544962448616672391e-124
-1.237109218709298887e-124
-9.905996229137193188e-125
-7.932101693822957832e-125
-6.351530509983770363e-125
-5.085908045111240741e-125
-4.072476799516049342e-125
-3.260984495883600750e-125
-2.611192256185794271e-125
-2.090879305734680113e-125
-1.674245265086476078e-125
-1.340630805411099198e-125
-1.073493229395145257e-125
-8.595861805546405705e-126
-6.883028058004970056e-126
-5.511498011370384958e-126
-4.413262603806097725e-126
-3.533864435761542346e-126
-2.829697430551750768e-126
-2.265844571580359382e-126
-1.814346497660393039e-126
-1.452815102527780358e-126
-1.163323392116403768e-126
-9.315165517556548333e-127
-7.459001444268386539e-127
-5.972701444836490121e-127
-4.782565443335808322e-127
-3.829579032376362861e-127
-3.066487168649692339e-127
-2.455450971502255327e-127
-1.966171433910256680e-127
-1.574387007678505412e-127
-1.260670563714443169e-127
-1.009466073122365196e-127
-8.083172417246722165e-128
-6.472498488714877167e-128
-5.182771630236482316e-128
-4.150039095106445997e-128
-3.323091527018734963e-128
-2.660923678999815148e-128
-2.130701116082136660e-128
-1.706132078083543634e-128
-1.366163769237664854e-128
-1.093938428538460458e-128
-8.759574162187754236e-129
-7.014118665287352818e-129
-5.616467163792468169e-129
-4.497315330302682865e-129
-3.601168597684494704e-129
-2.883590390375427207e-129
-2.308998680265069829e-129
-1.848901606573777525e-129
-1.480484670696675216e-129
-1.185479450271794217e-129
-9.492577362218756952e-130
-7.601061744009883031e-130
-6.086454440308739050e-130
-4.873651721504263666e-130
-3.902515222198329525e-130
-3.124889903866381332e-130
-2.502216226022904411e-130
-2.003618122361978350e-130
-1.604371971737171839e-130
-1.284680645961333400e-130
-1.028691844024559007e-130
-8.237120355859221576e-131
-6.595770361263846124e-131
-5.281480029314035067e-131
-4.229078602229880596e-131
-3.386381416680578671e-131
-2.711602260878684400e-131
-2.171281352119328913e-131
-1.738626190897715893e-131
-1.392183020742570812e-131
-1.114773016414275887e-131
-8.926404500052977289e-132
-7.147705956757284504e-132
-5.723435504626790189e-132
-4.582968881736678226e-132
-3.669754600010561426e-132
-2.938509767754447686e-132
-2.352974679877354461e-132
-1.884114834293988727e-132
-1.508681219209591156e-132
-1.208057481299243798e-132
-9.673368101497708214e-133
-7.745827651051520771e-133
-6.202373916744154377e-133
-4.966472782012916124e-133
-3.976840517126011678e-133
-3.184404947497798143e-133
-2.549872147494805396e-133
-2.041778001154881753e-133
-1.634928013977421202e-133
-1.309148011868206712e-133
-1.048283779057043739e-133
-8.394000307619489686e-134
-6.721390006406457862e-134
-5.382068377720860974e-134
-4.309623455096853334e-134
-3.450876692983593237e-134
-2.763246040925808377e-134
-2.212634458431069366e-134
-1.771739169848321602e-134
-1.418697821510317507e-134
-1.136004409119897644e-134
-9.096412202607560106e-135
-7.283837482976692692e-135
-5.832441109386820367e-135
-4.670253746595599024e-135
-3.739646856011429214e-135
-2.994475111308579457e-135
-2.397788223728236102e-135
-1.919998715012642169e-135
-1.537414784662822013e-135
-1.231065521876874085e-135
-9.857602088081068118e-136
-7.893350694997289075e-136
-6.320501135823670521e-136
-5.061061664632149027e-136
-4.052581373339338891e-136
-3.245053483996753188e-136
-2.598435699101683154e-136
-2.080664653344989355e-136
-1.666066010860351546e-136
-1.334081370624275974e-136
-1.068248851993371724e-136
-8.553868114140286438e-137
-6.849402138609544562e-137
-5.484572480003003263e-137
-4.391702323746574049e-137
-3.516600313100520307e-137
-2.815873401808526840e-137
-2.254775154706790928e-137
-1.805482801541248507e-137
-1.445717609517092984e-137
-1.157640163995805860e-137
-9.269657784301834136e-138
-7.422561700129378015e-138
-5.943522778751326537e-138
-4.759200994034197799e-138
-3.810870243922010822e-138
-3.051506341971207915e-138
-2.443455263254178897e-138
-1.956566021641544246e-138
-1.566695594804511260e-138
-1.254511761744960245e-138
-1.004534490028242610e-138
-8.043683386855701382e-139
-6.440878145075868870e-139
-5.157452038391645778e-139
-4.129764750889933167e-139
-3.306857101284962857e-139
-2.647924167099908518e-139
-2.120291920684219624e-139
-1.697797045994161886e-139
-1.359489597289185186e-139
-1.088594169425752541e-139
-8.716780680563511286e-140
-6.979852323949789290e-140
-5.589028822622683294e-140
-4.475344424254045288e-140
-3.583575671435379175e-140
-2.869503076301003724e-140
-2.297718440979042236e-140
-1.839869097063604002e-140
-1.473252002489593637e-140
-1.179687982315496549e-140
-9.446202912114740776e-141
-7.563927987272329527e-141
-6.056720052378164562e-141
-4.849842284935414612e-141
-3.883450115795277743e-141
-3.109623760078868359e-141
-2.489992053693936967e-141
-1.993829770358359617e-141
-1.596534072174958634e-141
-1.278404546621563926e-141
-1.023666336538842316e-141
-8.196879237734706654e-142
-6.563547792846352720e-142
-5.255678213564102684e-142
-4.208418123295741787e-142
-3.369837798435838595e-142
-2.698355166970390516e-142
-2.160673908547006613e-142
-1.730132414080027728e-142
-1.385381735952698959e-142
-1.109326973295136585e-142
-8.882795995819051649e-143
-7.112786996331924795e-143
-5.695474586943232925e-143
-4.560579529127576319e-143
-3.651826607949151624e-143
-2.924154153951681558e-143
-2.341479602963650755e-143
-1.874910296259887060e-143
-1.501310801329115828e-143
-1.202155712027220584e-143
-9.626110427502766050e-144
-7.707986663908921142e-144
-6.172073222975781747e-144
-4.942209883177969644e-144
-3.957412306525683855e-144
-3.168848052598370690e-144
-2.537415159875732756e-144
-2.031803225240618638e-144
-1.626940837817156881e-144
-1.302752381172997675e-144
-1.043162558344147252e-144
-8.352992777885404340e-145
-6.688553743546769770e-145
-5.355775153877101364e-145
-4.288569487321890695e-145
-3.434017993506571344e-145
-2.749746649690022926e-145
-2.201824990951968934e-145
-1.763083624932192544e-145
-1.411767002953346847e-145
-1.130454643468501439e-145
-9.051973153262083805e-146
-7.248253474015703918e-146
-5.803947662466029600e-146
-4.647437977908361874e-146
-3.721377416647260000e-146
-2.979846087879368774e-146
-2.386074217500321171e-146
-1.910618872087950201e-146
-1.529903993599536547e-146
-1.225051350546937939e-146
-9.809444368766771329e-147
-7.854789007903163441e-147
-6.289623350648187447e-147
-5.036336667122910900e-147
-4.032783143046666763e-147
-3.229200300489849768e-147
-2.585741462112401634e-147
-2.070499902986181656e-147
-1.657926715056647784e-147
-1.327563932040846596e-147
-1.063030095148406621e-147
-8.512079576115855258e-148
-6.815940493200169503e-148
-5.457778488960577779e-148
-4.370247372945486124e-148
-3.499420531516349150e-148
-2.802116908120139978e-148
-2.243759815677382670e-148
-1.796662407574592196e-148
-1.438654790159529300e-148
-1.151984700366225322e-148
-9.224372371711426925e-149
-7.386299976461717373e-149
-5.914486660316399076e-149
-4.735950687967829354e-149
-3.792252854225406002e-149
-3.036598701696284942e-149
-2.431518158096818847e-149
-1.947007535059494976e-149
-1.559041757083075003e-149
-1.248383047605550791e-149
-9.996269993850321732e-150
-8.004387273730874177e-150
-6.409412277507568448e-150
-5.132256141314482096e-150
-4.109589453699970695e-150
-3.290701986209997843e-150
-2.634988162210958927e-150
-2.109933577725442632e-150
-1.689502733354829428e-150
-1.352848030927386105e-150
-1.083276018825905958e-150
-8.674196259567096346e-151
-6.945753385276402607e-151
-5.561724527026819266e-151
-4.453480853510140163e-151
-3.566068692579416584e-151
-2.855484583519123807e-151
-2.286493309476071708e-151
-1.830880714416515500e-151
-1.466054668312341698e-151
-1.173924807638479377e-151
-9.400055016880435715e-152
-7.526975641491903061e-152
-6.027130926986264532e-152
-4.826149165514524818e-152
-3.864478148883416492e-152
-3.094432196565640630e-152
-2.477827600580109370e-152
-1.984089237764090214e-152
-1.588734463402396860e-152
-1.272159108149255883e-152
-1.018665380356391239e-152
-8.156834711078339815e-153
-6.531482642570501894e-153
-5.230002448408378937e-153
-4.187858577787045556e-153
-3.353375001360055345e-153
-2.685172789595181596e-153
-2.150118285923312340e-153
-1.721680132234161475e-153
-1.378613677738640319e-153
-1.103907535938021255e-153
-8.839400533872984299e-154
-7.078038626835257164e-154
-5.667650267796878291e-154
-4.538299556076395303e-154
-3.633986200191092592e-154
-2.909868672176516829e-154
-2.330040683387589878e-154
-1.865750725506271926e-154
-1.493976390432032920e-154
-1.196282774893565648e-154
-9.579083623224347632e-155
-7.670330542783543828e-155
-6.141920558341926447e-155
-4.918065516808034349e-155
-3.938079009303549638e-155
-3.153367158390900815e-155
-2.525019028853069193e-155
-2.021877179479314412e-155
-1.618992681713016988e-155
-1.296387995296265128e-155
-1.038066356526051796e-155
-8.312185583799790016e-156
-6.655877896934333523e-156
-5.329610381322549717e-156
-4.267618375298650702e-156
-3.417241654476667910e-156
-2.736313207544766221e-156
-2.191068331376343008e-156
-1.754470365279645842e-156
-1.404870043788518357e-156
-1.124931990298833239e-156
-9.007751203699180934e-157
-7.212843304970786866e-157
-5.775593415668158029e-157
-4.624733671965508239e-157
-3.703197229671551295e-157
-2.965288532175897579e-157
-2.374417438153641712e-157
-1.901284852867515933e-157
-1.522429895290190363e-157
-1.219066560477567507e-157
-9.761521916195269995e-158
-7.816415707689654733e-158
-6.258896413893519416e-158
-5.011732459586388856e-158
-4.013081633803045843e-158
-3.213424565144754156e-158
-2.573109240763067584e-158
-2.060384810869845329e-158
-1.649827182465148227e-158
-1.321078333348689313e-158
-1.057836833695288020e-158
-8.470495189228989364e-159
-6.782642319242494439e-159
-5.431115395623835710e-159
-4.348897236833542348e-159
-3.482324678974151485e-159
-2.788427619554852055e-159
-2.232798290303835082e-159
-1.787885104214971033e-159
-1.431626475062733588e-159
-1.146356865588670322e-159
-9.179308193673186425e-160
-7.350215403574796811e-160
-5.885592393137897363e-160
-4.712813967508131461e-160
-3.773726416772495689e-160
-3.021763890284941115e-160
-2.419639369734538895e-160
-1.937495744916484876e-160
-1.551425310946782483e-160
-1.242284274306920159e-160
-9.947434834929086325e-161
-7.965283135405704657e-161
-6.378100131341773828e-161
-5.107183334713932361e-161
-4.089512719658811516e-161
-3.274625794334828187e-161
-2.622115354080043819e-161
-2.099625838774327217e-161
-1.681248941237169022e-161
-1.346238910862875477e-161
-1.077983849189945637e-161
-8.631819877866156547e-162
-6.911821031448181347e-162
-5.534553622147555063e-162
-4.431724093702218443e-162
-3.548647241234936857e-162
-2.841534575814340595e-162
-2.275323016535875009e-162
-1.821936243057762241e-162
-1.458892495546152624e-162
-1.168189788018439781e-162
-9.354132569718161075e-163
-7.490203820415601009e-163
-5.997686354477103259e-163
-4.802571794993543416e-163
-3.845598866444619060e-163
-3.079314848976665630e-163
-2.465722574932722560e-163
-1.974396290965072897e-163
-1.580972958355940993e-163
-1.265944180755631051e-163
-1.013688855535903707e-163
-8.116985815475258545e-164
-6.499574141396186647e-164
-5.204452118046792669e-164
-4.167399472609643191e-164
-3.336992630614300226e-164
-2.672054812590756889e-164
-2.139614231085267669e-164
-1.713269142643049544e-164
-1.371878683777493069e-164
-1.098514574364911696e-164
-8.796217073432167612e-165
-7.043460014872515192e-165
-5.639961879857363942e-165
-4.516128428226756000e-165
-3.616232948857241216e-165
-2.895652979810119395e-165
-2.318657646801456931e-165
-1.856635902352984459e-165
-1.486677810612223812e-165
-1.190438529043670776e-165
-9.532286560785281204e-166
-7.632858384541949623e-166
-6.111915199669864390e-166
-4.894039103831659250e-166
-3.918840161775440629e-166
-3.137961893586130454e-166
-2.512683457122051293e-166
-2.011999625807925454e-166
-1.611083355039017812e-166
-1.290054701596432447e-166
-1.032995051376938649e-166
-8.271577746654792946e-167
-6.623361682881156983e-167
-5.303573432528923133e-167
-4.246769616541764351e-167
-3.400547273535639811e-167
-2.722945392306743503e-167
-2.180364221719977133e-167
-1.745899184312770811e-167
-1.398006778601172931e-167
-1.119436317157189063e-167
-8.963745293312491499e-168
-7.177606126574761138e-168
-5.747377688953207098e-168
-4.602140284234368481e-168
-3.685105859056625870e-168
-2.950802095054497032e-168
-2.362817606115399233e-168
-1.891996433486942245e-168
-1.514992310478187844e-168
-1.213111008131299740e-168
-9.713833581008417731e-169
-7.778229874022709014e-169
-6.228319588614835389e-169
-4.987248451923293672e-169
-3.993476373093904501e-169
-3.197725899600826817e-169
-2.560538732086163288e-169
-2.050319134398558241e-169
-1.641767218829022347e-169
-1.314624418999094023e-169
-1.052668943080345466e-169
-8.429113956133318834e-170
-6.749506818123971971e-170
-5.404582560513843538e-170
-4.327651403355300422e-170
-3.465312345451980782e-170
-2.774805207792754648e-170
-2.221890315688116530e-170
-1.779150680950097797e-170
-1.424632495661642768e-170
-1.140756524686987458e-170
-9.134464169382561231e-171
-7.314307116027984302e-171
-5.856839284224140106e-171
-4.689790277750744560e-171
-3.755290487230603794e-171
-3.007001551943380210e-171
-2.407818613269938348e-171
-1.928030423084508426e-171
-1.543846073725274187e-171
-1.236215295578079146e-171
-9.898838252272189690e-172
-7.926370034017938748e-172
-6.346940955597096392e-172
-5.082233017251109860e-172
-4.069534067251912535e-172
-3.258628140092751311e-172
-2.609305433969481070e-172
-2.089368456613424059e-172
-1.673035471684922134e-172
-1.339662078584673108e-172
-1.072717533592017164e-172
-8.589650519117900935e-173
-6.878054448641436404e-173
-5.507515456325820393e-173
-4.410073623022488211e-173
-3.531310899570923840e-173
-2.827652718614220556e-173
-2.264207294253788567e-173
-1.813035468466060221e-173
-1.451765312415562173e-173
-1.162482785908338549e-173
-9.308434469237327649e-174
-7.453611642118770761e-174
-5.968385628660631789e-174
-4.779109607899685048e-174
-3.826811815684334287e-174
-3.064271354742409182e-174
-2.453676686428790099e-174
-1.964750697488496115e-174
-1.573249370885915819e-174
-1.259759615383682521e-174
-1.008736642721857751e-174
-8.077331595201153142e-175
-6.467821524039209204e-175
-5.179026609688555121e-175
-4.147040317079028034e-175
-3.320690293289136352e-175
-2.659000921339379971e-175
-2.129161492106681265e-175
-1.704899243579969313e-175
-1.365176592539123990e-175
-1.093147959232588729e-175
-8.753244578797063141e-176
-7.009050331121546036e-176
-5.612408759055424590e-176
-4.494065613833557598e-176
-3.598566428158790603e-176
-2.881506735907465880e-176
-2.307330220197818603e-176
-1.847565608192761693e-176
-1.479414886822675314e-176
-1.184622834310845198e-176
-9.485718117820084176e-177
-7.595569290464117641e-177
-6.082056427320861187e-177
-4.870130068006356335e-177
-3.899695302522442941e-177
-3.122631888708676944e-177
-2.500408148829919556e-177
-2.002170327326081052e-177
-1.603212668100171076e-177
-1.283752348177849704e-177
-1.027948521268278536e-177
-8.231168292525295666e-178
-6.591004321527840858e-178
-5.277663683033627940e-178
-4.226022711020676694e-178
-3.383934450290315891e-178
-2.709642883366166814e-178
-2.169712405258622036e-178
-1.737369876463159075e-178
-1.391177042784996821e-178
-1.113967492237136580e-178
-8.919954366677085683e-179
-7.142541093709405551e-179
-5.719299805603410445e-179
-4.579657272841712011e-179
-3.667102870904320748e-179
-2.936386429076678030e-179
-2.351274443179004402e-179
-1.882753391175807994e-179
-1.507591060782920128e-179
-1.207184550671903452e-179
-9.666378219463077576e-180
-7.740230591064415417e-180
-6.197892141466463090e-180
-4.962884056916318234e-180
-3.973966890712379899e-180
-3.182103927346393157e-180
-2.548029634594710048e-180
-2.040302632160418831e-180
-1.633746630840450970e-180
-1.308202034203259547e-180
-1.047526299358396661e-180
-8.387934884353397664e-181
-6.716533195132393679e-181
-5.378179347274809800e-181
-4.306509362957618309e-181
-3.448383122931578590e-181
-2.761249346118366788e-181
-2.211035630216541321e-181
-1.770458928296110051e-181
-1.417672684214693612e-181
-1.135183543344231176e-181
-9.089839223313538136e-182
-7.278574252607370997e-182
-5.828226643969937439e-182
-4.666879066503001727e-182
-3.736944623438407661e-182
-2.992311332615981031e-182
-2.396055605197438319e-182
-1.918611342550045422e-182
-1.536303863640331247e-182
-1.230175965862409122e-182
-9.850479080353351687e-183
-7.887647036288439217e-183
-6.315934002962023704e-183
-5.057404590525738516e-183
-4.049653017317097072e-183
-3.242708639800687623e-183
-2.596558094649881162e-183
-2.079161185232666347e-183
-1.664862127708627060e-183
-1.333117376355949096e-183
-1.067476945726524836e-183
-8.547687171946185247e-184
-6.844452827009460909e-184
-5.480609381086125637e-184
-4.388528922212371428e-184
-3.514059251797610482e-184
-2.813838678980342454e-184
-2.253145876033567152e-184
-1.804178177167823497e-184
-1.444672947984534729e-184
-1.156803664433297902e-184
-9.262959619429597630e-185
-7.417198228985274450e-185
-5.939228046796778216e-185
-4.755762041522689258e-185
-3.808116546019407061e-185
-3.049301353064086439e-185
-2.441689646163230162e-185
-1.955152225997592147e-185
-1.565563515752318310e-185
-1.253605263704810814e-185
-1.003808623141824130e-185
-8.037871099200760147e-186
-6.436224028954046022e-186
-5.153725313535677102e-186
-4.126780622907144112e-186
-3.304467598394053035e-186
-2.646010802760779540e-186
-2.118759818292471485e-186
-1.696570234303991084e-186
-1.358507243282529736e-186
-1.087807561829718276e-186
-8.710482019327881383e-187
-6.974808750310514585e-187
-5.584990244565034129e-187
-4.472110583748685357e-187
-3.580986214387669972e-187
-2.867429601189657003e-187
-2.296058131903370148e-187
-1.838539625486310804e-187
-1.472187444871540014e-187
-1.178835551213161090e-187
-9.439377177444781146e-188
-7.558462366219276343e-188
-6.052343525170817246e-188
-4.846337835905608196e-188
-3.880643972380496043e-188
-3.107376776088703800e-188
-2.488192809569256960e-188
-1.992389048290749844e-188
-1.595380432128215841e-188
-1.277480783886707211e-188
-1.022926645165563513e-188
-8.190956252242713461e-189
-6.558805036825980735e-189
-5.251880511425681699e-189
-4.205377161148371122e-189
-3.367402786303584624e-189
-2.696405361679538661e-189
-2.159112626522216592e-189
-1.728882237166375268e-189
-1.384380672537595411e-189
-1.108525384375971217e-189
-8.876377373525659475e-190
-7.107647365386409477e-190
-5.691359092207970943e-190
-4.557284098561544422e-190
-3.649187833436214476e-190
-2.922041188501309290e-190
-2.339787672496599370e-190
-1.873555504251678377e-190
-1.500225968694970348e-190
-1.201287045961155362e-190
-9.619154693405336959e-191
-7.702416947452366222e-191
-6.167613342685377257e-191
-4.938638690216910643e-191
-3.954552718748730753e-191
-3.166558273708621280e-191
-2.535581648274156405e-191
-2.030335063922554377e-191
-1.625765226136267313e-191
-1.301811024928803737e-191
-1.042408779189951690e-191
-8.346956986262370751e-192
-6.683720659437995177e-192
-5.351905122659762117e-192
-4.285470608575955655e-192
-3.431536605387401776e-192
-2.747759709411850655e-192
-2.200233973553874419e-192
-1.761809637792846998e-192
-1.410746873800037768e-192
-1.129637787899641019e-192
-9.045432285194409424e-193
-7.243015956306372643e-193
-5.799753786138058891e-193
-4.644079784269084572e-193
-3.718688385394053378e-193
-2.977692879977313931e-193
-2.384350063396889713e-193
-1.909238277408939939e-193
-1.528798499801785445e-193
-1.224166140314386048e-193
-9.802356159340281724e-194
-7.849113213496111734e-194
-6.285078529774838196e-194
-5.032697459060061886e-194
-4.029869093033747637e-194
-3.226866911650535258e-194
-2.583873030393214186e-194
-2.069003779823831807e-194
-1.656728713281183848e-194
-1.326604647210472054e-194
-1.062261959904735413e-194
-8.505928829914309466e-195
-6.811015360660744194e-195
-5.453834751121937127e-195
-4.367089474550788384e-195
-3.496891884157103479e-195
-2.800092125600805396e-195
-2.242138496581379229e-195
-1.795364156732358893e-195
-1.437615232151866772e-195
-1.151152287386922702e-195
-9.217706929639416121e-196
-7.380962707687684055e-196
-5.910212909579610464e-196
-4.732528535902138611e-196
-3.789512609067938543e-196
-3.034404484905539415e-196
-2.429761166642360833e-196
-1.945600646285416030e-196
-1.557915208619837249e-196
-1.247480978114837727e-196
-9.989046786037885370e-197
-7.998603381066413974e-197
-6.404780898316679078e-197
-5.128547622769245892e-197
-4.106619904191390480e-197
-3.288324156848664260e-197
-2.633084145303734409e-197
-2.108408960171922575e-197
-1.688281915054582337e-197
-1.351870476052212930e-197
-1.082493254073951159e-197
-8.667928369421346006e-198
-6.940734451199326850e-198
-5.557705678788530174e-198
-4.450262811409095532e-198
-3.563491885905152239e-198
-2.853421238034791870e-198
-2.284841111571627995e-198
-1.829557737757406361e-198
-1.464995311418206945e-198
-1.173076540950308118e-198
-9.393262628231763413e-199
-7.521536721845765959e-199
-6.022775780594142232e-199
-4.822661836903448601e-199
-3.861685714428045767e-199
-3.092196189852032705e-199
-2.476037146371349825e-199
-1.982655554110926604e-199
-1.587586459277358476e-199
-1.271239858307634736e-199
-1.017929302625579995e-199
-8.150940661373193240e-200
-6.526763056517311027e-200
-5.226223299329006812e-200
-4.184832471767994240e-200
-3.350951885085408958e-200
-2.683232509762455336e-200
-2.148564631289123474e-200
-1.720436062857351269e-200
-1.377617504856805167e-200
-1.103109863051764329e-200
-8.833013268720301999e-201
-7.072924104724754215e-201
-5.663554878644953716e-201
-4.535020224802950298e-201
-3.631360316983890210e-201
-2.907766029276818606e-201
-2.328357018572824259e-201
-1.864402552115113755e-201
-1.492896857572115670e-201
-1.195418352555020112e-201
-9.572161870239900776e-202
-7.664788036275144885e-202
-6.137482466074742599e-202
-4.914511770332104278e-202
-3.935233391579789060e-202
-3.151088565845082535e-202
-2.523194474575624858e-202
-2.020416190625712985e-202
-1.617822813292785735e-202
-1.295451237895621154e-202
-1.037316259837897103e-202
-8.306179279059693409e-203
-6.651068424075622422e-203
-5.325759256516267159e-203
-4.264534635622959890e-203
-3.414772388777482964e-203
-2.734335974141689076e-203
-2.189485086636327579e-203
-1.753202601998244104e-203
-1.403854898311055373e-203
-1.124119125345627051e-203
-9.001242289983655497e-204
-7.207631374306407500e-204
-5.771420027843780705e-204
-4.621391884237651989e-204
-3.700521335245248119e-204
-2.963145843422668475e-204
-2.372701707125987277e-204
-1.899911002860327854e-204
-1.521329802203437663e-204
-1.218185674796314194e-204
-9.754468335068538939e-205
-7.810767641456972640e-205
-6.254373796006858492e-205
-5.008111030285438179e-205
-4.010181819909983805e-205
-3.211102575698899386e-205
-2.571249936964593450e-205
-2.058895996775021988e-205
-1.648635033333433315e-205
-1.320123734949070593e-205
-1.057072451051948614e-205
-8.464374491502367473e-206
-6.777741247640839850e-206
-5.427190924278326567e-206
-4.345754765840270813e-206
-3.479808384912257887e-206
-2.786412728782756096e-206
-2.231184891899825932e-206
-1.786593195767074755e-206
-1.430591995647358779e-206
-1.145528519228232324e-206
-9.172675314539457952e-207
-7.344904209163811107e-207
-5.881339521118525568e-207
-4.709408533812401483e-207
-3.770999558639171218e-207
-3.019580392985140470e-207
-2.417890961777420981e-207
-1.936095729269663072e-207
-1.550304266053703592e-207
-1.241386611730683077e-207
-9.940246914929732985e-208
-7.959527499012596879e-208
-6.373491378004223830e-208
-5.103492933535737462e-208
-4.086557677403663030e-208
-3.272259581473930904e-208
-2.620220638939060491e-208
-2.098108669493069318e-208
-1.680034087047109169e-208
-1.345266131673880841e-208
-1.077204908508477092e-208
-8.625582608483104643e-209
-6.906826616561104420e-209
-5.530554407341788481e-209
-4.428521772824941757e-209
-3.546083023132360075e-209
-2.839481310470371119e-209
-2.273678890176845374e-209
-1.820619729587069740e-209
-1.457838313968642251e-209
-1.167345665399861456e-209
-9.347373364184723472e-210
-7.484791471730974835e-210
-5.993352484447697149e-210
-4.799101503161617644e-210
-3.842820073975759217e-210
-3.077089765911905610e-210
-2.463940867698312959e-210
-1.972969611341321270e-210
-1.579830562619223585e-210
-1.265029421760308949e-210
-1.012956373793694743e-210
-8.111120560195853662e-211
-6.494877612116311951e-211
-5.200691431388502196e-211
-4.164388150141700599e-211
-3.334581352082163718e-211
-2.670124011681073558e-211
-2.138068166579297739e-211
-1.712031150965797775e-211
-1.370887377537017993e-211
-1.097720798380418545e-211
-8.789861012228958013e-212
-7.038370478931877180e-212
-5.635886498066206135e-212
-4.512865117595665649e-212
-3.613619893977386227e-212
-2.893560609031945244e-212
-2.316982207258602614e-212
-1.855294315244695038e-212
-1.485603551635345645e-212
-1.189578329700465270e-212
-9.525398622904589427e-213
-7.627342955051912893e-213
-6.107498788984388718e-213
-4.890502718608879391e-213
-3.916008445856438304e-213
-3.135694432735349737e-213
-2.510867816409182105e-213
-2.010545774378872659e-213
-1.609919201821490935e-213
-1.289122520572433154e-213
-1.032248619164732934e-213
-8.265600784744711825e-214
-6.618575705923570124e-214
-5.299741121769485087e-214
-4.243700941977081764e-214
-3.398090071034318789e-214
-2.720977818357395128e-214
-2.178788711665728895e-214
-1.744637614483662997e-214
-1.396996592452614795e-214
-1.118627423324193879e-214
-8.957268177841301075e-215
-7.172419657953967420e-215
-5.743224689539484104e-215
-4.598814822269508787e-215
-3.682443037279385518e-215
-2.948669874060158922e-215
-2.361110257013948053e-215
-1.890629295201574294e-215
-1.513897591718220226e-215
-1.212234425874450084e-215
-9.706814459010488723e-216
-7.772609400503332044e-216
-6.223819065245765907e-216
-4.983644714528979225e-216
-3.990590725771987147e-216
-3.195415253858540594e-216
-2.558688511615424706e-216
-2.048837593664111857e-216
-1.640580893748912696e-216
-1.313674484135432120e-216
-1.051908294704676799e-216
-8.423023160084658244e-217
-6.744629689914272727e-217
-5.400677261537516815e-217
-4.324524284395383173e-217
-3.462808344337404163e-217
-2.772800160443525505e-217
-2.220284799280843435e-217
-1.777865083911797553e-217
-1.423603070027996789e-217
-1.139932225078605763e-217
-9.127863694106151649e-218
-7.309021868597135367e-218
-5.852607188922588880e-218
-4.686401480750084723e-218
-3.752576950721496519e-218
-3.004828721766186750e-218
-2.406078746876873048e-218
-1.926637246987503119e-218
-1.542730505515552359e-218
-1.235322018387050043e-218
-9.891685447691896168e-219
-7.920642515854743020e-219
-6.342354717577939293e-219
-5.078560644930781243e-219
-4.066593461377357859e-219
-3.256273486981757740e-219
-2.607419975152614669e-219
-2.087858699217099639e-219
-1.671826552468354827e-219
-1.338694051750862717e-219
-1.071942398299158024e-219
-8.583443720904770321e-220
-6.873084433160215951e-220
-5.503535779036619140e-220
-4.406886946565485888e-220
-3.528759208540807105e-220
-2.825609484165719096e-220
-2.262571200007945434e-220
-1.811725386608716675e-220
-1.450716280871504559e-220
-1.161642787114171842e-220
-9.301708284708916238e-221
-7.448225734587526362e-221
-5.964072931051713369e-221
-4.775656269616754272e-221
-3.824046598556266724e-221
-3.062057141960779172e-221
-2.451903683436522895e-221
-1.963330987677104307e-221
-1.572112556138646163e-221
-1.258849325295427590e-221
-1.008007739400630474e-221
-8.071494993676984055e-222
-6.463147938892886036e-222
-5.175284295256177993e-222
-4.144043705939548079e-222
-3.318290794667757530e-222
-2.657079553044994712e-222
-2.127622980648588557e-222
-1.703667299910755090e-222
-1.364190129164820168e-222
-1.092358061112176020e-222
-8.746919569101981523e-223
-7.003985659284882508e-223
-5.608353286882627957e-223
-4.490818245578056261e-223
-3.595966138935770639e-223
-2.879424587068028741e-223
-2.305662965743772035e-223
-1.846230575191016848e-223
-1.478345875964134281e-223
-1.183766837332219729e-223
-9.478863829844929338e-224
-7.590080805712481662e-224
-6.077661592294543293e-224
-4.866610959221410208e-224
-3.896877420493181882e-224
-3.120375505171018363e-224
-2.498601378135706305e-224
-2.000723578452843818e-224
-1.602054202164651848e-224
-1.282824721173347152e-224
-1.027205735629876190e-224
-8.225220530094644606e-225
-6.586241725686330228e-225
-5.273850094408054883e-225
-4.222969027969082034e-225
-3.381489252053866315e-225
-2.707684921680849153e-225
-2.168144592103587204e-225
-1.736114469829236306e-225
-1.390171791737423973e-225
-1.113162550123960225e-225
-8.913508894105562593e-226
-7.137379962741506216e-226
-5.715167094996387345e-226
-4.576348056882715758e-226
-3.664453057911832413e-226
-2.934264624702690615e-226
-2.349575435055213676e-226
-1.881392931823336280e-226
-1.506501690094162472e-226
-1.206312250815842417e-226
-9.659393388249460067e-227
-7.734637575459048935e-227
-6.193413604675445170e-227
-4.959297924997692255e-227
-3.971095340753116683e-227
-3.179804569889848187e-227
-2.546188453076723966e-227
-2.038828329253291948e-227
-1.632566101359578197e-227
-1.307256740092604650e-227
-1.046769367007297715e-227
-8.381873843902417248e-228
-6.711679893343083707e-228
-5.374293127004159941e-228
-4.303397521031180362e-228
-3.445891354709311362e-228
-2.759254094103240953e-228
-2.209437957299910841e-228
-1.769179611834036087e-228
-1.416648287673424126e-228
-1.134363270718089120e-228
-9.083270993590646803e-229
-7.273314825396889810e-229
-5.824015223884916812e-229
-4.663506824921796270e-229
-3.734244343472453002e-229
-2.990149117449064092e-229
-2.394324238639997790e-229
-1.917224972589452219e-229
-1.535193745358429793e-229
-1.229287052632498552e-229
-9.843361219641422068e-230
-7.881947498988094983e-230
-6.311370170266676693e-230
-5.053750158985632023e-230
-4.046726777296765501e-230
-3.240365489966311510e-230
-2.594681846937005864e-230
-2.077658803511593498e-230
-1.663659114471200026e-230
-1.332154078660461301e-230
-1.066705597231664849e-230
-8.541510696041490277e-231
-6.839507091733969289e-231
-5.476649145866425482e-231
-4.385357813747359900e-231
-3.511520026641169882e-231
-2.811805426422833228e-231
-2.251517774661321442e-231
-1.802874495503223401e-231
-1.443629041314274505e-231
-1.155967769317331996e-231
-9.256266294586378953e-232
-7.411838633433856708e-232
-5.934936418173915521e-232
-4.752325573965204671e-232
-3.805364837911786508e-232
-3.047097957460578050e-232
-2.439925304889939834e-232
-1.953739451948670007e-232
-1.564432254729564867e-232
-1.252699420691359135e-232
-1.003083280759839542e-232
-8.032063011448545455e-233
-6.431573275851789469e-233
-5.150001281574384267e-233
-4.123798651226313864e-233
-3.302079822134585486e-233
-2.644098821000177149e-233
-2.117228822983182776e-233
-1.695344309096057118e-233
-1.357525599115435672e-233
-1.087021522628709192e-233
-8.704187909444308099e-234
-6.969768821107876528e-234
-5.580954584744745366e-234
-4.468879079984878345e-234
-3.578398628456526374e-234
-2.865357624351491925e-234
-2.294399022550943476e-234
-1.837211114572398280e-234
-1.471123656492503665e-234
-1.177983736069345174e-234
-9.432556374983464605e-235
-7.553000694571023900e-235
-6.047970160399266046e-235
-4.842835919156704677e-235
-3.877839856657967943e-235
-3.105131415747392398e-235
-2.486394865561084247e-235
-1.990949367274942659e-235
-1.594227625690680378e-235
-1.276557688653703895e-235
-1.022187488286101823e-235
-8.185037546642165620e-236
-6.554065707875142013e-236
-5.248085553470317103e-236
-4.202338396370775076e-236
-3.364969533687688320e-236
-2.694456965299092229e-236
-2.157552472664808037e-236
-1.727632963618246595e-236
-1.383380332481213021e-236
-1.107724374677126833e-236
-8.869963389266526119e-237
-7.102511448288806159e-237
-5.687246571289315833e-237
-4.553991049241958926e-237
-3.646550965676165198e-237
-2.919929749859458392e-237
-2.338096964601840225e-237
-1.872201691203044223e-237
-1.499141919950286747e-237
-1.200419007584770519e-237
-9.612203985454497153e-238
-7.696851255618941143e-238
-6.163156685061594952e-238
-4.935070077765273060e-238
-3.951695197282414292e-238
-3.164270149390543923e-238
-2.533749461550292813e-238
-2.028867963483514158e-238
-1.624590463940984413e-238
-1.300870348899581865e-238
-1.041655544709267295e-238
-8.340925556044338564e-239
-6.678891067668954417e-239
-5.348037887889776047e-239
-4.282373969049280629e-239
-3.429057010295237428e-239
-2.745774204877309569e-239
-2.198644105809531325e-239
-1.760536571224360926e-239
-1.409727481782167771e-239
-1.128821522582761750e-239
-9.038896143494605590e-240
-7.237782223176988259e-240
-5.795562940263817038e-240
-4.640724017227983004e-240
-3.716001297208556707e-240
-2.975541227962419599e-240
-2.382627155150638229e-240
-1.907858680334264271e-240
-1.527693804823224626e-240
-1.223281569726168457e-240
-9.795273071785779487e-241
-7.843441520362194625e-241
-6.280536992945002086e-241
-5.029060880653401787e-241
-4.026957148685124020e-241
-3.224535208895563168e-241
-2.582005948784677399e-241
-2.067508737745696165e-241
-1.655531577170192173e-241
-1.325646055550093675e-241
-1.061494379708025774e-241
