-2.200000000000000011e-01
-2.198750390543632582e-01
-2.197501561849161955e-01
-2.196253513428763904e-01
-2.195006244794920069e-01
-2.193759755460416294e-01
-2.192514044938342066e-01
-2.191269112742092184e-01
-2.190024958385364540e-01
-2.188781581382161778e-01
-2.187538981246789360e-01
-2.186297157493856946e-01
-2.185056109638276733e-01
-2.183815837195264842e-01
-2.182576339680339650e-01
-2.181337616609322072e-01
-2.180099667498336113e-01
-2.178862491863808037e-01
-2.177626089222466088e-01
-2.176390459091340490e-01
-2.175155600987762894e-01
-2.173921514429367208e-01
-2.172688198934088211e-01
-2.171455654020161830e-01
-2.170223879206125417e-01
-2.168992874010816918e-01
-2.167762637953374871e-01
-2.166533170553238130e-01
-2.165304471330146419e-01
-2.164076539804138666e-01
-2.162849375495554394e-01
-2.161622977925032052e-01
-2.160397346613510405e-01
-2.159172481082227424e-01
-2.157948380852720005e-01
-2.156725045446823419e-01
-2.155502474386672696e-01
-2.154280667194700960e-01
-2.153059623393639432e-01
-2.151839342506518260e-01
-2.150619824056665130e-01
-2.149401067567705825e-01
-2.148183072563562834e-01
-2.146965838568457852e-01
-2.145749365106907891e-01
-2.144533651703728616e-01
-2.143318697884031843e-01
-2.142104503173226093e-01
-2.140891067097016320e-01
-2.139678389181404461e-01
-2.138466468952688326e-01
-2.137255305937460770e-01
-2.136044899662612184e-01
-2.134835249655326894e-01
-2.133626355443085654e-01
-2.132418216553663981e-01
-2.131210832515132991e-01
-2.130004202855858009e-01
-2.128798327104499122e-01
-2.127593204790011183e-01
-2.126388835441643532e-01
-2.125185218588939440e-01
-2.123982353761735276e-01
-2.122780240490163006e-01
-2.121578878304646310e-01
-2.120378266735903627e-01
-2.119178405314945668e-01
-2.117979293573076793e-01
-2.116780931041893909e-01
-2.115583317253286466e-01
-2.114386451739436734e-01
-2.113190334032818973e-01
-2.111994963666199987e-01
-2.110800340172637735e-01
-2.109606463085482719e-01
-2.108413331938376600e-01
-2.107220946265252748e-01
-2.106029305600335133e-01
-2.104838409478139161e-01
-2.103648257433471114e-01
-2.102458849001428154e-01
-2.101270183717396933e-01
-2.100082261117055538e-01
-2.098895080736371543e-01
-2.097708642111602573e-01
-2.096522944779296294e-01
-2.095337988276289032e-01
-2.094153772139707714e-01
-2.092970295906967648e-01
-2.091787559115773909e-01
-2.090605561304119120e-01
-2.089424302010285672e-01
-2.088243780772844338e-01
-2.087063997130653992e-01
-2.085884950622861334e-01
-2.084706640788901721e-01
-2.083529067168497506e-01
-2.082352229301659141e-01
-2.081176126728684073e-01
-2.080000758990157850e-01
-2.078826125626951626e-01
-2.077652226180224659e-01
-2.076479060191422643e-01
-2.075306627202277154e-01
-2.074134926754806763e-01
-2.072963958391316197e-01
-2.071793721654395515e-01
-2.070624216086921210e-01
-2.069455441232055104e-01
-2.068287396633244624e-01
-2.067120081834221967e-01
-2.065953496379004939e-01
-2.064787639811896669e-01
-2.063622511677483395e-01
-2.062458111520637516e-01
-2.061294438886515368e-01
-2.060131493320556950e-01
-2.058969274368486757e-01
-2.057807781576312944e-01
-2.056647014490327607e-01
-2.055486972657105671e-01
-2.054327655623506277e-01
-2.053169062936670841e-01
-2.052011194144024164e-01
-2.050854048793273599e-01
-2.049697626432409603e-01
-2.048541926609704633e-01
-2.047386948873712864e-01
-2.046232692773271578e-01
-2.045079157857499497e-01
-2.043926343675796786e-01
-2.042774249777845608e-01
-2.041622875713609009e-01
-2.040472221033332034e-01
-2.039322285287539505e-01
-2.038173068027037960e-01
-2.037024568802914826e-01
-2.035876787166537027e-01
-2.034729722669552376e-01
-2.033583374863889293e-01
-2.032437743301755417e-01
-2.031292827535637890e-01
-2.030148627118304738e-01
-2.029005141602802098e-01
-2.027862370542456438e-01
-2.026720313490872338e-01
-2.025578970001933876e-01
-2.024438339629803796e-01
-2.023298421928923507e-01
-2.022159216454012254e-01
-2.021020722760068222e-01
-2.019882940402367155e-01
-2.018745868936462906e-01
-2.017609507918186607e-01
-2.016473856903647499e-01
-2.015338915449232104e-01
-2.014204683111603389e-01
-2.013071159447702152e-01
-2.011938344014745639e-01
-2.010806236370228095e-01
-2.009674836071919102e-01
-2.008544142677866351e-01
-2.007414155746392037e-01
-2.006284874836095633e-01
-2.005156299505851114e-01
-2.004028429314809179e-01
-2.002901263822395306e-01
-2.001774802588310587e-01
-2.000649045172531171e-01
-1.999523991135307710e-01
-1.998399640037166469e-01
-1.997275991438907383e-01
-1.996153044901605167e-01
-1.995030799986608760e-01
-1.993909256255541884e-01
-1.992788413270300818e-01
-1.991668270593056345e-01
-1.990548827786253194e-01
-1.989430084412608657e-01
-1.988312040035113137e-01
-1.987194694217031266e-01
-1.986078046521899676e-01
-1.984962096513527563e-01
-1.983846843755997236e-01
-1.982732287813662730e-01
-1.981618428251150921e-01
-1.980505264633360407e-01
-1.979392796525461240e-01
-1.978281023492896029e-01
-1.977169945101378279e-01
-1.976059560916892943e-01
-1.974949870505696148e-01
-1.973840873434314913e-01
-1.972732569269547709e-01
-1.971624957578462789e-01
-1.970518037928399302e-01
-1.969411809886967013e-01
-1.968306273022045472e-01
-1.967201426901784289e-01
-1.966097271094603138e-01
-1.964993805169190921e-01
-1.963891028694506324e-01
-1.962788941239776708e-01
-1.961687542374500326e-01
-1.960586831668442442e-01
-1.959486808691637827e-01
-1.958387473014390201e-01
-1.957288824207271682e-01
-1.956190861841122508e-01
-1.955093585487051311e-01
-1.953996994716434010e-01
-1.952901089100915200e-01
-1.951805868212406203e-01
-1.950711331623087019e-01
-1.949617478905404100e-01
-1.948524309632071183e-01
-1.947431823376068738e-01
-1.946340019710644798e-01
-1.945248898209313015e-01
-1.944158458445854609e-01
-1.943068699994315585e-01
-1.941979622429010344e-01
-1.940891225324516689e-01
-1.939803508255680542e-01
-1.938716470797611779e-01
-1.937630112525686454e-01
-1.936544433015545963e-01
-1.935459431843096489e-01
-1.934375108584509839e-01
-1.933291462816222051e-01
-1.932208494114933950e-01
-1.931126202057611152e-01
-1.930044586221482672e-01
-1.928963646184042868e-01
-1.927883381523049222e-01
-1.926803791816523448e-01
-1.925724876642750938e-01
-1.924646635580280207e-01
-1.923569068207923449e-01
-1.922492174104755980e-01
-1.921415952850115683e-01
-1.920340404023603842e-01
-1.919265527205084587e-01
-1.918191321974683505e-01
-1.917117787912789306e-01
-1.916044924600052990e-01
-1.914972731617387014e-01
-1.913901208545966404e-01
-1.912830354967227087e-01
-1.911760170462867003e-01
-1.910690654614844997e-01
-1.909621807005381922e-01
-1.908553627216958981e-01
-1.907486114832318280e-01
-1.906419269434463104e-01
-1.905353090606656530e-01
-1.904287577932422815e-01
-1.903222730995545731e-01
-1.902158549380069674e-01
-1.901095032670298557e-01
-1.900032180450796360e-01
-1.898969992306386023e-01
-1.897908467822150835e-01
-1.896847606583432488e-01
-1.895787408175831634e-01
-1.894727872185208994e-01
-1.893668998197682862e-01
-1.892610785799630768e-01
-1.891553234577688369e-01
-1.890496344118749728e-01
-1.889440114009966754e-01
-1.888384543838750040e-01
-1.887329633192767475e-01
-1.886275381659943962e-01
-1.885221788828463085e-01
-1.884168854286764894e-01
-1.883116577623546728e-01
-1.882064958427762946e-01
-1.881013996288624923e-01
-1.879963690795600773e-01
-1.878914041538414792e-01
-1.877865048107047463e-01
-1.876816710091736007e-01
-1.875769027082972995e-01
-1.874721998671507739e-01
-1.873675624448344346e-01
-1.872629904004743107e-01
-1.871584836932219387e-01
-1.870540422822543902e-01
-1.869496661267742443e-01
-1.868453551860095319e-01
-1.867411094192138188e-01
-1.866369287856660952e-01
-1.865328132446708032e-01
-1.864287627555577809e-01
-1.863247772776823463e-01
-1.862208567704251305e-01
-1.861170011931922164e-01
-1.860132105054149998e-01
-1.859094846665502732e-01
-1.858058236360800863e-01
-1.857022273735118578e-01
-1.855986958383782914e-01
-1.854952289902374041e-01
-1.853918267886724702e-01
-1.852884891932919664e-01
-1.851852161637296268e-01
-1.850820076596444985e-01
-1.849788636407206643e-01
-1.848757840666675756e-01
-1.847727688972196913e-01
-1.846698180921368115e-01
-1.845669316112036884e-01
-1.844641094142303039e-01
-1.843613514610517867e-01
-1.842586577115282453e-01
-1.841560281255449627e-01
-1.840534626630122295e-01
-1.839509612838654828e-01
-1.838485239480650568e-01
-1.837461506155963764e-01
-1.836438412464698744e-01
-1.835415958007209081e-01
-1.834394142384098980e-01
-1.833372965196221616e-01
-1.832352426044679683e-01
-1.831332524530824846e-01
-1.830313260256257735e-01
-1.829294632822829059e-01
-1.828276641832636829e-01
-1.827259286888028855e-01
-1.826242567591600252e-01
-1.825226483546195377e-01
-1.824211034354906447e-01
-1.823196219621073255e-01
-1.822182038948283733e-01
-1.821168491940374223e-01
-1.820155578201427538e-01
-1.819143297335773790e-01
-1.818131648947991230e-01
-1.817120632642904854e-01
-1.816110248025586127e-01
-1.815100494701353540e-01
-1.814091372275772052e-01
-1.813082880354653648e-01
-1.812075018544055949e-01
-1.811067786450282768e-01
-1.810061183679883834e-01
-1.809055209839655898e-01
-1.808049864536639129e-01
-1.807045147378121552e-01
-1.806041057971634889e-01
-1.805037595924957050e-01
-1.804034760846110197e-01
-1.803032552343362682e-01
-1.802030970025225998e-01
-1.801030013500457549e-01
-1.800029682378058438e-01
-1.799029976267274289e-01
-1.798030894777594701e-01
-1.797032437518754078e-01
-1.796034604100729681e-01
-1.795037394133742470e-01
-1.794040807228257928e-01
-1.793044842994983845e-01
-1.792049501044871984e-01
-1.791054780989116413e-01
-1.790060682439154893e-01
-1.789067205006668049e-01
-1.788074348303578254e-01
-1.787082111942050744e-01
-1.786090495534493339e-01
-1.785099498693556164e-01
-1.784109121032130818e-01
-1.783119362163350929e-01
-1.782130221700591877e-01
-1.781141699257471067e-01
-1.780153794447846549e-01
-1.779166506885818122e-01
-1.778179836185726503e-01
-1.777193781962153329e-01
-1.776208343829921155e-01
-1.775223521404093729e-01
-1.774239314299974335e-01
-1.773255722133106893e-01
-1.772272744519275967e-01
-1.771290381074505926e-01
-1.770308631415060951e-01
-1.769327495157445029e-01
-1.768346971918401678e-01
-1.767367061314914778e-01
-1.766387762964205521e-01
-1.765409076483736295e-01
-1.764431001491207629e-01
-1.763453537604558752e-01
-1.762476684441967867e-01
-1.761500441621851321e-01
-1.760524808762865268e-01
-1.759549785483902062e-01
-1.758575371404093868e-01
-1.757601566142809879e-01
-1.756628369319657434e-01
-1.755655780554481460e-01
-1.754683799467364469e-01
-1.753712425678626841e-01
-1.752741658808824876e-01
-1.751771498478753297e-01
-1.750801944309443026e-01
-1.749832995922162016e-01
-1.748864652938414421e-01
-1.747896914979941985e-01
-1.746929781668721260e-01
-1.745963252626966389e-01
-1.744997327477126881e-01
-1.744032005841887889e-01
-1.743067287344170768e-01
-1.742103171607132517e-01
-1.741139658254165223e-01
-1.740176746908896621e-01
-1.739214437195189256e-01
-1.738252728737141040e-01
-1.737291621159084698e-01
-1.736331114085587213e-01
-1.735371207141450378e-01
-1.734411899951711356e-01
-1.733453192141640176e-01
-1.732495083336741681e-01
-1.731537573162754418e-01
-1.730580661245651464e-01
-1.729624347211638491e-01
-1.728668630687155428e-01
-1.727713511298876181e-01
-1.726758988673706419e-01
-1.725805062438786064e-01
-1.724851732221487632e-01
-1.723898997649416509e-01
-1.722946858350410393e-01
-1.721995313952540685e-01
-1.721044364084109712e-01
-1.720094008373652672e-01
-1.719144246449937075e-01
-1.718195077941961912e-01
-1.717246502478958492e-01
-1.716298519690389324e-01
-1.715351129205948677e-01
-1.714404330655562303e-01
-1.713458123669386601e-01
-1.712512507877810009e-01
-1.711567482911451055e-01
-1.710623048401159196e-01
-1.709679203978014816e-01
-1.708735949273328669e-01
-1.707793283918641880e-01
-1.706851207545725668e-01
-1.705909719786581902e-01
-1.704968820273441155e-01
-1.704028508638765205e-01
-1.703088784515244536e-01
-1.702149647535799726e-01
-1.701211097333579780e-01
-1.700273133541963799e-01
-1.699335755794559588e-01
-1.698398963725204214e-01
-1.697462756967962894e-01
-1.696527135157130384e-01
-1.695592097927229036e-01
-1.694657644913009631e-01
-1.693723775749452209e-01
-1.692790490071763299e-01
-1.691857787515378964e-01
-1.690925667715961478e-01
-1.689994130309401821e-01
-1.689063174931818845e-01
-1.688132801219556778e-01
-1.687203008809189664e-01
-1.686273797337516644e-01
-1.685345166441564735e-01
-1.684417115758586880e-01
-1.683489644926064177e-01
-1.682562753581702819e-01
-1.681636441363435763e-01
-1.680710707909422452e-01
-1.679785552858048259e-01
-1.678860975847924764e-01
-1.677936976517888368e-01
-1.677013554507002513e-01
-1.676090709454554906e-01
-1.675168441000059738e-01
-1.674246748783255467e-01
-1.673325632444106204e-01
-1.672405091622800599e-01
-1.671485125959752960e-01
-1.670565735095601301e-01
-1.669646918671208735e-01
-1.668728676327662086e-01
-1.667811007706273552e-01
-1.666893912448578485e-01
-1.665977390196336505e-01
-1.665061440591531494e-01
-1.664146063276370213e-01
-1.663231257893283410e-01
-1.662317024084925543e-01
-1.661403361494173669e-01
-1.660490269764128557e-01
-1.659577748538113573e-01
-1.658665797459675240e-01
-1.657754416172582679e-01
-1.656843604320827057e-01
-1.655933361548623250e-01
-1.655023687500407070e-01
-1.654114581820837482e-01
-1.653206044154794940e-01
-1.652298074147381945e-01
-1.651390671443922487e-01
-1.650483835689962597e-01
-1.649577566531269246e-01
-1.648671863613831445e-01
-1.647766726583858587e-01
-1.646862155087782109e-01
-1.645958148772252994e-01
-1.645054707284144269e-01
-1.644151830270549064e-01
-1.643249517378780888e-01
-1.642347768256373630e-01
-1.641446582551081834e-01
-1.640545959910879592e-01
-1.639645899983961097e-01
-1.638746402418740922e-01
-1.637847466863852353e-01
-1.636949092968148778e-01
-1.636051280380702855e-01
-1.635154028750806787e-01
-1.634257337727971215e-01
-1.633361206961926604e-01
-1.632465636102621576e-01
-1.631570624800224023e-01
-1.630676172705119720e-01
-1.629782279467913708e-01
-1.628888944739428912e-01
-1.627996168170706137e-01
-1.627103949413004902e-01
-1.626212288117802052e-01
-1.625321183936792313e-01
-1.624430636521888016e-01
-1.623540645525219372e-01
-1.622651210599133642e-01
-1.621762331396194856e-01
-1.620874007569184927e-01
-1.619986238771102260e-01
-1.619099024655162311e-01
-1.618212364874796749e-01
-1.617326259083654294e-01
-1.616440706935599880e-01
-1.615555708084714381e-01
-1.614671262185295997e-01
-1.613787368891856644e-01
-1.612904027859126677e-01
-1.612021238742050167e-01
-1.611139001195788512e-01
-1.610257314875716828e-01
-1.609376179437426724e-01
-1.608495594536724638e-01
-1.607615559829632113e-01
-1.606736074972385797e-01
-1.605857139621436336e-01
-1.604978753433449756e-01
-1.604100916065306914e-01
-1.603223627174102384e-01
-1.602346886417144733e-01
-1.601470693451957639e-01
-1.600595047936277937e-01
-1.599719949528056462e-01
-1.598845397885458319e-01
-1.597971392666861223e-01
-1.597097933530857439e-01
-1.596225020136251560e-01
-1.595352652142061900e-01
-1.594480829207520212e-01
-1.593609550992069468e-01
-1.592738817155367470e-01
-1.591868627357284072e-01
-1.590998981257900624e-01
-1.590129878517511641e-01
-1.589261318796624523e-01
-1.588393301755957610e-01
-1.587525827056441852e-01
-1.586658894359219973e-01
-1.585792503325646197e-01
-1.584926653617286796e-01
-1.584061344895918988e-01
-1.583196576823531765e-01
-1.582332349062324783e-01
-1.581468661274709198e-01
-1.580605513123307104e-01
-1.579742904270951265e-01
-1.578880834380684550e-01
-1.578019303115761607e-01
-1.577158310139646358e-01
-1.576297855116013669e-01
-1.575437937708747960e-01
-1.574578557581944316e-01
-1.573719714399907099e-01
-1.572861407827151059e-01
-1.572003637528399389e-01
-1.571146403168586503e-01
-1.570289704412854426e-01
-1.569433540926555848e-01
-1.568577912375251349e-01
-1.567722818424711617e-01
-1.566868258740914954e-01
-1.566014232990049493e-01
-1.565160740838510978e-01
-1.564307781952904430e-01
-1.563455356000042207e-01
-1.562603462646945940e-01
-1.561752101560844597e-01
-1.560901272409175311e-01
-1.560050974859582829e-01
-1.559201208579919506e-01
-1.558351973238245591e-01
-1.557503268502828664e-01
-1.556655094042143361e-01
-1.555807449524871378e-01
-1.554960334619901186e-01
-1.554113748996329147e-01
-1.553267692323457849e-01
-1.552422164270795824e-01
-1.551577164508058937e-01
-1.550732692705169002e-01
-1.549888748532254612e-01
-1.549045331659649472e-01
-1.548202441757894343e-01
-1.547360078497735381e-01
-1.546518241550123851e-01
-1.545676930586217801e-01
-1.544836145277379558e-01
-1.543995885295177950e-01
-1.543156150311386088e-01
-1.542316939997982472e-01
-1.541478254027150441e-01
-1.540640092071278722e-01
-1.539802453802959770e-01
-1.538965338894991430e-01
-1.538128747020375831e-01
-1.537292677852318823e-01
-1.536457131064231096e-01
-1.535622106329727343e-01
-1.534787603322625704e-01
-1.533953621716948601e-01
-1.533120161186922181e-01
-1.532287221406975486e-01
-1.531454802051741559e-01
-1.530622902796056617e-01
-1.529791523314960044e-01
-1.528960663283694399e-01
-1.528130322377704575e-01
-1.527300500272638639e-01
-1.526471196644347550e-01
-1.525642411168884605e-01
-1.524814143522505439e-01
-1.523986393381668025e-01
-1.523159160423032121e-01
-1.522332444323460376e-01
-1.521506244760016113e-01
-1.520680561409965548e-01
-1.519855393950776401e-01
-1.519030742060117345e-01
-1.518206605415858279e-01
-1.517382983696071441e-01
-1.516559876579029464e-01
-1.515737283743205654e-01
-1.514915204867275378e-01
-1.514093639630113564e-01
-1.513272587710796369e-01
-1.512452048788600623e-01
-1.511632022543002996e-01
-1.510812508653681108e-01
-1.509993506800511587e-01
-1.509175016663572566e-01
-1.508357037923141464e-01
-1.507539570259694428e-01
-1.506722613353908835e-01
-1.505906166886660791e-01
-1.505090230539025686e-01
-1.504274803992278475e-01
-1.503459886927893119e-01
-1.502645479027542863e-01
-1.501831579973099129e-01
-1.501018189446632900e-01
-1.500205307130413890e-01
-1.499392932706909154e-01
-1.498581065858785311e-01
-1.497769706268906875e-01
-1.496958853620336538e-01
-1.496148507596334609e-01
-1.495338667880359851e-01
-1.494529334156069200e-01
-1.493720506107316104e-01
-1.492912183418151906e-01
-1.492104365772825569e-01
-1.491297052855783956e-01
-1.490490244351670157e-01
-1.489683939945324054e-01
-1.488878139321783700e-01
-1.488072842166282828e-01
-1.487268048164252232e-01
-1.486463757001319219e-01
-1.485659968363307881e-01
-1.484856681936237988e-01
-1.484053897406325540e-01
-1.483251614459983325e-01
-1.482449832783819255e-01
-1.481648552064637470e-01
-1.480847771989437789e-01
-1.480047492245414875e-01
-1.479247712519960456e-01
-1.478448432500659715e-01
-1.477649651875294068e-01
-1.476851370331840330e-01
-1.476053587558468772e-01
-1.475256303243546729e-01
-1.474459517075633885e-01
-1.473663228743486431e-01
-1.472867437936053459e-01
-1.472072144342480016e-01
-1.471277347652104051e-01
-1.470483047554457801e-01
-1.469689243739268902e-01
-1.468895935896456506e-01
-1.468103123716135161e-01
-1.467310806888612595e-01
-1.466518985104390271e-01
-1.465727658054162552e-01
-1.464936825428817257e-01
-1.464146486919435941e-01
-1.463356642217291670e-01
-1.462567291013851800e-01
-1.461778433000776312e-01
-1.460990067869916975e-01
-1.460202195313319296e-01
-1.459414815023220013e-01
-1.458627926692048771e-01
-1.457841530012427556e-01
-1.457055624677169869e-01
-1.456270210379281560e-01
-1.455485286811959988e-01
-1.454700853668595140e-01
-1.453916910642766847e-01
-1.453133457428247566e-01
-1.452350493719000990e-01
-1.451568019209182325e-01
-1.450786033593136903e-01
-1.450004536565401569e-01
-1.449223527820704405e-01
-1.448443007053963616e-01
-1.447662973960288368e-01
-1.446883428234978231e-01
-1.446104369573522896e-01
-1.445325797671603019e-01
-1.444547712225088820e-01
-1.443770112930040372e-01
-1.442992999482707872e-01
-1.442216371579531919e-01
-1.441440228917141575e-01
-1.440664571192356858e-01
-1.439889398102185414e-01
-1.439114709343826404e-01
-1.438340504614666615e-01
-1.437566783612281573e-01
-1.436793546034437485e-01
-1.436020791579088185e-01
-1.435248519944376244e-01
-1.434476730828632973e-01
-1.433705423930378420e-01
-1.432934598948320815e-01
-1.432164255581356571e-01
-1.431394393528570286e-01
-1.430625012489234738e-01
-1.429856112162810333e-01
-1.429087692248945107e-01
-1.428319752447475555e-01
-1.427552292458424965e-01
-1.426785311982003979e-01
-1.426018810718611418e-01
-1.425252788368832346e-01
-1.424487244633438898e-01
-1.423722179213391115e-01
-1.422957591809835554e-01
-1.422193482124104458e-01
-1.421429849857717975e-01
-1.420666694712382216e-01
-1.419904016389989532e-01
-1.419141814592618511e-01
-1.418380089022534818e-01
-1.417618839382188412e-01
-1.416858065374216602e-01
-1.416097766701442662e-01
-1.415337943066873605e-01
-1.414578594173704351e-01
-1.413819719725313839e-01
-1.413061319425266971e-01
-1.412303392977312944e-01
-1.411545940085387751e-01
-1.410788960453610574e-01
-1.410032453786286555e-01
-1.409276419787904855e-01
-1.408520858163140321e-01
-1.407765768616851265e-01
-1.407011150854081127e-01
-1.406257004580056813e-01
-1.405503329500190635e-01
-1.404750125320077536e-01
-1.403997391745497869e-01
-1.403245128482414061e-01
-1.402493335236974226e-01
-1.401742011715508551e-01
-1.400991157624531802e-01
-1.400240772670741096e-01
-1.399490856561017571e-01
-1.398741409002424996e-01
-1.397992429702210881e-01
-1.397243918367804261e-01
-1.396495874706819018e-01
-1.395748298427049727e-01
-1.395001189236474981e-01
-1.394254546843254894e-01
-1.393508370955732212e-01
-1.392762661282432313e-01
-1.392017417532061818e-01
-1.391272639413510537e-01
-1.390528326635848966e-01
-1.389784478908330234e-01
-1.389041095940388715e-01
-1.388298177441640302e-01
-1.387555723121882689e-01
-1.386813732691094536e-01
-1.386072205859435746e-01
-1.385331142337247468e-01
-1.384590541835051536e-01
-1.383850404063551309e-01
-1.383110728733630279e-01
-1.382371515556352626e-01
-1.381632764242963218e-01
-1.380894474504887337e-01
-1.380156646053730396e-01
-1.379419278601278775e-01
-1.378682371859497324e-01
-1.377945925540532968e-01
-1.377209939356710267e-01
-1.376474413020535303e-01
-1.375739346244692907e-01
-1.375004738742047761e-01
-1.374270590225643296e-01
-1.373536900408703354e-01
-1.372803669004629690e-01
-1.372070895727004192e-01
-1.371338580289587494e-01
-1.370606722406318700e-01
-1.369875321791315659e-01
-1.369144378158874964e-01
-1.368413891223471679e-01
-1.367683860699759613e-01
-1.366954286302570487e-01
-1.366225167746914493e-01
-1.365496504747979178e-01
-1.364768297021131116e-01
-1.364040544281913681e-01
-1.363313246246048993e-01
-1.362586402629435700e-01
-1.361860013148150639e-01
-1.361134077518448005e-01
-1.360408595456759073e-01
-1.359683566679692757e-01
-1.358958990904034214e-01
-1.358234867846746519e-01
-1.357511197224968436e-01
-1.356787978756016644e-01
-1.356065212157383792e-01
-1.355342897146739334e-01
-1.354621033441928413e-01
-1.353899620760973255e-01
-1.353178658822072611e-01
-1.352458147343599815e-01
-1.351738086044105835e-01
-1.351018474642315947e-01
-1.350299312857132783e-01
-1.349580600407633002e-01
-1.348862337013070067e-01
-1.348144522392872025e-01
-1.347427156266642612e-01
-1.346710238354160705e-01
-1.345993768375380595e-01
-1.345277746050430323e-01
-1.344562171099614456e-01
-1.343847043243411310e-01
-1.343132362202473784e-01
-1.342418127697629637e-01
-1.341704339449881489e-01
-1.340990997180405431e-01
-1.340278100610551859e-01
-1.339565649461846031e-01
-1.338853643455986397e-01
-1.338142082314845716e-01
-1.337430965760470769e-01
-1.336720293515080982e-01
-1.336010065301070360e-01
-1.335300280841005827e-01
-1.334590939857628056e-01
-1.333882042073850360e-01
-1.333173587212760081e-01
-1.332465574997616642e-01
-1.331758005151852942e-01
-1.331050877399074239e-01
-1.330344191463058712e-01
-1.329637947067757731e-01
-1.328932143937293919e-01
-1.328226781795963374e-01
-1.327521860368233719e-01
-1.326817379378744943e-01
-1.326113338552309673e-01
-1.325409737613911509e-01
-1.324706576288706139e-01
-1.324003854302021610e-01
-1.323301571379356945e-01
-1.322599727246382972e-01
-1.321898321628941497e-01
-1.321197354253046408e-01
-1.320496824844882011e-01
-1.319796733130804145e-01
-1.319097078837339343e-01
-1.318397861691184836e-01
-1.317699081419209939e-01
-1.317000737748452444e-01
-1.316302830406122504e-01
-1.315605359119599860e-01
-1.314908323616434671e-01
-1.314211723624347794e-01
-1.313515558871229671e-01
-1.312819829085140610e-01
-1.312124533994311615e-01
-1.311429673327142720e-01
-1.310735246812204380e-01
-1.310041254178235526e-01
-1.309347695154146063e-01
-1.308654569469014095e-01
-1.307961876852087313e-01
-1.307269617032782716e-01
-1.306577789740686613e-01
-1.305886394705553233e-01
-1.305195431657307503e-01
-1.304504900326040884e-01
-1.303814800442014976e-01
-1.303125131735659581e-01
-1.302435893937572975e-01
-1.301747086778521079e-01
-1.301058709989439122e-01
-1.300370763301429977e-01
-1.299683246445763884e-01
-1.298996159153880114e-01
-1.298309501157385026e-01
-1.297623272188052901e-01
-1.296937471977825385e-01
-1.296252100258811768e-01
-1.295567156763288430e-01
-1.294882641223699948e-01
-1.294198553372657157e-01
-1.293514892942938255e-01
-1.292831659667487976e-01
-1.292148853279418697e-01
-1.291466473512009328e-01
-1.290784520098705312e-01
-1.290102992773117518e-01
-1.289421891269025844e-01
-1.288741215320373945e-01
-1.288060964661273400e-01
-1.287381139026000931e-01
-1.286701738148999519e-01
-1.286022761764878675e-01
-1.285344209608412780e-01
-1.284666081414542471e-01
-1.283988376918374363e-01
-1.283311095855179385e-01
-1.282634237960394996e-01
-1.281957802969624083e-01
-1.281281790618633287e-01
-1.280606200643355785e-01
-1.279931032779889066e-01
-1.279256286764496042e-01
-1.278581962333603383e-01
-1.277908059223803461e-01
-1.277234577171852958e-01
-1.276561515914673151e-01
-1.275888875189349070e-01
-1.275216654733130339e-01
-1.274544854283431172e-01
-1.273873473577829540e-01
-1.273202512354066618e-01
-1.272531970350049280e-01
-1.271861847303846493e-01
-1.271192142953691262e-01
-1.270522857037980624e-01
-1.269853989295274266e-01
-1.269185539464296464e-01
-1.268517507283933587e-01
-1.267849892493235486e-01
-1.267182694831414935e-01
-1.266515914037848467e-01
-1.265849549852074429e-01
-1.265183602013794373e-01
-1.264518070262872496e-01
-1.263852954339335088e-01
-1.263188253983371645e-01
-1.262523968935333474e-01
-1.261860098935733976e-01
-1.261196643725249478e-01
-1.260533603044717010e-01
-1.259870976635137085e-01
-1.259208764237670641e-01
-1.258546965593641265e-01
-1.257885580444533802e-01
-1.257224608531994636e-01
-1.256564049597831689e-01
-1.255903903384013864e-01
-1.255244169632671880e-01
-1.254584848086097160e-01
-1.253925938486741831e-01
-1.253267440577220115e-01
-1.252609354100305550e-01
-1.251951678798933210e-01
-1.251294414416198597e-01
-1.250637560695358197e-01
-1.249981117379828505e-01
-1.249325084213185888e-01
-1.248669460939167697e-01
-1.248014247301671015e-01
-1.247359443044752936e-01
-1.246705047912630565e-01
-1.246051061649681019e-01
-1.245397484000440591e-01
-1.244744314709605726e-01
-1.244091553522032184e-01
-1.243439200182734905e-01
-1.242787254436888422e-01
-1.242135716029826725e-01
-1.241484584707042010e-01
-1.240833860214186485e-01
-1.240183542297070979e-01
-1.239533630701664807e-01
-1.238884125174096462e-01
-1.238235025460652644e-01
-1.237586331307778814e-01
-1.236938042462078918e-01
-1.236290158670314970e-01
-1.235642679679407469e-01
-1.234995605236434979e-01
-1.234348935088633720e-01
-1.233702668983398393e-01
-1.233056806668281630e-01
-1.232411347890992742e-01
-1.231766292399400081e-01
-1.231121639941528262e-01
-1.230477390265560245e-01
-1.229833543119835809e-01
-1.229190098252852248e-01
-1.228547055413263950e-01
-1.227904414349882400e-01
-1.227262174811675627e-01
-1.226620336547768891e-01
-1.225978899307444414e-01
-1.225337862840140263e-01
-1.224697226895452018e-01
-1.224056991223130830e-01
-1.223417155573084947e-01
-1.222777719695378601e-01
-1.222138683340232013e-01
-1.221500046258021527e-01
-1.220861808199279613e-01
-1.220223968914694451e-01
-1.219586528155110344e-01
-1.218949485671526473e-01
-1.218312841215098419e-01
-1.217676594537136919e-01
-1.217040745389108281e-01
-1.216405293522633685e-01
-1.215770238689489607e-01
-1.215135580641608093e-01
-1.214501319131075785e-01
-1.213867453910134064e-01
-1.213233984731179188e-01
-1.212600911346762705e-01
-1.211968233509590209e-01
-1.211335950972521613e-01
-1.210704063488571847e-01
-1.210072570810909603e-01
-1.209441472692858316e-01
-1.208810768887895043e-01
-1.208180459149651165e-01
-1.207550543231911966e-01
-1.206921020888616636e-01
-1.206291891873857852e-01
-1.205663155941881920e-01
-1.205034812847089326e-01
-1.204406862344033352e-01
-1.203779304187420490e-01
-1.203152138132111276e-01
-1.202525363933118485e-01
-1.201898981345609074e-01
-1.201272990124901824e-01
-1.200647390026469002e-01
-1.200022180805935812e-01
-1.199397362219079693e-01
-1.198772934021830883e-01
-1.198148895970272132e-01
-1.197525247820638294e-01
-1.196901989329317434e-01
-1.196279120252848743e-01
-1.195656640347923932e-01
-1.195034549371386950e-01
-1.194412847080233570e-01
-1.193791533231611246e-01
-1.193170607582819120e-01
-1.192550069891308157e-01
-1.191929919914681002e-01
-1.191310157410691434e-01
-1.190690782137244635e-01
-1.190071793852397336e-01
-1.189453192314356839e-01
-1.188834977281482408e-01
-1.188217148512283466e-01
-1.187599705765420705e-01
-1.186982648799705525e-01
-1.186365977374100183e-01
-1.185749691247717230e-01
-1.185133790179820068e-01
-1.184518273929822119e-01
-1.183903142257287516e-01
-1.183288394921930275e-01
-1.182674031683614846e-01
-1.182060052302355418e-01
-1.181446456538316619e-01
-1.180833244151812400e-01
-1.180220414903306453e-01
-1.179607968553412628e-01
-1.178995904862893962e-01
-1.178384223592663232e-01
-1.177772924503782126e-01
-1.177162007357462070e-01
-1.176551471915063540e-01
-1.175941317938096198e-01
-1.175331545188218613e-01
-1.174722153427238264e-01
-1.174113142417111538e-01
-1.173504511919943455e-01
-1.172896261697987663e-01
-1.172288391513646444e-01
-1.171680901129470431e-01
-1.171073790308159029e-01
-1.170467058812559163e-01
-1.169860706405666390e-01
-1.169254732850624617e-01
-1.168649137910725000e-01
-1.168043921349407321e-01
-1.167439082930258748e-01
-1.166834622417013967e-01
-1.166230539573556158e-01
-1.165626834163915049e-01
-1.165023505952268307e-01
-1.164420554702940980e-01
-1.163817980180404943e-01
-1.163215782149279731e-01
-1.162613960374331706e-01
-1.162012514620474057e-01
-1.161411444652767216e-01
-1.160810750236418304e-01
-1.160210431136780712e-01
-1.159610487119355077e-01
-1.159010917949788305e-01
-1.158411723393873438e-01
-1.157812903217550204e-01
-1.157214457186904605e-01
-1.156616385068168218e-01
-1.156018686627719588e-01
-1.155421361632082561e-01
-1.154824409847927114e-01
-1.154227831042068803e-01
-1.153631624981469178e-01
-1.153035791433235369e-01
-1.152440330164619525e-01
-1.151845240943019655e-01
-1.151250523535979203e-01
-1.150656177711186778e-01
-1.150062203236475733e-01
-1.149468599879824859e-01
-1.148875367409358111e-01
-1.148282505593343633e-01
-1.147690014200194869e-01
-1.147097892998470009e-01
-1.146506141756871711e-01
-1.145914760244247099e-01
-1.145323748229587768e-01
-1.144733105482029500e-01
-1.144142831770852686e-01
-1.143552926865481351e-01
-1.142963390535484264e-01
-1.142374222550573554e-01
-1.141785422680605400e-01
-1.141196990695580032e-01
-1.140608926365641040e-01
-1.140021229461076063e-01
-1.139433899752315682e-01
-1.138846937009934390e-01
-1.138260341004649762e-01
-1.137674111507322727e-01
-1.137088248288957437e-01
-1.136502751120700982e-01
-1.135917619773843673e-01
-1.135332854019818621e-01
-1.134748453630201465e-01
-1.134164418376710781e-01
-1.133580748031208091e-01
-1.132997442365696744e-01
-1.132414501152323311e-01
-1.131831924163376191e-01
-1.131249711171286448e-01
-1.130667861948626979e-01
-1.130086376268112786e-01
-1.129505253902601120e-01
-1.128924494625091202e-01
-1.128344098208723806e-01
-1.127764064426781537e-01
-1.127184393052688555e-01
-1.126605083860010986e-01
-1.126026136622456236e-01
-1.125447551113872707e-01
-1.124869327108250772e-01
-1.124291464379721384e-01
-1.123713962702557051e-01
-1.123136821851171280e-01
-1.122560041600118019e-01
-1.121983621724092911e-01
-1.121407561997931762e-01
-1.120831862196611101e-01
-1.120256522095248453e-01
-1.119681541469101371e-01
-1.119106920093568269e-01
-1.118532657744187447e-01
-1.117958754196637511e-01
-1.117385209226737786e-01
-1.116812022610447069e-01
-1.116239194123864464e-01
-1.115666723543228683e-01
-1.115094610644918327e-01
-1.114522855205451884e-01
-1.113951457001487455e-01
-1.113380415809822471e-01
-1.112809731407393976e-01
-1.112239403571278484e-01
-1.111669432078691705e-01
-1.111099816706988402e-01
-1.110530557233662535e-01
-1.109961653436347118e-01
-1.109393105092814219e-01
-1.108824911980974548e-01
-1.108257073878877591e-01
-1.107689590564711751e-01
-1.107122461816803793e-01
-1.106555687413618844e-01
-1.105989267133761084e-01
-1.105423200755972085e-01
-1.104857488059132614e-01
-1.104292128822260688e-01
-1.103727122824513102e-01
-1.103162469845184596e-01
-1.102598169663707162e-01
-1.102034222059651292e-01
-1.101470626812724868e-01
-1.100907383702773579e-01
-1.100344492509780364e-01
-1.099781953013866109e-01
-1.099219764995288673e-01
-1.098657928234443165e-01
-1.098096442511862642e-01
-1.097535307608216160e-01
-1.096974523304310722e-01
-1.096414089381089751e-01
-1.095854005619634058e-01
-1.095294271801160457e-01
-1.094734887707023291e-01
-1.094175853118712904e-01
-1.093617167817856756e-01
-1.093058831586217888e-01
-1.092500844205696597e-01
-1.091943205458328903e-01
-1.091385915126287104e-01
-1.090828972991879919e-01
-1.090272378837551515e-01
-1.089716132445882335e-01
-1.089160233599588828e-01
-1.088604682081522890e-01
-1.088049477674672139e-01
-1.087494620162159781e-01
-1.086940109327244885e-01
-1.086385944953321414e-01
-1.085832126823918914e-01
-1.085278654722702379e-01
-1.084725528433471420e-01
-1.084172747740161230e-01
-1.083620312426842036e-01
-1.083068222277718540e-01
-1.082516477077130612e-01
-1.081965076609552739e-01
-1.081414020659594161e-01
-1.080863309011998730e-01
-1.080312941451644221e-01
-1.079762917763543995e-01
-1.079213237732844638e-01
-1.078663901144827353e-01
-1.078114907784907678e-01
-1.077566257438635072e-01
-1.077017949891692916e-01
-1.076469984929898510e-01
-1.075922362339203214e-01
-1.075375081905691754e-01
-1.074828143415582915e-01
-1.074281546655228570e-01
-1.073735291411114651e-01
-1.073189377469860040e-01
-1.072643804618216984e-01
-1.072098572643071374e-01
-1.071553681331441632e-01
-1.071009130470479825e-01
-1.070464919847470553e-01
-1.069921049249831779e-01
-1.069377518465113863e-01
-1.068834327281000252e-01
-1.068291475485306785e-01
-1.067748962865981838e-01
-1.067206789211106732e-01
-1.066664954308894492e-01
-1.066123457947691228e-01
-1.065582299915974612e-01
-1.065041480002354851e-01
-1.064500997995574405e-01
-1.063960853684507296e-01
-1.063421046858159524e-01
-1.062881577305669206e-01
-1.062342444816305881e-01
-1.061803649179471204e-01
-1.061265190184697838e-01
-1.060727067621650282e-01
-1.060189281280124601e-01
-1.059651830950047863e-01
-1.059114716421478419e-01
-1.058577937484606046e-01
-1.058041493929751525e-01
-1.057505385547366228e-01
-1.056969612128033226e-01
-1.056434173462465903e-01
-1.055899069341508373e-01
-1.055364299556135615e-01
-1.054829863897453479e-01
-1.054295762156697708e-01
-1.053761994125234913e-01
-1.053228559594561742e-01
-1.052695458356305708e-01
-1.052162690202223805e-01
-1.051630254924203756e-01
-1.051098152314262762e-01
-1.050566382164548340e-01
-1.050034944267337761e-01
-1.049503838415038193e-01
-1.048973064400186145e-01
-1.048442622015448300e-01
-1.047912511053620405e-01
-1.047382731307627962e-01
-1.046853282570525678e-01
-1.046324164635497739e-01
-1.045795377295857254e-01
-1.045266920345046952e-01
-1.044738793576638070e-01
-1.044210996784331047e-01
-1.043683529761955525e-01
-1.043156392303469515e-01
-1.042629584202959953e-01
-1.042103105254642420e-01
-1.041576955252861147e-01
-1.041051133992088595e-01
-1.040525641266926010e-01
-1.040000476872102730e-01
-1.039475640602476464e-01
-1.038951132253033011e-01
-1.038426951618886263e-01
-1.037903098495278065e-01
-1.037379572677578493e-01
-1.036856373961285022e-01
-1.036333502142023216e-01
-1.035810957015546457e-01
-1.035288738377735246e-01
-1.034766846024598314e-01
-1.034245279752271096e-01
-1.033724039357016844e-01
-1.033203124635226205e-01
-1.032682535383416672e-01
-1.032162271398232994e-01
-1.031642332476447321e-01
-1.031122718414958228e-01
-1.030603429010791688e-01
-1.030084464061099964e-01
-1.029565823363162852e-01
-1.029047506714385884e-01
-1.028529513912301713e-01
-1.028011844754569692e-01
-1.027494499038974912e-01
-1.026977476563429165e-01
-1.026460777125970808e-01
-1.025944400524764072e-01
-1.025428346558099474e-01
-1.024912615024392987e-01
-1.024397205722187426e-01
-1.023882118450150647e-01
-1.023367353007077069e-01
-1.022852909191886012e-01
-1.022338786803623084e-01
-1.021824985641459349e-01
-1.021311505504691047e-01
-1.020798346192740014e-01
-1.020285507505153400e-01
-1.019772989241603534e-01
-1.019260791201888061e-01
-1.018748913185929666e-01
-1.018237354993775656e-01
-1.017726116425598931e-01
-1.017215197281697014e-01
-1.016704597362491774e-01
-1.016194316468530395e-01
-1.015684354400484130e-01
-1.015174710959149129e-01
-1.014665385945446169e-01
-1.014156379160419674e-01
-1.013647690405239249e-01
-1.013139319481198286e-01
-1.012631266189714385e-01
-1.012123530332329074e-01
-1.011616111710708088e-01
-1.011109010126641228e-01
-1.010602225382041669e-01
-1.010095757278946654e-01
-1.009589605619517216e-01
-1.009083770206037761e-01
-1.008578250840916207e-01
-1.008073047326684263e-01
-1.007568159465996732e-01
-1.007063587061631654e-01
-1.006559329916490719e-01
-1.006055387833598158e-01
-1.005551760616101714e-01
-1.005048448067272088e-01
-1.004545449990502520e-01
-1.004042766189309766e-01
-1.003540396467332840e-01
-1.003038340628333441e-01
-1.002536598476196084e-01
-1.002035169814927545e-01
-1.001534054448657562e-01
-1.001033252181637717e-01
-1.000532762818242272e-01
-1.000032586162967335e-01
-9.995327220204316965e-02
-9.990331701953757138e-02
-9.985339304926620085e-02
-9.980350027172750493e-02
-9.975363866743211516e-02
-9.970380821690283391e-02
-9.965400890067466211e-02
-9.960424069929472990e-02
-9.955450359332233823e-02
-9.950479756332893111e-02
-9.945512258989806786e-02
-9.940547865362547864e-02
-9.935586573511899500e-02
-9.930628381499857771e-02
-9.925673287389628896e-02
-9.920721289245627850e-02
-9.915772385133481137e-02
-9.910826573120024019e-02
-9.905883851273297735e-02
-9.900944217662550895e-02
-9.896007670358239472e-02
-9.891074207432022647e-02
-9.886143826956771130e-02
-9.881216527006551897e-02
-9.876292305656637904e-02
-9.871371160983506698e-02
-9.866453091064834868e-02
-9.861538093979502206e-02
-9.856626167807587546e-02
-9.851717310630368762e-02
-9.846811520530324158e-02
-9.841908795591129688e-02
-9.837009133897658963e-02
-9.832112533535980470e-02
-9.827218992593360347e-02
-9.822328509158258225e-02
-9.817441081320329999e-02
-9.812556707170423664e-02
-9.807675384800577933e-02
-9.802797112304031946e-02
-9.797921887775205840e-02
-9.793049709309716022e-02
-9.788180575004368222e-02
-9.783314482957157499e-02
-9.778451431267264071e-02
-9.773591418035061651e-02
-9.768734441362103560e-02
-9.763880499351136610e-02
-9.759029590106088614e-02
-9.754181711732072546e-02
-9.749336862335387932e-02
-9.744495040023511134e-02
-9.739656242905109229e-02
-9.734820469090026129e-02
-9.729987716689285360e-02
-9.725157983815095608e-02
-9.720331268580841011e-02
-9.715507569101088092e-02
-9.710686883491574661e-02
-9.705869209869226466e-02
-9.701054546352133601e-02
-9.696242891059572711e-02
-9.691434242111987563e-02
-9.686628597631001536e-02
-9.681825955739407907e-02
-9.677026314561178177e-02
-9.672229672221449581e-02
-9.667436026846534802e-02
-9.662645376563915034e-02
-9.657857719502242755e-02
-9.653073053791337566e-02
-9.648291377562193127e-02
-9.643512688946964673e-02
-9.638736986078978719e-02
-9.633964267092724743e-02
-9.629194530123859341e-02
-9.624427773309204848e-02
-9.619663994786746553e-02
-9.614903192695632705e-02
-9.610145365176173127e-02
-9.605390510369846147e-02
-9.600638626419281951e-02
-9.595889711468279237e-02
-9.591143763661792720e-02
-9.586400781145934524e-02
-9.581660762067976955e-02
-9.576923704576352503e-02
-9.572189606820645513e-02
-9.567458466951599128e-02
-9.562730283121113894e-02
-9.558005053482242219e-02
-9.553282776189189751e-02
-9.548563449397316771e-02
-9.543847071263139581e-02
-9.539133639944319398e-02
-9.534423153599673462e-02
-9.529715610389165314e-02
-9.525011008473915908e-02
-9.520309346016186947e-02
-9.515610621179391992e-02
-9.510914832128090912e-02
-9.506221977027992653e-02
-9.501532054045948306e-02
-9.496845061349958039e-02
-9.492160997109164167e-02
-9.487479859493856693e-02
-9.482801646675464990e-02
-9.478126356826561960e-02
-9.473453988120859870e-02
-9.468784538733218681e-02
-9.464118006839633557e-02
-9.459454390617237640e-02
-9.454793688244308991e-02
-9.450135897900259485e-02
-9.445481017765640364e-02
-9.440829046022138071e-02
-9.436179980852575644e-02
-9.431533820440915483e-02
-9.426890562972245480e-02
-9.422250206632797054e-02
-9.417612749609929890e-02
-9.412978190092137487e-02
-9.408346526269044385e-02
-9.403717756331408939e-02
-9.399091878471114991e-02
-9.394468890881180201e-02
-9.389848791755750490e-02
-9.385231579290098658e-02
-9.380617251680625768e-02
-9.376005807124861147e-02
-9.371397243821458223e-02
-9.366791559970197301e-02
-9.362188753771985561e-02
-9.357588823428847347e-02
-9.352991767143936652e-02
-9.348397583121528798e-02
-9.343806269567020428e-02
-9.339217824686930902e-02
-9.334632246688893964e-02
-9.330049533781675786e-02
-9.325469684175147211e-02
-9.320892696080308737e-02
-9.316318567709271081e-02
-9.311747297275266289e-02
-9.307178882992644953e-02
-9.302613323076866503e-02
-9.298050615744510305e-02
-9.293490759213268726e-02
-9.288933751701948516e-02
-9.284379591430466649e-02
-9.279828276619855876e-02
-9.275279805492257779e-02
-9.270734176270925553e-02
-9.266191387180225392e-02
-9.261651436445626773e-02
-9.257114322293714948e-02
-9.252580042952174288e-02
-9.248048596649807718e-02
-9.243519981616514503e-02
-9.238994196083306909e-02
-9.234471238282300487e-02
-9.229951106446711295e-02
-9.225433798810867003e-02
-9.220919313610190238e-02
-9.216407649081213849e-02
-9.211898803461567031e-02
-9.207392774989982265e-02
-9.202889561906289762e-02
-9.198389162451424406e-02
-9.193891574867420202e-02
-9.189396797397400563e-02
-9.184904828285597733e-02
-9.180415665777334755e-02
-9.175929308119032402e-02
-9.171445753558207792e-02
-9.166965000343470227e-02
-9.162487046724529516e-02
-9.158011890952180711e-02
-9.153539531278317987e-02
-9.149069965955926309e-02
-9.144603193239081440e-02
-9.140139211382948548e-02
-9.135678018643786369e-02
-9.131219613278940272e-02
-9.126763993546846421e-02
-9.122311157707028995e-02
-9.117861104020097418e-02
-9.113413830747751909e-02
-9.108969336152772378e-02
-9.104527618499030917e-02
-9.100088676051479308e-02
-9.095652507076160131e-02
-9.091219109840190105e-02
-9.086788482611773965e-02
-9.082360623660200305e-02
-9.077935531255834634e-02
-9.073513203670127703e-02
-9.069093639175604404e-02
-9.064676836045873487e-02
-9.060262792555620615e-02
-9.055851506980612531e-02
-9.051442977597688733e-02
-9.047037202684767021e-02
-9.042634180520844889e-02
-9.038233909385985643e-02
-9.033836387561339221e-02
-9.029441613329118599e-02
-9.025049584972619221e-02
-9.020660300776203733e-02
-9.016273759025306145e-02
-9.011889958006435997e-02
-9.007508896007168642e-02
-9.003130571316154962e-02
-8.998754982223107490e-02
-8.994382127018815676e-02
-8.990012003995130618e-02
-8.985644611444973395e-02
-8.981279947662330898e-02
-8.976918010942255832e-02
-8.972558799580869493e-02
-8.968202311875352051e-02
-8.963848546123952266e-02
-8.959497500625977773e-02
-8.955149173681804797e-02
-8.950803563592864276e-02
-8.946460668661654347e-02
-8.942120487191732026e-02
-8.937783017487713200e-02
-8.933448257855275410e-02
-8.929116206601148131e-02
-8.924786862033130819e-02
-8.920460222460066535e-02
-8.916136286191868321e-02
-8.911815051539491439e-02
-8.907496516814956966e-02
-8.903180680331337915e-02
-8.898867540402760623e-02
-8.894557095344404751e-02
-8.890249343472499122e-02
-8.885944283104334207e-02
-8.881641912558239926e-02
-8.877342230153606462e-02
-8.873045234210868992e-02
-8.868750923051513246e-02
-8.864459294998074113e-02
-8.860170348374132865e-02
-8.855884081504324101e-02
-8.851600492714320478e-02
-8.847319580330846589e-02
-8.843041342681670636e-02
-8.838765778095605818e-02
-8.834492884902510335e-02
-8.830222661433284603e-02
-8.825955106019875429e-02
-8.821690216995262124e-02
-8.817427992693480099e-02
-8.813168431449591722e-02
-8.808911531599711298e-02
-8.804657291480981474e-02
-8.800405709431594059e-02
-8.796156783790773370e-02
-8.791910512898783170e-02
-8.787666895096923891e-02
-8.783425928727531251e-02
-8.779187612133979024e-02
-8.774951943660672105e-02
-8.770718921653056221e-02
-8.766488544457602672e-02
-8.762260810421823587e-02
-8.758035717894260830e-02
-8.753813265224485995e-02
-8.749593450763104574e-02
-8.745376272861749012e-02
-8.741161729873087038e-02
-8.736949820150810564e-02
-8.732740542049642618e-02
-8.728533893925335962e-02
-8.724329874134666152e-02
-8.720128481035441248e-02
-8.715929712986487943e-02
-8.711733568347665435e-02
-8.707540045479850166e-02
-8.703349142744953859e-02
-8.699160858505899929e-02
-8.694975191126641523e-02
-8.690792138972153191e-02
-8.686611700408428116e-02
-8.682433873802485047e-02
-8.678258657522357200e-02
-8.674086049937104748e-02
-8.669916049416796777e-02
-8.665748654332534884e-02
-8.661583863056422639e-02
-8.657421673961591957e-02
-8.653262085422187833e-02
-8.649105095813369726e-02
-8.644950703511315726e-02
-8.640798906893212838e-02
-8.636649704337270861e-02
-8.632503094222700180e-02
-8.628359074929735362e-02
-8.624217644839619890e-02
-8.620078802334606161e-02
-8.615942545797958263e-02
-8.611808873613951976e-02
-8.607677784167871993e-02
-8.603549275846009148e-02
-8.599423347035665965e-02
-8.595299996125151110e-02
-8.591179221503782160e-02
-8.587061021561880059e-02
-8.582945394690773278e-02
-8.578832339282796426e-02
-8.574721853731283316e-02
-8.570613936430579449e-02
-8.566508585776026752e-02
-8.562405800163976066e-02
-8.558305577991771884e-02
-8.554207917657767613e-02
-8.550112817561317247e-02
-8.546020276102767044e-02
-8.541930291683472176e-02
-8.537842862705778690e-02
-8.533757987573040160e-02
-8.529675664689594095e-02
-8.525595892460789693e-02
-8.521518669292964254e-02
-8.517443993593451501e-02
-8.513371863770581582e-02
-8.509302278233678296e-02
-8.505235235393061866e-02
-8.501170733660039225e-02
-8.497108771446919284e-02
-8.493049347166994889e-02
-8.488992459234553922e-02
-8.484938106064876528e-02
-8.480886286074226788e-02
-8.476836997679867980e-02
-8.472790239300041770e-02
-8.468746009353986248e-02
-8.464704306261922051e-02
-8.460665128445059302e-02
-8.456628474325594835e-02
-8.452594342326710808e-02
-8.448562730872573312e-02
-8.444533638388333763e-02
-8.440507063300131674e-02
-8.436483004035079392e-02
-8.432461459021284300e-02
-8.428442426687828004e-02
-8.424425905464774655e-02
-8.420411893783176505e-02
-8.416400390075053084e-02
-8.412391392773413412e-02
-8.408384900312243504e-02
-8.404380911126509146e-02
-8.400379423652146182e-02
-8.396380436326079943e-02
-8.392383947586198878e-02
-8.388389955871380921e-02
-8.384398459621472677e-02
-8.380409457277290808e-02
-8.376422947280637299e-02
-8.372438928074275866e-02
-8.368457398101954159e-02
-8.364478355808382948e-02
-8.360501799639249998e-02
-8.356527728041214520e-02
-8.352556139461903006e-02
-8.348587032349914783e-02
-8.344620405154815068e-02
-8.340656256327144691e-02
-8.336694584318403434e-02
-8.332735387581066688e-02
-8.328778664568567414e-02
-8.324824413735316953e-02
-8.320872633536682828e-02
-8.316923322429001231e-02
-8.312976478869574248e-02
-8.309032101316662922e-02
-8.305090188229499737e-02
-8.301150738068266421e-02
-8.297213749294124474e-02
-8.293279220369180471e-02
-8.289347149756512434e-02
-8.285417535920157339e-02
-8.281490377325104180e-02
-8.277565672437312005e-02
-8.273643419723689107e-02
-8.269723617652106895e-02
-8.265806264691391569e-02
-8.261891359311331062e-02
-8.257978899982659771e-02
-8.254068885177075210e-02
-8.250161313367229687e-02
-8.246256183026726139e-02
-8.242353492630125067e-02
-8.238453240652934828e-02
-8.234555425571622733e-02
-8.230660045863601171e-02
-8.226767100007238709e-02
-8.222876586481857319e-02
-8.218988503767718501e-02
-8.215102850346045482e-02
-8.211219624698999631e-02
-8.207338825309701269e-02
-8.203460450662208858e-02
-8.199584499241534263e-02
-8.195710969533633039e-02
-8.191839860025408593e-02
-8.187971169204708022e-02
-8.184104895560324888e-02
-8.180241037581993668e-02
-8.176379593760398079e-02
-8.172520562587158588e-02
-8.168663942554842128e-02
-8.164809732156959321e-02
-8.160957929887953377e-02
-8.157108534243216746e-02
-8.153261543719082793e-02
-8.149416956812814694e-02
-8.145574772022624865e-02
-8.141734987847658311e-02
-8.137897602788000950e-02
-8.134062615344669900e-02
-8.130230024019625967e-02
-8.126399827315766711e-02
-8.122572023736913949e-02
-8.118746611787838741e-02
-8.114923589974235019e-02
-8.111102956802737629e-02
-8.107284710780909842e-02
-8.103468850417250291e-02
-8.099655374221186033e-02
-8.095844280703080875e-02
-8.092035568374225663e-02
-8.088229235746842438e-02
-8.084425281334081670e-02
-8.080623703650022249e-02
-8.076824501209677043e-02
-8.073027672528977627e-02
-8.069233216124790942e-02
-8.065441130514906798e-02
-8.061651414218040657e-02
-8.057864065753835014e-02
-8.054079083642858017e-02
-8.050296466406599294e-02
-8.046516212567474124e-02
-8.042738320648824824e-02
-8.038962789174904089e-02
-8.035189616670902757e-02
-8.031418801662922047e-02
-8.027650342677984663e-02
-8.023884238244043121e-02
-8.020120486889954770e-02
-8.016359087145510931e-02
-8.012600037541411924e-02
-8.008843336609278163e-02
-8.005088982881648774e-02
-8.001336974891980203e-02
-7.997587311174643443e-02
-7.993839990264926809e-02
-7.990095010699033162e-02
-7.986352371014078522e-02
-7.982612069748094841e-02
-7.978874105440027231e-02
-7.975138476629732576e-02
-7.971405181857982303e-02
-7.967674219666455449e-02
-7.963945588597748371e-02
-7.960219287195360871e-02
-7.956495314003710073e-02
-7.952773667568115157e-02
-7.949054346434812623e-02
-7.945337349150936868e-02
-7.941622674264539605e-02
-7.937910320324575997e-02
-7.934200285880906034e-02
-7.930492569484298704e-02
-7.926787169686425050e-02
-7.923084085039867885e-02
-7.919383314098103754e-02
-7.915684855415523746e-02
-7.911988707547415456e-02
-7.908294869049969922e-02
-7.904603338480284402e-02
-7.900914114396352661e-02
-7.897227195357071905e-02
-7.893542579922238622e-02
-7.889860266652551357e-02
-7.886180254109605159e-02
-7.882502540855895745e-02
-7.878827125454815339e-02
-7.875154006470655443e-02
-7.871483182468606843e-02
-7.867814652014748500e-02
-7.864148413676064209e-02
-7.860484466020427330e-02
-7.856822807616610504e-02
-7.853163437034277328e-02
-7.849506352843985124e-02
-7.845851553617189111e-02
-7.842199037926227134e-02
-7.838548804344341869e-02
-7.834900851445654457e-02
-7.831255177805189482e-02
-7.827611781998849994e-02
-7.823970662603438320e-02
-7.820331818196639417e-02
-7.816695247357031973e-02
-7.813060948664080074e-02
-7.809428920698133214e-02
-7.805799162040434613e-02
-7.802171671273105957e-02
-7.798546446979161273e-02
-7.794923487742495827e-02
-7.791302792147891676e-02
-7.787684358781012117e-02
-7.784068186228411401e-02
-7.780454273077519467e-02
-7.776842617916650269e-02
-7.773233219335003163e-02
-7.769626075922654584e-02
-7.766021186270566368e-02
-7.762418548970576038e-02
-7.758818162615405134e-02
-7.755220025798653660e-02
-7.751624137114795920e-02
-7.748030495159191622e-02
-7.744439098528071996e-02
-7.740849945818548128e-02
-7.737263035628606789e-02
-7.733678366557113215e-02
-7.730095937203802781e-02
-7.726515746169289323e-02
-7.722937792055065143e-02
-7.719362073463488516e-02
-7.715788588997793407e-02
-7.712217337262089467e-02
-7.708648316861355099e-02
-7.705081526401441616e-02
-7.701516964489071859e-02
-7.697954629731838805e-02
-7.694394520738205567e-02
-7.690836636117505398e-02
-7.687280974479937523e-02
-7.683727534436574080e-02
-7.680176314599349019e-02
-7.676627313581070589e-02
-7.673080529995408849e-02
-7.669535962456898448e-02
-7.665993609580948331e-02
-7.662453469983822318e-02
-7.658915542282658528e-02
-7.655379825095445789e-02
-7.651846317041051393e-02
-7.648315016739196115e-02
-7.644785922810466705e-02
-7.641259033876308948e-02
-7.637734348559034603e-02
-7.634211865481811687e-02
-7.630691583268668643e-02
-7.627173500544498497e-02
-7.623657615935047760e-02
-7.620143928066926142e-02
-7.616632435567595449e-02
-7.613123137065383461e-02
-7.609616031189465890e-02
-7.606111116569883035e-02
-7.602608391837528679e-02
-7.599107855624145924e-02
-7.595609506562341073e-02
-7.592113343285571136e-02
-7.588619364428146608e-02
-7.585127568625232852e-02
-7.581637954512845945e-02
-7.578150520727856831e-02
-7.574665265907985778e-02
-7.571182188691805148e-02
-7.567701287718736625e-02
-7.564222561629055375e-02
-7.560746009063883111e-02
-7.557271628665192253e-02
-7.553799419075798993e-02
-7.550329378939375780e-02
-7.546861506900438832e-02
-7.543395801604346751e-02
-7.539932261697310234e-02
-7.536470885826383748e-02
-7.533011672639468304e-02
-7.529554620785307295e-02
-7.526099728913490661e-02
-7.522646995674449333e-02
-7.519196419719462177e-02
-7.515747999700647664e-02
-7.512301734270963871e-02
-7.508857622084216810e-02
-7.505415661795046545e-02
-7.501975852058941074e-02
-7.498538191532221064e-02
-7.495102678872052337e-02
-7.491669312736438935e-02
-7.488238091784218953e-02
-7.484809014675075645e-02
-7.481382080069520768e-02
-7.477957286628912625e-02
-7.474534633015436635e-02
-7.471114117892124762e-02
-7.467695739922831921e-02
-7.464279497772256800e-02
-7.460865390105932138e-02
-7.457453415590219181e-02
-7.454043572892316005e-02
-7.450635860680251965e-02
-7.447230277622891859e-02
-7.443826822389927600e-02
-7.440425493651885158e-02
-7.437026290080119006e-02
-7.433629210346816285e-02
-7.430234253124996802e-02
-7.426841417088497765e-02
-7.423450700911998767e-02
-7.420062103270996801e-02
-7.416675622841824300e-02
-7.413291258301633879e-02
-7.409909008328410818e-02
-7.406528871600964736e-02
-7.403150846798925433e-02
-7.399774932602755373e-02
-7.396401127693737199e-02
-7.393029430753979281e-02
-7.389659840466408780e-02
-7.386292355514784136e-02
-7.382926974583677027e-02
-7.379563696358489022e-02
-7.376202519525439094e-02
-7.372843442771566391e-02
-7.369486464784731627e-02
-7.366131584253615694e-02
-7.362778799867718271e-02
-7.359428110317357830e-02
-7.356079514293670241e-02
-7.352733010488611554e-02
-7.349388597594952444e-02
-7.346046274306283763e-02
-7.342706039317006828e-02
-7.339367891322347293e-02
-7.336031829018335726e-02
-7.332697851101827036e-02
-7.329365956270482430e-02
-7.326036143222781905e-02
-7.322708410658020084e-02
-7.319382757276296503e-02
-7.316059181778532261e-02
-7.312737682866451983e-02
-7.309418259242597693e-02
-7.306100909610317717e-02
-7.302785632673773619e-02
-7.299472427137933261e-02
-7.296161291708577745e-02
-7.292852225092295859e-02
-7.289545225996479916e-02
-7.286240293129335466e-02
-7.282937425199871584e-02
-7.279636620917909196e-02
-7.276337878994067199e-02
-7.273041198139777730e-02
-7.269746577067272286e-02
-7.266454014489588664e-02
-7.263163509120575123e-02
-7.259875059674870956e-02
-7.256588664867931471e-02
-7.253304323416004395e-02
-7.250022034036146534e-02
-7.246741795446211276e-02
-7.243463606364856922e-02
-7.240187465511541132e-02
-7.236913371606519541e-02
-7.233641323370851306e-02
-7.230371319526392171e-02
-7.227103358795795851e-02
-7.223837439902514035e-02
-7.220573561570800547e-02
-7.217311722525700246e-02
-7.214051921493055963e-02
-7.210794157199512666e-02
-7.207538428372502193e-02
-7.204284733740257129e-02
-7.201033072031799709e-02
-7.197783441976955687e-02
-7.194535842306333528e-02
-7.191290271751339669e-02
-7.188046729044175742e-02
-7.184805212917830253e-02
-7.181565722106088290e-02
-7.178328255343520425e-02
-7.175092811365495205e-02
-7.171859388908163879e-02
-7.168627986708472899e-02
-7.165398603504154196e-02
-7.162171238033730736e-02
-7.158945889036513743e-02
-7.155722555252598538e-02
-7.152501235422874248e-02
-7.149281928289009935e-02
-7.146064632593464305e-02
-7.142849347079478772e-02
-7.139636070491088560e-02
-7.136424801573100496e-02
-7.133215539071117994e-02
-7.130008281731520237e-02
-7.126803028301471887e-02
-7.123599777528923094e-02
-7.120398528162601159e-02
-7.117199278952020258e-02
-7.114002028647471720e-02
-7.110806776000033746e-02
-7.107613519761553367e-02
-7.104422258684671421e-02
-7.101232991522800353e-02
-7.098045717030128376e-02
-7.094860433961631963e-02
-7.091677141073056412e-02
-7.088495837120929732e-02
-7.085316520862551537e-02
-7.082139191056005534e-02
-7.078963846460147036e-02
-7.075790485834604349e-02
-7.072619107939784322e-02
-7.069449711536868186e-02
-7.066282295387811552e-02
-7.063116858255337471e-02
-7.059953398902954480e-02
-7.056791916094930228e-02
-7.053632408596312298e-02
-7.050474875172919875e-02
-7.047319314591336814e-02
-7.044165725618928287e-02
-7.041014107023818580e-02
-7.037864457574909138e-02
-7.034716776041867459e-02
-7.031571061195131256e-02
-7.028427311805902911e-02
-7.025285526646159184e-02
-7.022145704488637341e-02
-7.019007844106844862e-02
-7.015871944275055283e-02
-7.012738003768308193e-02
-7.009606021362407846e-02
-7.006475995833923165e-02
-7.003347925960186349e-02
-7.000221810519298427e-02
-6.997097648290118155e-02
-6.993975438052271731e-02
-6.990855178586143082e-02
-6.987736868672882184e-02
-6.984620507094398134e-02
-6.981506092633364691e-02
-6.978393624073210566e-02
-6.975283100198129138e-02
-6.972174519793074288e-02
-6.969067881643752072e-02
-6.965963184536634600e-02
-6.962860427258950324e-02
-6.959759608598682645e-02
-6.956660727344575468e-02
-6.953563782286127648e-02
-6.950468772213595769e-02
-6.947375695917989979e-02
-6.944284552191079540e-02
-6.941195339825384503e-02
-6.938108057614182644e-02
-6.935022704351502532e-02
-6.931939278832130458e-02
-6.928857779851600729e-02
-6.925778206206202603e-02
-6.922700556692981677e-02
-6.919624830109727398e-02
-6.916551025254984164e-02
-6.913479140928048550e-02
-6.910409175928965142e-02
-6.907341129058526541e-02
-6.904274999118281686e-02
-6.901210784910517815e-02
-6.898148485238281280e-02
-6.895088098905358120e-02
-6.892029624716285163e-02
-6.888973061476348636e-02
-6.885918407991574453e-02
-6.882865663068742090e-02
-6.879814825515370713e-02
-6.876765894139727497e-02
-6.873718867750823469e-02
-6.870673745158413503e-02
-6.867630525172999101e-02
-6.864589206605818672e-02
-6.861549788268861416e-02
-6.858512268974849280e-02
-6.855476647537254997e-02
-6.852442922770288214e-02
-6.849411093488899649e-02
-6.846381158508781095e-02
-6.843353116646364032e-02
-6.840326966718819623e-02
-6.837302707544058722e-02
-6.834280337940729089e-02
-6.831259856728218172e-02
-6.828241262726650329e-02
-6.825224554756886830e-02
-6.822209731640525854e-02
-6.819196792199903878e-02
-6.816185735258088740e-02
-6.813176559638889351e-02
-6.810169264166843206e-02
-6.807163847667227485e-02
-6.804160308966050730e-02
-6.801158646890057002e-02
-6.798158860266718950e-02
-6.795160947924247519e-02
-6.792164908691582237e-02
-6.789170741398395381e-02
-6.786178444875091975e-02
-6.783188017952801463e-02
-6.780199459463394362e-02
-6.777212768239458673e-02
-6.774227943114323469e-02
-6.771244982922038080e-02
-6.768263886497384585e-02
-6.765284652675875032e-02
-6.762307280293740341e-02
-6.759331768187949729e-02
-6.756358115196191283e-02
-6.753386320156881673e-02
-6.750416381909163377e-02
-6.747448299292904683e-02
-6.744482071148698299e-02
-6.741517696317861352e-02
-6.738555173642435392e-02
-6.735594501965183611e-02
-6.732635680129596401e-02
-6.729678706979878855e-02
-6.726723581360968818e-02
-6.723770302118516062e-02
-6.720818868098897558e-02
-6.717869278149211920e-02
-6.714921531117271081e-02
-6.711975625851614169e-02
-6.709031561201495020e-02
-6.706089336016890501e-02
-6.703148949148490798e-02
-6.700210399447710519e-02
-6.697273685766677587e-02
-6.694338806958237409e-02
-6.691405761875952873e-02
-6.688474549374104350e-02
-6.685545168307686914e-02
-6.682617617532408960e-02
-6.679691895904699139e-02
-6.676768002281695258e-02
-6.673845935521249828e-02
-6.670925694481934232e-02
-6.668007278023026230e-02
-6.665090685004522453e-02
-6.662175914287125911e-02
-6.659262964732254320e-02
-6.656351835202038714e-02
-6.653442524559317894e-02
-6.650535031667641206e-02
-6.647629355391269923e-02
-6.644725494595177251e-02
-6.641823448145038611e-02
-6.638923214907242742e-02
-6.636024793748887540e-02
-6.633128183537777278e-02
-6.630233383142419834e-02
-6.627340391432037792e-02
-6.624449207276555951e-02
-6.621559829546604103e-02
-6.618672257113519808e-02
-6.615786488849344227e-02
-6.612902523626824902e-02
-6.610020360319411592e-02
-6.607139997801260434e-02
-6.604261434947229781e-02
-6.601384670632880203e-02
-6.598509703734477261e-02
-6.595636533128984569e-02
-6.592765157694072120e-02
-6.589895576308106573e-02
-6.587027787850160965e-02
-6.584161791200000835e-02
-6.581297585238100878e-02
-6.578435168845626901e-02
-6.575574540904448317e-02
-6.572715700297135366e-02
-6.569858645906949401e-02
-6.567003376617855381e-02
-6.564149891314513541e-02
-6.561298188882280780e-02
-6.558448268207210663e-02
-6.555600128176053421e-02
-6.552753767676254559e-02
-6.549909185595954864e-02
-6.547066380823987619e-02
-6.544225352249882777e-02
-6.541386098763865564e-02
-6.538548619256849548e-02
-6.535712912620446347e-02
-6.532878977746957305e-02
-6.530046813529374883e-02
-6.527216418861389591e-02
-6.524387792637373340e-02
-6.521560933752397482e-02
-6.518735841102217543e-02
-6.515912513583284327e-02
-6.513090950092732812e-02
-6.510271149528391865e-02
-6.507453110788774531e-02
-6.504636832773087740e-02
-6.501822314381221213e-02
-6.499009554513751619e-02
-6.496198552071948129e-02
-6.493389305957759927e-02
-6.490581815073827310e-02
-6.487776078323473361e-02
-6.484972094610706728e-02
-6.482169862840221619e-02
-6.479369381917396420e-02
-6.476570650748293689e-02
-6.473773668239657386e-02
-6.470978433298917032e-02
-6.468184944834183547e-02
-6.465393201754253416e-02
-6.462603202968596194e-02
-6.459814947387373940e-02
-6.457028433921421784e-02
-6.454243661482257644e-02
-6.451460628982082224e-02
-6.448679335333769302e-02
-6.445899779450880995e-02
-6.443121960247648328e-02
-6.440345876638989275e-02
-6.437571527540493499e-02
-6.434798911868432059e-02
-6.432028028539753250e-02
-6.429258876472078443e-02
-6.426491454583709018e-02
-6.423725761793619426e-02
-6.420961797021464135e-02
-6.418199559187563741e-02
-6.415439047212924406e-02
-6.412680260019218426e-02
-6.409923196528795331e-02
-6.407167855664677725e-02
-6.404414236350558509e-02
-6.401662337510807821e-02
-6.398912158070461931e-02
-6.396163696955235733e-02
-6.393416953091507482e-02
-6.390671925406332665e-02
-6.387928612827435682e-02
-6.385187014283207063e-02
-6.382447128702714578e-02
-6.379708955015685190e-02
-6.376972492152523098e-02
-6.374237739044295858e-02
-6.371504694622741327e-02
-6.368773357820263492e-02
-6.366043727569933863e-02
-6.363315802805491472e-02
-6.360589582461338709e-02
-6.357865065472549648e-02
-6.355142250774854784e-02
-6.352421137304657683e-02
-6.349701723999022496e-02
-6.346984009795679504e-02
-6.344267993633019576e-02
-6.341553674450099709e-02
-6.338841051186640263e-02
-6.336130122783022178e-02
-6.333420888180286978e-02
-6.330713346320142321e-02
-6.328007496144952282e-02
-6.325303336597747073e-02
-6.322600866622210547e-02
-6.319900085162694081e-02
-6.317200991164202695e-02
-6.314503583572404766e-02
-6.311807861333622316e-02
-6.309113823394842113e-02
-6.306421468703703181e-02
-6.303730796208505127e-02
-6.301041804858202589e-02
-6.298354493602410786e-02
-6.295668861391399973e-02
-6.292984907176089882e-02
-6.290302629908064991e-02
-6.287622028539559260e-02
-6.284943102023463068e-02
-6.282265849313320438e-02
-6.279590269363329036e-02
-6.276916361128342947e-02
-6.274244123563862963e-02
-6.271573555626049068e-02
-6.268904656271707954e-02
-6.266237424458305505e-02
-6.263571859143948761e-02
-6.260907959287405344e-02
-6.258245723848085418e-02
-6.255585151786056952e-02
-6.252926242062033235e-02
-6.250268993637375647e-02
-6.247613405474099213e-02
-6.244959476534861498e-02
-6.242307205782975099e-02
-6.239656592182392381e-02
-6.237007634697722125e-02
-6.234360332294212881e-02
-6.231714683937761290e-02
-6.229070688594912086e-02
-6.226428345232855321e-02
-6.223787652819423588e-02
-6.221148610323097572e-02
-6.218511216713001888e-02
-6.215875470958903692e-02
-6.213241372031214071e-02
-6.210608918900989428e-02
-6.207978110539927319e-02
-6.205348945920369230e-02
-6.202721424015295026e-02
-6.200095543798331277e-02
-6.197471304243742929e-02
-6.194848704326436084e-02
