-1.000000000000000000e+00
-5.134171190325920175e-01
-2.635971381157267701e-01
-1.353352832366127023e-01
-6.948345122280154273e-02
-3.567399334725239457e-02
-1.831563888873417867e-02
-9.403562551495206132e-03
-4.827949993831441404e-03
-2.478752176666358491e-03
-1.272633801339807889e-03
-6.533919798673806139e-04
-3.354626279025118532e-04
-1.722322559608101375e-04
-8.842698865988301595e-05
-4.539992976248485417e-05
-2.330910114293701608e-05
-1.196729155604600663e-05
-6.144212353328209806e-06
-3.154543805170233732e-06
-1.619596792312609719e-06
-8.315287191035678771e-07
-4.269210793550155531e-07
-2.191885906167364281e-07
-1.125351747192591165e-07
-5.777748519419133024e-08
-2.966394999335002448e-08
-1.522997974471262915e-08
-7.819332323455080603e-09
-4.014579074266740908e-09
-2.061153622438557870e-09
-1.058231554715994127e-09
-5.433141960916677172e-10
-2.789468092868924638e-10
-1.432160671874100547e-10
-7.352958061453838482e-11
-3.775134544279097726e-11
-1.938218701684189257e-11
-9.951146618737897565e-12
-5.109089028063325100e-12
-2.623093769669294765e-12
-1.346741246175954014e-12
-6.914400106940203020e-13
-3.549971382743880874e-13
-1.822616079976514777e-13
-9.357622968840174817e-14
-4.804363825655127146e-14
-2.466642634152263745e-14
-1.266416554909417554e-14
-6.501999391167751248e-15
-3.338237795364998436e-15
-1.713908431542013000e-15
-8.799499292079708749e-16
-4.517813575468875936e-16
-2.319522830243569634e-16
-1.190882729033980201e-16
-6.114195798462941111e-17
-3.139132792048029595e-17
-1.611684514354039846e-17
-8.274664201490895760e-18
-4.248354255291588871e-18
-2.181177802381665723e-18
-1.119854023396629941e-18
-5.749522264293559897e-19
-2.951903156747351681e-19
-1.515557614400432104e-19
-7.781132241133796610e-20
-3.994966498054539232e-20
-2.051084190062875002e-20
-1.053061735755381174e-20
-5.406599225349898269e-21
-2.775840598042975429e-21
-1.425164082740935155e-21
-7.317036375095792544e-22
-3.756691735558344170e-22
-1.928749847963917821e-22
-9.902531902761868904e-23
-5.084129400644306328e-23
-2.610279069667704745e-23
-1.340161959819870607e-23
-6.880620924477871822e-24
-3.532628572200807111e-24
-1.813711984151561566e-24
-9.311907816579765254e-25
-4.780892883885468821e-25
-2.454592250847903702e-25
-1.260229681830050272e-25
-6.470234925645459878e-26
-3.321929374988957255e-26
-1.705535409336561500e-26
-8.756510762696520037e-27
-4.495742528561542958e-27
-2.308191176926357183e-27
-1.185064864233980974e-27
-6.084325884617617516e-28
-3.123797066935789443e-28
-1.603810890548637927e-28
-8.234239668985735338e-29
-4.227599608274580193e-29
-2.170522011303639466e-29
-1.114383157840336377e-29
-5.721433903968331799e-30
-2.937482111710802807e-30
-1.508153603004327935e-30
-7.743118779131129636e-31
-3.975449735908646841e-31
-2.041063950269086413e-31
-1.047917173108446042e-31
-5.380186160021138245e-32
-2.762279678137063895e-32
-1.418201674311420376e-32
-7.281290178321643462e-33
-3.738339026194188729e-33
-1.919327252795744225e-33
-9.854154686111257471e-34
-5.059291709444734689e-34
-2.597526973808617598e-34
-1.333614815502261367e-34
-6.847006764743494720e-35
-3.515370487151307364e-35
-1.804851387845415299e-35
-9.266415998295640272e-36
-4.757536605602513294e-36
-2.442600737740527707e-36
-1.254073033717619650e-36
-6.438625640277690045e-37
-3.305700626760734337e-37
-1.697203292175722025e-37
-8.713732246814979659e-38
-4.473779306181120725e-38
-2.296914882567128512e-38
-1.179275421670710866e-38
-6.054601895401185753e-39
-3.108536262026132934e-39
-1.595975732057814925e-39
-8.194012623990514689e-40
-4.206946354725880327e-40
-2.159918277368046747e-40
-1.108939019312136462e-40
-5.693482764780622842e-41
-2.923131518355411914e-41
-1.500785762707394803e-41
-7.705291025743583265e-42
-3.956028319744993897e-42
-2.031092662734810931e-42
-1.042797743389537747e-42
-5.353902131447497407e-43
-2.748785007910214747e-43
-1.411273279601236465e-43
-7.245718613805514296e-44
-3.720075976020836120e-44
-1.909950690190966531e-44
-9.806013808521660579e-45
-5.034575358764982317e-45
-2.584837176249583402e-45
-1.327099656198413985e-45
-6.813556821545298352e-46
-3.498196713682635495e-46
-1.796034078548236729e-46
-9.221146422925875649e-47
-4.734294430636271294e-47
-2.430667807229343342e-47
-1.247946462912951298e-47
-6.407170776956778755e-48
-3.289551161454994555e-48
-1.688911880224532432e-48
-8.671162718447933561e-49
-4.451923381568399729e-49
-2.285693676718671573e-49
-1.173514262491907674e-49
-6.025023117922579374e-50
-3.093350011308561020e-50
-1.588178850965469837e-50
-8.153982101711915000e-51
-4.186393999304231430e-51
-2.149366346258099587e-51
-1.103521477241452503e-51
-5.665668176358938971e-52
-2.908851032500832257e-52
-1.493453916801572188e-52
-7.667648073721999736e-53
-3.936701783766133982e-53
-2.021170088311693760e-53
-1.037703323815834557e-53
-5.327746509240682045e-54
-2.735356263710325930e-54
-1.404378732441903774e-54
-7.210320828409621975e-55
-3.701902147022795731e-55
-1.900619935265001581e-55
-9.758108115396641685e-56
-5.009979755815546844e-56
-2.572209372642414812e-56
-1.320616325650712091e-56
-6.780270292629831064e-57
-3.481106839904310465e-57
-1.787259844788338706e-57
-9.176098004738489979e-58
-4.711165801553596501e-58
-2.418793173118542504e-58
-1.241849822478200175e-58
-6.375869581278993818e-59
-3.273480591747831134e-59
-1.680660974624244022e-59
-8.628801156620958539e-60
-4.430174230537471990e-60
-2.274527290254936130e-60
-1.167781248523708636e-60
-5.995588842773315079e-61
-3.078237950560569306e-61
-1.580420060273613028e-61
-8.114147142070015432e-62
-4.165942049088048516e-62
-2.138865964899539179e-62
-1.098130401695596804e-62
-5.637989471606456541e-63
-2.894640311648300292e-63
-1.486157889442088808e-63
-7.630189020249001878e-64
-3.917469664450395229e-64
-2.011295989019716169e-64
-1.032633792204290896e-64
-5.301718666092323640e-65
-2.721993123466463189e-65
-1.397517867476651580e-65
-7.175095973164410823e-66
-3.683817103324458474e-66
-1.891334764231796162e-66
-9.710436457780846145e-67
-4.985504310702937196e-67
-2.559643260125622120e-67
-1.314164668364901017e-67
-6.747146379663355682e-68
-3.464100455937877767e-68
-1.778528476127130582e-68
-9.131269663306261962e-69
-4.688150163644318148e-69
-2.406976550610463690e-69
-1.235782966193441965e-69
-6.344721302525759729e-70
-3.257488532207521131e-70
-1.672450377487708327e-70
-8.586646545346939198e-71
-4.408531331463226361e-71
-2.263415455364788105e-71
-1.162076242267209849e-71
-5.966298364010570034e-72
-3.063199717339202855e-72
-1.572699173897714054e-72
-8.074506789675094430e-73
-4.145590013564129876e-73
-2.128416881454339247e-73
-1.092765663376631170e-73
-5.610445986685745151e-74
-2.880499014972108847e-74
-1.478897505643213324e-74
-7.592912966918323223e-75
-3.898331500540342128e-75
-2.001470128041442892e-75
-1.027589026968840470e-75
-5.275817977758366204e-76
-2.708695266681081555e-76
-1.390690520156632715e-76
-7.140043203247416477e-77
-3.665820411179563043e-77
-1.882094954398701004e-77
-9.662997692331403979e-78
-4.961148436415422299e-78
-2.547138537317478716e-78
-1.307744529606405600e-78
-6.714184288211593566e-79
-3.447177153907523321e-79
-1.769839763154137121e-79
-9.086660323479307492e-80
-4.665246964908551251e-80
-2.395217656298846922e-80
-1.229745748552962702e-80
-6.313725193646464625e-81
-3.241574599285400751e-81
-1.664279891894354999e-81
-8.544697873602816169e-82
-4.386994165268989609e-82
-2.252357905545217130e-82
-1.156399106895319254e-82
-5.937150979140460345e-83
-3.048234950971856707e-83
-1.565016006662439950e-83
-8.035060093805065822e-84
-4.125337404615184674e-84
-2.118018845314938384e-84
-1.087427133618312195e-84
-5.583037061001886269e-85
-2.866426803311805594e-85
-1.471672591274121548e-85
-7.555819019711960893e-86
-3.879286833032215270e-86
-1.991692269716430002e-86
-1.022568907117303344e-86
-5.250043823044770922e-87
-2.695462374422450342e-87
-1.383896526736737561e-87
-7.105161677963930158e-88
-3.647911638960949261e-88
-1.872900284160809325e-88
-9.615790681291746751e-89
-4.936911548809160332e-89
-2.534694904308355113e-89
-1.301355755396599592e-89
-6.681383227721919862e-90
-3.430336527929701640e-90
-1.761193497481948552e-90
-9.042268915360995170e-91
-4.642455656042646841e-91
-2.383516208162000462e-91
-1.223738024761998943e-91
-6.282880511239462421e-92
-3.225738411306613998e-92
-1.656149321885780747e-92
-8.502954135303866317e-93
-4.365562215414016666e-93
-2.241354375595362106e-93
-1.150749706249275765e-93
-5.908145989101103860e-94
-3.033343292548195074e-94
-1.557370374296946133e-94
-7.995806108382551588e-95
-4.105183736508892520e-95
-2.107671607097867156e-95
-1.082114684382990349e-95
-5.555762037187670482e-96
-2.852423339163564967e-96
-1.464482973054697654e-96
-7.518906288980136581e-97
-3.860335205164256152e-97
-1.981962179535541203e-97
-1.017573312248675219e-97
-5.224395583791720039e-98
-2.682294129316966811e-98
-1.377135724271925917e-98
-7.070450560725608953e-99
-3.630090357150151361e-99
-1.863750532995988597e-99
-9.568814292462673610e-100
-4.912793066594123259e-100
-2.522312062653999800e-100
-1.294998192508983538e-100
-6.648742411503826650e-101
-3.413578174104038440e-101
-1.752589471741047675e-101
-8.998094374281496073e-102
-4.619775690426892458e-102
-2.371871925555801135e-102
-1.217759650733157654e-102
-6.252186515535414008e-103
-3.209979588460642972e-103
-1.648058472460904282e-103
-8.461414329281159061e-104
-4.344234967880665756e-104
-2.230404601609957548e-104
-1.145127904835598776e-104
-5.879282698245269443e-105
-3.018524384911278638e-105
-1.549762093430746349e-105
-7.956743891951400108e-106
-4.085128525885900339e-106
-2.097374918638158651e-106
-1.076828188258430719e-106
-5.528620261087343794e-107
-2.838488286672627102e-107
-1.457328478551232158e-107
-7.482173889419312476e-108
-3.841476162406474704e-108
-1.972279624135128510e-108
-1.012602122550150650e-108
-5.198872644859762731e-109
-2.669190215541276392e-109
-1.370407950613198410e-109
-7.035909019031737131e-110
-3.612356138326739389e-110
-1.854645481459431422e-110
-9.522067399176978684e-111
-4.888792411319657263e-111
-2.509989715368160642e-111
-1.288671688465732383e-111
-6.616261056709485277e-112
-3.396901690503252667e-112
-1.744027479575187467e-112
-8.954135640771486198e-113
-4.597206524111861533e-113
-2.360284529207437630e-113
-1.211810483082857430e-113
-6.221642470378825130e-114
-3.194297752792836046e-114
-1.640007149571149663e-114
-8.420077459256569320e-115
-4.323011911162938878e-115
-2.219508320972813797e-115
-1.139533567822706016e-115
-5.850560414324867465e-116
-3.003777872648744226e-116
-1.542190981589137117e-116
-7.917872507655700293e-117
-4.065171291747877268e-117
-2.087128532983156434e-117
-1.071567518454972988e-117
-5.501611081740457096e-118
-2.824621311624914136e-118
-1.450208936172579718e-118
-7.445620940050318983e-119
-3.822709252449301813e-119
-1.962644371291828420e-119
-1.007655218794164266e-119
-5.173474394114462208e-120
-2.656150318815232337e-120
-1.363713044403591659e-120
-7.001536224448439538e-121
-3.594708557158785638e-121
-1.845584911178234485e-121
-9.475548880271334129e-122
-4.864909007361596672e-122
-2.497727566915250517e-122
-1.282376091533889307e-122
-6.583938384316298945e-123
-3.380306677163709207e-123
-1.735507315635992703e-123
-8.910391660538524400e-124
-4.574747615805636641e-124
-2.348753741208104644e-124
-1.205890379128132907e-124
-6.191247643210744955e-125
-3.178692528194525332e-125
-1.631995160116121288e-125
-8.378942533819369329e-126
-4.301892536253105957e-126
-2.208665272350963720e-126
-1.133966561037745485e-126
-5.821978448472841888e-127
-2.989103402084879997e-127
-1.534656857188909528e-127
-7.879191023215269291e-128
-4.045311555446797845e-128
-2.076932204386709352e-128
-1.066332548802214707e-128
-5.474733851367346237e-129
-2.810822081439176790e-129
-1.443124175165668603e-129
-7.409246564198713457e-130
-3.804034025192961906e-130
-1.953056189916488282e-130
-1.002732482335732350e-130
-5.148200222412013485e-131
-2.643174126393675372e-131
-1.357050845074580571e-131
-6.967331352589223668e-132
-3.577147190391744024e-132
-1.836568604846529726e-132
-9.429257620059944335e-133
-4.841142281907199895e-133
-2.485525323203757201e-133
-1.276111250721800998e-133
-6.551773619106523372e-134
-3.363792736075537864e-134
-1.727028775578630114e-134
-8.866861384439483808e-135
-4.552398426860432780e-135
-2.337279285007143106e-135
-1.199999196882901203e-135
-6.161001305050667383e-136
-3.163163540395093142e-136
-1.624022311938551971e-136
-8.338008566401724124e-137
-4.280876336630965112e-137
-2.197875195687825192e-137
-1.128426750963280227e-137
-5.793536115188645738e-138
-2.974500621271373550e-138
-1.527159539533861699e-138
-7.840698510906001533e-139
-4.025548840672417671e-139
-2.066785688303101646e-139
-1.061123153746351179e-139
-5.447987925352194787e-140
-2.797090265158778072e-140
-1.436074025611901456e-140
-7.373049889471852555e-141
-3.785450032736352997e-141
-1.943514850049292797e-141
-9.978337951093491097e-142
-5.123049523584191112e-142
-2.630261327059838617e-142
-1.350421192841879133e-142
-6.933293583094602748e-143
-3.559671616839520464e-143
-1.827596346219800860e-143
-9.383192508306972785e-144
-4.817491664943075714e-144
-2.473382691578552125e-144
-1.269877015775386506e-144
-6.519765989650920148e-145
-3.347359471173188175e-145
-1.718591656056264151e-145
-8.823543768458417130e-146
-4.530158421259814504e-146
-2.325860885404537445e-146
-1.194136795054968820e-146
-6.130902730479231942e-147
-3.147710416951819034e-147
-1.616088413820251091e-147
-8.297274575255290880e-148
-4.259962808250105939e-148
-2.187137832197718218e-148
-1.122914004734119993e-148
-5.765232732319641177e-149
-2.959969179979893021e-149
-1.519698848810511671e-149
-7.802394047534691360e-150
-4.005882673442230144e-150
-2.056688741381248516e-150
-1.055939208346768359e-150
-5.421372662229435216e-151
-2.783425533443837432e-151
-1.429058318422544775e-151
-7.337030047740496108e-152
-3.766956829366415015e-152
-1.934020122853525288e-152
-9.929590396264979579e-153
-5.098021694423962384e-153
-2.617411611116903406e-153
-1.343823928702070212e-153
-6.899422099612632348e-154
-3.542281417373048766e-154
-1.818667920110322976e-154
-9.337352440200206164e-155
-4.793956589239714479e-155
-2.461299380814718524e-155
-1.263673237174571559e-155
-6.487914728287823984e-156
-3.331006488326593573e-156
-1.710195754715478759e-156
-8.780437773678238440e-157
-4.508027065606741791e-157
-2.314498268544719236e-157
-1.188303033042197377e-157
-6.100951197622043747e-158
-3.132332787241492631e-158
-1.608193275476917088e-158
-8.256739583429307449e-159
-4.239151449526558519e-159
-2.176452924358844551e-159
-1.117428190134356833e-159
-5.737067621045741042e-160
-2.945508729692582084e-160
-1.512274606084086809e-160
-7.764276714418250797e-161
-3.986312582088608346e-161
-2.046641121459267568e-161
-1.050780588273230614e-161
-5.394887423666347595e-162
-2.769827558563886465e-162
-1.422076885334921757e-162
-7.301186175115248632e-163
-3.748553971548189691e-163
-1.924571780610416019e-163
-9.881080989724630436e-164
-5.073116134672036398e-164
-2.604624670381026802e-164
-1.337258894428292149e-164
-6.865716089780698099e-165
-3.524976174910852343e-165
-1.809783112381324562e-165
-9.291736316326397919e-166
-4.770536490338718364e-166
-2.449275101109650393e-166
-1.257499766129953295e-166
-6.456219071105866365e-167
-3.314733395330576958e-167
-1.701840870191714642e-167
-8.737542366257330114e-168
-4.486003829109225476e-168
-2.303191161910391051e-168
-1.182497770929338786e-168
-6.071145988130261082e-169
-3.117030282452058324e-169
-1.600336707553852018e-169
-8.216402618744337093e-170
-4.218441761327482298e-170
-2.165820215907487897e-170
-1.111969175593810985e-170
-5.709040105864100770e-171
-2.931118923594215350e-171
-1.504886633293711295e-171
-7.726345597362993799e-172
-3.966838097248184670e-172
-2.036642587557969282e-172
-1.045647169803076262e-172
-5.368531574448688085e-173
-2.756296014389055132e-173
-1.415129558908617765e-173
-7.265517411927115257e-174
-3.730241017912894756e-174
-1.915169596714005682e-174
-9.832808568036973024e-175
-5.048332247000720714e-175
-2.591900198174392381e-175
-1.330725932566675791e-175
-6.832174745203678854e-176
-3.507755474409640194e-176
-1.800941709942166131e-176
-9.246343042641719838e-177
-4.747230806540073306e-177
-2.437309564076526729e-177
-1.251356454578800493e-177
-6.424678257926741122e-178
-3.298539801896017600e-178
-1.693526802103854258e-178
-8.694856517406230133e-179
-4.464088183568378470e-179
-2.291939294315200553e-179
-1.176720869484879868e-179
-6.041486387164423057e-180
-3.101802535572698682e-180
-1.592518521621693780e-180
-8.176262713770371632e-181
-4.197833246957745782e-181
-2.155239451832236418e-181
-1.106536830185068782e-181
-5.681149514570960666e-182
-2.916799416564375912e-182
-1.497534753248398824e-182
-7.688599786640056804e-183
-3.947458751851264501e-183
-2.026692899875429607e-183
-1.040538829817891886e-183
-5.342304482466365257e-184
-2.742830576382732012e-184
-1.408216172520979470e-184
-7.230022902708111724e-185
-3.712017529247986385e-185
-1.905813345665053780e-185
-9.784771973451988622e-186
-5.023669437000475296e-186
-2.579237889316965070e-186
-1.324224886432794576e-186
-6.798797261435738717e-187
-3.490618902853145948e-187
-1.792143500743535372e-187
-9.201171530447124129e-188
-4.724038978887047236e-188
-2.425402482737809708e-188
-1.245243155181718613e-188
-6.393291532284771160e-189
-3.282425319641050862e-189
-1.685253351049711464e-189
-8.652379203359970821e-190
-4.442279603366505674e-190
-2.280742395897633923e-190
-1.170972190157298892e-190
-6.011971683378335288e-191
-3.086649181385568918e-191
-1.584738530171347597e-191
-8.136318905805023162e-192
-4.177325412148746694e-192
-2.144710378367126061e-192
-1.101131023620529325e-192
-5.653395178246505403e-193
-2.902549865168177614e-193
-1.490218789623056132e-193
-7.651038376964912803e-194
-3.928174081109273416e-194
-2.016791819781584308e-194
-1.035455445800739905e-194
-5.316205518696442846e-195
-2.729430921594242360e-195
-1.401336560363362018e-195
-7.194701796168266175e-196
-3.693883068487256065e-196
-1.896502803065961956e-196
-9.736970053873982805e-197
-4.999127113166508140e-197
-2.566637440119618753e-197
-1.317755600107451498e-197
-6.765582837962194004e-198
-3.473566049242831173e-198
-1.783388273771744872e-198
-9.156220696363793176e-199
-4.700960451153603608e-199
-2.413553571517528372e-199
-1.239159721319329011e-199
-6.362058141409874678e-200
-3.266389562080628822e-200
-1.677020318601534512e-200
-8.610109405355031208e-201
-4.420577565452971565e-201
-2.269600198114931381e-201
-1.165251595071946097e-201
-5.982601168899937532e-202
-3.071569856457565060e-202
-1.576996546609765423e-202
-8.096570236847631365e-203
-4.156917765047263447e-203
-2.134232742985926782e-203
-1.095751626248902530e-203
-5.625776431239784509e-204
-2.888369927648532493e-204
-1.482938566953742004e-204
-7.613660467476963491e-205
-3.908983622504286558e-205
-2.006939109811812006e-205
-1.030396895833395794e-205
-5.290234057188979394e-206
-2.716096728650169051e-206
-1.394490557437391208e-206
-7.159553245176451336e-207
-3.675837200699078307e-207
-1.887237745615712707e-207
-9.689401662835647235e-208
-4.974704686882872833e-208
-2.554098548377289069e-208
-1.311317918433168216e-208
-6.732530678177982092e-209
-3.456596504588617395e-209
-1.774675819043981949e-209
-9.111489462304013396e-210
-4.677994669831859103e-210
-2.401762546234849342e-210
-1.233106007088325667e-210
-6.330977336210591512e-211
-3.250432144617813872e-211
-1.668827507300670816e-211
-8.568046109606361666e-212
-4.398981549332422710e-212
-2.258512433735866194e-212
-1.159558947027934300e-212
-5.953374139315368062e-213
-3.056564199130549290e-213
-1.569292385255738692e-213
-8.057015753577706592e-214
-4.136609816202231019e-214
-2.123806294396449192e-214
-1.090398509052289270e-214
-5.598292611150812786e-215
-2.874259263918442863e-215
-1.475693910633717533e-215
-7.576465161715313028e-216
-3.889886915778603531e-216
-1.997134533661587952e-216
-1.025363058593070435e-216
-5.264389475052911201e-217
-2.702827677747114181e-217
-1.387677999550526946e-217
-7.124576406741285517e-218
-3.657879493076618050e-218
-1.878017951103866530e-218
-9.642065659472201299e-219
-4.950401572409213916e-219
-2.541620913360848426e-219
-1.304911687010687235e-219
-6.699639989369737453e-220
-3.439709861897886570e-220
-1.766005927603574435e-220
-9.066976755446902755e-221
-4.655141084117203853e-221
-2.390029124097666579e-221
-1.227081867298190161e-221
-6.300048371253940311e-222
-3.234552684535110938e-222
-1.660674720653121542e-222
-8.526188307280125475e-223
-4.377491037053051184e-223
-2.247478836834856554e-223
-1.153894109494385530e-223
-5.924289893653081076e-224
-3.041631849513381380e-224
-1.561625861334816501e-224
-8.017654507333419103e-225
-4.116401078553955793e-225
-2.113430782533666372e-225
-1.085071543643272541e-225
-5.570943058815975871e-226
-2.860217535551697255e-226
-1.468484646909508407e-226
-7.539451567599015106e-227
-3.870883502922152997e-227
-1.987377856181155117e-227
-1.020353813349736373e-227
-5.238671152439010341e-228
-2.689623450644487433e-228
-1.380898723312444166e-228
-7.089770441988056997e-229
-3.640009514928072641e-229
-1.868843198405664920e-229
-9.594960908490185289e-230
-4.926217186867559250e-230
-2.529204235810478324e-230
-1.298536752194745765e-230
-6.666909982697904737e-231
-3.422905716166515926e-231
-1.757378391514270696e-231
-9.022681508214216013e-232
-4.632399145896160443e-232
-2.378353023694866389e-232
-1.221087157467918710e-232
-6.269270504748996467e-233
-3.218750800983989943e-233
-1.652561763125110551e-233
-8.484534994471472113e-234
-4.356105513192422411e-234
-2.236499142785328914e-234
-1.148256946607748820e-234
-5.895347734364665378e-235
-3.026772449472940074e-235
-1.553996790975677480e-235
-7.978485554085648471e-236
-4.096291067421963431e-236
-2.103105958554805200e-236
-1.079770602261404067e-236
-5.543727118291578551e-237
-2.846244405776224056e-237
-1.461310602876150038e-237
-7.502618797404815233e-238
-3.851972928163496674e-238
-1.977668843369090037e-238
-1.015369039963115130e-238
-5.213078472527711177e-239
-2.676483730655800180e-239
-1.374152566130956971e-239
-7.055134516142260671e-240
-3.622226837664885116e-240
-1.859713267476512183e-240
-9.548086280145153579e-241
-4.902150950226371308e-241
-2.516848217928202513e-241
-1.292192961091059978e-241
-6.634339873175160258e-242
-3.406183664368771875e-242
-1.748793003856158480e-242
-8.978602658241133957e-243
-4.609768309732710499e-243
-2.366733964990798991e-243
-1.215121733822067543e-243
-6.238642998528376898e-244
-3.203026114977411752e-244
-1.644488440137733901e-244
-8.443085172179485965e-245
-4.334824464847351856e-245
-2.225573088253756296e-245
-1.142647323167755510e-245
-5.866546967311144122e-246
-3.011985642626049386e-246
-1.546404991204655190e-246
-7.939507954419448692e-247
-4.076279300494072548e-247
-2.092831574831935450e-247
-1.074495557770695629e-247
-5.516644136839067765e-248
-2.832339539464061881e-248
-1.454171606473792210e-248
-7.465965967747139855e-249
-3.833154737956259720e-249
-1.968007262367707780e-249
-1.010408618879970373e-249
-5.187610821510743316e-250
-2.663408202642444636e-250
-1.367439366208354307e-250
-7.020667798504734748e-251
-3.604531034793327757e-251
-1.850627939347017764e-251
-9.501440650208042698e-252
-4.878202285289156713e-252
-2.504552563371175560e-252
-1.285880161551770989e-252
-6.601928879650993041e-253
-3.389543305448224170e-253
-1.740249558719502048e-253
-8.934739148355402552e-254
-4.587248032855997643e-254
-2.355171669316940658e-254
-1.209185453287930133e-254
-6.208165118031608489e-255
-3.187378249378540878e-255
-1.636454558063139147e-255
-8.401837846284668142e-256
-4.313647381618635671e-256
-2.214700411193207874e-256
-1.137065104635027595e-256
-5.837886901742308167e-257
-2.997271074330753782e-257
-1.538850279942501123e-257
-7.900720773506065380e-258
-4.056365297814589902e-258
-2.082607384947591062e-258
-1.069246283655833083e-258
-5.489693464909042753e-259
-2.818502603125434967e-259
-1.447067486482576797e-259
-7.429492199556471545e-260
-3.814428480971109582e-260
-1.958392881456127374e-260
-1.005472431131179581e-260
-5.162267588580274130e-261
-2.650396553004310753e-261
-1.360758962537437446e-261
-6.986369462436970363e-262
-3.586921681901803412e-262
-1.841586996117633399e-262
-9.455022899945288707e-263
-4.854370617677277617e-263
-2.492316977244426676e-263
-1.279598202172754815e-263
-6.569676224788448821e-264
-3.372984240307928773e-264
-1.731747851201101582e-264
-8.891089926545851016e-265
-4.564837775147044127e-265
-2.343665859366964865e-265
-1.203278173491276662e-265
-6.177836132287141119e-266
-3.171806828894074688e-266
-1.628459924218759243e-266
-8.360792027524601070e-267
-4.292573755602019506e-267
-2.203880850836186253e-267
-1.131510157127455239e-267
-5.809366850284495429e-268
-2.982628391676622060e-268
-1.531332475999482905e-268
-7.862123081086407361e-269
-4.036548581771182158e-269
-2.072433143688134207e-269
-1.064022654019939024e-269
-5.462874456123502505e-270
-2.804733264899772966e-270
-1.439998072519608078e-270
-7.393196618055306605e-271
-3.795793708083602028e-271
-1.948825470046174881e-271
-1.000560358328482029e-271
-5.137048165912466857e-272
-2.637448469674239606e-272
-1.354111194897118105e-272
-6.952238685338854487e-273
-3.569398356653339032e-273
-1.832590220952695128e-273
-9.408831916088697071e-274
-4.830655375819795356e-274
-2.480141166092796290e-274
-1.273346932289545123e-274
-6.537581135050377143e-275
-3.356506071799514630e-275
-1.723287677398774702e-275
-8.847653945943787704e-276
-4.542536999123976041e-276
-2.332216259189276130e-276
-1.197399752753836294e-276
-6.147655313892359566e-277
-3.156311480064140101e-277
-1.620504346863904441e-277
-8.319946731466895957e-278
-4.271603081374526295e-278
-2.193114147689885852e-278
-1.125982347416602260e-278
-5.780986128922090091e-279
-2.968057243478331385e-279
-1.523851399070519108e-279
-7.823713951446002613e-280
-4.016828677086198849e-280
-2.062308607037172158e-280
-1.058824543581183075e-280
-5.436186467264089894e-281
-2.791031194546798845e-281
-1.432963195034365576e-281
-7.357078352742265606e-282
-3.777249972362124449e-282
-1.939304798676173439e-282
-9.956722826623263865e-283
-5.111951948651155962e-283
-2.624563642109620775e-283
-1.347495903849506370e-283
-6.918274648626584103e-284
-3.551960638774213232e-284
-1.823637398076483717e-284
-9.362866590805558619e-285
-4.807055990938079099e-285
-2.468024837895603414e-285
-1.267126201973288673e-285
-6.505642840678608135e-286
-3.340108404715965997e-286
-1.714868834405883103e-286
-8.804430164794810072e-287
-4.520345169932258337e-287
-2.320822594179600492e-287
-1.191550050089482192e-287
-6.117621939000363252e-288
-3.140891831252265019e-288
-1.612587635194601188e-288
-8.279300978491298405e-289
-4.250734855980883706e-289
-2.182400043529208112e-289
-1.120481542925284602e-289
-5.752744056979149354e-290
-2.953557280266212303e-290
-1.516406869731901922e-290
-7.785492463390136172e-291
-3.997205110803872741e-291
-2.052233532171121870e-291
-1.053651827669417526e-291
-5.409628858254780085e-292
-2.777396063440528884e-292
-1.425962685304152523e-292
-7.321136537368643864e-293
-3.758796829059770832e-293
-1.929830639004782916e-293
-9.908080868986992110e-294
-5.086978334896857129e-294
-2.611741761284055465e-294
-1.340912930735618258e-294
-6.884476537717785377e-295
-3.534608110042673226e-295
-1.814728312767413202e-295
-9.317125821678511895e-296
-4.783571897030534864e-296
-2.455967702058781084e-296
-1.260935862028019102e-296
-6.473860575673280770e-297
-3.323790845780979802e-297
-1.706491120307643757e-297
-8.761417546430840018e-298
-4.498261755330293563e-298
-2.309484591075994398e-298
-1.185728925200446062e-298
-6.087735287300478198e-299
-3.125547512638623867e-299
-1.604709599338466948e-299
-8.238853793763320367e-300
-4.229968578924383909e-300
-2.171738281389827153e-300
-1.115007611723999888e-300
-5.724639957107036073e-301
-2.939128154276867323e-301
-1.508998709436465977e-301
-7.747457700227110923e-302
-3.977677412277625200e-302
-2.042207677452671501e-302
-1.048504382223912085e-302
-5.383200992144689945e-303
-2.763827544560422491e-303
-1.418996375431027521e-303
-7.285370309915160879e-304
-3.740433835602365508e-304
-1.920402763806848901e-304
-9.859676543759770772e-305
-5.062126725690557202e-305
-2.598982519681737430e-305
-1.334362117671115088e-305
-6.850843542009583909e-306
-3.517340354281332356e-306
-1.805862751352266821e-306
-9.271608511675859730e-307
-4.760202530862317312e-307
-2.443969469407076961e-307
-1.254775763986641612e-307
-6.442233577778923319e-308
-3.307553003638407826e-308
-1.698154334175691915e-308
-8.718615059251272341e-309
-4.476286225675129773e-309
-2.298201977951486188e-309
-1.179936238474766706e-309
-6.057994641998940202e-310
-3.110278156210091676e-310
-1.596870050351242273e-310
-8.198604207208018932e-311
-4.209303752153570450e-311
-2.161128605563309771e-311
-1.109560422527610404e-311
-5.696673155265479432e-312
-2.924769519448912807e-312
-1.501626740506362633e-312
-7.709608749764042240e-313
-3.958245113178603040e-313
-2.032230802418359916e-313
-1.043382083792108809e-313
-5.356902234945808937e-314
-2.750325312608036174e-314
-1.412064098249230995e-314
-7.249778814330026206e-315
-3.722160552511935423e-315
-1.911020948036200816e-315
-9.811508703832556613e-316
-5.037396537537329464e-316
-2.586285633911431621e-316
-1.327843319965117425e-316
-6.817374695453357265e-317
-3.500157179200789494e-317
-1.797040270336073993e-317
-9.226315268163815103e-318
-4.736948251975661079e-318
-2.432028260340619289e-318
-1.248647166078123979e-318
-6.410748787613094534e-319
-3.291415926029800353e-319
-1.689852728470815555e-319
-8.675792740972289316e-320
-4.454495862904678842e-320
-2.287029874599130253e-320
-1.174394040164643036e-320
-6.027600879263207839e-321
-3.092850942966203367e-321
-1.590891379608813872e-321
-8.152083156380567979e-322
-4.199557989650595626e-322
-2.173888841701484794e-322
-1.086944420850742397e-322
-5.434722104253711986e-323
-2.964393875047479265e-323
-1.482196937523739633e-323
-9.881312916824930884e-324
-4.940656458412465442e-324
0.000000000000000000e+00
0.000000000000000000e+00
0.000000000000000000e+00
0.000000000000000000e+00
0.000000000000000000e+00
0.000000000000000000e+00
0.000000000000000000e+00
0.000000000000000000e+00
0.000000000000000000e+00
0.000000000000000000e+00
0.000000000000000000e+00
0.000000000000000000e+00
0.000000000000000000e+00
0.000000000000000000e+00
0.000000000000000000e+00
0.000000000000000000e+00
0.000000000000000000e+00
0.000000000000000000e+00
0.000000000000000000e+00
0.000000000000000000e+00
0.000000000000000000e+00
0.000000000000000000e+00
0.000000000000000000e+00
0.000000000000000000e+00
0.000000000000000000e+00
0.000000000000000000e+00
0.000000000000000000e+00
0.000000000000000000e+00
0.000000000000000000e+00
0.000000000000000000e+00
0.000000000000000000e+00
0.000000000000000000e+00
0.000000000000000000e+00
0.000000000000000000e+00
0.000000000000000000e+00
0.000000000000000000e+00
0.000000000000000000e+00
0.000000000000000000e+00
0.000000000000000000e+00
0.000000000000000000e+00
0.000000000000000000e+00
0.000000000000000000e+00
0.000000000000000000e+00
0.000000000000000000e+00
0.000000000000000000e+00
0.000000000000000000e+00
0.000000000000000000e+00
0.000000000000000000e+00
0.000000000000000000e+00
0.000000000000000000e+00
0.000000000000000000e+00
0.000000000000000000e+00
0.000000000000000000e+00
0.000000000000000000e+00
0.000000000000000000e+00
0.000000000000000000e+00
0.000000000000000000e+00
0.000000000000000000e+00
0.000000000000000000e+00
0.000000000000000000e+00
0.000000000000000000e+00
0.000000000000000000e+00
0.000000000000000000e+00
0.000000000000000000e+00
0.000000000000000000e+00
0.000000000000000000e+00
0.000000000000000000e+00
0.000000000000000000e+00
0.000000000000000000e+00
0.000000000000000000e+00
0.000000000000000000e+00
0.000000000000000000e+00
0.000000000000000000e+00
0.000000000000000000e+00
0.000000000000000000e+00
0.000000000000000000e+00
0.000000000000000000e+00
0.000000000000000000e+00
0.000000000000000000e+00
0.000000000000000000e+00
0.000000000000000000e+00
0.000000000000000000e+00
0.000000000000000000e+00
0.000000000000000000e+00
0.000000000000000000e+00
0.000000000000000000e+00
0.000000000000000000e+00
0.000000000000000000e+00
0.000000000000000000e+00
0.000000000000000000e+00
0.000000000000000000e+00
0.000000000000000000e+00
0.000000000000000000e+00
0.000000000000000000e+00
0.000000000000000000e+00
0.000000000000000000e+00
0.000000000000000000e+00
0.000000000000000000e+00
0.000000000000000000e+00
0.000000000000000000e+00
0.000000000000000000e+00
0.000000000000000000e+00
0.000000000000000000e+00
0.000000000000000000e+00
0.000000000000000000e+00
0.000000000000000000e+00
0.000000000000000000e+00
0.000000000000000000e+00
0.000000000000000000e+00
0.000000000000000000e+00
0.000000000000000000e+00
0.000000000000000000e+00
0.000000000000000000e+00
0.000000000000000000e+00
0.000000000000000000e+00
0.000000000000000000e+00
0.000000000000000000e+00
0.000000000000000000e+00
0.000000000000000000e+00
0.000000000000000000e+00
0.000000000000000000e+00
0.000000000000000000e+00
0.000000000000000000e+00
0.000000000000000000e+00
0.000000000000000000e+00
0.000000000000000000e+00
0.000000000000000000e+00
0.000000000000000000e+00
0.000000000000000000e+00
0.000000000000000000e+00
0.000000000000000000e+00
0.000000000000000000e+00
0.000000000000000000e+00
0.000000000000000000e+00
0.000000000000000000e+00
0.000000000000000000e+00
0.000000000000000000e+00
0.000000000000000000e+00
0.000000000000000000e+00
0.000000000000000000e+00
0.000000000000000000e+00
0.000000000000000000e+00
0.000000000000000000e+00
0.000000000000000000e+00
0.000000000000000000e+00
0.000000000000000000e+00
0.000000000000000000e+00
0.000000000000000000e+00
0.000000000000000000e+00
0.000000000000000000e+00
0.000000000000000000e+00
0.000000000000000000e+00
0.000000000000000000e+00
0.000000000000000000e+00
0.000000000000000000e+00
0.000000000000000000e+00
0.000000000000000000e+00
0.000000000000000000e+00
0.000000000000000000e+00
0.000000000000000000e+00
0.000000000000000000e+00
0.000000000000000000e+00
0.000000000000000000e+00
0.000000000000000000e+00
0.000000000000000000e+00
0.000000000000000000e+00
0.000000000000000000e+00
0.000000000000000000e+00
0.000000000000000000e+00
0.000000000000000000e+00
0.000000000000000000e+00
0.000000000000000000e+00
0.000000000000000000e+00
0.000000000000000000e+00
0.000000000000000000e+00
0.000000000000000000e+00
0.000000000000000000e+00
0.000000000000000000e+00
0.000000000000000000e+00
0.000000000000000000e+00
0.000000000000000000e+00
0.000000000000000000e+00
0.000000000000000000e+00
0.000000000000000000e+00
0.000000000000000000e+00
0.000000000000000000e+00
0.000000000000000000e+00
0.000000000000000000e+00
0.000000000000000000e+00
0.000000000000000000e+00
0.000000000000000000e+00
0.000000000000000000e+00
0.000000000000000000e+00
0.000000000000000000e+00
0.000000000000000000e+00
0.000000000000000000e+00
0.000000000000000000e+00
0.000000000000000000e+00
0.000000000000000000e+00
0.000000000000000000e+00
0.000000000000000000e+00
0.000000000000000000e+00
0.000000000000000000e+00
0.000000000000000000e+00
0.000000000000000000e+00
0.000000000000000000e+00
0.000000000000000000e+00
0.000000000000000000e+00
0.000000000000000000e+00
0.000000000000000000e+00
0.000000000000000000e+00
0.000000000000000000e+00
0.000000000000000000e+00
0.000000000000000000e+00
0.000000000000000000e+00
0.000000000000000000e+00
0.000000000000000000e+00
0.000000000000000000e+00
0.000000000000000000e+00
0.000000000000000000e+00
0.000000000000000000e+00
0.000000000000000000e+00
0.000000000000000000e+00
0.000000000000000000e+00
0.000000000000000000e+00
0.000000000000000000e+00
0.000000000000000000e+00
0.000000000000000000e+00
0.000000000000000000e+00
0.000000000000000000e+00
0.000000000000000000e+00
0.000000000000000000e+00
0.000000000000000000e+00
0.000000000000000000e+00
0.000000000000000000e+00
0.000000000000000000e+00
0.000000000000000000e+00
0.000000000000000000e+00
0.000000000000000000e+00
0.000000000000000000e+00
0.000000000000000000e+00
0.000000000000000000e+00
0.000000000000000000e+00
0.000000000000000000e+00
0.000000000000000000e+00
0.000000000000000000e+00
0.000000000000000000e+00
0.000000000000000000e+00
0.000000000000000000e+00
0.000000000000000000e+00
0.000000000000000000e+00
0.000000000000000000e+00
0.000000000000000000e+00
0.000000000000000000e+00
0.000000000000000000e+00
0.000000000000000000e+00
0.000000000000000000e+00
0.000000000000000000e+00
0.000000000000000000e+00
0.000000000000000000e+00
0.000000000000000000e+00
0.000000000000000000e+00
0.000000000000000000e+00
0.000000000000000000e+00
0.000000000000000000e+00
0.000000000000000000e+00
0.000000000000000000e+00
0.000000000000000000e+00
0.000000000000000000e+00
0.000000000000000000e+00
0.000000000000000000e+00
0.000000000000000000e+00
0.000000000000000000e+00
0.000000000000000000e+00
0.000000000000000000e+00
0.000000000000000000e+00
0.000000000000000000e+00
0.000000000000000000e+00
0.000000000000000000e+00
0.000000000000000000e+00
0.000000000000000000e+00
0.000000000000000000e+00
0.000000000000000000e+00
0.000000000000000000e+00
0.000000000000000000e+00
0.000000000000000000e+00
0.000000000000000000e+00
0.000000000000000000e+00
0.000000000000000000e+00
0.000000000000000000e+00
0.000000000000000000e+00
0.000000000000000000e+00
0.000000000000000000e+00
0.000000000000000000e+00
0.000000000000000000e+00
0.000000000000000000e+00
0.000000000000000000e+00
0.000000000000000000e+00
0.000000000000000000e+00
0.000000000000000000e+00
0.000000000000000000e+00
0.000000000000000000e+00
0.000000000000000000e+00
0.000000000000000000e+00
0.000000000000000000e+00
0.000000000000000000e+00
0.000000000000000000e+00
0.000000000000000000e+00
0.000000000000000000e+00
0.000000000000000000e+00
0.000000000000000000e+00
0.000000000000000000e+00
0.000000000000000000e+00
0.000000000000000000e+00
0.000000000000000000e+00
0.000000000000000000e+00
0.000000000000000000e+00
0.000000000000000000e+00
0.000000000000000000e+00
0.000000000000000000e+00
0.000000000000000000e+00
0.000000000000000000e+00
0.000000000000000000e+00
0.000000000000000000e+00
0.000000000000000000e+00
0.000000000000000000e+00
0.000000000000000000e+00
0.000000000000000000e+00
0.000000000000000000e+00
0.000000000000000000e+00
0.000000000000000000e+00
0.000000000000000000e+00
0.000000000000000000e+00
0.000000000000000000e+00
0.000000000000000000e+00
0.000000000000000000e+00
0.000000000000000000e+00
0.000000000000000000e+00
0.000000000000000000e+00
0.000000000000000000e+00
0.000000000000000000e+00
0.000000000000000000e+00
0.000000000000000000e+00
0.000000000000000000e+00
0.000000000000000000e+00
0.000000000000000000e+00
0.000000000000000000e+00
0.000000000000000000e+00
0.000000000000000000e+00
0.000000000000000000e+00
0.000000000000000000e+00
0.000000000000000000e+00
0.000000000000000000e+00
0.000000000000000000e+00
0.000000000000000000e+00
0.000000000000000000e+00
0.000000000000000000e+00
0.000000000000000000e+00
0.000000000000000000e+00
0.000000000000000000e+00
0.000000000000000000e+00
0.000000000000000000e+00
0.000000000000000000e+00
0.000000000000000000e+00
0.000000000000000000e+00
0.000000000000000000e+00
0.000000000000000000e+00
0.000000000000000000e+00
0.000000000000000000e+00
0.000000000000000000e+00
0.000000000000000000e+00
0.000000000000000000e+00
0.000000000000000000e+00
0.000000000000000000e+00
0.000000000000000000e+00
0.000000000000000000e+00
0.000000000000000000e+00
0.000000000000000000e+00
0.000000000000000000e+00
0.000000000000000000e+00
0.000000000000000000e+00
0.000000000000000000e+00
0.000000000000000000e+00
0.000000000000000000e+00
0.000000000000000000e+00
0.000000000000000000e+00
0.000000000000000000e+00
0.000000000000000000e+00
0.000000000000000000e+00
0.000000000000000000e+00
0.000000000000000000e+00
0.000000000000000000e+00
0.000000000000000000e+00
0.000000000000000000e+00
0.000000000000000000e+00
0.000000000000000000e+00
0.000000000000000000e+00
0.000000000000000000e+00
0.000000000000000000e+00
0.000000000000000000e+00
0.000000000000000000e+00
0.000000000000000000e+00
0.000000000000000000e+00
0.000000000000000000e+00
0.000000000000000000e+00
0.000000000000000000e+00
0.000000000000000000e+00
0.000000000000000000e+00
0.000000000000000000e+00
0.000000000000000000e+00
0.000000000000000000e+00
0.000000000000000000e+00
0.000000000000000000e+00
0.000000000000000000e+00
0.000000000000000000e+00
0.000000000000000000e+00
0.000000000000000000e+00
0.000000000000000000e+00
0.000000000000000000e+00
0.000000000000000000e+00
0.000000000000000000e+00
0.000000000000000000e+00
0.000000000000000000e+00
0.000000000000000000e+00
0.000000000000000000e+00
0.000000000000000000e+00
0.000000000000000000e+00
0.000000000000000000e+00
0.000000000000000000e+00
0.000000000000000000e+00
0.000000000000000000e+00
0.000000000000000000e+00
0.000000000000000000e+00
0.000000000000000000e+00
0.000000000000000000e+00
0.000000000000000000e+00
0.000000000000000000e+00
0.000000000000000000e+00
0.000000000000000000e+00
0.000000000000000000e+00
0.000000000000000000e+00
0.000000000000000000e+00
0.000000000000000000e+00
0.000000000000000000e+00
0.000000000000000000e+00
0.000000000000000000e+00
0.000000000000000000e+00
0.000000000000000000e+00
0.000000000000000000e+00
0.000000000000000000e+00
0.000000000000000000e+00
0.000000000000000000e+00
0.000000000000000000e+00
0.000000000000000000e+00
0.000000000000000000e+00
0.000000000000000000e+00
0.000000000000000000e+00
0.000000000000000000e+00
0.000000000000000000e+00
0.000000000000000000e+00
0.000000000000000000e+00
0.000000000000000000e+00
0.000000000000000000e+00
0.000000000000000000e+00
0.000000000000000000e+00
0.000000000000000000e+00
0.000000000000000000e+00
0.000000000000000000e+00
0.000000000000000000e+00
0.000000000000000000e+00
0.000000000000000000e+00
0.000000000000000000e+00
0.000000000000000000e+00
0.000000000000000000e+00
0.000000000000000000e+00
0.000000000000000000e+00
0.000000000000000000e+00
0.000000000000000000e+00
0.000000000000000000e+00
0.000000000000000000e+00
0.000000000000000000e+00
0.000000000000000000e+00
0.000000000000000000e+00
0.000000000000000000e+00
0.000000000000000000e+00
0.000000000000000000e+00
0.000000000000000000e+00
0.000000000000000000e+00
0.000000000000000000e+00
0.000000000000000000e+00
0.000000000000000000e+00
0.000000000000000000e+00
0.000000000000000000e+00
0.000000000000000000e+00
0.000000000000000000e+00
0.000000000000000000e+00
0.000000000000000000e+00
0.000000000000000000e+00
0.000000000000000000e+00
0.000000000000000000e+00
0.000000000000000000e+00
0.000000000000000000e+00
0.000000000000000000e+00
0.000000000000000000e+00
0.000000000000000000e+00
0.000000000000000000e+00
0.000000000000000000e+00
0.000000000000000000e+00
0.000000000000000000e+00
0.000000000000000000e+00
0.000000000000000000e+00
0.000000000000000000e+00
0.000000000000000000e+00
0.000000000000000000e+00
0.000000000000000000e+00
0.000000000000000000e+00
0.000000000000000000e+00
0.000000000000000000e+00
0.000000000000000000e+00
0.000000000000000000e+00
0.000000000000000000e+00
0.000000000000000000e+00
0.000000000000000000e+00
0.000000000000000000e+00
0.000000000000000000e+00
0.000000000000000000e+00
0.000000000000000000e+00
0.000000000000000000e+00
0.000000000000000000e+00
0.000000000000000000e+00
0.000000000000000000e+00
0.000000000000000000e+00
0.000000000000000000e+00
0.000000000000000000e+00
0.000000000000000000e+00
0.000000000000000000e+00
0.000000000000000000e+00
0.000000000000000000e+00
0.000000000000000000e+00
0.000000000000000000e+00
0.000000000000000000e+00
0.000000000000000000e+00
0.000000000000000000e+00
0.000000000000000000e+00
0.000000000000000000e+00
0.000000000000000000e+00
0.000000000000000000e+00
0.000000000000000000e+00
0.000000000000000000e+00
0.000000000000000000e+00
0.000000000000000000e+00
0.000000000000000000e+00
0.000000000000000000e+00
0.000000000000000000e+00
0.000000000000000000e+00
0.000000000000000000e+00
0.000000000000000000e+00
0.000000000000000000e+00
0.000000000000000000e+00
0.000000000000000000e+00
0.000000000000000000e+00
0.000000000000000000e+00
0.000000000000000000e+00
0.000000000000000000e+00
0.000000000000000000e+00
0.000000000000000000e+00
0.000000000000000000e+00
0.000000000000000000e+00
0.000000000000000000e+00
0.000000000000000000e+00
0.000000000000000000e+00
0.000000000000000000e+00
0.000000000000000000e+00
0.000000000000000000e+00
0.000000000000000000e+00
0.000000000000000000e+00
0.000000000000000000e+00
0.000000000000000000e+00
0.000000000000000000e+00
0.000000000000000000e+00
0.000000000000000000e+00
0.000000000000000000e+00
0.000000000000000000e+00
0.000000000000000000e+00
0.000000000000000000e+00
0.000000000000000000e+00
0.000000000000000000e+00
0.000000000000000000e+00
0.000000000000000000e+00
0.000000000000000000e+00
0.000000000000000000e+00
0.000000000000000000e+00
0.000000000000000000e+00
0.000000000000000000e+00
0.000000000000000000e+00
0.000000000000000000e+00
0.000000000000000000e+00
0.000000000000000000e+00
0.000000000000000000e+00
0.000000000000000000e+00
0.000000000000000000e+00
0.000000000000000000e+00
0.000000000000000000e+00
0.000000000000000000e+00
0.000000000000000000e+00
0.000000000000000000e+00
0.000000000000000000e+00
0.000000000000000000e+00
0.000000000000000000e+00
0.000000000000000000e+00
0.000000000000000000e+00
0.000000000000000000e+00
0.000000000000000000e+00
0.000000000000000000e+00
0.000000000000000000e+00
0.000000000000000000e+00
0.000000000000000000e+00
0.000000000000000000e+00
0.000000000000000000e+00
0.000000000000000000e+00
0.000000000000000000e+00
0.000000000000000000e+00
0.000000000000000000e+00
0.000000000000000000e+00
0.000000000000000000e+00
0.000000000000000000e+00
0.000000000000000000e+00
0.000000000000000000e+00
0.000000000000000000e+00
0.000000000000000000e+00
0.000000000000000000e+00
0.000000000000000000e+00
0.000000000000000000e+00
0.000000000000000000e+00
0.000000000000000000e+00
0.000000000000000000e+00
0.000000000000000000e+00
0.000000000000000000e+00
0.000000000000000000e+00
0.000000000000000000e+00
0.000000000000000000e+00
0.000000000000000000e+00
0.000000000000000000e+00
0.000000000000000000e+00
0.000000000000000000e+00
0.000000000000000000e+00
0.000000000000000000e+00
0.000000000000000000e+00
0.000000000000000000e+00
0.000000000000000000e+00
0.000000000000000000e+00
0.000000000000000000e+00
0.000000000000000000e+00
0.000000000000000000e+00
0.000000000000000000e+00
0.000000000000000000e+00
0.000000000000000000e+00
0.000000000000000000e+00
0.000000000000000000e+00
0.000000000000000000e+00
0.000000000000000000e+00
0.000000000000000000e+00
0.000000000000000000e+00
0.000000000000000000e+00
0.000000000000000000e+00
0.000000000000000000e+00
0.000000000000000000e+00
0.000000000000000000e+00
0.000000000000000000e+00
0.000000000000000000e+00
0.000000000000000000e+00
0.000000000000000000e+00
0.000000000000000000e+00
0.000000000000000000e+00
0.000000000000000000e+00
0.000000000000000000e+00
0.000000000000000000e+00
0.000000000000000000e+00
0.000000000000000000e+00
0.000000000000000000e+00
0.000000000000000000e+00
0.000000000000000000e+00
0.000000000000000000e+00
0.000000000000000000e+00
0.000000000000000000e+00
0.000000000000000000e+00
0.000000000000000000e+00
0.000000000000000000e+00
0.000000000000000000e+00
0.000000000000000000e+00
0.000000000000000000e+00
0.000000000000000000e+00
0.000000000000000000e+00
0.000000000000000000e+00
0.000000000000000000e+00
0.000000000000000000e+00
0.000000000000000000e+00
0.000000000000000000e+00
0.000000000000000000e+00
0.000000000000000000e+00
0.000000000000000000e+00
0.000000000000000000e+00
0.000000000000000000e+00
0.000000000000000000e+00
0.000000000000000000e+00
0.000000000000000000e+00
0.000000000000000000e+00
0.000000000000000000e+00
0.000000000000000000e+00
0.000000000000000000e+00
0.000000000000000000e+00
0.000000000000000000e+00
0.000000000000000000e+00
0.000000000000000000e+00
0.000000000000000000e+00
0.000000000000000000e+00
0.000000000000000000e+00
0.000000000000000000e+00
0.000000000000000000e+00
0.000000000000000000e+00
0.000000000000000000e+00
0.000000000000000000e+00
0.000000000000000000e+00
0.000000000000000000e+00
0.000000000000000000e+00
0.000000000000000000e+00
0.000000000000000000e+00
0.000000000000000000e+00
0.000000000000000000e+00
0.000000000000000000e+00
0.000000000000000000e+00
0.000000000000000000e+00
0.000000000000000000e+00
0.000000000000000000e+00
0.000000000000000000e+00
0.000000000000000000e+00
0.000000000000000000e+00
0.000000000000000000e+00
0.000000000000000000e+00
0.000000000000000000e+00
0.000000000000000000e+00
0.000000000000000000e+00
0.000000000000000000e+00
0.000000000000000000e+00
0.000000000000000000e+00
0.000000000000000000e+00
0.000000000000000000e+00
0.000000000000000000e+00
0.000000000000000000e+00
0.000000000000000000e+00
0.000000000000000000e+00
0.000000000000000000e+00
0.000000000000000000e+00
0.000000000000000000e+00
0.000000000000000000e+00
0.000000000000000000e+00
0.000000000000000000e+00
0.000000000000000000e+00
0.000000000000000000e+00
0.000000000000000000e+00
0.000000000000000000e+00
0.000000000000000000e+00
0.000000000000000000e+00
0.000000000000000000e+00
0.000000000000000000e+00
0.000000000000000000e+00
0.000000000000000000e+00
0.000000000000000000e+00
0.000000000000000000e+00
0.000000000000000000e+00
0.000000000000000000e+00
0.000000000000000000e+00
0.000000000000000000e+00
0.000000000000000000e+00
0.000000000000000000e+00
0.000000000000000000e+00
0.000000000000000000e+00
0.000000000000000000e+00
0.000000000000000000e+00
0.000000000000000000e+00
0.000000000000000000e+00
0.000000000000000000e+00
0.000000000000000000e+00
0.000000000000000000e+00
0.000000000000000000e+00
0.000000000000000000e+00
0.000000000000000000e+00
0.000000000000000000e+00
0.000000000000000000e+00
0.000000000000000000e+00
0.000000000000000000e+00
0.000000000000000000e+00
0.000000000000000000e+00
0.000000000000000000e+00
0.000000000000000000e+00
0.000000000000000000e+00
0.000000000000000000e+00
0.000000000000000000e+00
0.000000000000000000e+00
0.000000000000000000e+00
0.000000000000000000e+00
0.000000000000000000e+00
0.000000000000000000e+00
0.000000000000000000e+00
0.000000000000000000e+00
0.000000000000000000e+00
0.000000000000000000e+00
0.000000000000000000e+00
0.000000000000000000e+00
0.000000000000000000e+00
0.000000000000000000e+00
0.000000000000000000e+00
0.000000000000000000e+00
0.000000000000000000e+00
0.000000000000000000e+00
0.000000000000000000e+00
0.000000000000000000e+00
0.000000000000000000e+00
0.000000000000000000e+00
0.000000000000000000e+00
0.000000000000000000e+00
0.000000000000000000e+00
0.000000000000000000e+00
0.000000000000000000e+00
0.000000000000000000e+00
0.000000000000000000e+00
0.000000000000000000e+00
0.000000000000000000e+00
0.000000000000000000e+00
0.000000000000000000e+00
0.000000000000000000e+00
0.000000000000000000e+00
0.000000000000000000e+00
0.000000000000000000e+00
0.000000000000000000e+00
0.000000000000000000e+00
0.000000000000000000e+00
0.000000000000000000e+00
0.000000000000000000e+00
0.000000000000000000e+00
0.000000000000000000e+00
0.000000000000000000e+00
0.000000000000000000e+00
0.000000000000000000e+00
0.000000000000000000e+00
0.000000000000000000e+00
0.000000000000000000e+00
0.000000000000000000e+00
0.000000000000000000e+00
0.000000000000000000e+00
0.000000000000000000e+00
0.000000000000000000e+00
0.000000000000000000e+00
0.000000000000000000e+00
0.000000000000000000e+00
0.000000000000000000e+00
0.000000000000000000e+00
0.000000000000000000e+00
0.000000000000000000e+00
0.000000000000000000e+00
0.000000000000000000e+00
0.000000000000000000e+00
0.000000000000000000e+00
0.000000000000000000e+00
0.000000000000000000e+00
0.000000000000000000e+00
0.000000000000000000e+00
0.000000000000000000e+00
0.000000000000000000e+00
0.000000000000000000e+00
0.000000000000000000e+00
0.000000000000000000e+00
0.000000000000000000e+00
0.000000000000000000e+00
0.000000000000000000e+00
0.000000000000000000e+00
0.000000000000000000e+00
0.000000000000000000e+00
0.000000000000000000e+00
0.000000000000000000e+00
0.000000000000000000e+00
0.000000000000000000e+00
0.000000000000000000e+00
0.000000000000000000e+00
0.000000000000000000e+00
0.000000000000000000e+00
0.000000000000000000e+00
0.000000000000000000e+00
0.000000000000000000e+00
0.000000000000000000e+00
0.000000000000000000e+00
0.000000000000000000e+00
0.000000000000000000e+00
0.000000000000000000e+00
0.000000000000000000e+00
0.000000000000000000e+00
0.000000000000000000e+00
0.000000000000000000e+00
0.000000000000000000e+00
0.000000000000000000e+00
0.000000000000000000e+00
0.000000000000000000e+00
0.000000000000000000e+00
0.000000000000000000e+00
0.000000000000000000e+00
0.000000000000000000e+00
0.000000000000000000e+00
0.000000000000000000e+00
0.000000000000000000e+00
0.000000000000000000e+00
0.000000000000000000e+00
0.000000000000000000e+00
0.000000000000000000e+00
0.000000000000000000e+00
0.000000000000000000e+00
0.000000000000000000e+00
0.000000000000000000e+00
0.000000000000000000e+00
0.000000000000000000e+00
0.000000000000000000e+00
0.000000000000000000e+00
0.000000000000000000e+00
0.000000000000000000e+00
0.000000000000000000e+00
0.000000000000000000e+00
0.000000000000000000e+00
0.000000000000000000e+00
0.000000000000000000e+00
0.000000000000000000e+00
0.000000000000000000e+00
0.000000000000000000e+00
0.000000000000000000e+00
0.000000000000000000e+00
0.000000000000000000e+00
0.000000000000000000e+00
0.000000000000000000e+00
0.000000000000000000e+00
0.000000000000000000e+00
0.000000000000000000e+00
0.000000000000000000e+00
0.000000000000000000e+00
0.000000000000000000e+00
0.000000000000000000e+00
0.000000000000000000e+00
0.000000000000000000e+00
0.000000000000000000e+00
0.000000000000000000e+00
0.000000000000000000e+00
0.000000000000000000e+00
0.000000000000000000e+00
0.000000000000000000e+00
0.000000000000000000e+00
0.000000000000000000e+00
0.000000000000000000e+00
0.000000000000000000e+00
0.000000000000000000e+00
0.000000000000000000e+00
0.000000000000000000e+00
0.000000000000000000e+00
0.000000000000000000e+00
0.000000000000000000e+00
0.000000000000000000e+00
0.000000000000000000e+00
0.000000000000000000e+00
0.000000000000000000e+00
0.000000000000000000e+00
0.000000000000000000e+00
0.000000000000000000e+00
0.000000000000000000e+00
0.000000000000000000e+00
0.000000000000000000e+00
0.000000000000000000e+00
0.000000000000000000e+00
0.000000000000000000e+00
0.000000000000000000e+00
0.000000000000000000e+00
0.000000000000000000e+00
0.000000000000000000e+00
0.000000000000000000e+00
0.000000000000000000e+00
0.000000000000000000e+00
0.000000000000000000e+00
0.000000000000000000e+00
0.000000000000000000e+00
0.000000000000000000e+00
0.000000000000000000e+00
0.000000000000000000e+00
0.000000000000000000e+00
0.000000000000000000e+00
0.000000000000000000e+00
0.000000000000000000e+00
0.000000000000000000e+00
0.000000000000000000e+00
0.000000000000000000e+00
0.000000000000000000e+00
0.000000000000000000e+00
0.000000000000000000e+00
0.000000000000000000e+00
0.000000000000000000e+00
0.000000000000000000e+00
0.000000000000000000e+00
0.000000000000000000e+00
0.000000000000000000e+00
0.000000000000000000e+00
0.000000000000000000e+00
0.000000000000000000e+00
0.000000000000000000e+00
0.000000000000000000e+00
0.000000000000000000e+00
0.000000000000000000e+00
0.000000000000000000e+00
0.000000000000000000e+00
0.000000000000000000e+00
0.000000000000000000e+00
0.000000000000000000e+00
0.000000000000000000e+00
0.000000000000000000e+00
0.000000000000000000e+00
0.000000000000000000e+00
0.000000000000000000e+00
0.000000000000000000e+00
0.000000000000000000e+00
0.000000000000000000e+00
0.000000000000000000e+00
0.000000000000000000e+00
0.000000000000000000e+00
0.000000000000000000e+00
0.000000000000000000e+00
0.000000000000000000e+00
0.000000000000000000e+00
0.000000000000000000e+00
0.000000000000000000e+00
0.000000000000000000e+00
0.000000000000000000e+00
0.000000000000000000e+00
0.000000000000000000e+00
0.000000000000000000e+00
0.000000000000000000e+00
0.000000000000000000e+00
0.000000000000000000e+00
0.000000000000000000e+00
0.000000000000000000e+00
0.000000000000000000e+00
0.000000000000000000e+00
0.000000000000000000e+00
0.000000000000000000e+00
0.000000000000000000e+00
0.000000000000000000e+00
0.000000000000000000e+00
0.000000000000000000e+00
0.000000000000000000e+00
0.000000000000000000e+00
0.000000000000000000e+00
0.000000000000000000e+00
0.000000000000000000e+00
0.000000000000000000e+00
0.000000000000000000e+00
0.000000000000000000e+00
0.000000000000000000e+00
0.000000000000000000e+00
0.000000000000000000e+00
0.000000000000000000e+00
0.000000000000000000e+00
0.000000000000000000e+00
0.000000000000000000e+00
0.000000000000000000e+00
0.000000000000000000e+00
0.000000000000000000e+00
0.000000000000000000e+00
0.000000000000000000e+00
0.000000000000000000e+00
0.000000000000000000e+00
0.000000000000000000e+00
0.000000000000000000e+00
0.000000000000000000e+00
0.000000000000000000e+00
0.000000000000000000e+00
0.000000000000000000e+00
0.000000000000000000e+00
0.000000000000000000e+00
0.000000000000000000e+00
0.000000000000000000e+00
0.000000000000000000e+00
0.000000000000000000e+00
0.000000000000000000e+00
0.000000000000000000e+00
0.000000000000000000e+00
0.000000000000000000e+00
0.000000000000000000e+00
0.000000000000000000e+00
0.000000000000000000e+00
0.000000000000000000e+00
0.000000000000000000e+00
0.000000000000000000e+00
0.000000000000000000e+00
0.000000000000000000e+00
0.000000000000000000e+00
0.000000000000000000e+00
0.000000000000000000e+00
0.000000000000000000e+00
0.000000000000000000e+00
0.000000000000000000e+00
0.000000000000000000e+00
0.000000000000000000e+00
0.000000000000000000e+00
0.000000000000000000e+00
0.000000000000000000e+00
0.000000000000000000e+00
0.000000000000000000e+00
0.000000000000000000e+00
0.000000000000000000e+00
0.000000000000000000e+00
0.000000000000000000e+00
0.000000000000000000e+00
0.000000000000000000e+00
0.000000000000000000e+00
0.000000000000000000e+00
0.000000000000000000e+00
0.000000000000000000e+00
0.000000000000000000e+00
0.000000000000000000e+00
0.000000000000000000e+00
0.000000000000000000e+00
0.000000000000000000e+00
0.000000000000000000e+00
0.000000000000000000e+00
0.000000000000000000e+00
0.000000000000000000e+00
0.000000000000000000e+00
0.000000000000000000e+00
0.000000000000000000e+00
0.000000000000000000e+00
0.000000000000000000e+00
0.000000000000000000e+00
0.000000000000000000e+00
0.000000000000000000e+00
0.000000000000000000e+00
0.000000000000000000e+00
0.000000000000000000e+00
0.000000000000000000e+00
0.000000000000000000e+00
0.000000000000000000e+00
0.000000000000000000e+00
0.000000000000000000e+00
0.000000000000000000e+00
0.000000000000000000e+00
0.000000000000000000e+00
0.000000000000000000e+00
0.000000000000000000e+00
0.000000000000000000e+00
0.000000000000000000e+00
0.000000000000000000e+00
0.000000000000000000e+00
0.000000000000000000e+00
0.000000000000000000e+00
0.000000000000000000e+00
0.000000000000000000e+00
0.000000000000000000e+00
0.000000000000000000e+00
0.000000000000000000e+00
0.000000000000000000e+00
0.000000000000000000e+00
0.000000000000000000e+00
0.000000000000000000e+00
0.000000000000000000e+00
0.000000000000000000e+00
0.000000000000000000e+00
0.000000000000000000e+00
0.000000000000000000e+00
0.000000000000000000e+00
0.000000000000000000e+00
0.000000000000000000e+00
0.000000000000000000e+00
0.000000000000000000e+00
0.000000000000000000e+00
0.000000000000000000e+00
0.000000000000000000e+00
0.000000000000000000e+00
0.000000000000000000e+00
0.000000000000000000e+00
0.000000000000000000e+00
0.000000000000000000e+00
0.000000000000000000e+00
0.000000000000000000e+00
0.000000000000000000e+00
0.000000000000000000e+00
0.000000000000000000e+00
0.000000000000000000e+00
0.000000000000000000e+00
0.000000000000000000e+00
0.000000000000000000e+00
0.000000000000000000e+00
0.000000000000000000e+00
0.000000000000000000e+00
0.000000000000000000e+00
0.000000000000000000e+00
0.000000000000000000e+00
0.000000000000000000e+00
0.000000000000000000e+00
0.000000000000000000e+00
0.000000000000000000e+00
0.000000000000000000e+00
0.000000000000000000e+00
0.000000000000000000e+00
0.000000000000000000e+00
0.000000000000000000e+00
0.000000000000000000e+00
0.000000000000000000e+00
0.000000000000000000e+00
0.000000000000000000e+00
0.000000000000000000e+00
0.000000000000000000e+00
0.000000000000000000e+00
0.000000000000000000e+00
0.000000000000000000e+00
0.000000000000000000e+00
0.000000000000000000e+00
0.000000000000000000e+00
0.000000000000000000e+00
0.000000000000000000e+00
0.000000000000000000e+00
0.000000000000000000e+00
0.000000000000000000e+00
0.000000000000000000e+00
0.000000000000000000e+00
0.000000000000000000e+00
0.000000000000000000e+00
0.000000000000000000e+00
0.000000000000000000e+00
0.000000000000000000e+00
0.000000000000000000e+00
0.000000000000000000e+00
0.000000000000000000e+00
0.000000000000000000e+00
0.000000000000000000e+00
0.000000000000000000e+00
0.000000000000000000e+00
0.000000000000000000e+00
0.000000000000000000e+00
0.000000000000000000e+00
0.000000000000000000e+00
0.000000000000000000e+00
0.000000000000000000e+00
0.000000000000000000e+00
0.000000000000000000e+00
0.000000000000000000e+00
0.000000000000000000e+00
0.000000000000000000e+00
0.000000000000000000e+00
0.000000000000000000e+00
0.000000000000000000e+00
0.000000000000000000e+00
0.000000000000000000e+00
0.000000000000000000e+00
0.000000000000000000e+00
0.000000000000000000e+00
0.000000000000000000e+00
0.000000000000000000e+00
0.000000000000000000e+00
0.000000000000000000e+00
0.000000000000000000e+00
0.000000000000000000e+00
0.000000000000000000e+00
0.000000000000000000e+00
0.000000000000000000e+00
0.000000000000000000e+00
0.000000000000000000e+00
0.000000000000000000e+00
0.000000000000000000e+00
0.000000000000000000e+00
0.000000000000000000e+00
0.000000000000000000e+00
0.000000000000000000e+00
0.000000000000000000e+00
0.000000000000000000e+00
0.000000000000000000e+00
0.000000000000000000e+00
0.000000000000000000e+00
0.000000000000000000e+00
0.000000000000000000e+00
0.000000000000000000e+00
0.000000000000000000e+00
0.000000000000000000e+00
0.000000000000000000e+00
0.000000000000000000e+00
0.000000000000000000e+00
0.000000000000000000e+00
0.000000000000000000e+00
0.000000000000000000e+00
0.000000000000000000e+00
0.000000000000000000e+00
0.000000000000000000e+00
0.000000000000000000e+00
0.000000000000000000e+00
0.000000000000000000e+00
0.000000000000000000e+00
0.000000000000000000e+00
0.000000000000000000e+00
0.000000000000000000e+00
0.000000000000000000e+00
0.000000000000000000e+00
0.000000000000000000e+00
0.000000000000000000e+00
0.000000000000000000e+00
0.000000000000000000e+00
0.000000000000000000e+00
0.000000000000000000e+00
0.000000000000000000e+00
0.000000000000000000e+00
0.000000000000000000e+00
0.000000000000000000e+00
0.000000000000000000e+00
0.000000000000000000e+00
0.000000000000000000e+00
0.000000000000000000e+00
0.000000000000000000e+00
0.000000000000000000e+00
0.000000000000000000e+00
0.000000000000000000e+00
0.000000000000000000e+00
0.000000000000000000e+00
0.000000000000000000e+00
0.000000000000000000e+00
0.000000000000000000e+00
0.000000000000000000e+00
0.000000000000000000e+00
0.000000000000000000e+00
0.000000000000000000e+00
0.000000000000000000e+00
0.000000000000000000e+00
0.000000000000000000e+00
0.000000000000000000e+00
0.000000000000000000e+00
0.000000000000000000e+00
0.000000000000000000e+00
0.000000000000000000e+00
0.000000000000000000e+00
0.000000000000000000e+00
0.000000000000000000e+00
0.000000000000000000e+00
0.000000000000000000e+00
0.000000000000000000e+00
0.000000000000000000e+00
0.000000000000000000e+00
0.000000000000000000e+00
0.000000000000000000e+00
0.000000000000000000e+00
0.000000000000000000e+00
0.000000000000000000e+00
0.000000000000000000e+00
0.000000000000000000e+00
0.000000000000000000e+00
0.000000000000000000e+00
0.000000000000000000e+00
0.000000000000000000e+00
0.000000000000000000e+00
0.000000000000000000e+00
0.000000000000000000e+00
0.000000000000000000e+00
0.000000000000000000e+00
0.000000000000000000e+00
0.000000000000000000e+00
0.000000000000000000e+00
0.000000000000000000e+00
0.000000000000000000e+00
0.000000000000000000e+00
0.000000000000000000e+00
0.000000000000000000e+00
0.000000000000000000e+00
0.000000000000000000e+00
0.000000000000000000e+00
0.000000000000000000e+00
0.000000000000000000e+00
0.000000000000000000e+00
0.000000000000000000e+00
0.000000000000000000e+00
0.000000000000000000e+00
0.000000000000000000e+00
0.000000000000000000e+00
0.000000000000000000e+00
0.000000000000000000e+00
0.000000000000000000e+00
