-4.000000000000000222e-01
-3.202949611667232355e-01
-2.564721553719818692e-01
-2.053668476130368070e-01
-1.644449162028749911e-01
-1.316771951231622273e-01
-1.054388552462907080e-01
-8.442883511643609062e-02
-6.760532616242644066e-02
-5.413411329464508370e-02
-4.334720928875834822e-02
-3.470973178957169336e-02
-2.779338048912061848e-02
-2.225519931113712629e-02
-1.782057049779587829e-02
-1.426959733890095783e-02
-1.142620031382015136e-02
-9.149385964495564474e-03
-7.326255555493672161e-03
-5.866406846610839818e-03
-4.697451382808544469e-03
-3.761425020598082800e-03
-3.011913702260009436e-03
-2.411751955757230042e-03
-1.931179997532576605e-03
-1.546368055789123109e-03
-1.238234740946096094e-03
-9.915008706665433963e-04
-7.939318321672818052e-04
-6.357309133826123150e-04
-5.090535205359231555e-04
-4.076181939795931299e-04
-3.263951340288593489e-04
-2.613567919469522672e-04
-2.092781588182710591e-04
-1.675768493793536448e-04
-1.341850511610047576e-04
-1.074469893769220379e-04
-8.603682322490633510e-05
-6.889290238432406043e-05
-5.516512373462477116e-05
-4.417277791084783562e-05
-3.537079546395320638e-05
-2.832271889890753021e-05
-2.267906037465399063e-05
-1.815997190499394099e-05
-1.454136874024705825e-05
-1.164381783992107573e-05
-9.323640457174807786e-06
-7.465787645408228930e-06
-5.978135409912581019e-06
-4.786916622418403162e-06
-3.833063184214613640e-06
-3.069277059344037563e-06
-2.457684941331284007e-06
-1.967960257109361887e-06
-1.575819385321242464e-06
-1.261817522068093577e-06
-1.010384485575726430e-06
-8.090526489273428729e-07
-6.478387169250439510e-07
-5.187486916995173148e-07
-4.153814801579629888e-07
-3.326114876414271932e-07
-2.663344587942926012e-07
-2.132639628421952948e-07
-1.707684317420062213e-07
-1.367406705332701464e-07
-1.094933693959137229e-07
-8.767543624669457653e-08
-7.020500111977644354e-08
-5.621577026842133108e-08
-4.501406988770365188e-08
-3.604444941659554200e-08
-2.886213881541099209e-08
-2.311099407767653342e-08
-1.850583737658445398e-08
-1.481831615972704324e-08
-1.186557999734001078e-08
-9.501213711171640431e-09
-7.607977191641151687e-09
-6.091991897885052158e-09
-4.878085770902716710e-09
-3.906065731398079309e-09
-3.127732929382032324e-09
-2.504492742890750679e-09
-2.005441014566334152e-09
-1.605831629706696487e-09
-1.285849448693001787e-09
-1.029627748088444538e-09
-8.244614489754231893e-10
-6.601771194576093812e-10
-5.286285120995858588e-10
-4.232926218863976716e-10
-3.389462347231607252e-10
-2.714069277206547290e-10
-2.173256784366671075e-10
-1.740207993385096937e-10
-1.393449629158253344e-10
-1.115787237147569933e-10
-8.934525744812665023e-11
-7.154208941194659821e-11
-5.728642687496402703e-11
-4.587138467824236488e-11
-3.673093343545367961e-11
-2.941183224581535264e-11
-2.355115416753895069e-11
-1.885829002380851502e-11
-1.510053817711639284e-11
-1.209156572259030039e-11
-9.682168933904860935e-12
-7.752874806736757027e-12
-6.208016837885545964e-12
-4.970991280032290919e-12
-3.980458647495159188e-12
-3.187302119813015309e-12
-2.552192021730312771e-12
-2.043635611225330282e-12
-1.636415471840875689e-12
-1.310339075014746796e-12
-1.049237507867717947e-12
-8.401637170929010136e-13
-6.727505128499020732e-13
-5.386964984703816056e-13
-4.313544351455504564e-13
-3.454016301350950875e-13
-2.765760042776081612e-13
-2.214647513743600960e-13
-1.773351098531218382e-13
-1.419988553097552450e-13
-1.137037946178931095e-13
-9.104688120411793659e-14
-7.290464319906059360e-14
-5.837747465579214959e-14
-4.674502744472082320e-14
-3.743049187536070053e-14
-2.997199485417503337e-14
-2.399969731976807130e-14
-1.921745530262051048e-14
-1.538813524969019941e-14
-1.232185545556952863e-14
-9.866570536609054981e-15
-7.900532067179809874e-15
-6.326251529134526028e-15
-5.065666219637670688e-15
-4.056268412756075915e-15
-3.248005834363786498e-15
-2.600799756467100657e-15
-2.082557642500134592e-15
-1.667581798080097587e-15
-1.335295118145999493e-15
-1.069220745031720799e-15
-8.561650425214752312e-16
-6.855633726168052788e-16
-5.489562345240690117e-16
-4.395697895477935718e-16
-3.519799716831883795e-16
-2.818435284043281190e-16
-2.256826549633898688e-16
-1.807125430187550473e-16
-1.447032923713299709e-16
-1.158693385269303931e-16
-9.278091320974278783e-17
-7.429314748381926281e-17
-5.948930197070886614e-17
-4.763530916135921298e-17
-3.814337374500604061e-17
-3.054282603106110556e-17
-2.445678319385176506e-17
-1.958346105834431856e-17
-1.568120974798108506e-17
-1.255653116819211961e-17
-1.005448415726211933e-17
-8.051001531754267418e-18
-6.446738057416159847e-18
-5.162144289380368593e-18
-4.133522011760241738e-18
-3.309865680596358612e-18
-2.650333249084203373e-18
-2.122220962735752270e-18
-1.699341702116635625e-18
-1.360726461221103952e-18
-1.089584572638366484e-18
-8.724711209526663276e-19
-6.986202595115549889e-19
-5.594113722263454303e-19
-4.479416093586519570e-19
-3.586836009362226262e-19
-2.872113750825198719e-19
-2.299808905717423959e-19
-1.841543010369117828e-19
-1.474592367482569072e-19
-1.180761262698940721e-19
-9.454797069583215711e-20
-7.570809650603463354e-20
-6.062230457601728655e-20
-4.854254672503183968e-20
-3.886983279556983696e-20
-3.112452896453518885e-20
-2.492257449007089238e-20
-1.995643757118007388e-20
-1.597986599221815633e-20
-1.279567639356740037e-20
-1.024597668394900325e-20
-8.204336760251500609e-21
-6.569519310058690132e-21
-5.260459830748221324e-21
-4.212246943021524696e-21
-3.372903677599322504e-21
-2.700810131089434554e-21
-2.162639690139959609e-21
-1.731706488927482745e-21
-1.386642156557968305e-21
-1.110336239217190285e-21
-8.890877565551893206e-22
-7.119258211491341052e-22
-5.700656330963740618e-22
-4.564728745377169627e-22
-3.655149040593017209e-22
-2.926814550038317018e-22
-2.343609881616809954e-22
-1.876616090056000320e-22
-1.502676694223337668e-22
-1.203249433556011056e-22
-9.634868264867614164e-23
-7.714999391855671752e-23
-6.177688576539267905e-23
-4.946706306806890765e-23
-3.961012761104747914e-23
-3.171731071247353031e-23
-2.539723700741134959e-23
-2.033651760257722766e-23
-1.628421028945965539e-23
-1.303937625573309569e-23
-1.044111627867081986e-23
-8.360592332535286132e-24
-6.694638991200488638e-24
-5.360647839279483015e-24
-4.292471228776255165e-24
-3.437142263825396803e-24
-2.752248369791149023e-24
-2.203828211808584677e-24
-1.764687678798400813e-24
-1.413051428880322954e-24
-1.131483131349515335e-24
-9.060208640409891240e-25
-7.254847936606246263e-25
-5.809228095314453950e-25
-4.651666217993422368e-25
-3.724763126631906285e-25
-2.982557152499525089e-25
-2.388245068343421666e-25
-1.912357153554187529e-25
-1.531295900586360856e-25
-1.226165902532678327e-25
-9.818369003391615496e-26
-7.861935296654698346e-26
-6.295345651343227688e-26
-5.040918727320201431e-26
-4.036452170029082930e-26
-3.232138227627004479e-26
-2.588093970258184295e-26
-2.072383644249190622e-26
-1.659435097143368695e-26
-1.328771749995583074e-26
-1.063997240160686080e-26
-8.519823867969136746e-27
-6.822141637346246575e-27
-5.462743977019258244e-27
-4.374223424957839645e-27
-3.502604305078608302e-27
-2.804666274693878468e-27
-2.245801188846736848e-27
-1.798297011424617327e-27
-1.439963678601206623e-27
-1.153032776297656263e-27
-9.232764707705429090e-28
-7.393020033790013105e-28
-5.919867661568952258e-28
-4.740259456935923717e-28
-3.795703046698713827e-28
-3.039361399856946364e-28
-2.433730353847047096e-28
-1.948778922939290417e-28
-1.560460173613411989e-28
-1.249518826774315777e-28
-1.000536460246923279e-28
-8.011669667016982105e-29
-6.415243562194552155e-29
-5.136925469070404849e-29
-4.113328359080674555e-29
-3.293695867594294247e-29
-2.637385475015299071e-29
-2.111853195754249199e-29
-1.691039843309832246e-29
-1.354078852360752428e-29
-1.084261583583929468e-29
-8.682088045214558425e-30
-6.952072633220127590e-30
-5.566784585213743976e-30
-4.457532631361345928e-30
-3.569313102653237394e-30
-2.858082504015469738e-30
-2.288573561587333000e-30
-1.832546450089499059e-30
-1.467388485169093095e-30
-1.174992844684321228e-30
-9.408607188983498309e-31
-7.533823685571115975e-31
-6.032614412017312442e-31
-4.830539997077288185e-31
-3.867994051945408666e-31
-3.097247511652451854e-31
-2.480081928671114839e-31
-1.985894362585032561e-31
-1.590179894363458912e-31
-1.273316518783112173e-31
-1.019592162341468180e-31
-8.164255801076345651e-32
-6.537424986902410014e-32
-5.234760705775650121e-32
-4.191668692433784388e-32
-3.356425902667100245e-32
-2.687615760384377935e-32
-2.152074464008455353e-32
-1.723246517193701575e-32
-1.379867940763129827e-32
-1.104911871254825586e-32
-8.847442622405467355e-33
-7.084478227920382056e-33
-5.672806697245682052e-33
-4.542428502001554141e-33
-3.637292401628039593e-33
-2.912516071328657658e-33
-2.332160554909159686e-33
-1.867448185922996982e-33
-1.495335610477675492e-33
-1.197371153222923240e-33
-9.587798675592208344e-34
-7.677309011182977070e-34
-6.147508479004426188e-34
-4.922539973887099661e-34
-3.941661874444503330e-34
-3.156236092518868928e-34
-2.527316291715873503e-34
-2.023716683777893790e-34
-1.620465641607738670e-34
-1.297567449376891645e-34
-1.039010789523447168e-34
-8.319748012055421695e-35
-6.661933416095587337e-35
-5.334459262009045684e-35
-4.271501055426608862e-35
-3.420350661678734073e-35
-2.738802705897398102e-35
-2.193061765821826077e-35
-1.756066582800307363e-35
-1.406148194860523106e-35
-1.125955453668765748e-35
-9.015946457707510769e-36
-7.219405551381660927e-36
-5.780848051816501026e-36
-4.628941255668271257e-36
-3.706566399318256242e-36
-2.967986352328828816e-36
-2.376577683656301673e-36
-1.903014642241005585e-36
-1.523815002340711323e-36
-1.220175667499980794e-36
-9.770402950962111161e-37
-7.823527084404068637e-37
-6.264590759215070094e-37
-5.016292134870478599e-37
-4.016732736348229527e-37
-3.216348139514385002e-37
-2.575450256111076185e-37
-2.062259349419798015e-37
-1.651328195595328463e-37
-1.322280250704293902e-37
-1.058799253877135279e-37
-8.478201647598380648e-38
-6.788813168702888307e-38
-5.436056625594619828e-38
-4.352853864487315073e-38
-3.485492898725992072e-38
-2.790964531610810240e-38
-2.234829690674983283e-38
-1.789511722472448395e-38
-1.432928969141763095e-38
-1.147399821314843291e-38
-9.187659530268514829e-39
-7.356902631151130123e-39
-5.890947106379750074e-39
-4.717101686682843596e-39
-3.777159753888891222e-39
-3.024513091730904360e-39
-2.421840758160474366e-39
-1.939258478967479533e-39
-1.552836798032831089e-39
-1.243414504810453304e-39
-9.956485013310192445e-40
-7.972529951738073340e-40
-6.383902928231259865e-40
-5.111829851224873539e-40
-4.093233359222450716e-40
-3.277605049596206039e-40
-2.624500955200665373e-40
-2.101536078820079437e-40
-1.682778541890352253e-40
-1.347463719317424321e-40
-1.078964599130850293e-40
-8.639673109472187805e-41
-6.918109407728899422e-41
-5.539588960239220388e-41
-4.435756077248546052e-41
-3.551875801268425921e-41
-2.844119804590758633e-41
-2.277393105912249341e-41
-1.823593841048832028e-41
-1.460219796256518996e-41
-1.169252607342164817e-41
-9.362642961568654912e-42
-7.497018409483875474e-42
-6.003143050829579722e-42
-4.806941175859331889e-42
-3.849097593131498928e-42
-3.082116410297433689e-42
-2.467965889868861440e-42
-1.976192597140848847e-42
-1.582411327897997495e-42
-1.267095937047172038e-42
-1.014611109877599969e-42
-8.124370650939244679e-43
-6.505487455366586175e-43
-5.209187129718156072e-43
-4.171190973558151306e-43
-3.340028627237012621e-43
-2.674485848641539943e-43
-2.141560852578999122e-43
-1.714827875282401974e-43
-1.373126819302989523e-43
-1.099514003164085899e-43
-8.804219873642676836e-44
-7.049868156329240472e-44
-5.645093118404946655e-44
-4.520237202855157321e-44
-3.619522998382153146e-44
-2.898287445522205918e-44
-2.320767162033826286e-44
-1.858325070101591968e-44
-1.488030390408334498e-44
-1.191521590276846227e-44
-9.540959037175943785e-45
-7.639802760763866375e-45
-6.117475821450767303e-45
-4.898491701674822184e-45
-3.922405523408664231e-45
-3.140816812000776794e-45
-2.514969497078970990e-45
-2.013830143505992927e-45
-1.612549119026561524e-45
-1.291228393645125750e-45
-1.033934870499833454e-45
-8.279103229891693493e-46
-6.629387618783589720e-46
-5.308398624793656094e-46
-4.250633328464400680e-46
-3.403641092186238750e-46
-2.725422728618119574e-46
-2.182347917564100008e-46
-1.747487603771195404e-46
-1.399278685473054276e-46
-1.120454780562547536e-46
-8.971900510733705216e-47
-7.184136314192947694e-47
-5.752606654427154640e-47
-4.606327312467984271e-47
-3.688458569170350357e-47
-2.953486735443693466e-47
-2.364967298088443406e-47
-1.893717772254508566e-47
-1.516370650812490813e-47
-1.214214696790856291e-47
-9.722671228917374098e-48
-7.785306509257218975e-48
-6.233986115133995337e-48
-4.991785851651805680e-48
-3.997109638768508274e-48
-3.200635191321261493e-48
-2.562868310782711624e-48
-2.052184515193951501e-48
-1.643260899002483085e-48
-1.315820464581997822e-48
-1.053626661514170149e-48
-8.436782765847700049e-49
-6.755647520898129726e-49
-5.409499650905306504e-49
-4.331588701545329441e-49
-3.468465087379173425e-49
-2.777329726175641281e-49
-2.223911791981518557e-49
-1.780769352627359815e-49
-1.425928626616668599e-49
-1.141794385221771104e-49
-9.142774706874686292e-50
-7.320961674236272755e-50
-5.862167837881485860e-50
-4.694057049967631266e-50
-3.758707051334443367e-50
-3.009737322610617054e-50
-2.410009247169031750e-50
-1.929784545583609735e-50
-1.545250665219624626e-50
-1.237340004523424503e-50
-9.907844217471521617e-51
-7.933581447202522944e-51
-6.352715403861880060e-51
-5.086856833958002167e-51
-4.073236530233122382e-51
-3.261592840684766119e-51
-2.611679380621957859e-51
-2.091269364490620920e-51
-1.674557599721692691e-51
-1.340880903435743357e-51
-1.073693492237889041e-51
-8.597465385032398350e-52
-6.884312104078051759e-52
-5.512526195088171247e-52
-4.414085908965810307e-52
-3.534523686996938379e-52
-2.830225317673891800e-52
-2.266267270543575663e-52
-1.814684968530414424e-52
-1.453086128813225349e-52
-1.163540413000332940e-52
-9.316903284946442865e-53
-7.460392939615044192e-53
-5.973815667206289308e-53
-4.783457642862472652e-53
-3.830293449908283358e-53
-3.067059229488800173e-53
-2.455909042012872498e-53
-1.966538228101309084e-53
-1.574680713506453639e-53
-1.260905744956353975e-53
-1.009654391539227599e-53
-8.084680353246775273e-54
-6.473705949471325080e-54
-5.183738489226797798e-54
-4.150813295263338459e-54
-3.323711458041702723e-54
-2.661420080957171366e-54
-2.131098603696273050e-54
-1.706450361283402944e-54
-1.366418630500512299e-54
-1.094142505484130488e-54
-8.761208282622463969e-55
-7.015427166640396165e-55
-5.617514929767615386e-55
-4.498154315708487222e-55
-3.601840404679474641e-55
-2.884128331363849080e-55
-2.309429429735093994e-55
-1.849246523785712403e-55
-1.480760858809118293e-55
-1.185700604423668143e-55
-9.494348226231052741e-56
-7.602479741060007050e-56
-6.087589883583998660e-56
-4.874560913403722967e-56
-3.903243246158656674e-56
-3.125472859881678646e-56
-2.502683020708608628e-56
-2.003991902326218828e-56
-1.604671271335000067e-56
-1.284920306344010637e-56
-1.028883749056965925e-56
-8.238657011231785076e-57
-6.597000818696049824e-57
-5.282465302602848136e-57
-4.229867547404328927e-57
-3.387013154590609228e-57
-2.712108117051932652e-57
-2.171686410077807011e-57
-1.738950535955418240e-57
-1.392442735961724356e-57
-1.114980980104358810e-57
-8.928069743103956856e-58
-7.149039379153354541e-58
-5.724503225813211298e-58
-4.583823846026531133e-58
-3.670439201895396133e-58
-2.939057954089826345e-58
-2.353413633179859905e-58
-1.884466320621438671e-58
-1.508962667458594045e-58
-1.208282847439206121e-58
-9.675172692474170371e-59
-7.747272654543339125e-59
-6.203530985087399700e-59
-4.967399289912800701e-59
-3.977582406655660321e-59
-3.184999006193020484e-59
-2.550347832511597881e-59
-2.042158899939834462e-59
-1.635233013881258234e-59
-1.309392236699132453e-59
-1.048479339013887005e-59
-8.395566229339061151e-60
-6.722643898496976307e-60
-5.383072416017114317e-60
-4.310427426114623794e-60
-3.451520462648383858e-60
-2.763761531375269033e-60
-2.213047230914799118e-60
-1.772069692214988907e-60
-1.418962483131808478e-60
-1.136216333579342251e-60
-9.098109161019744521e-61
-7.285196301048730634e-61
-5.833529165840859581e-61
-4.671124994094834821e-61
-3.740344496471264756e-61
-2.995033738118557202e-61
-2.398235537109326239e-61
-1.920356895567706078e-61
-1.537701593230259005e-61
-1.231295180224227861e-61
-9.859441048367530198e-62
-7.894823219281137506e-62
-6.321680241094452459e-62
-5.062005818324440437e-62
-4.053337392514859035e-62
-3.245658856828006518e-62
-2.598920443770377423e-62
-2.081052806532076777e-62
-1.666376819635219579e-62
-1.334330246835505510e-62
-1.068448136484399234e-62
-8.555463859598157580e-63
-6.850679911683195450e-63
-5.485595640695515804e-63
-4.392521606782387646e-63
-3.517256343670871753e-63
-2.816398710023663930e-63
-2.255195788642582832e-63
-1.805819618866624459e-63
-1.445987311747471896e-63
-1.157856124659320198e-63
-9.271387062110181237e-64
-7.423946397550554800e-64
-5.944631557768355233e-64
-4.760088834864701711e-64
-3.811581171282831915e-64
-3.052075608099600886e-64
-2.443911095935466157e-64
-1.956931023918922783e-64
-1.566987865780158226e-64
-1.254745794046947798e-64
-1.004721888445934743e-64
-8.045183956078864338e-65
-6.442079706978520768e-65
-5.158414173949020585e-65
-4.130535168817163416e-65
-3.307474003735268380e-65
-2.648418143965818890e-65
-2.120687466436929625e-65
-1.698113774272921631e-65
-1.359743213468549564e-65
-1.088797249386585233e-65
-8.718406817767730882e-66
-6.981154432831481584e-66
-5.590071469906606743e-66
-4.476179310932459337e-66
-3.584244196425982249e-66
-2.870038389265764540e-66
-2.298147086092192597e-66
-1.840212329238280734e-66
-1.473526841329783548e-66
-1.179908056054610893e-66
-9.447965124857827975e-67
-7.565339056927184647e-67
-6.057849948629101762e-67
-4.850747035124955724e-67
-3.884174583112338590e-67
-3.110203868156830305e-67
-2.490456567929694791e-67
-1.994201724281174878e-67
-1.596831909593118484e-67
-1.278643036182272803e-67
-1.023857304050248848e-67
-8.198408386026191483e-68
-6.564772239077951150e-68
-5.256658673459604727e-68
-4.209203214206130434e-68
-3.370466450092476047e-68
-2.698858551865342355e-68
-2.161076987660458043e-68
-1.730455174602502855e-68
-1.385640182375151107e-68
-1.109533921012275281e-68
-8.884453103594665815e-69
-7.114113904508522741e-69
-5.696537091950472214e-69
-4.561430316627657500e-69
-3.652507865322504888e-69
-2.924699662211538240e-69
-2.341916411830918114e-69
-1.875260065457727414e-69
-1.501590874608257374e-69
-1.202379977177386843e-69
-9.627906202441855273e-70
-7.709424608069870069e-70
-6.173224638648759625e-70
-4.943131864773768245e-70
-3.958150571674240228e-70
-3.169439209116089780e-70
-2.537888521010304020e-70
-2.032182263206214910e-70
-1.627244347693335533e-70
-1.302995412883008517e-70
-1.043357162924447656e-70
-8.354551049547659138e-71
-6.689801509950833471e-71
-5.356774287106937935e-71
-4.289369530669518251e-71
-3.434658618138776001e-71
-2.750259621794336882e-71
-2.202235746902546110e-71
-1.763412532585290665e-71
-1.412030371613287772e-71
-1.130665532605272375e-71
-9.053661821459153224e-72
-7.249605653802213340e-72
-5.805030403396556929e-72
-4.648304969068839597e-72
-3.722071648897558764e-72
-2.980401985608493825e-72
-2.386519345604227913e-72
-1.910975302809837891e-72
-1.530189401010100699e-72
-1.225279886935681092e-72
-9.811274345110713530e-73
-7.856254338408209907e-73
-6.290796695590856719e-73
-5.037276208305171688e-73
-4.033535468812883738e-73
-3.229802715870038149e-73
-2.586223838639411104e-73
-2.070886159913647216e-73
-1.658236005425651888e-73
-1.327811592407670142e-73
-1.063228406067342353e-73
-8.513667525817357616e-74
-6.817212023920307940e-74
-5.458796651167149574e-74
-4.371062653506524992e-74
-3.500073357155444053e-74
-2.802639650026946423e-74
-2.244178394674298061e-74
-1.796997579433497699e-74
-1.438923174803360380e-74
-1.152199605988843696e-74
-9.226093201412967187e-75
-7.387677909167790039e-75
-5.915590022572853885e-75
-4.736834191395539138e-75
-3.792960308465578396e-75
-3.037165186767329584e-75
-2.431971763881398569e-75
-1.947370754177387232e-75
-1.559332600216136998e-75
-1.248615936580610416e-75
-9.998134822980895411e-76
-8.005880512165772550e-76
-6.410607969373864573e-76
-5.133213576514188908e-76
-4.110356107875362002e-76
-3.291315874883335582e-76
-2.635479725832927533e-76
-2.110327191103346666e-76
-1.689817914308853335e-76
-1.353100408105960221e-76
-1.083478106672432683e-76
-8.675814452540985783e-77
-6.947049132915733836e-77
-5.562762080626531321e-77
-4.454311661484959600e-77
-3.566733951599496043e-77
-2.856017281298966821e-77
-2.286919860512908000e-77
-1.831222269785963149e-77
-1.466328164471825294e-77
-1.174143806242932143e-77
-9.401808620618154687e-78
-7.528379817594804209e-78
-6.028255303312138855e-78
-4.827049495693606906e-78
-3.865199076932561879e-78
-3.095009470619491807e-78
-2.478289845506761210e-78
-1.984459374566168920e-78
-1.589030845784017247e-78
-1.272396432607784933e-78
-1.018855414926991558e-78
-8.158356388963609072e-79
-6.532701106968426709e-79
-5.230978118425622518e-79
-4.188639833262876479e-79
-3.354000581840786392e-79
-2.685673715284637426e-79
-2.150519395858941796e-79
-1.722001315962301403e-79
-1.378870861563009329e-79
-1.104113472645618699e-79
-8.841049546117053999e-80
-7.079359052616549085e-80
-5.668707582107895160e-80
-4.539146187191866036e-80
-3.634664129391722997e-80
-2.910411515443991396e-80
-2.330475358295778488e-80
-1.866098785963420426e-80
-1.494255095458548145e-80
-1.196505944432677520e-80
-9.580870625195387313e-81
-7.671761462101058830e-81
-6.143066348960017102e-81
-4.918982994211850619e-81
-3.938813667777117280e-81
-3.153955426909056425e-81
-2.525490077458586131e-81
-2.022254365716343669e-81
-1.619294708840871862e-81
-1.296629839714160300e-81
-1.038260010397176820e-81
-8.313736242778082439e-82
-6.657119567577420464e-82
-5.330604633448574489e-82
-4.268414510163887906e-82
-3.417879149441126819e-82
-2.736823673606979658e-82
-2.191477080645276382e-82
-1.754797666107596078e-82
-1.405132125803503664e-82
-1.125141849170863777e-82
-9.009431622180869105e-83
-7.214188878901627778e-83
-5.776670867042971626e-83
-4.625596427581277161e-83
-3.703888070362673371e-83
-2.965841714156735957e-83
-2.374860391656184357e-83
-1.901639542304808382e-83
-1.522713908389050167e-83
-1.219293980388742792e-83
-9.763342952485731602e-84
-7.817873879559496504e-84
-6.260064026649760167e-84
-5.012667410792433526e-84
-4.013830284203627963e-84
-3.214024037522026603e-84
-2.573589260717637746e-84
-2.060769180801616303e-84
-1.650134961846073961e-84
-1.321324783810843049e-84
-1.058034175798300535e-84
-8.472075381259754450e-85
-6.783907638105319208e-85
-5.432128583763916516e-85
-4.349708534473248893e-85
-3.482974315339261755e-85
-2.788947807690690521e-85
-2.233214824400754736e-85
-1.788218638645964843e-85
-1.431893548556790718e-85
-1.146570721324722323e-85
-9.181020616540036006e-86
-7.351586604613894233e-86
-5.886690365096486190e-86
-4.713693154722861856e-86
-3.774430414859496511e-86
-3.022327607884784500e-86
-2.420090759501415752e-86
-1.937857189586117235e-86
-1.551714733212886179e-86
-1.242516025540626280e-86
-9.949290553739091331e-87
-7.966769078865720544e-87
-6.379289981849009016e-87
-5.108136092518954508e-87
-4.090275628469213199e-87
-3.275236683954332563e-87
-2.622604516247434001e-87
-2.100017529217908547e-87
-1.681562582425709337e-87
-1.346490055093635040e-87
-1.078184949768980271e-87
-8.633430165420215222e-88
-6.913110448922167781e-88
-5.535586106946950467e-88
-4.432550842899037062e-88
-3.549309250239660958e-88
-2.842064671185572063e-88
-2.275747483726732649e-88
-1.822276129813793255e-88
-1.459164655584379816e-88
-1.168407716740660759e-88
-9.355877606508682594e-89
-7.491601136643237580e-89
-5.998805237844275145e-89
-4.803467726755139744e-89
-3.846316272516698700e-89
-3.079889302851659818e-89
-2.466182561636680868e-89
-1.974764619523664202e-89
-1.581267892809412709e-89
-1.266180345803934532e-89
-1.013877961723342185e-89
-8.118500059449307483e-90
-6.500786653183349026e-90
-5.205423021586398891e-90
-4.168176911388429500e-90
-3.337615154922952643e-90
-2.672553291088767945e-90
-2.140013381463235249e-90
-1.713588757280076704e-90
-1.372134611171880787e-90
-1.098719505002029015e-90
-8.797858029693600404e-91
-7.044773989927794208e-91
-5.641014028830625744e-91
-4.516970923263087307e-91
-3.616907566144398068e-91
-2.896193171104682747e-91
-2.319090198175743388e-91
-1.856982262417058845e-91
-1.486955154070405036e-91
-1.190660608324090748e-91
-9.534064832648002392e-92
-7.634282313334986010e-92
-6.113055392713538550e-92
-4.894952099047996319e-92
-3.919571231193957522e-92
-3.138547288213665023e-92
-2.513152204495785173e-92
-2.012374969362592967e-92
-1.611383906662183735e-92
-1.290295364522645633e-92
-1.033187759183453026e-92
-8.273120830139894906e-93
-6.624597287543122988e-93
-5.304562827397128721e-93
-4.247561862018990420e-93
-3.401181654121546867e-93
-2.723453364569563207e-93
-2.180770974110461310e-93
-1.746224886165606751e-93
-1.398267580256938081e-93
-1.119645150797702836e-93
-8.965417502381449064e-94
-7.178945126921975358e-94
-5.748449876613740690e-94
-4.602998824997103166e-94
-3.685793324757276278e-94
-2.951352574554230633e-94
-2.363258395640441597e-94
-1.892349390146457716e-94
-1.515274936077070469e-94
-1.213337317019278136e-94
-9.715645720920859222e-95
-7.779680922229919472e-95
-6.229481497187785065e-95
-4.988178835576423230e-95
-3.994221366084028400e-95
-3.198322443353020768e-95
-2.561016406981021356e-95
-2.050701626553305109e-95
-1.642073494603557141e-95
-1.314869665467408550e-95
-1.052865321100458423e-95
-8.430686428391469291e-96
-6.750765955476122438e-96
-5.405590798887120368e-96
-4.328458737531961897e-96
-3.465958808123886580e-96
-2.775322854633739184e-96
-2.222304814875068193e-96
-1.779482585952619468e-96
-1.424898264411377118e-96
-1.140969335665426028e-96
-9.136168226484433138e-97
-7.315671618286158313e-97
-5.857931892218790614e-97
-4.690665169838787368e-97
-3.755991046049015292e-97
-3.007562515592054840e-97
-2.408267797845177354e-97
-1.928390101974715341e-97
-1.544134082065702513e-97
-1.236445914628612252e-97
-9.900684905268061169e-98
-7.927848718142165851e-98
-6.348124993282463892e-98
-5.083181120512246851e-98
-4.070293248994700877e-98
-3.259236045309906116e-98
-2.609792206414285800e-98
-2.089758233516688081e-98
-1.673347580630158590e-98
-1.339911995890908818e-98
-1.072917651726786757e-98
-8.591252939873022533e-99
-6.879337566875272321e-99
-5.508542897087703669e-99
-4.410896333269935337e-99
-3.531969674437817384e-99
-2.828180224290243744e-99
-2.264629687778831155e-99
-1.813373694760311483e-99
-1.452036142860060625e-99
-1.162699649975096998e-99
-9.310170980933349912e-100
-7.455002131983954796e-100
-5.969499045904230960e-100
-4.780001162731687341e-100
-3.827525716985069749e-100
-3.064843002215899229e-100
-2.454134425942096641e-100
-1.965117226637649507e-100
-1.573542864484901825e-100
-1.259994626685907095e-100
-1.008924825061600022e-100
-8.078838441581383740e-101
-6.469028112296307779e-101
-5.179992770035934658e-101
-4.147813957806390311e-101
-3.321309776355954978e-101
-2.659496964601530787e-101
-2.129558692500150364e-101
-1.705217296791472991e-101
-1.365431269641615440e-101
-1.093351888714251159e-101
-8.754877518432307462e-102
-7.010357886964191175e-102
-5.613455767925033509e-102
-4.494903992996639465e-102
-3.599237749712598271e-102
-2.882044288184984569e-102
-2.307760658412450589e-102
-1.847910276170757063e-102
-1.479690875364286217e-102
-1.184843828658889241e-102
-9.487487702223205335e-103
-7.596986262883315833e-103
-6.083191050135814767e-103
-4.871038602932631210e-103
-3.900422800419767058e-103
-3.123214423485607941e-103
-2.500874606214165504e-103
-2.002543837200570525e-103
-1.603511751427033947e-103
-1.283991835384257139e-103
-1.028140287631969294e-103
-8.232703837525579126e-104
-6.592233889843617625e-104
-5.278648244373512224e-104
-4.226811086110987517e-104
-3.384565731712463872e-104
-2.710148374012724119e-104
-2.170117170526145254e-104
-1.737693987152266550e-104
-1.391436570336450224e-104
-1.114175305654672586e-104
-8.921618406439830502e-105
-7.143873552587375134e-105
-5.720366755264850861e-105
-4.580511619342395103e-105
-3.667786978102573777e-105
-2.936934219297923494e-105
-2.351713079298108087e-105
-1.883104623522644633e-105
-1.507872305660146281e-105
-1.207409753964511455e-105
-9.668181506459589803e-106
-7.741674550410717256e-106
-6.199048373722986172e-106
-4.963809895330715273e-106
-3.974708244159844903e-106
-3.182697556780560334e-106
-2.548504975886120180e-106
-2.040683255711601285e-106
-1.634051410354360135e-106
-1.308446082559689464e-106
-1.047721718005510632e-106
-8.389499674552634606e-107
-6.717786181172831167e-107
-5.379182660062720800e-107
-4.307312753033723359e-107
-3.449026427414648343e-107
-2.761764464079424969e-107
-2.211448104434937699e-107
-1.770789211830518874e-107
-1.417937154594262055e-107
-1.135395314669050901e-107
-9.091534955520279395e-108
-7.279932088810640412e-108
-5.829313914204929085e-108
-4.667749684447237834e-108
-3.737641759790008183e-108
-2.992869555767725142e-108
-2.396502595354214292e-108
-1.918969264287311415e-108
-1.536590464962590033e-108
-1.230405458260902026e-108
-9.852316711824934726e-109
-7.889118496540514609e-109
-6.317112256222765113e-109
-5.058348061981723015e-109
-4.050408490200602599e-109
-3.243313575195400083e-109
-2.597042489046775857e-109
-2.079549057943905140e-109
-1.665172711896133993e-109
-1.333366072731640361e-109
-1.067676086216510604e-109
-8.549281764333854314e-110
-6.845729676776673604e-110
-5.481631802452793402e-110
-4.389347613242204060e-110
-3.514714808326630669e-110
-2.814363607612695207e-110
-2.253566206023417753e-110
-1.804514751112264447e-110
-1.444942455330695697e-110
-1.157019469045730009e-110
-9.264687647678560497e-111
-7.418581925837726277e-111
-5.940336024620836037e-111
-4.756649240808013988e-111
-3.808826959670791621e-111
-3.049870207846378790e-111
-2.442145149464239426e-111
-1.955516964527862979e-111
-1.565855575535790736e-111
-1.253839126897324944e-111
-1.003995886147264257e-111
-8.039370584127145876e-112
-6.437424722619712464e-112
-5.154686753862929900e-112
-4.127550484137964862e-112
-3.305084055076627333e-112
-2.646504422683794480e-112
-2.119155078227654483e-112
-1.696886733717966590e-112
-1.358760676201301113e-112
-1.088010495046908737e-112
-8.712106981501364229e-113
-6.976109918300750562e-113
-5.586032138442294061e-113
-4.472944867146077658e-113
-3.581654256308594595e-113
-2.867964527342457283e-113
-2.296486467281715782e-113
-1.838882609644744671e-113
-1.472462085115806044e-113
-1.179055465929158087e-113
-9.441138116829751097e-114
-7.559872416249090749e-114
-6.053472604969673880e-114
-4.847241932331430152e-114
-3.881367916204495104e-114
-3.107956464986190914e-114
-2.488656988151530341e-114
-1.992760733443209371e-114
-1.595678054331989564e-114
-1.277719101117134563e-114
-1.023117474685726379e-114
-8.192484295586463809e-115
-6.560028598284599192e-115
-5.252860262850366022e-115
-4.206161684759677027e-115
-3.368030983702627908e-115
-2.696908382833367671e-115
-2.159515414374668730e-115
-1.729204764465175686e-115
-1.384638932209206802e-115
-1.108732182554695578e-115
-8.878033283891255640e-116
-7.108973314752020057e-116
-5.692420829459388799e-116
-4.558134271290824179e-116
-3.649868598539488779e-116
-2.922586302582268237e-116
-2.340224165729947042e-116
-1.873905020709739839e-116
-1.500505839595874785e-116
-1.201511149059497775e-116
-9.620949170734860136e-117
-7.703853852568800940e-117
-6.168763926356548891e-117
-4.939560005597603831e-117
-3.955290450434158333e-117
-3.167149003062280258e-117
-2.536054667362631974e-117
-2.030713827998990532e-117
-1.626068516699150837e-117
-1.302053881026456434e-117
-1.042603243150868557e-117
-8.348514131932626442e-118
-6.684967524217958779e-118
-5.352903533925762864e-118
-4.286270073819891951e-118
-3.432176767110554030e-118
-2.748272310847494042e-118
-2.200644432696183015e-118
-1.762138307780462746e-118
-1.411010052152337698e-118
-1.129848524649965610e-118
-9.047119733175949315e-119
-7.244367159021080377e-119
-5.800835744690318650e-119
-4.644946148950284482e-119
-3.719382115998856739e-119
-2.978248376020128034e-119
-2.384794869855543090e-119
-1.909594450577442710e-119
-1.529083700979720945e-119
-1.224394511564914978e-119
-9.804184813361331603e-120
-7.850577485167313679e-120
-6.286251026870001881e-120
-5.033636321338970678e-120
-4.030620875176657066e-120
-3.227468891731208114e-120
-2.584355058359620142e-120
-2.069389757645785021e-120
-1.657037780159918205e-120
-1.326852128620352640e-120
-1.062460127526093004e-120
-8.507515632178990793e-121
-6.812285972585107926e-121
-5.454852177614367323e-121
-4.367904165997994909e-121
-3.497544238070718678e-121
-2.800614489779376159e-121
-2.242556773117105055e-121
-1.795699086399378780e-121
-1.437883422863514427e-121
-1.151367037720853681e-121
-9.219426515886092301e-122
-7.382339644712938369e-122
-5.911315474557192279e-122
-4.733411400918835343e-122
-3.790219552108533759e-122
-3.034970560639875794e-122
-2.430214444655865689e-122
-1.945963602944638669e-122
-1.558205841592514596e-122
-1.247713698806581395e-122
-9.990910267661002605e-123
-8.000095540501692183e-123
-6.405975726187621775e-123
-5.129504366135557631e-123
-4.107386004389788272e-123
-3.288937601932090005e-123
-2.633575353726519779e-123
-2.108802289128674265e-123
-1.688596868261903713e-123
-1.352122670865483784e-123
-1.082695195893758645e-123
-8.669545393104675514e-124
-6.942029262543970978e-124
-5.558742482661908622e-124
-4.451093019050251031e-124
-3.564156664215409844e-124
-2.853953550892463604e-124
-2.285267354386819179e-124
-1.829899046322254698e-124
-1.465268609952016873e-124
-1.173295381308491931e-124
-9.395014964832419416e-125
-7.522939883304409790e-125
-6.023899344456753184e-125
-4.823561516512531419e-125
-3.862406121541680977e-125
-3.092773046773247218e-125
-2.476499057284298297e-125
-1.983025423455739458e-125
-1.587882627495942591e-125
-1.271477011277810185e-125
-1.018119199879012335e-125
-8.152461239709001874e-126
-6.527980640464485676e-126
-5.227198264336700283e-126
-4.185613162716190196e-126
-3.351577013527747994e-126
-2.683733073487863142e-126
-2.148965451386601426e-126
-1.720757014501242514e-126
-1.377874502842596240e-126
-1.103315650951524431e-126
-8.834661089403855864e-127
-7.074243576379376919e-127
-5.664611428950898456e-127
-4.535866244150982597e-127
-3.632037756319450894e-127
-2.908308480291009420e-127
-2.328791379389137083e-127
-1.864750361067096635e-127
-1.493175361209122530e-127
-1.195641360833952081e-127
-9.573947580940907153e-128
-7.666217921624230847e-128
-6.138627428755638317e-128
-4.915428584775641700e-128
-3.935967519196263530e-128
-3.151676409286107921e-128
-2.523665182805912990e-128
-2.020793104311680541e-128
-1.618124622178719292e-128
-1.295692907559120579e-128
-1.037509773776611499e-128
-8.307728817546837407e-129
-6.652309197499537870e-129
-5.326752790205341651e-129
-4.265330195208859084e-129
-3.415409423094162134e-129
-2.734846071346151146e-129
-2.189893540546938559e-129
-1.753529666321838204e-129
-1.404116790948117042e-129
-1.124328832575670716e-129
-9.002921494211236760e-130
-7.208975975938568017e-130
-5.772496700662674573e-130
-4.622254016434443812e-130
-3.701211676741688040e-130
-2.963698625679485543e-130
-2.373144340554689238e-130
-1.900265436002470758e-130
-1.521613610077184762e-130
-1.218412930376065916e-130
-9.756288055495823812e-131
-7.812224759665953330e-131
-6.255540565057261027e-131
-5.009045305904945875e-131
-4.010929929342929598e-131
-3.211701614903333499e-131
-2.571729610061397517e-131
-2.059280088964805394e-131
-1.648942590315961531e-131
-1.320370007328508767e-131
-1.057269650557470149e-131
-8.465953541701446678e-132
-6.779005652196710999e-132
-5.428203380298322282e-132
-4.346565477244289732e-132
-3.480457551856427030e-132
-2.786932541035689718e-132
-2.231601125013244322e-132
-1.786926489189321126e-132
-1.430858876156697547e-132
-1.145742220434169556e-132
-9.174386500026403566e-133
-7.346274419386119215e-133
-5.882436699693386154e-133
-4.710287085734971819e-133
-3.771703048023977890e-133
-3.020143703248109496e-133
-2.418342025374427054e-133
-1.936456912762880193e-133
-1.550593479186038594e-133
-1.241618195503229031e-133
-9.942101292815029195e-134
-7.961012368744495358e-134
-6.374680368737013491e-134
-5.104445002887204384e-134
-4.087320034943553005e-134
-3.272870029670516780e-134
-2.620709447642609349e-134
-2.098500076904872421e-134
-1.680347501601614466e-134
-1.345517094430215243e-134
-1.077405863774213333e-134
-8.627191732458983093e-135
-6.908115102314520943e-135
-5.531586146077673414e-135
-4.429347924620804005e-135
-3.546744553775793768e-135
-2.840011022799744110e-135
-2.274103050651890027e-135
-1.820959370744173173e-135
-1.458110277346705092e-135
-1.167563436648899756e-135
-9.349117140028573035e-136
-7.486187778271448643e-136
-5.994470559320590255e-136
-4.799996787531605422e-136
-3.843536961657055033e-136
-3.077663804692185213e-136
-2.464400522020267029e-136
-1.973337673749322269e-136
-1.580125283955917630e-136
-1.265265416158037257e-136
-1.013145343334834723e-136
-8.112633709991882969e-137
-6.496089247754207884e-137
-5.201661633362473389e-137
-4.165165027150878865e-137
-3.335203426560689936e-137
-2.670622129983429309e-137
-2.138467028535071610e-137
-1.712350534652386140e-137
-1.371143120000750816e-137
-1.097925580936643512e-137
-8.791500782751300767e-138
-7.039683504521317099e-138
-5.636937886766977321e-138
-4.513707003853121267e-138
-3.614294023792732460e-138
-2.894100409989514651e-138
-2.317414446075458534e-138
-1.855640425032344504e-138
-1.485880694687831634e-138
-1.189800248508549450e-138
-9.527175609805027056e-139
-7.628765854928019788e-139
-6.108638158135447242e-139
-4.891415054103860616e-139
-3.916738987011278150e-139
-3.136279404362400613e-139
-2.511336225070606526e-139
-2.010920846713925346e-139
-1.610219536268967217e-139
-1.289363009597911444e-139
-1.032441187722483292e-139
-8.267142753212407143e-140
-6.619810417749771295e-140
-5.300729801710549061e-140
-4.244492614985404716e-140
-3.398723993222962966e-140
-2.721485423564381352e-140
-2.179195170140877822e-140
-1.744963080987447323e-140
-1.397257205655670823e-140
-1.118836106063511322e-140
-8.958939178588447938e-141
-7.173757690752509310e-141
-5.744296102447605589e-141
-4.599672742659010004e-141
-3.683130006223984093e-141
-2.949219955788741372e-141
-2.361550728028685194e-141
-1.890981996818082382e-141
-1.514180013094541140e-141
-1.212460571233853653e-141
-9.708625289488194357e-142
-7.774059400197170898e-142
-6.224980134234842418e-142
-4.984574425895899043e-142
-3.991335180437396584e-142
-3.196011366553909816e-142
-2.559165841347105791e-142
-2.049219809433676663e-142
-1.640886948211588180e-142
-1.313919553391025671e-142
-1.052104530823935447e-142
-8.424594496089596487e-143
-6.745887917425976289e-143
-5.401684771367516532e-143
-4.325331035200069319e-143
-3.463454339881747398e-143
-2.773317433237841463e-143
-2.220698998954762912e-143
-1.778196749082981199e-143
-1.423868646735808231e-143
-1.140144882281894080e-143
-9.129566519872879060e-144
-7.310385384879203894e-144
-5.853699007409126887e-144
-4.687275740649717649e-144
-3.753277003322789569e-144
-3.005389280068051460e-144
-2.406527606875691512e-144
-1.926996665977230286e-144
-1.543018305743945437e-144
-1.235552470794492411e-144
-9.893530766314209637e-145
-7.922120131495926726e-145
-6.343537899689331891e-145
-5.079508063101546594e-145
-4.067352094542892203e-145
-3.256880952932494187e-145
-2.607906395860368130e-145
-2.088248194471351085e-145
-1.672138435886692442e-145
-1.338943788469275341e-145
-1.072142371830472674e-145
-8.585044983766428359e-146
-6.874366624225057315e-146
-5.504562477379922335e-146
-4.407709062330481361e-146
-3.529417507383367119e-146
-2.826136608671253597e-146
-2.262993288315520951e-146
-1.812063368503925980e-146
-1.450986915616507400e-146
-1.161859494477090468e-146
-9.303443541618150001e-147
-7.449615219698421934e-147
-5.965185543750802928e-147
-4.776547180219875502e-147
-3.824759983998841368e-147
-3.062628376367344847e-147
-2.452361092191692832e-147
-1.963697251975790860e-147
-1.572405837662046862e-147
-1.259084166780727725e-147
-1.008195785761666691e-147
-8.073000751224624420e-148
-6.464353655281004086e-148
-5.176249757465454139e-148
-4.144816787641619459e-148
-3.318909830102116491e-148
-2.657575237871016551e-148
-2.128019894028963815e-148
-1.703985123300042376e-148
-1.364444622240144445e-148
-1.092561843236371531e-148
-8.748551328790872874e-149
-7.005292270300349945e-149
-5.609399539193456674e-149
-4.491656018936480491e-149
-3.596636975398823250e-149
-2.879961750915563305e-149
-2.306093092927856731e-149
-1.846574994115429343e-149
-1.478621665079099769e-149
-1.183987671991957339e-149
-9.480632135563515005e-150
-7.591496754240712354e-150
-6.078795395242047119e-150
-4.867518837648737440e-150
-3.897604392707687508e-150
-3.120957619013876978e-150
-2.499067498462580433e-150
-2.001096818432718544e-150
-1.602353069376892112e-150
-1.283064035328620524e-150
-1.027397363424992674e-150
-8.226754965524994607e-151
-6.587470405527397317e-151
-5.274833944313606581e-151
-4.223756833387073570e-151
-3.382120077318465261e-151
-2.708190047064764895e-151
-2.168549064891774086e-151
-1.736438346319100652e-151
-1.390431131756704817e-151
-1.113370213377535041e-151
-8.915171731448541460e-152
-7.138711458797809518e-152
-5.716233273690179271e-152
-4.577201786041288750e-152
-3.665136670780854246e-152
-2.934812019096198443e-152
-2.350013754220108929e-152
-1.881743910372975765e-152
-1.506782731746566133e-152
-1.206537291378631204e-152
-9.661195372208541229e-153
-7.736080491414101576e-153
-6.194569001450273424e-153
-4.960223094410225535e-153
-3.971836158505992150e-153
-3.180397770373139708e-153
-2.546663450890978099e-153
-2.039208677769584954e-153
-1.632870660642625473e-153
-1.307500612102094734e-153
-1.046964644446761389e-153
-8.383437503400138363e-154
-6.712931973987953990e-154
-5.375295714808280849e-154
-4.304200330585403688e-154
-3.446534194346600796e-154
-2.759768839845053138e-154
-2.209850133468246075e-154
-1.769509656708814291e-154
-1.416912566949219573e-154
-1.134574889019098826e-154
-9.084965500477731481e-155
-7.274671680441292071e-155
-5.825101708468974694e-155
-4.664376813765679816e-155
-3.734940976080082300e-155
-2.990706937233914121e-155
-2.394770905806086908e-155
-1.917582635695885957e-155
-1.535480139585481612e-155
-1.229516379202008587e-155
-9.845197523258874096e-156
-7.883417895977252038e-156
-6.312547572132672983e-156
-5.054692948698286029e-156
-4.047481704282542469e-156
-3.240969988240662820e-156
-2.595165891315129490e-156
-2.078046395949947504e-156
-1.663969474233583381e-156
-1.332402595330637429e-156
-1.066904593824662676e-156
-8.543104136191669775e-157
-6.840783018861915553e-157
-5.477670828440857519e-157
-4.386175913199114606e-157
-3.512175109471295893e-157
-2.812329975747083098e-157
-2.251937800924795234e-157
-1.803210826242696717e-157
-1.443898353917039507e-157
-1.156183417991377060e-157
-9.257993074178878238e-158
-7.413221330439743946e-158
-5.936043595384104280e-158
-4.753212132168789832e-158
-3.806074738225475907e-158
-3.047666401193918767e-158
-2.440380479048817499e-158
-1.954103926922413683e-158
-1.564724103473379854e-158
-1.252933114896597214e-158
-1.003270408450761461e-158
-8.033561412861885389e-159
-6.432773101907668960e-159
-5.150962027174613323e-159
-4.124567956162870568e-159
-3.302695833371723283e-159
-2.644592084238220049e-159
-2.117623797307247341e-159
-1.695660579810623610e-159
-1.357778848905958928e-159
-1.087224309208385587e-159
-8.705811697435378711e-160
-6.971069048887130138e-160
-5.581995725759587705e-160
-4.469712760537427583e-160
-3.579066187656833971e-160
-2.865892163971675804e-160
-2.294827048418296606e-160
-1.837553850893699203e-160
-1.471398098284474341e-160
-1.178203491877032865e-160
-9.434316041931239221e-161
-7.554409725712352787e-161
-6.049098424336347237e-161
-4.843739362291212190e-161
-3.878563277366956207e-161
-3.105710685767300398e-161
-2.486858708732271581e-161
-1.991320783851426164e-161
-1.594525032835443457e-161
-1.276795833678483090e-161
-1.022378179914702879e-161
-8.186564485837070469e-162
-6.555288385200109548e-162
-5.249064596935818041e-162
-4.203122353092922555e-162
-3.365597277157188693e-162
-2.694959622974864092e-162
-2.157954969466539137e-162
-1.727955257862045337e-162
-1.383638405536888766e-162
-1.107931023425554611e-162
-8.871618103087342142e-163
-7.103836439535851487e-163
-5.688307541339687522e-163
-4.554840607644405603e-163
-3.647231238865381560e-163
-2.920474470046099453e-163
-2.338533142429540269e-163
-1.872550955103900252e-163
-1.499421588619275815e-163
-1.200642948748385854e-163
-9.613997166111547649e-164
-7.698287122441664075e-164
-6.164306437331806399e-164
-4.935990727412682242e-164
-3.952432395889852483e-164
-3.164860451889077628e-164
-2.534222138839759268e-164
-2.029246453868814636e-164
-1.624893535349046662e-164
-1.301113029511698167e-164
-1.041849868152410798e-164
-8.342481576535750564e-165
-6.680137031476892223e-165
-5.349035577713169173e-165
-4.283172856607623860e-165
-3.429696709443732674e-165
-2.746286435912279240e-165
-2.199054268358041903e-165
-1.760865003718128798e-165
-1.409990469964340986e-165
-1.129032107056689000e-165
-9.040582372143103040e-166
-7.239132449525298488e-166
-5.796644117003642327e-166
-4.641589755882461147e-166
-3.716694526530559529e-166
-2.976096322609176941e-166
-2.383071640196320301e-166
-1.908214596135487406e-166
-1.527978799917466097e-166
-1.223509775957914813e-166
-9.797100404438601574e-167
-7.844904733965326135e-167
-6.281708642805128233e-167
-5.029999064519813634e-167
-4.027708387597544530e-167
-3.225136753991081117e-167
-2.582487628442346622e-167
-2.067894436663698236e-167
-1.655840420720289246e-167
-1.325893358132230783e-167
-1.061692404135441088e-167
-8.501368183839099527e-168
-6.807363480766858757e-168
-5.450910554299942832e-168
-4.364747960781927028e-168
-3.495016946502932328e-168
-2.798590792892972656e-168
-2.240936323328122875e-168
-1.794401531643690284e-168
-1.436844422238301774e-168
-1.150535071058592120e-168
-9.212764647641564676e-169
-7.377005237636242579e-169
-5.907044015288498084e-169
-4.729991083717355613e-169
-3.787480776195469609e-169
-3.032777520328249351e-169
-2.428458395252104433e-169
-1.944557468505677253e-169
-1.557079897153708847e-169
-1.246812112980823418e-169
-9.983690932734761252e-170
-7.994314749002067042e-170
-6.401346830215408221e-170
-5.125797835996395602e-170
-4.104418047072555867e-170
-3.286561047497735058e-170
-2.631672357700863664e-170
-2.107278489033329708e-170
-1.687376704530992993e-170
-1.351145640128460884e-170
-1.081912850838825105e-170
-8.663280863629951956e-171
-6.937013019481886619e-171
-5.554725789220291325e-171
-4.447876702375244493e-171
-3.561581239154106921e-171
-2.851891311717468644e-171
-2.283616042345640308e-171
-1.828576779006996075e-171
-1.464209821056035027e-171
-1.172447569437686140e-171
-9.388226218076509484e-172
-7.517503879858450525e-172
-6.019546533174845869e-172
-4.820076057711271064e-172
-3.859615184313185466e-172
-3.090538238945197864e-172
-2.474709563068047422e-172
-1.981592508504484687e-172
-1.586735238899274098e-172
-1.270558254312777465e-172
-1.017383516812978134e-172
-8.146570350231878278e-173
-6.523263584923702675e-173
-5.223421141533560147e-173
-4.182588679212305335e-173
-3.349155196461682769e-173
-2.681793833980042909e-173
-2.147412629779475234e-173
-1.719513612160359101e-173
-1.376878864081455098e-173
-1.102518405755622053e-173
-8.828277248927309601e-174
-7.069131796535551390e-174
-5.660518235634471418e-174
-4.532588671165150552e-174
-3.629413281038905433e-174
-2.906206964770846372e-174
-2.327108617309331912e-174
-1.863402910529692690e-174
-1.492096407165157947e-174
-1.194777401974921262e-174
-9.567029539210835718e-175
-7.660678386856022954e-175
-6.134191716071975247e-175
-4.911876743721240288e-175
-3.933123427214789546e-175
-3.149399038459206304e-175
-2.521841606804644377e-175
-2.019332898800288286e-175
-1.616955381009802301e-175
-1.294756652422138780e-175
-1.036760079269757009e-175
-8.301725733222840880e-176
-6.647502303348449927e-176
-5.322903730266703162e-176
-4.262248108949923283e-176
-3.412941481347809974e-176
-2.732869898081471822e-176
-2.188311144699265785e-176
-1.752262582780386509e-176
-1.403102189763856148e-176
-1.123516403458389400e-176
-8.996416070396976508e-177
-7.203766839768664701e-177
-5.768325550494546508e-177
-4.618914020481904232e-177
-3.698537217056688286e-177
-2.961557085777112996e-177
-2.371429529455021044e-177
-1.898892322616029410e-177
-1.520514106830215297e-177
-1.217532517001589084e-177
-9.749238256306107353e-178
-7.806579721771692360e-178
-6.251020372074798889e-178
-5.005425818315202630e-178
-4.008031670250427691e-178
-3.209380870444624259e-178
-2.569871303170696339e-178
-2.057792073131323916e-178
-1.647751080381960214e-178
-1.319415920758406985e-178
-1.056505677755169173e-178
-8.459836125725789729e-179
-6.774107208415417034e-179
-5.424281013146555090e-179
-4.343424691157897689e-179
-3.477942606962492053e-179
-2.784918730592841450e-179
-2.229988591669271421e-179
-1.785635273427351388e-179
-1.429824951400852611e-179
-1.144914318210428003e-179
-9.167757177260801871e-180
-7.340966072691695076e-180
-5.878186107947511004e-180
-4.706883477939519985e-180
-3.768977651957300321e-180
-3.017961376679758630e-180
-2.416594554865769394e-180
-1.935057647766103854e-180
-1.549473035366615772e-180
-1.240721014229079559e-180
-9.934917226780949746e-181
-7.955259818365982892e-181
-6.370074086486775120e-181
-5.100756580401047077e-181
-4.084366577101127426e-181
-3.270505085508148867e-181
-2.618815748395991652e-181
-2.096983721088349416e-181
-1.679133298783098420e-181
-1.344544836818702450e-181
-1.076627340739404577e-181
-8.620957807328946475e-182
-6.903123365295916969e-182
-5.527589075541353303e-182
-4.426147320740275127e-182
-3.544181710536734031e-182
-2.837958858360577940e-182
-2.272459805828384534e-182
-1.819643563151842749e-182
-1.457056660992484360e-182
-1.166719766625750432e-182
-9.342361558596019152e-183
-7.480778331539952579e-183
-5.990139012993595796e-183
-4.796528356375113556e-183
-3.840759659100828117e-183
-3.075439914656022805e-183
-2.462619770088337922e-183
-1.971911759072109804e-183
-1.578983500740505926e-183
-1.264351147631434629e-183
-1.012413254329274268e-183
-8.106771599501719056e-184
-6.491395236624702905e-184
-5.197902963081665866e-184
-4.162155319271567650e-184
-3.332793440889872741e-184
-2.668692364316312090e-184
-2.136921792986546312e-184
-1.711113206752365227e-184
-1.370152345271531409e-184
-1.097132230553092857e-184
-8.785148129494026205e-185
-7.034596697450856135e-185
-5.632864690083917879e-185
-4.510445442919558743e-185
-3.611682369961336823e-185
-2.892009161083244755e-185
-2.315739904857399408e-185
-1.854299557246318613e-185
-1.484807011699194554e-185
-1.188940510380672314e-185
-9.520291365048517654e-186
-7.623253382660216098e-186
-6.104224115408075406e-186
-4.887880564993980369e-186
-3.913908789380795775e-186
-3.134013159262027034e-186
-2.509521557854560325e-186
-2.009467774800190037e-186
-1.609056007238511505e-186
-1.288431328383919275e-186
-1.031695155726786028e-186
-8.261168995985132587e-187
-6.615027006901948850e-187
-5.296899545731178713e-187
-4.241425585759977710e-187
-3.396268108206324340e-187
-2.719518904574295691e-187
-2.177620504831970346e-187
-1.743702187577628646e-187
-1.396247561141258532e-187
-1.118027645937171339e-187
-8.952465535969174930e-188
-7.168574002974142508e-188
-5.740145329758425371e-188
-4.596349063715777010e-188
-3.680468612178850034e-188
-2.947088878032902725e-188
-2.359844294361195287e-188
-1.889615591554819086e-188
-1.513085881292704312e-188
-1.211584458976402049e-188
-9.701609930951240107e-189
-7.768441940221759501e-189
-6.220482023923142401e-189
-4.980972620726874611e-189
-3.988451080320539603e-189
-3.193701959716768028e-189
-2.557316612913908783e-189
-2.047739063060678365e-189
-1.639701259206495184e-189
-1.312970127856420425e-189
-1.051344290287092780e-189
-8.418506965758961561e-190
-6.741013404198846653e-190
-5.397781566305541480e-190
-4.322205592915938170e-190
-3.460951681343988528e-190
-2.771313460939928042e-190
-2.219094343381414869e-190
-1.776911841346602369e-190
-1.422839773051992736e-190
-1.139321024640386105e-190
-9.122969583590536190e-191
-7.305102971253273224e-191
-5.849469181241498426e-191
-4.683888760629195941e-191
-3.750564921737425870e-191
-3.003217614902888406e-191
-2.404788673351334240e-191
-1.925604236863091556e-191
-1.541903335671344314e-191
-1.234659672554227661e-191
-9.886381796871826882e-192
-7.916395684271553199e-192
-6.338954120685391013e-192
-5.075837659806385942e-192
-4.064413065340668283e-192
-3.254527562322009343e-192
-2.606021947974879226e-192
-2.086739246565592688e-192
-1.670930164859498794e-192
-1.337976280664940529e-192
-1.071367652143988914e-192
-8.578841513468504439e-193
-6.869399273529626638e-193
-5.500584933884686047e-193
-4.404524094482117494e-193
-3.526867184500094419e-193
-2.824094469749102547e-193
-2.261358071298602356e-193
-1.810753989076593161e-193
-1.449938446534514723e-193
-1.161019946067271143e-193
-9.296720963485133446e-194
-7.444232199943284827e-194
-5.960875158492224284e-194
-4.773095693522349847e-194
-3.821996249504463613e-194
-3.060415350785965121e-194
-2.450589039835070431e-194
-1.962278303374027934e-194
-1.571269632443709549e-194
-1.258174364765015472e-194
-1.007467273258436909e-194
-8.067167279126338144e-195
-6.459682575983035464e-195
-5.172509449559579516e-195
-4.141821783202959619e-195
-3.316511618026180136e-195
-2.655654899761838531e-195
-2.126482207478577366e-195
-1.702753840165186049e-195
-1.363458687780484282e-195
-1.091772368637697096e-195
-8.742229710392758697e-196
-7.000230314002013491e-196
-5.605346241453448072e-196
-4.488410391830897232e-196
-3.594038080379666931e-196
-2.877880718467306755e-196
-2.304426732409854030e-196
-1.845240676921921014e-196
-1.477553227394902616e-196
-1.183132133975534653e-196
-9.473781522669846358e-197
-7.586011212263848537e-197
-6.074402916605902084e-197
-4.864001615713540074e-197
-3.894788021549593122e-197
-3.118702445287094319e-197
-2.497261696509471342e-197
-1.999650845266603494e-197
-1.601195224579169770e-197
-1.282136905692311473e-197
-1.026654976047847620e-197
-8.220810392121660651e-198
-6.582710363259336022e-198
-5.271022400429806439e-198
-4.220704787636455842e-198
-3.379676190130532325e-198
-2.706233135184877899e-198
-2.166982092355336501e-198
-1.735183612799831712e-198
-1.389426419697132544e-198
-1.112565702852273883e-198
-8.908729714762880598e-199
-7.133553095086979676e-199
-5.712102778929069986e-199
-4.573894344393515903e-199
-3.662488278545517363e-199
-2.932691352375770294e-199
-2.348315657057940853e-199
-1.880384180461441490e-199
-1.505693945148535558e-199
-1.205665459225862150e-199
-9.654214286070114418e-200
-7.730490474630081762e-200
-6.190092865928374562e-200
-4.956638885277316510e-200
-3.968966148193396191e-200
-3.178099645769086840e-200
-2.544823256563949987e-200
-2.037735165343298310e-200
-1.631690764129327757e-200
-1.306555824832251703e-200
-1.046208117941998560e-200
-8.377379712713522396e-201
-6.708081274406138339e-201
-5.371411578222808685e-201
-4.301090157143378173e-201
-3.444043762142012918e-201
-2.757774657629410821e-201
-2.208253317180075500e-201
-1.768231026181188554e-201
-1.415888719661238429e-201
-1.133755056200737574e-201
-9.078400792459725525e-202
-7.269415073192046515e-202
-5.820892546432060649e-202
-4.661006380287784388e-202
-3.732242143930289176e-202
-2.988545881387550279e-202
-2.393040467559975194e-202
-1.916197009068786221e-202
-1.534370616518685650e-202
-1.228627942583026069e-202
-9.838083478949472651e-203
-7.877721414612706336e-203
-6.307986186439062144e-203
-5.051040476564282462e-203
-4.044557033231964338e-203
-3.238628094739052886e-203
-2.593290649594742756e-203
-2.076544819764923352e-203
-1.662767106018905606e-203
-1.331439814129066790e-203
-1.066133658905739973e-203
-8.536930971943707410e-204
-6.835839935354222690e-204
-5.473712716590818947e-204
-4.383006504995610260e-204
-3.509637245777638431e-204
-2.810297813364067628e-204
-2.250310572495913874e-204
-1.801907843576601875e-204
-1.442855006960945176e-204
-1.155347971059412997e-204
-9.251303338113120299e-205
-7.407864608556671188e-205
-5.931754267814968194e-205
-4.749777507150819636e-205
-3.803324505508594157e-205
-3.045464186990785485e-205
-2.438617083767134735e-205
-1.952691910364243160e-205
-1.563593449001714623e-205
-1.252027757571359545e-205
-1.002545454977495951e-205
-8.027756439247248465e-206
-6.428124842411483626e-206
-5.147239991937554971e-206
-4.121587583333583286e-206
-3.300309337372676482e-206
-2.642681127629871536e-206
-2.116093622875591868e-206
-1.694435311910209963e-206
-1.356797731069581642e-206
-1.086438691460067703e-206
-8.699520962280644718e-207
-6.966031821956890240e-207
-5.577962229749564831e-207
-4.466482989417686889e-207
-3.576479989118396946e-207
-2.863821298070580811e-207
-2.293168828634864488e-207
-1.836226052290952777e-207
-1.470334880279631392e-207
-1.177352133453100371e-207
-9.427498896597928046e-208
-7.548950982462851174e-208
-6.044727404443552452e-208
-4.840239323174157679e-208
-3.875760665134258981e-208
-3.103466529326707693e-208
-2.485061728732433246e-208
-1.989881874753149220e-208
-1.593372844501055958e-208
-1.275873233383934365e-208
-1.021639419350915757e-208
-8.180648953684827260e-209
-6.550551597347651227e-209
-5.245271673732673295e-209
-4.200085217617772922e-209
-3.363165329184702102e-209
-2.693012271271192729e-209
-2.156395652120776161e-209
-1.726706654140276105e-209
-1.382638601835447120e-209
-1.107130443206235439e-209
-8.865207557830900187e-210
-7.098703276175927797e-210
-5.684197225442113436e-210
-4.551549323967674351e-210
-3.644595784921605628e-210
-2.918364163499653640e-210
-2.336843341046180868e-210
-1.871197867932743709e-210
-1.498338121111924287e-210
-1.199775375790404411e-210
-9.607050184939398042e-211
-7.692724414779764024e-211
-6.159852169245782399e-211
-4.932424028353303174e-211
-3.949576406548058963e-211
-3.162573554400772372e-211
-2.532390934484236858e-211
-2.027780140048963416e-211
-1.623719403029077988e-211
-1.300172857847125549e-211
-1.041097037535425150e-211
-8.336453380205409294e-212
-6.675310029202683896e-212
-5.345170416448244346e-212
-4.280077877414494437e-212
-3.427218443842544983e-212
-2.744301995951046363e-212
-2.197465253057239503e-212
-1.759592619732969295e-212
-1.408971624516551534e-212
-1.128216279398916412e-212
-9.034049734943465568e-213
-7.233901522579863109e-213
-5.792455518146506534e-213
-4.638235788111737596e-213
-3.714008879088364113e-213
-2.973945824251163175e-213
-2.381349655726147357e-213
-1.906835738762978223e-213
-1.526874697246097180e-213
-1.222625679652219848e-213
-9.790021114641095761e-214
-7.839236081838374342e-214
-6.277169541022955262e-214
-5.026364435947181647e-214
-4.024798004553727338e-214
-3.222806301431082884e-214
-2.580621547911832336e-214
-2.066400196186177956e-214
-1.654643926480892531e-214
-1.324935280442371272e-214
-1.060925235494270441e-214
-8.495225177585796973e-215
-6.802444545893487819e-215
-5.446971779164322239e-215
-4.361594036209157492e-215
-3.492491481131536988e-215
-2.796568558310484698e-215
-2.239317044460325269e-215
-1.793104914488491855e-215
-1.435806172384871026e-215
-1.149703705567377197e-215
-9.206107593198463795e-216
-7.371674685150397304e-216
-5.902775642534870133e-216
-4.726573238003935734e-216
-3.784743979295550566e-216
-3.030586064686125211e-216
-2.426703614752622181e-216
-1.943152350125833011e-216
-1.555954766311441477e-216
-1.245911178632244806e-216
-9.976476814429967867e-217
-7.988538134646351486e-217
-6.396721279038561765e-217
-5.122093984160279642e-217
-4.101452234372281741e-217
-3.284186210338580300e-217
-2.629770736761691996e-217
-2.105755790021164561e-217
-1.686157422478568182e-217
-1.350169315384379204e-217
-1.081131071098845793e-217
-8.657020860843510407e-218
-6.932000401108813763e-218
-5.550711998202108588e-218
-4.444662709779493883e-218
-3.559007675069991973e-218
-2.849830562696514408e-218
-2.281965923526537912e-218
-1.827255467149283842e-218
-1.463151797230647220e-218
-1.171600370187521181e-218
-9.381442376803741299e-219
-7.512071804415466875e-219
-6.015196867192182620e-219
-4.816593117468757797e-219
-3.856826263788880897e-219
-3.088305045967625107e-219
-2.472921361922974042e-219
-1.980160628963685755e-219
-1.585588679394484823e-219
-1.269640161232695311e-219
-1.016648365344339465e-219
-8.140683717454394350e-220
-6.518549937881536672e-220
-5.219646748042749097e-220
-4.179566381170887067e-220
-3.346735129377156794e-220
-2.679855995747895060e-220
-2.145860930226192580e-220
-1.718271108290053988e-220
-1.375883944759154785e-220
-1.101721736641371472e-220
-8.821898021352017761e-221
-7.064023710414297739e-221
-5.656428000019863585e-221
-4.529313466521791688e-221
-3.626790702178761397e-221
-2.904106967785429605e-221
-2.325427071177229059e-221
-1.862056433646881590e-221
-1.491018232762928342e-221
-1.193914067404188568e-221
-9.560116496390666809e-222
-7.655142854901947929e-222
-6.129759208591307237e-222
-4.908327469192760767e-222
-3.930281390346615408e-222
-3.147123313238568975e-222
-2.520019348501576186e-222
-2.017873748419246014e-222
-1.615786984723221509e-222
-1.293821073814044498e-222
-1.036010926484887020e-222
-8.295726986669393824e-223
-6.642698882612486781e-223
-5.319057451621471393e-223
-4.259168249776887725e-223
-3.410475322912050420e-223
-2.730895152780440051e-223
-2.186729892275495381e-223
-1.750996414821220627e-223
-1.402088321720656989e-223
-1.122704561394514065e-223
-8.989915347339426598e-224
-7.198561467670071852e-224
-5.764157414359430088e-224
-4.615576437977542119e-224
-3.695864689910335703e-224
-2.959417093330549321e-224
-2.369715957461232334e-224
-1.897520201428120415e-224
-1.519415398073635823e-224
-1.216652739805352552e-224
-9.742193551232954705e-225
-7.800938762927545908e-225
-6.246503445339265763e-225
-5.001808946132109544e-225
-4.005135505411629620e-225
-3.207061802933367881e-225
-2.568014339074690474e-225
-2.056305132523661152e-225
-1.646560431421582557e-225
-1.318462523602013721e-225
-1.055742256992270508e-225
-8.453723130134665787e-226
-6.769212304202122882e-226
-5.420361480258968009e-226
-4.340286174573090765e-226
-3.475429479343559933e-226
-2.782906375309900564e-226
-2.228377223526390648e-226
-1.784344990685376554e-226
-1.428791773749096836e-226
-1.144087014220678939e-226
-9.161132644779581033e-227
-7.335661561756726537e-227
-5.873938587638034191e-227
-4.703482329558340699e-227
-3.766254225235406179e-227
-3.015780627039606042e-227
-2.414848347062365017e-227
-1.933659393864762234e-227
-1.548353401168861292e-227
-1.239824481249423064e-227
-9.927738351882791708e-228
-7.949511424724620466e-228
-6.365471132691809914e-228
-5.097070823133229870e-228
-4.081415253398945492e-228
-3.268141850231511624e-228
-2.616923417518244287e-228
-2.095468460975604312e-228
-1.677919973335770927e-228
-1.343573281751039985e-228
-1.075849380257795090e-228
-8.614728386773278405e-229
-6.898135235258102383e-229
-5.523594893249777103e-229
-4.422949029585090217e-229
-3.541620719183560316e-229
-2.835908176795222799e-229
-2.270817748397661701e-229
-1.818328706349222452e-229
-1.456003805971229203e-229
-1.165876706230449067e-229
-9.335610858681132506e-230
-7.475372793622660230e-230
-5.985810596599994475e-230
-4.793062431473630546e-230
-3.837984363396074482e-230
-3.073217631581246379e-230
-2.460840304910355517e-230
-1.970486874747023746e-230
-1.577842542566669173e-230
-1.263437539746408006e-230
-1.011681694324191375e-230
-8.100913724915778776e-231
-6.486704617342514661e-231
-5.194147008778983745e-231
-4.159147786178000066e-231
-3.330385196651153252e-231
-2.666763993079162124e-231
-2.135377674010372569e-231
-1.709876772933492322e-231
-1.369162286466606370e-231
-1.096339453436839975e-231
-8.778800066602924704e-232
-7.029513566057083071e-232
-5.628794436653303605e-232
-4.507186238758058502e-232
-3.609072603285686262e-232
-2.889919423293329990e-232
-2.314066573646594738e-232
-1.852959658358464177e-232
-1.483734104543478880e-232
-1.188081393491301168e-232
-9.513412094779466271e-233
-7.617744893651445125e-233
-6.099813262224849584e-233
-4.884348629871675017e-233
-3.911080636823912167e-233
-3.131748551728397839e-233
-2.507708201899598855e-233
-2.008015752862136364e-233
-1.607893318962947367e-233
-1.287500320393596067e-233
-1.030949662806578466e-233
-8.255199555336463714e-234
-6.610247052500442873e-234
-5.293072057457956940e-234
-4.238360772740142794e-234
-3.393813997788589180e-234
-2.717553806571772981e-234
-2.176046977361077025e-234
-1.742442205276969132e-234
-1.395238646186186341e-234
-1.117219769996219586e-234
-8.945996571141315936e-235
-7.163394060878729812e-235
-5.735997556377358691e-235
-4.593027786430995700e-235
-3.677809141231259161e-235
-2.944959340173362935e-235
-2.358139093745866151e-235
-1.888250173642755975e-235
-1.511992540099816511e-235
-1.210708979789176169e-235
-9.694599641644919858e-236
-7.762828539368480995e-236
-6.215987163902710617e-236
-4.977373418187356647e-236
-3.985569064226700944e-236
-3.191394221634259737e-236
-2.555468720715254557e-236
-2.046259386660541405e-236
-1.638516426968785503e-236
-1.312021388367579276e-236
-1.050584599092693769e-236
-8.412423834219220800e-237
-6.736142413247730572e-237
-5.393881181662020091e-237
-4.319082409045616488e-237
-3.458450831203032554e-237
-2.769310936692817083e-237
-2.217490847316631530e-237
-1.775627862072201540e-237
-1.421811642822328958e-237
-1.138497762310489732e-237
-9.116377414190412995e-238
-7.299824374648645981e-238
-5.845242411504600563e-238
-4.680504228007610557e-238
-3.747854799875716869e-238
-3.001047518961926298e-238
-2.403050996363624288e-238
-1.924212813904735286e-238
-1.540789171265398738e-238
-1.233767519441318265e-238
-9.879237993206035730e-239
-7.910675373476359807e-239
-6.334373653875732034e-239
-5.072169908708785395e-239
-4.061476159852461033e-239
-3.252175872248954662e-239
-2.604138861773168237e-239
-2.085231389011084641e-239
-1.669722766917238604e-239
-1.337009471972444012e-239
-1.070593492262320157e-239
-8.572642525738093569e-240
-6.864435512193273923e-240
-5.496610264523828312e-240
-4.401341428060902315e-240
-3.524318704455419428e-240
-2.822053806456904375e-240
-2.259724035873651398e-240
-1.809445555794247065e-240
-1.448890735065954259e-240
-1.160181004306995751e-240
-9.290003243021391767e-241
-7.438853069906048997e-241
-5.956567887876595573e-241
-4.769646700835660678e-241
-3.819234512058061565e-241
-3.058203924315421141e-241
-2.448818267946444872e-241
-1.960860380090548656e-241
-1.570134248236250521e-241
-1.257265220163350447e-241
-1.006739287171281005e-241
-8.061338022238907919e-242
-6.455014871961693497e-242
-5.168771844364240412e-242
-4.138828942925480433e-242
-3.314115138875234188e-242
-2.653735949270064436e-242
