-8.000000000000000444e-01
-6.011818344602288811e-01
-4.517744976062074702e-01
-3.394982765415600068e-01
-2.551252458591763417e-01
-1.917208291534206466e-01
-1.440738497183619293e-01
-1.082682265892901674e-01
-8.136111384338147456e-02
-6.114102959261446396e-02
-4.594609541409388348e-02
-3.452744740916208199e-02
-2.594659271583642235e-02
-1.949827525862368044e-02
-1.465251111098734432e-02
-1.101102938644032275e-02
-8.274538557294600777e-03
-6.218127836482829560e-03
-4.672781874556197410e-03
-3.511489474222751796e-03
-2.638804604751273167e-03
-1.983001741333086793e-03
-1.490180780740566618e-03
-1.119837019303737474e-03
-8.415320919518694915e-04
-6.323922584959729577e-04
-4.752284225763203553e-04
-3.571233685900913803e-04
-2.683701023220095151e-04
-2.016740380352810547e-04
-1.515534601863153955e-04
-1.138889840170053482e-04
-8.558498542019376697e-05
-6.431517317145498270e-05
-4.833139223855329153e-05
-3.631994380998788198e-05
-2.729361305897616102e-05
-2.051053045980370215e-05
-1.541319790947147465e-05
-1.158266824264329174e-05
-8.704112177570653549e-06
-6.540942657824433653e-06
-4.915369882662568015e-06
-3.693788853887049549e-06
-2.775798449110705882e-06
-2.085949504660288667e-06
-1.567543687253848575e-06
-1.177973486874774069e-06
-8.852203272311119371e-07
-6.652229752828543864e-07
-4.998999607570468504e-07
-3.756634693181476405e-07
-2.823025670304720907e-07
-2.121439689002638726e-07
-1.594213754914178035e-07
-1.198015437126295042e-07
-9.002813977540730375e-08
-6.765410277902662169e-08
-5.084052202181997728e-08
-3.820549786749177732e-08
-2.871056411805635997e-08
-2.157533700610145412e-08
-1.621337585053212118e-08
-1.218398379577010432e-08
-9.155987161718473619e-09
-6.880516447720252432e-09
-5.170551875092802504e-09
-3.885552326800087293e-09
-2.919904344646111080e-09
-2.194241812953420730e-09
-1.648922897950846379e-09
-1.239128115841959248e-09
-9.311766422663924790e-10
-6.997581025052832501e-10
-5.258523246781692688e-10
-3.951660815064974201e-10
-2.969583372456697380e-10
-2.231574474295139866e-10
-1.676977545239217590e-10
-1.260210546244402172e-10
-9.470196099966717074e-11
-7.116637330095125296e-11
-5.347991356618420479e-11
-4.018894068061626776e-11
-3.020107635423278569e-11
-2.269542310663890072e-11
-1.705509512137525448e-11
-1.281651671495260437e-11
-9.631321287606748846e-12
-7.237719249949104918e-12
-5.438981669990628614e-12
-4.087271222450660565e-12
-3.071491514311739946e-12
-2.308156128878691409e-12
-1.734526919724891644e-12
-1.303457594401076572e-12
-9.795187846789461181e-13
-7.360861248269264230e-13
-5.531520085552163223e-13
-4.156811740482317434e-13
-3.123749634561212254e-13
-2.347426919624975904e-13
-1.764038027251835432e-13
-1.325634521601077920e-13
-9.961842418999273354e-14
-7.486098375072140106e-14
-5.625632942594514577e-14
-4.227535415536070367e-14
-3.176896870446953387e-14
-2.387365860582826623e-14
-1.794051234491134987e-14
-1.348188765333769640e-14
-1.013133243927534138e-14
-7.613466276712473570e-15
-5.721347028543872730e-15
-4.299462377754484773e-15
-3.230948349313952987e-15
-2.427984319608515226e-15
-1.824575084128648557e-15
-1.371126745233610558e-15
-1.030370614971281819e-15
-7.743001206029373921e-16
-5.818689586585634447e-16
-4.372613099772700482e-16
-3.285919455882727322e-16
-2.469293857970170992e-16
-1.855618264194855757e-16
-1.394454990158212265e-16
-1.047901261319418870e-16
-7.874740032664956127e-17
-5.917688323418614057e-17
-4.447008402545852020e-17
-3.341825836628211987e-17
-2.511306233638423923e-17
-1.887189610537696197e-17
-1.418180140046672439e-17
-1.065730172735404502e-17
-8.008720253558538571e-18
-6.018371417141394246e-18
-4.522669461275092492e-18
-3.398683404233271251e-18
-2.554033404633119375e-18
-1.919298109337554818e-18
-1.442308947809501251e-18
-1.083862423878141335e-18
-8.144980003619646598e-19
-6.120767525272431066e-19
-4.599617811434847918e-19
-3.456508342117934205e-19
-2.597487532426931955e-19
-1.951952899664997190e-19
-1.466848281250698140e-19
-1.102303175746411465e-19
-8.283558066582053133e-20
-6.224905792907037770e-20
-4.677875354902451466e-20
-3.515317109045690693e-20
-2.641680985406898132e-20
-1.985163276082017694e-20
-1.491805125022582509e-20
-1.121057677147810022e-20
-8.424493886043049392e-21
-6.330815861012934912e-21
-4.757464366192090849e-21
-3.575126443808166639e-21
-2.686626342394818309e-21
-2.018938691287616520e-21
-1.517186582613779639e-21
-1.140131266192748124e-21
-8.567827576690254811e-22
-6.438527874866987001e-22
-4.838407498794821805e-22
-3.635953369989474595e-22
-2.732336396227656880e-22
-2.053288758808243991e-22
-1.542999878371134350e-22
-1.159529371813836518e-22
-8.713599935719496743e-23
-6.548072492635479618e-23
-4.920727791626420361e-23
-3.697815200811755702e-23
-2.778824157398666231e-23
-2.088223255734163972e-23
-1.569252359555971652e-23
-1.179257515311128246e-23
-8.861852454446949558e-24
-6.659480894100333421e-24
-5.004448675585107975e-24
-3.760729544062901168e-24
-2.826102857760645909e-24
-2.123752125502302273e-24
-1.595951498435356416e-24
-1.199321311923649421e-24
-9.012627330118793417e-25
-6.772784789534019616e-25
-5.089593980220499298e-25
-3.824714307108375057e-25
-2.874185954292122934e-25
-2.159885480726453815e-25
-1.623104894408930075e-25
-1.219726472427663230e-25
-9.165967477922087361e-26
-6.888016428725002604e-26
-5.176187940516368591e-26
-3.889787701988184002e-26
-2.923087132927620508e-26
-2.196633606075648853e-26
-1.650720276171922747e-26
-1.240478804762166013e-26
-9.321916543199397680e-27
-7.005208610157216604e-27
-5.264255203788636389e-27
-3.955968250600575993e-27
-2.972820312453098535e-27
-2.234006961201466852e-27
-1.678805503915025313e-27
-1.261584215681955895e-27
-9.480518913871847435e-28
-7.124394690345473329e-28
-5.353820836700762827e-28
-4.023274789973955080e-28
-3.023399648467649120e-28
-2.272016183715242305e-28
-1.707368571561573551e-28
-1.283048712438910431e-28
-9.641819733073174021e-29
-7.245608593329764809e-29
-5.444910332398448292e-29
-4.091726477628474639e-29
-3.074839537412702045e-29
-2.310672092215780444e-29
-1.736417609042911685e-29
-1.304878404491819488e-29
-9.805864911999185614e-30
-7.368884820331029793e-30
-5.537549617765971578e-30
-4.161342797028831303e-30
-3.127154620669590682e-30
-2.349985689368642456e-30
-1.765960884612396321e-30
-1.327079505245371846e-30
-9.972701142974756401e-31
-7.494258459571542393e-31
-5.631765060805349551e-31
-4.232143563130011482e-31
-3.180359788726917823e-31
-2.389968165037977853e-31
-1.796006807198862376e-31
-1.349658333818579964e-31
-1.014237591274495262e-31
-7.621765196261513633e-32
-5.727583478142073893e-32
-4.304148928016910705e-32
-3.234470185419022406e-32
-2.430630899471424911e-32
-1.826563928799922833e-32
-1.372621316843536317e-32
-1.031493751599008785e-32
-7.751441322757008616e-33
-5.825032142657315317e-33
-4.377379386640625697e-33
-3.289501212236279178e-33
-2.471985466539176237e-33
-1.857640946916323016e-33
-1.395974990294480800e-33
-1.049043506907303548e-33
-7.883323748889006661e-34
-5.924138791251189810e-34
-4.451855782651776756e-34
-3.345468532708695967e-34
-2.514043637028499356e-34
-1.889246707027311990e-34
-1.419726001348293879e-34
-1.066891852401809137e-34
-8.017450012469840990e-35
-6.024931632737303113e-35
-4.527599314333064308e-35
-3.402388076864559249e-35
-2.556817381993791053e-35
-1.921390205108549105e-35
-1.443881110276332185e-35
-1.085043868272989877e-35
-8.153858289977302894e-36
-6.127439355871586447e-36
-4.604631540633390844e-36
-3.460276045764242502e-36
-2.600318876164188610e-36
-1.954080590192422232e-36
-1.468447192368749675e-36
-1.103504721145280559e-36
-8.292587407420486246e-37
-6.231691137518601062e-37
-4.682974387303700064e-37
-3.519148916111908295e-37
-2.644560501408587804e-37
-1.987327166972334098e-37
-1.493431239891358776e-37
-1.122279665547619396e-37
-8.433676851391690432e-38
-6.337716650955490392e-38
-4.762650153138237711e-38
-3.579023444944896789e-38
-2.689554850260159335e-38
-2.021139398451027083e-38
-1.518840364075780247e-38
-1.141374045409158536e-38
-8.577166780304576187e-39
-6.445546074318601585e-39
-4.843681516320948733e-39
-3.639916674403641466e-39
-2.735314729500467552e-39
-2.055526908633956711e-39
-1.544681797143668844e-39
-1.160793295580185192e-39
-8.723098035825449515e-40
-6.555210099192412078e-40
-4.926091540880861043e-40
-3.701845936582243886e-40
-2.781853163804554589e-40
-2.090499485268783661e-40
-1.570962894365054389e-40
-1.180542943379177032e-40
-8.871512154497092105e-41
-6.666739939345932030e-41
-5.009903683256617892e-41
-3.764828858461564683e-41
-2.829183399448438540e-41
-2.126067082631035349e-41
-1.597691136152053520e-41
-1.200628610165915944e-41
-9.022451379562197841e-42
-6.780167339616834761e-42
-5.095141798972690806e-42
-3.828883366926771732e-42
-2.877318908079099363e-42
-2.162239824357636837e-42
-1.624874130187848936e-42
-1.221056012941616937e-42
-9.175958672986751153e-43
-6.895524584946733906e-43
-5.181830149429898631e-43
-3.894027693869461301e-43
-2.926273390549244678e-43
-2.199028006328171798e-43
-1.652519613592227561e-43
-1.241830965976114668e-43
-9.332077727687924363e-44
-7.012844509571144529e-44
-5.269993408810373124e-44
-3.960280381377449729e-44
-2.976060780816668996e-44
-2.236442099595618787e-44
-1.680635455123738025e-44
-1.262959382462730344e-44
-9.490852979971350639e-45
-7.132160506364338578e-45
-5.359656671101177216e-45
-4.027660287011985854e-45
-3.026695249910577986e-45
-2.274492753366645973e-45
-1.709229657419310648e-45
-1.284447276201472299e-45
-9.652329622178006940e-46
-7.253506536344784145e-46
-5.450845457236239148e-46
-4.096186589175583522e-46
-3.078191209964980865e-46
-2.313190798032608657e-46
-1.738310359272219487e-46
-1.306300763310607484e-46
-9.816553615548429056e-47
-7.376917138340700714e-47
-5.543585722360920068e-47
-4.165878792570621949e-47
-3.130563318320692409e-47
-2.352547248252438118e-47
-1.767885837948444154e-47
-1.328526063967641143e-47
-9.983571703303611359e-48
-7.502427438821572936e-48
-5.637903863219431494e-48
-4.236756733750810353e-48
-3.183826481697574355e-48
-2.392573306087490524e-48
-1.797964511542829435e-48
-1.351129504179625945e-48
-1.015343142395052418e-48
-7.630073161895948428e-49
-5.733826725667919382e-49
-4.308840586767693995e-49
-3.237995860437093682e-49
-2.433280364190268022e-49
-1.828554941374937258e-49
-1.374117517583867948e-49
-1.032618112481265077e-49
-7.759890639479273554e-50
-5.831381612316182683e-50
-4.382150868912334681e-50
-3.293086872817780165e-50
-2.474680009046849006e-50
-1.859665834426038804e-50
-1.397496647279083959e-50
-1.050186997579067223e-50
-7.891916821635857699e-51
-5.930596290298191345e-51
-4.456708446555654544e-51
-3.349115199443385382e-51
-2.516784024274996099e-51
-1.891306045817314378e-51
-1.421273547687709587e-51
-1.068054798335876858e-51
-8.026189287095103306e-52
-6.031498999176136472e-52
-4.532534541087151325e-52
-3.406096787706385201e-52
-2.559604393978042127e-52
-1.923484581330215236e-52
-1.445454986450091591e-52
-1.086226600479682286e-52
-8.162746253948483955e-53
-6.134118458977600345e-53
-4.609650734955602765e-53
-3.464047856326967657e-53
-2.603153306155820706e-53
-1.956210599969972924e-53
-1.470047846350607306e-53
-1.104707576266717206e-53
-8.301626590526676919e-54
-6.238483878370763955e-54
-4.688078977811911972e-54
-3.522984899969227544e-54
-2.647443156174003401e-54
-1.989493416572319586e-54
-1.495059127276881003e-54
-1.123502985953523077e-54
-8.442869826463493860e-55
-6.344624962977848224e-55
-4.767841592756450469e-55
-3.582924693936406147e-55
-2.692486550291911820e-55
-2.023342504454996916e-55
-1.520495948212001410e-55
-1.142618179294288164e-55
-8.586516163946902861e-56
-6.452571923829967396e-56
-4.848961282693373241e-56
-3.643884298945260586e-56
-2.738296309250942765e-56
-2.057767498113931849e-56
-1.546365549260973778e-56
-1.162058597063490606e-56
-8.732606489161434265e-57
-6.562355485966764651e-57
-4.931461136792096981e-57
-3.705881065982422376e-57
-2.784885471923448712e-57
-2.092778195965740217e-57
-1.572675293711283093e-57
-1.181829772604544722e-57
-8.881182383926512444e-58
-6.674006897181065308e-58
-5.015364637059313561e-58
-3.768932641242877342e-58
-2.832267299024308064e-58
-2.128384563136395239e-58
-1.599432670128976312e-58
-1.201937333404709725e-58
-9.032286137531060108e-59
-6.787557936913133178e-59
-5.100695665023195762e-59
-3.833056971152507045e-59
-2.880455276884982170e-59
-2.164596734297967323e-59
-1.626645294489853567e-59
-1.222387002696896524e-59
-9.185960758770575194e-60
-6.903040925296767716e-60
-5.187478508529973585e-60
-3.898272307476247149e-60
-2.929463121292622723e-60
-2.201425016552876376e-60
-1.654320912347385313e-60
-1.243184601088625323e-60
-9.342249988189669642e-61
-7.020488732357451501e-61
-5.275737868657416492e-61
-3.964597212513486246e-61
-2.979304781393482626e-61
-2.238879892367849257e-61
-1.682467401037244586e-61
-1.264336048218890492e-61
-9.501198310530438439e-62
-7.139934787368748833e-62
-5.365498866745977978e-62
-4.032050564380814481e-62
-3.029994443663598180e-62
-2.276972022557431471e-62
-1.711092771919631516e-62
-1.285847364442862721e-62
-9.662850967394935516e-63
-7.261413088367912574e-63
-5.456787051548215506e-63
-4.100651562385757825e-63
-3.081546535946528265e-63
-2.315712249318640396e-63
-1.740205172659267641e-63
-1.307724672545570609e-63
-9.827253970123180016e-64
-7.384958211831584799e-64
-5.549628406501348836e-64
-4.170419732491261607e-64
-3.133975731560316453e-64
-2.355111599316604723e-64
-1.769812889544613727e-64
-1.329974199484747171e-64
-9.994454112887762940e-65
-7.510605322518115287e-65
-5.644049357122633936e-65
-4.241374932873859250e-65
-3.187296953473445879e-65
-2.395181286823282436e-65
-1.799924349846555027e-65
-1.352602278162993980e-65
-1.016449898601399996e-65
-7.638390183476135140e-66
-5.740076778531529080e-66
-4.313537359575215791e-66
-3.241525378552633707e-66
-2.435932716909594323e-66
-1.830548124216763729e-66
-1.375615349230467122e-66
-1.033743698952504544e-66
-7.768349166224677180e-67
-5.837738003098222352e-67
-4.386927552250888403e-67
-3.296676441882914451e-67
-2.477377488691258150e-67
-1.861692929127371575e-67
-1.399019962918008759e-67
-1.051331734691920945e-67
-7.900519261104356186e-68
-5.937060828223740752e-68
-4.461566400016927826e-68
-3.352765841160396407e-68
-2.519527398630519390e-68
-1.893367629351841129e-68
-1.422822780901704548e-68
-1.069219011917872305e-68
-8.034938087806581756e-69
-6.038073524252453657e-69
-4.537475147394822725e-69
-3.409809541160673437e-69
-2.562394443893653537e-69
-1.925581240488371055e-69
-1.447030578198763957e-69
-1.087410621901950860e-69
-8.171643906081980137e-70
-6.140804842517692062e-70
-4.614675400358840388e-70
-3.467823778282702516e-70
-2.605990825766017034e-70
-1.958342931525691806e-70
-1.471650245096016925e-70
-1.105911742538344902e-70
-8.310675626628946291e-71
-6.245284023525927573e-71
-4.693189132485499601e-71
-3.526825065170581330e-71
-2.650328953124478981e-71
-1.991662027452999412e-71
-1.496688789111227907e-71
-1.124727639817442266e-71
-8.452072822169735618e-72
-6.351540805279176461e-72
-4.773038691208455826e-72
-3.586830195412965579e-72
-2.695421445969579222e-72
-2.025548011914309050e-72
-1.522153336987404546e-72
-1.143863669324817548e-72
-8.595875738713603851e-73
-6.459605431740076298e-73
-4.854246804178485292e-73
-3.647856248323331507e-73
-2.741281139017807627e-73
-2.060010529907455429e-73
-1.548051136721452520e-73
-1.163325277765533053e-73
-8.742125307013049985e-74
-6.569508661439172716e-74
-4.936836585732855241e-74
-3.709920593801592427e-74
-2.787921085354300874e-74
-2.095059390529580212e-74
-1.574389559627095264e-74
-1.183118004514570777e-74
-8.890863154212507624e-75
-6.681281776230279110e-75
-5.020831543474808865e-75
-3.773040897277489868e-75
-2.835354560148459229e-75
-2.130704569768988934e-75
-1.601176102433154510e-75
-1.203247483193313498e-75
-9.042131615697435667e-76
-6.794956590194825830e-76
-5.106255584963723073e-76
-3.837235124739131382e-76
-2.883595064432311392e-76
-2.166956213344865367e-76
-1.628418389417084395e-76
-1.223719443273142699e-76
-9.195973747145046609e-77
-6.910565458696010350e-77
-5.193133024520491708e-77
-3.902521547846451990e-77
-2.932656328943650588e-77
-2.203824639594698122e-77
-1.656124174575207522e-77
-1.244539711706329413e-77
-9.352433336777766435e-78
-7.028141287588878004e-78
-5.281488590147838190e-78
-3.968918749132337839e-78
-2.982552318033743224e-78
-2.241320342411371100e-78
-1.684301343829883967e-78
-1.265714214584357873e-78
-9.511554917827727085e-79
-7.147717542585958537e-79
-5.371347430569274853e-79
-4.036445627291123799e-79
-3.033297233642247119e-79
-2.279453994230247186e-79
-1.712957917273808445e-79
-1.287248978824811826e-79
-9.673383781211760466e-80
-7.269328258783445993e-80
-5.462735122386309872e-80
-4.105121402558072133e-80
-3.084905519339786538e-80
-2.318236449066490837e-80
-1.742102051452963363e-80
-1.309150133886748822e-80
-9.837965988423701238e-81
-7.393008050347433100e-81
-5.555677677358774985e-81
-4.174965622180397300e-81
-3.137391864438527456e-81
-2.357678745604708632e-81
-1.771742041688126113e-81
-1.331423913515484093e-81
-1.000534838464327748e-81
-7.518792120366763382e-82
-5.650201549809051123e-82
-4.245998165980325100e-82
-3.190771208173548967e-82
-2.397792110340769669e-82
-1.801886324436173821e-82
-1.354076657516683337e-82
-1.017557861207047638e-82
-7.646716270873558059e-83
-5.746333644150853295e-83
-4.318239252013961603e-83
-3.245058743954833551e-83
-2.438587960777485585e-83
-1.832543479691061427e-83
-1.377114813560976048e-83
-1.034870512348687854e-83
-7.776816913032323963e-84
-5.844101322547680170e-84
-4.391709442325740036e-84
-3.300269923692147922e-84
-2.480077908673975789e-84
-1.863722233426097733e-84
-1.400544939019281409e-84
-1.052477719604509728e-84
-7.909131077504531234e-85
-5.943532412700604162e-85
-4.466429648801509472e-85
-3.356420462192585725e-85
-2.522273763350933490e-85
-1.895431460077789162e-85
-1.424373702829005341e-85
-1.070384494529571500e-85
-8.043696424988242927e-86
-6.044655215769569000e-86
-4.542421139119961017e-86
-3.413526341633755979e-86
-2.565187535052139462e-86
-1.927680185071462553e-86
-1.448607887392380456e-86
-1.088595933945112688e-86
-8.180551256938426398e-87
-6.147498514427768162e-87
-4.619705542806426154e-87
-3.471603816113096259e-87
-2.608831438362523360e-87
-1.960477587390389699e-87
-1.473254390506867486e-87
-1.107117221389390093e-87
-8.319734526467376420e-88
-6.252091581054573045e-88
-4.698304857389713369e-88
-3.530669416273718218e-88
-2.653217895685094742e-88
-1.993833002188301363e-88
-1.498320227328647516e-88
-1.125953628592888228e-88
-8.461285849432623760e-89
-6.358464186067901223e-89
-4.778241454662496781e-89
-3.590739954009918714e-89
-2.698359540776595363e-89
-2.027755923446684369e-89
-1.523812532369103446e-89
-1.145110516978907136e-89
-8.605245515713574374e-90
-6.466646606396731318e-90
-4.859538087049540154e-90
-3.651832527252166947e-90
-2.744269222343761574e-90
-2.062256006676726543e-90
-1.549738561525643651e-90
-1.164593339189687853e-90
-8.751654500677819768e-91
-6.576669634099563977e-91
-4.942217894083471404e-91
-3.713964524834117691e-91
-2.790960007700006288e-91
-2.097343071667737469e-91
-1.576105694147089458e-91
-1.184407640638208915e-91
-8.900554476844946045e-92
-6.688564585128421094e-92
-5.026304408991570345e-92
-3.777153631441391090e-92
-2.838445186485004852e-92
-2.133027105282344142e-92
-1.602921435133801858e-92
-1.204559061086711765e-92
-9.051987825747317466e-93
-6.802363308243093735e-93
-5.111821565393208024e-93
-3.841417832645480745e-93
-2.886738274447581212e-93
-2.169318264298707719e-93
-1.630193417073983743e-93
-1.225053336251883221e-93
-9.205997649994206331e-94
-6.918098194075147173e-94
-5.198793704112509971e-94
-3.906775420023340188e-94
-2.935853017292226760e-94
-2.206226878301690809e-94
-1.657929402416059382e-94
-1.245896299437557013e-94
-9.362627785538587914e-95
-7.035802184347853081e-95
-5.287245580106952181e-95
-3.973244996363074140e-95
-2.985803394591871521e-95
-2.243763452622854340e-95
-1.686137285678293858e-95
-1.267093883194844766e-95
-9.521922814154950851e-96
-7.155508781253028851e-96
-5.377202369512509230e-96
-4.040845480959305903e-96
-3.036603623766739829e-96
-2.281938671330852056e-96
-1.714825095695537389e-96
-1.288652121010824578e-96
-9.683928076129481309e-97
-7.277252056985602599e-97
-5.468689676810141723e-97
-4.109596114997962263e-97
-3.088268164131405025e-97
-2.320763400272070030e-97
-1.744000997904616132e-97
-1.310577149025968998e-97
-9.848689683163688355e-98
-7.401066663442404121e-98
-5.561733542113323770e-98
-4.179516467033376161e-98
-3.140811721009849441e-98
-2.360248690163564050e-98
-1.773673296668618745e-98
-1.332875207780462967e-98
-1.001625453150029843e-98
-7.526987842084757784e-99
-5.656360448580487487e-99
-4.250626438557409546e-99
-3.194249249921301014e-99
-2.400405779738641048e-99
-1.803850437640279856e-99
-1.355552643990598256e-99
-1.018667031527080800e-99
-7.655051433970139497e-100
-5.752597329952013186e-100
-4.322946269664368324e-100
-3.248595960837311382e-100
-2.441246098945350238e-100
-1.834541010166068035e-100
-1.378615912355169578e-100
-1.035998554007186932e-100
-7.785293889952376053e-101
-5.850471578216856047e-101
-4.396496544812334573e-101
-3.303867322510447128e-101
-2.482781272200063940e-101
-1.865753749730880808e-101
-1.402071577392838235e-101
-1.053624953676975093e-101
-7.917752281057306174e-102
-5.950011051409664193e-102
-4.471298198681406446e-102
-3.360079066877533064e-102
-2.525023121696009564e-102
-1.897497540444641067e-102
-1.425926315310363303e-102
-1.071551247554226701e-102
-8.052464309035024845e-103
-6.051244081539042145e-103
-4.547372522132841873e-103
-3.417247193537254424e-103
-2.567983670768514278e-103
-1.929781417570675048e-103
-1.450186915902969751e-103
-1.089782538015969799e-103
-8.189468317089625692e-104
-6.154199482652379315e-104
-4.624741168268841513e-104
-3.475387974304533100e-104
-2.611675147316792630e-104
-1.962614570097582452e-104
-1.474860284487059224e-104
-1.108324014250590323e-104
-8.328803300793750469e-105
-6.258906559036866864e-105
-4.703426158596216174e-105
-3.534517957841402996e-105
-2.656109987284591606e-105
-1.996006343354873383e-105
-1.499953443865432012e-105
-1.127180953734956975e-105
-8.470508919187473388e-106
-6.365395113561120667e-106
-4.783449889293601940e-106
-3.594653974367558744e-106
-2.701300838200073972e-106
-2.029966241672608909e-106
-1.525473536326356251e-106
-1.146358723736490803e-106
-8.614625506067446718e-107
-6.473695456156932291e-107
-4.864835137586490783e-107
-3.655813140451062667e-107
-2.747260562775246875e-107
-2.064503931086845979e-107
-1.551427825676398302e-107
-1.165862782840985817e-107
-8.761194081465711315e-108
-6.583838412446935081e-108
-4.947605068230750814e-108
-3.718012863879639830e-108
-2.794002242567386733e-108
-2.099629242090775487e-108
-1.577823699308102922e-108
-1.185698682506096673e-108
-8.910256363325964092e-109
-6.695855332519091189e-109
-5.031783240105206144e-109
-3.781270848615882263e-109
-2.841539181702295581e-109
-2.135352172433021208e-109
-1.604668670302410981e-109
-1.205872068641549916e-109
-9.061854779378545544e-110
-6.809778099848788858e-110
-5.117393612917773295e-110
-3.845605099836127862e-110
-2.889884910661391393e-110
-2.171682889962954858e-110
-1.631970379567242300e-110
-1.226388683216247923e-110
-9.216032479215179780e-111
-6.925639140374596144e-111
-5.204460554024845683e-111
-3.911033929055725958e-111
-2.939053190132420370e-111
-2.208631735524950429e-111
-1.659736598012474089e-111
-1.247254365892408117e-111
-9.372833346571667694e-112
-7.043471431727307821e-112
-5.293008845367588960e-112
-3.977575959340412410e-112
-2.989058014926491224e-112
-2.246209225901965453e-112
-1.687975228761460336e-112
-1.268475055687808994e-112
-9.532302011818051152e-113
-7.163308512617189189e-113
-5.383063690524762058e-113
-4.045250130607439919e-113
-3.039913617961350308e-113
-2.284426056808183293e-113
-1.716694309400876879e-113
-1.290056792666328747e-113
-9.694483864662860304e-114
-7.285184492378943086e-114
-5.474650721887023605e-114
-4.114075705016353283e-114
-3.091634474312337839e-114
-2.323293105934488809e-114
-1.745902014268137376e-114
-1.312005719656919838e-114
-9.859425067070825402e-115
-7.409134060681064309e-115
-5.567796007952553294e-115
-4.184072272451363583e-115
-3.144235305333136682e-115
-2.362821436043510133e-115
-1.775606656778251128e-115
-1.334328084002189287e-115
-1.002717256640306054e-115
-7.535192497399402149e-116
-5.662526060746629530e-116
-4.255259756098174055e-116
-3.197731082844883535e-116
-2.403022298118995550e-116
-1.805816691790030259e-116
-1.357030239336551019e-116
-1.019777410877946994e-116
-7.663395682658460282e-117
-5.758867843369058856e-117
-4.327658418113325090e-117
-3.252137033398301673e-117
-2.443907134568066678e-117
-1.836540718012604101e-117
-1.380118647394665067e-117
-1.037127825266817364e-117
-7.793780107045724571e-118
-5.856848777666781035e-118
-4.401288865392366029e-118
-3.307468642607478738e-118
-2.485487582478078458e-118
-1.867787480452878059e-118
-1.403599879850569057e-118
-1.054773438270910761e-118
-7.926382881995426819e-119
-5.956496752040256067e-119
-4.476172055434979682e-119
-3.363741659557544966e-119
-2.527775476928894272e-119
-1.899565872904522956e-119
-1.427480620188495203e-119
-1.072719272376689566e-119
-8.061241750353314131e-120
-6.057840129381038201e-120
-4.552329302310139560e-120
-3.420972101287356663e-120
-2.570782854361370163e-120
-1.931884940479855336e-120
-1.451767665604723579e-120
-1.090970435522873465e-120
-8.198395097119012564e-121
-6.160907755144741319e-121
-4.629782282722744634e-121
-3.479176257348236839e-121
-2.614521956003878732e-121
-1.964753882183712809e-121
-1.476467928942587674e-121
-1.109532122554258513e-121
-8.337881960371573110e-122
-6.265728965561339660e-122
-4.708553042183217668e-122
-3.538370694441275618e-122
-2.659005231355671280e-122
-1.998182053532200521e-122
-1.501588440660006363e-122
-1.128409616700330392e-122
-8.479742042380920913e-123
-6.372333595984800836e-123
-4.788664001283400211e-123
-3.598572261131546271e-123
-2.704245341730967567e-123
-2.032178969215455209e-123
-1.527136350830567684e-123
-1.147608291079034615e-123
-8.624015720907857223e-124
-6.480751989386599760e-124
-4.870137962076555658e-124
-3.659798092644509397e-124
-2.750255163862612614e-124
-2.066754305805820060e-124
-1.553118931178662120e-124
-1.167133610226065452e-124
-8.770744060698766678e-125
-6.591015004990103568e-125
-4.952998114568596594e-125
-3.722065615743034033e-125
-2.797047793567195094e-125
-2.101917904512093920e-125
-1.579543577149148822e-125
-1.186991131650505988e-125
-8.919968825170999025e-126
-6.703154027055495988e-126
-5.037268043318407040e-126
-3.785392553687589276e-126
-2.844636549472516455e-126
-2.137679773980524490e-126
-1.606417810012686621e-126
-1.207186507416272576e-126
-9.071732488301965195e-127
-6.817200973812343372e-127
-5.122971734150745770e-127
-3.849796931280836696e-127
-2.893034976808324957e-127
-2.174050093144060030e-127
-1.633749279005984899e-127
-1.227725485751127663e-127
-9.226078246718054133e-128
-6.933188306544519339e-128
-5.210133580983344179e-128
-3.915297079997818959e-128
-2.942256851262355801e-128
-2.211039214118867320e-128
-1.661545763509367481e-128
-1.248613912682738942e-128
-9.383050031989737637e-129
-7.051149038829680142e-129
-5.298778392769873535e-129
-3.981911643204551774e-129
-2.992316182900344530e-129
-2.248657665151341432e-129
-1.689815175260936545e-129
-1.269857733702638805e-129
-9.542692523135841065e-130
-7.171116745935543181e-130
-5.388931400562538755e-130
-4.049659581463179196e-130
-3.043227220154369525e-130
-2.286916153614651639e-130
-1.718565560608497082e-130
-1.291462995458495200e-130
-9.705051159340030919e-131
-7.293125574378070978e-131
-5.480618264691816812e-131
-4.118560177929610788e-131
-3.095004453878237310e-131
-2.325825569056390489e-131
-1.747805102799797031e-131
-1.313435847475099464e-131
-9.870172152886398522e-132
-7.417210251638198124e-132
-5.573865082071379435e-132
-4.188633043841890623e-132
-3.147662621472025325e-132
-2.365396986298074827e-132
-1.777542124311630073e-132
-1.335782543905007914e-132
-1.003810250230962886e-132
-7.543406096047955781e-133
-5.668698393625773883e-133
-4.259898124102153327e-133
-3.201216711076800518e-133
-2.405641668587246831e-133
-1.807785089219072843e-133
-1.358509445308224117e-133
-1.020889000577440877e-133
-7.671749026842754816e-134
-5.765145191844799598e-134
-4.332375702953564911e-134
-3.255681965840526002e-134
-2.446571070803883328e-134
-1.838542605604021333e-134
-1.381623020462904189e-134
-1.038258327467971879e-134
-7.802275574385117730e-135
-5.863232928466397191e-135
-4.406086409753595131e-135
-3.311073888257464550e-135
-2.488196842720001007e-135
-1.869823428005714607e-135
-1.405129848206497682e-135
-1.055923174749514863e-135
-7.935022890562338792e-136
-5.962989522289928144e-136
-4.481051224846764026e-136
-3.367408244579568129e-136
-2.530530832316074514e-136
-1.901636459912449412e-136
-1.429036619308288970e-136
-1.073888570383259409e-136
-8.070028759360611982e-137
-6.064443367124070776e-137
-4.557291485534805222e-137
-3.424701069304772281e-137
-2.573585089153208361e-137
-1.933990756295787411e-137
-1.453350138373795105e-137
-1.092159627875678521e-137
-8.207331607621332374e-138
-6.167623339866563219e-138
-4.634828892150917068e-138
-3.482968669740726253e-138
-2.617371867802811279e-138
-1.966895526187878014e-138
-1.478077325781484843e-138
-1.110741547734236657e-138
-8.346970515975846047e-139
-6.272558808724801226e-139
-4.713685514236093269e-139
-3.542227630646354593e-139
-2.661903631334627941e-139
-2.000360135302523048e-139
-1.503225219652864947e-139
-1.129639618947246106e-139
-8.488985229970809432e-140
-6.379279641574599783e-140
-4.793883796820799202e-140
-3.602494818952397437e-140
-2.707193054863957969e-140
-2.034394108701398020e-140
-1.528800977855247978e-140
-1.148859220489521118e-140
-8.633416171380554860e-141
-6.487816214461511772e-141
-4.875446566813524889e-141
-3.663787388562045654e-141
-2.753253029159999219e-141
-2.069007133504504424e-141
-1.554811880039434180e-141
-1.168405822853339693e-141
-8.780304449712370246e-142
-6.598199420246792977e-142
-4.958397039497739570e-142
-3.726122785234303201e-142
-2.800096664314041876e-142
-2.104209061647870894e-142
-1.581265329711642424e-142
-1.188284989605514234e-142
-8.929691873907534514e-143
-6.710460677400083944e-143
-5.042758825140806001e-143
-3.789518751548352561e-143
-2.847737293471616463e-143
-2.140009912687609104e-143
-1.608168856340776514e-143
-1.208502378970954810e-143
-9.081620964240922982e-144
-6.824631938943592742e-144
-5.128555935712513296e-144
-3.853993331954460571e-144
-2.896188476627363751e-144
-2.176419876651784708e-144
-1.635530117501544257e-144
-1.229063745443105127e-144
-9.236134964425643248e-145
-6.940745701544641787e-145
-5.215812791720736260e-145
-3.919564877909780579e-145
-2.945464004484629386e-145
-2.213449316940819591e-145
-1.663356901053946478e-145
-1.249974941422126154e-145
-9.393277853918460178e-146
-7.058835014766734237e-146
-5.304554229161994325e-146
-3.986252053101747942e-146
-2.995577902380726729e-146
-2.251108773277101797e-146
-1.691657127360318113e-146
-1.271241918880256275e-146
-9.553094360439751004e-147
-7.178933490476102307e-147
-5.394805506590539521e-147
-4.054073838760337504e-147
-3.046544434278804072e-147
-2.289408964705432091e-147
-1.720438851539145282e-147
-1.292870731056200817e-147
-9.715629972703878774e-148
-7.301075312408684164e-148
-5.486592312307720371e-148
-4.123049539060478974e-148
-3.098378106828499273e-148
-2.328360792643228496e-148
-1.749710265758174575e-148
-1.314867534178003042e-148
-9.880930953366698567e-149
-7.425295245899871046e-149
-5.579940771673352553e-149
-4.193198786617547300e-149
-3.151093673493953918e-149
-2.367975343983914677e-149
-1.779479701566065761e-149
-1.337238589215295512e-149
-1.004904435219332645e-149
-7.551628647779364541e-150
-5.674877454543064039e-150
-4.264541548074025730e-150
-3.204706138753784224e-150
-2.408263894252465180e-150
-1.809755632263804021e-150
-1.359990263661367002e-150
-1.022001801944938689e-150
-7.680111476436532393e-151
-5.771429382829010918e-151
-4.337098129783548173e-151
-3.259230762371652260e-151
-2.449237910814769854e-151
-1.840546675316467008e-151
-1.383129033345468430e-151
-1.039390061952297892e-151
-7.810780302052728066e-152
-5.869624038192396886e-152
-4.410889183590486786e-152
-3.314683063739664090e-152
-2.490909056141598723e-152
-1.871861594805912751e-152
-1.406661484276346420e-152
-1.057074164477261224e-152
-7.943672317011984299e-153
-5.969489369865299335e-153
-4.485935712708105731e-153
-3.371078826295668317e-153
-2.533289191127957604e-153
-1.903709303925733545e-153
-1.430594314516358738e-153
-1.075059142961656170e-153
-8.078825346486687993e-154
-6.071053802605875720e-154
-4.562259077696721394e-154
-3.428434102015515884e-154
-2.576390378469639345e-154
-1.936098867517591894e-154
-1.454934336088258414e-154
-1.093350116485901660e-154
-8.216277859203805755e-155
-6.174346244788931916e-155
-4.639881002543317092e-155
-3.486765215982724617e-155
-2.620224886095783642e-155
-1.969039504651774819e-155
-1.479688476914029908e-155
-1.111952291226056946e-155
-8.356068978394260524e-156
-6.279396096633782903e-156
-4.718823580845910424e-156
-3.546088771033940968e-156
-2.664805190661274858e-156
-2.002540591251122771e-156
-1.504863782786788468e-156
-1.130870961935660067e-156
-8.498238492928131538e-157
-6.386233258573882188e-157
-4.799109282100502797e-157
-3.606421652485393433e-157
-2.710143981097845366e-157
-2.036611662759704288e-157
-1.530467419376231896e-157
-1.150111513452713273e-157
-8.642826868641723592e-158
-6.494888139765284143e-158
-4.880760958097634997e-158
-3.667781032938779586e-158
-2.756254162225733256e-158
-2.071262416856900496e-158
-1.556506674268122361e-158
-1.169679422232633917e-158
-8.789875259852513686e-159
-6.605391666743446566e-159
-4.963801849426456430e-159
-3.730184377169121673e-159
-2.803148858426796027e-159
-2.106502716217543861e-159
-1.582988959038910247e-159
-1.189580257906634671e-159
-8.939425521074855165e-160
-6.717775292225513708e-160
-5.048255592089707930e-160
-3.793649447095779391e-160
-2.850841417379952918e-160
-2.142342591319615923e-160
-1.609921811364771345e-160
-1.209819684867269447e-160
-9.091520218932586103e-161
-6.832071004062745782e-161
-5.134146224231265128e-161
-3.858194306837823375e-161
-2.899345413860989566e-161
-2.178792243298519133e-161
-1.637312897167414094e-161
-1.230403463880632511e-161
-9.246202644274805761e-162
-6.948311334345238345e-162
-5.221498192977833298e-162
-3.923837327856510896e-162
-2.948674653605397984e-162
-2.215862046851109221e-162
-1.665170012795947566e-162
-1.251337453726047976e-162
-9.403516824497791973e-163
-7.066529368661165381e-163
-5.310336361398544057e-163
-3.990597194183074310e-163
-2.998843177238551630e-163
-2.253562553188535105e-163
-1.693501087245964676e-163
-1.272627612863661398e-163
-9.563507536076004813e-164
-7.186758755515553169e-164
-5.400686015579981950e-164
-4.058492907737629273e-164
-3.049865264271944859e-164
-2.291904493039441630e-164
-1.722314184416379018e-164
-1.294280001130326168e-164
-9.726220317309034949e-165
-7.309033715905302217e-165
-5.492572871824558480e-165
-4.127543793737502850e-165
-3.101755437167580064e-165
-2.330898779704262237e-165
-1.751617505404560832e-165
-1.316300781464715131e-165
-9.891701481279956641e-166
-7.433389053061119058e-166
-5.586023083969878721e-166
-4.197769506197778560e-166
-3.154528465471512152e-166
-2.370556512161352290e-166
-1.781419390841018604e-166
-1.338696221661044369e-166
-1.005999812903962727e-166
-7.559860162353201329e-167
-5.681063250832921873e-167
-4.269190033525442937e-167
-3.208199370017532673e-167
-2.410888978226633059e-167
-1.811728323262806841e-167
-1.361472696153371751e-167
-1.023115816301255405e-167
-7.688483041365851895e-168
-5.777720423780898642e-168
-4.341825704208451947e-168
-3.262783427203291356e-168
-2.451907657765653198e-168
-1.842552929528312935e-168
-1.384636687829885900e-168
-1.040523030063140868e-168
-7.819294300143497701e-169
-5.876022114430561843e-169
-4.415697192602833056e-169
-3.318296173337343353e-169
-2.493624225961646836e-169
-1.873901983272628780e-169
-1.408194789878136171e-169
-1.058226408820351668e-169
-7.952331171610600214e-170
-5.975996302480199017e-170
-4.490825524815774322e-170
-3.374753409061985986e-170
-2.536050556638514998e-170
-1.905784407404798783e-170
-1.432153707661657684e-170
-1.076230991501264694e-170
-8.087631522171079560e-171
-6.077671443671526995e-171
-4.567232084691280616e-171
-3.432171203850426663e-171
-2.579198725640485376e-171
-1.938209276647554518e-171
-1.456520260628441488e-171
-1.094541902766379851e-171
-8.225233862483587338e-172
-6.181076477890395729e-172
-4.644938619896434763e-172
-3.490565900580655470e-172
-2.623081014269270134e-172
-1.971185820120150435e-172
-1.481301384252290220e-172
-1.113164354466594291e-172
-8.365177358424610669e-173
-6.286240837403649050e-173
-4.723967248111450822e-173
-3.549954120187129611e-173
-2.667709912779552509e-173
-2.004723423965701441e-173
-1.506504132006376519e-173
-1.132103647126894284e-173
-8.507501842235841696e-174
-6.393194455236450240e-174
-4.804340463325054015e-174
-3.610352766391401162e-174
-2.713098123934702348e-174
-2.038831634022103068e-174
-1.532135677371204591e-174
-1.151365171454991833e-174
-8.652247823861667531e-175
-6.501967773692152228e-175
-4.886081142236684203e-175
-3.671779030514254394e-175
-2.759258566621471955e-175
-2.073520158539514017e-175
-1.558203315876324653e-175
-1.170954409875684728e-175
-8.799456502479555985e-176
-6.612591753016736443e-176
-4.969212550769017431e-176
-3.734250396367669032e-176
-2.806204379527712295e-176
-2.108798870943514622e-176
-1.584714467176864482e-176
-1.190876938091323779e-176
-8.949169778226092220e-177
-6.725097880212555598e-177
-5.053758350688516089e-177
-3.797784645232058820e-177
-2.853948924881896085e-177
-2.144677812645386968e-177
-1.611676677165393883e-177
-1.211138426668762813e-177
-9.101430264125099868e-178
-6.839518177998270370e-178
-5.139742606341392679e-178
-3.862399860917176793e-178
-2.902505792256424403e-178
-2.181167195900213664e-178
-1.639097620119624792e-178
-1.231744642653648975e-178
-9.256281298213571036e-179
-6.955885213924984106e-179
-5.227189791502795905e-179
-3.928114434909321195e-179
-2.951888802435637164e-179
-2.218277406713472059e-179
-1.666985100887118741e-179
-1.252701451211494541e-179
-9.413766955879039970e-180
-7.074232109645613275e-180
-5.316124796342798058e-180
-3.994947071606124103e-180
-3.002112011349464536e-180
-2.256019007797716000e-180
-1.695347057106233783e-180
-1.274014817297355024e-180
-9.573932062404291817e-181
-7.194592550342326052e-181
-5.406572934510911871e-181
-4.062916793640167495e-181
-3.053189714074858417e-181
-2.294402741578299649e-181
-1.724191561465789295e-181
-1.295690807353572169e-181
-9.736822205726023016e-182
-7.317000794314386118e-182
-5.498559950340823868e-182
-4.132042947294334912e-182
-3.105136448903598336e-182
-2.333439533251500863e-182
-1.753526824002710948e-182
-1.317735591036471156e-182
-9.902483749410574596e-183
-7.441491682728703672e-183
-5.592112026179266941e-183
-4.202345208006982094e-183
-3.157967001481011852e-183
-2.373140493894047754e-183
-1.783361194438860564e-183
-1.340155442972434463e-183
-1.007096384584986679e-183
-7.568100649538390682e-184
-5.687255789836469973e-184
-4.273843585973092623e-184
-3.211696409014258945e-184
-2.413516923625671080e-184
-1.813703164557625673e-184
-1.362956744543778074e-184
-1.024231044968470716e-184
-7.696863731565840795e-185
-5.784018322166489510e-185
-4.346558431839565717e-185
-3.266339964552383700e-185
-2.454580314825470092e-185
-1.844561370620837983e-185
-1.386145985705397874e-185
-1.041657233145074790e-185
-7.827817578761591551e-186
-5.882427164774947659e-186
-4.420510442497643181e-186
-3.321913221339189944e-186
-2.496342355402856132e-186
-1.875944595827336824e-186
-1.409729766831549984e-186
-1.059379909146235743e-186
-7.960999464635620645e-187
-5.982510327858225119e-187
-4.495720666973877567e-187
-3.378431997239983917e-187
-2.538814932124855349e-187
-1.907861772812318016e-187
-1.433714800594828502e-187
-1.077404117392983801e-187
-8.096447296866535611e-188
-6.084296298176029395e-188
-4.572210512421083163e-188
-3.435912379244589566e-188
-2.582010133998610283e-188
-1.940321986190248021e-188
-1.458107913876721717e-188
-1.095734988131739855e-188
-8.234199628091271623e-189
-6.187814047159253215e-189
-4.650001750212503298e-189
-3.494370728045062526e-189
-2.625940255712840849e-189
-1.973334475140526048e-189
-1.482916049710754600e-189
-1.114377738894543130e-189
-8.374295666877882678e-190
-6.293093039157538471e-190
-4.729116522137069957e-190
-3.553823682693204739e-190
-2.670617801137155339e-190
-2.006908636037238105e-190
-1.508146269258690189e-190
-1.133337675984056745e-190
-8.516775288887413046e-191
-6.400163239823651365e-191
-4.809577346702668479e-191
-3.614288165336367151e-191
-2.716055486881036724e-191
-2.041054025123655891e-191
-1.533805753820266627e-191
-1.152620195984161929e-191
-8.661679048220905751e-192
-6.509055124644018685e-192
-4.891407125545344602e-192
-3.675781386034010319e-192
-2.762266245913383614e-192
-2.075780361232120509e-192
-1.559901806877565783e-192
-1.172230787295610118e-192
-8.809048188964234989e-193
-6.619799687612648111e-193
-4.974629149947816553e-193
-3.738320847656226585e-193
-2.809263231243472268e-193
-2.111097528550792833e-193
-1.586441856173289017e-193
-1.192175031698444857e-193
-8.958924656926978333e-194
-6.732428450052975047e-194
-5.059267107468894111e-194
-3.801924350865370961e-194
-2.857059819665345959e-194
-2.147015579436296229e-194
-1.613433455825267629e-194
-1.212458605940685832e-194
-9.111351111581487719e-195
-6.846973469589809586e-195
-5.145345088685398409e-195
-3.866609999183551040e-195
-2.905669615564312349e-195
-2.183544737275394192e-195
-1.640884288476512981e-195
-1.233087283354106558e-195
-9.266370938205095943e-196
-6.963467349273524784e-196
-5.232887594050247919e-196
-3.932396204144157549e-196
-2.955106454789805232e-196
-2.220695399394765461e-196
-1.668802167481933011e-196
-1.254066935497503207e-196
-9.424028260228371060e-197
-7.081943246861470194e-197
-5.321919540864301771e-197
-3.999301690533206987e-197
-3.005384408593333925e-197
-2.258478140020405848e-197
-1.697195039132254830e-197
-1.275403533827848777e-197
-9.584367951796134883e-198
-7.202434884253340123e-198
-5.412466270369755797e-198
-4.067345501718785556e-198
-3.056517787633598231e-198
-2.296903713287376903e-198
-1.726070984915686733e-198
-1.297103151400243461e-198
-9.747435650536854841e-199
-7.324976557091034727e-199
-5.504553554962743265e-199
-4.136547005071378399e-199
-3.108521146049746103e-199
-2.335983056300634701e-199
-1.755438223818548642e-199
-1.319171964596061500e-199
-9.913277770554633019e-200
-7.449603144519862836e-200
-5.598207605528969426e-200
-4.206925897476422507e-200
-3.161409285603746120e-200
-2.375727292248595403e-200
-1.785305114664067928e-200
-1.341616254881227668e-200
-1.008194151563956091e-200
-7.576350119116223284e-201
-5.693455078904126320e-201
-4.278502210940403354e-201
-3.215197259894146579e-201
-2.416147733568349434e-201
-1.815680158491945105e-201
-1.364442410594044044e-201
-1.025347489270338647e-201
-7.705253556984209939e-202
-5.790323085460930841e-202
-4.351296318293552844e-202
-3.269900378639723755e-202
-2.457255885166052139e-202
-1.846572000977915549e-202
-1.387656928763509618e-202
-1.042792672544375400e-202
-7.836350148023521813e-203
-5.888839196826879793e-203
-4.425328938987141017e-203
-3.325534212037811211e-203
-2.499063447691448677e-203
-1.877989434894576616e-203
-1.411266416958573840e-203
-1.060534666824035150e-203
-7.969677206374325986e-204
-5.989031453730034692e-204
-4.500621144991827749e-204
-3.382114595195880143e-204
-2.541582320868236987e-204
-1.909941402614081230e-204
-1.435277595168774762e-204
-1.078578522029045799e-204
-8.105272681035365502e-205
-6.090928373981570970e-205
-4.577194366795161698e-205
-3.439657632638703226e-205
-2.584824606881100085e-205
-1.942436998653304684e-205
-1.459697297717279894e-205
-1.096929373997900155e-205
-8.243175166667166573e-206
-6.194558960592512352e-206
-4.655070399501356304e-206
-3.498179702892197666e-206
-2.628802613820208739e-206
-1.975485472262862439e-206
-1.484532475205660793e-206
-1.115592445949912966e-206
-8.383423914576847565e-207
-6.299952710028878018e-207
-4.734271409034851087e-207
-3.557697463145056287e-207
-2.673528859185080526e-207
-2.009096230059078359e-207
-1.509790196492570235e-207
-1.134573049971849916e-207
-8.526058843890238869e-208
-6.407139620607290409e-208
-4.814819938449146831e-208
-3.618227853990709047e-208
-2.719016073446561520e-208
-2.043278838701831515e-208
-1.535477650705678377e-208
-1.153876588529911980e-208
-8.671120552914107992e-209
-6.516150201033053844e-209
-4.896738914344340100e-209
-3.679788104247928972e-209
-2.765277203670894240e-209
-2.078043027617416470e-209
-1.561602149287920705e-209
-1.173508556007444626e-209
-8.818650330691190554e-210
-6.627015479085345021e-210
-4.980051653391114236e-210
-3.742395735865487417e-210
-2.812325417204712407e-210
-2.113398691767838328e-210
-1.588171128078558569e-210
-1.193474540268740464e-210
-8.968690168754316933e-211
-6.739767010446479513e-211
-5.064781868968473716e-211
-3.806068568909247069e-211
-2.860174105422871523e-211
-2.149355894467224419e-211
-1.615192149429561116e-211
-1.213780224249789216e-211
-9.121282773075526037e-212
-6.854436887685089966e-212
-5.150953677913020373e-212
-3.870824726634296126e-212
-2.908836887540048349e-212
-2.185924870246028794e-212
-1.642672904358444978e-212
-1.234431387575412454e-212
-9.276471576223475192e-213
-6.971057749390304705e-213
-5.238591607383363739e-213
-3.936682640643393553e-213
-2.958327614487021914e-213
-2.223116027764593333e-213
-1.670621214736832535e-213
-1.255433908204591052e-213
-9.434300749725207188e-214
-7.089662789461697617e-214
-5.327720601841300443e-214
-4.003661056132938789e-214
-3.008660372853745825e-214
-2.260939952775031928e-214
-1.699045035517159395e-214
-1.276793764103448365e-214
-9.594815216638722773e-215
-7.210285766557289849e-215
-5.418366030151471446e-215
-4.071779037229343967e-215
-3.059849488897826460e-215
-2.299407411134754394e-215
-1.727952456996810609e-215
-1.298517034946763071e-215
-9.758060664339478737e-216
-7.332961013701900939e-216
-5.510553692803353989e-216
-4.141055972413919198e-216
-3.111909532622882953e-216
-2.338529351870641730e-216
-1.757351707120866930e-216
-1.320609903848432448e-216
-9.924083557523852934e-217
-7.457723448061039358e-217
-5.604309829253043068e-217
-4.211511580042329122e-217
-3.164855321925455604e-217
-2.378316910295473616e-217
-1.787251153824034702e-217
-1.343078659121301722e-217
-1.009293115143668591e-217
-7.584608580876931291e-218
-5.699661125393028816e-218
-4.283165913956826184e-218
-3.218701926812634876e-218
-2.418781411177385537e-218
-1.817659307412313352e-218
-1.365929696067315369e-218
-1.026465150531822439e-218
-7.713652527577761794e-219
-5.796634721147521480e-219
-4.356039369194189413e-219
-3.273464673691452057e-219
-2.459934371963106717e-219
-1.848584822985704123e-219
-1.389169518797364795e-219
-1.043929349608549819e-219
-7.844892018056830978e-220
-5.895258218197313892e-220
-4.430152687790786191e-220
-3.329159149731060419e-220
-2.501787506056738170e-220
-1.880036502901103475e-220
-1.412804742082859548e-220
-1.061690683224363504e-220
-7.978364407127020089e-221
-5.995559687836070114e-221
-4.505526964686136514e-221
-3.385801207300075412e-221
-2.544352726152916286e-221
-1.912023299278133362e-221
-1.436842093238420705e-221
-1.079754206803444844e-221
-8.114107685153117186e-222
-6.097567678959942670e-222
-4.582183653728209358e-222
-3.443406968477526181e-222
-2.587642147628088996e-222
-1.944554316547091124e-222
-1.461288414036682696e-222
-1.098125061782573081e-222
-8.252160488864588019e-223
-6.201311226194839341e-223
-4.660144573778318475e-223
-3.501992829642441254e-223
-2.631668091988634457e-223
-1.977638814040349977e-223
-1.486150662655588660e-223
-1.116808477074537023e-223
-8.392562112354646619e-224
-6.306819858158883480e-224
-4.739431914922464669e-224
-3.561575466140379434e-224
-2.676443090378696305e-224
-2.011286208627737480e-224
-1.511435915659325173e-224
-1.135809770556380721e-224
-8.535352518262258855e-225
-6.414123605866735762e-225
-4.820068244786791480e-225
-3.622171837030758338e-225
-2.721979887145277607e-225
-2.045506077397438473e-225
-1.537151370011598499e-225
-1.155134350583358201e-225
-8.680572349146181530e-226
-6.523253011280230078e-226
-4.902076514962393985e-226
-3.683799189911691622e-226
-2.768291443467949132e-226
-2.080308160380669070e-226
-1.563304345125394592e-226
-1.174787717527606838e-226
-8.828262939056966654e-227
-6.634239135999827623e-227
-4.985480067535031215e-227
-3.746475065832262906e-227
-2.815390941045545246e-227
-2.115702363325726168e-227
-1.589902284944924093e-227
-1.194775465344565167e-227
-8.978466325299573484e-228
-6.747113570103405940e-228
-5.070302641733164488e-228
-3.810217304281924120e-228
-2.863291785850579361e-228
-2.151698760515590181e-228
-1.616952760065624758e-228
-1.215103283164807053e-228
-9.131225260395373640e-229
-6.861908441143034406e-229
-5.156568380680371112e-229
-3.875044048271547642e-229
-2.912007611942458406e-229
-2.188307597637040033e-229
-1.644463469888471656e-229
-1.235776956912920282e-229
-9.286583224257959202e-230
-6.978656423283392185e-230
-5.244301838271801742e-230
-3.940973749494047492e-230
-2.961552285350402398e-230
-2.225539294696192186e-230
-1.672442244810894208e-230
-1.256802370955326967e-230
-9.444584436560643661e-231
-7.097390746608028335e-231
-5.333527986158324247e-231
-4.008025173579343588e-231
-3.011939908019203585e-231
-2.263404448983586533e-231
-1.700897048456855349e-231
-1.278185509774038996e-231
-9.605273869331116427e-232
-7.218145206571372525e-232
-5.424272220858341541e-232
-4.076217405434361272e-232
-3.063184821822030251e-232
-2.301913838092270914e-232
-1.729835979942037629e-232
-1.299932459671161172e-232
-9.768697259743350035e-233
-7.340954173623538869e-233
-5.516560370984697678e-233
-4.145569854673773578e-233
-3.115301612644956526e-233
-2.341078422983390721e-233
-1.759267276180632169e-233
-1.322049410500088575e-233
-9.934901123143357144e-234
-7.465852602990873223e-234
-5.610418704594384846e-234
-4.216102261147815308e-234
-3.168305114535797787e-234
-2.380909351108099920e-234
-1.789199314228263187e-234
-1.344542657428347827e-234
-1.010393276628572067e-234
-7.592876044622708820e-235
-5.705873936669627233e-235
-4.287834700557108272e-235
-3.222210413929144391e-235
-2.421417959578352338e-235
-1.819640613667733291e-235
-1.367418602728969294e-235
-1.027584030079505589e-235
-7.722060653315902709e-236
-5.802953236716725883e-236
-4.360787590170638250e-236
-3.277032853937571007e-236
-2.462615778395664491e-236
-1.850599839033382656e-236
-1.390683757602298513e-236
-1.045067265686810130e-236
-7.853443198998764460e-237
-5.901684236504489840e-237
-4.434981694633263059e-237
-3.332788038721286996e-237
-2.504514533732126373e-237
-1.882085802276638851e-237
-1.414344744030368046e-237
-1.062847959719147550e-237
-7.987061077203874660e-238
-6.002095037923852595e-238
-4.510438131879403121e-238
-3.389491837928503315e-238
-2.547126151267163135e-238
-1.914107465275643581e-238
-1.438408296660467339e-238
-1.080931173111511214e-238
-8.122952319704922065e-239
-6.104214220991172158e-239
-4.587178379142409097e-239
-3.447160391211247358e-239
-2.590462759583940079e-239
-1.946673942384379858e-239
-1.462881264723303836e-239
-1.099322052904765662e-239
-8.261155605347993791e-240
-6.208070851981039070e-240
-4.665224279066067376e-240
-3.505810112821899065e-240
-2.634536693619235097e-240
-1.979794503028625234e-240
-1.487770613981209799e-240
-1.118025833711501253e-240
-8.401710271058133926e-241
-6.313694491697285689e-241
-4.744598045925327876e-241
-3.565457696282082895e-241
-2.679360498176678611e-241
-2.013478574342562010e-241
-1.513083428711960779e-241
-1.137047839205610448e-241
-8.544656323032934944e-242
-6.421115203891833304e-242
-4.825322271944962673e-242
-3.626120119137324987e-242
-2.724946931495017833e-242
-2.047735743853582868e-242
-1.538826913724697165e-242
-1.156393483637175874e-242
-8.690034448136213326e-243
-6.530363563816069628e-243
-4.907419933734296127e-243
-3.687814647786168816e-243
-2.771308968881603951e-243
-2.082575762210544886e-243
-1.565008396410104325e-243
-1.176068273374435768e-243
-8.837886025471032249e-244
-6.641470666929300818e-244
-4.990914398822701778e-244
-3.750558842397569222e-244
-2.818459806404686624e-244
-2.118008545958384973e-244
-1.591635328827232951e-244
-1.196077808470023297e-244
-8.988253138165318638e-245
-6.754468137743588935e-245
-5.075829432314573142e-245
-3.814370561907868410e-245
-2.866412864648442708e-245
-2.154044180362327359e-245
-1.618715289823176182e-245
-1.216427784255976394e-245
-9.141178585342044893e-246
-6.869388138830277005e-246
-5.162189203651988206e-246
-3.879267969102673068e-246
-2.915181792535128398e-246
-2.190692922276551319e-246
-1.646255987191677621e-246
-1.237123992963724202e-246
-9.296705894308232154e-247
-6.986263379972260568e-247
-5.250018293492295518e-247
-3.945269535789579410e-247
-2.964780471207398604e-247
-2.227965203065551217e-247
-1.674265259865548551e-247
-1.258172325373691283e-247
-9.454879332941208656e-248
-7.105127127471778530e-248
-5.339341700708621232e-248
-4.012394048052313414e-248
-3.015223017981936750e-248
-2.265871631571249505e-248
-1.702751080149161405e-248
-1.279578772491594100e-248
-9.615743922285334646e-249
-7.226013213624586368e-249
-5.430184849500586880e-249
-4.080660611601395126e-249
-3.066523790365008173e-249
-2.304422997134349161e-249
-1.731721555987070920e-249
-1.301349427253222998e-249
-9.779345449373891143e-250
-7.348956046343250894e-250
-5.522573596635640023e-250
-4.150088657208594777e-250
-3.118697390141410960e-250
-2.343630272664578660e-250
-1.761184933271186234e-250
-1.323490486259695167e-250
-9.945730480252810525e-251
-7.473990618957232604e-251
-5.616534238803788108e-251
-4.220697946240726943e-251
-3.171758667529606110e-251
-2.383504617763108035e-251
-1.791149598189180768e-251
-1.346008251540026279e-251
-1.011494637324363091e-251
-7.601152520166434740e-252
-5.712093520106782467e-252
-4.292508576283004782e-252
-3.225722725407445045e-252
-2.424057381900778182e-252
-1.821624079609872669e-252
-1.368909132346075393e-252
-1.028704129241416888e-252
-7.730477944176714419e-253
-5.809278639668495494e-253
-4.365540986857947932e-253
-3.280604923613436242e-253
-2.465300107646360423e-253
-1.852617051512418423e-253
-1.392199646975601820e-253
-1.046206422129543014e-253
-7.862003700999399010e-254
-5.908117259374619982e-254
-4.439815965246506164e-254
-3.336420883315719274e-254
-2.507244533954114041e-254
-1.884137335453552602e-254
-1.415886424628648899e-254
-1.064006497682050955e-254
-7.995767226925842943e-255
-6.008637511750707886e-255
-4.515354652400822977e-255
-3.393186491461290120e-255
-2.549902599502832702e-255
-1.916193903079930487e-255
-1.439976207293966428e-255
-1.082109422350034196e-255
-8.131806595189178581e-256
-6.110868007964223723e-256
-4.592178548965617800e-256
-3.450917905294908892e-256
-2.593286446095927700e-256
-1.948795878681122959e-256
-1.464475851667491976e-256
-1.100520348785282661e-256
-8.270160526793933694e-257
-6.214837845973589249e-257
-4.670309521393846534e-257
-3.509631556960610662e-257
-2.637408422116532453e-257
-1.981952541785996583e-257
-1.489392331105120007e-257
-1.119244517305911030e-257
-8.410868401544556474e-258
-6.320576618804852858e-258
-4.749769808174182236e-258
-3.569344158177687390e-258
-2.682281086041322937e-258
-2.015673329805502228e-258
-1.514732737606213266e-258
-1.138287257388908474e-258
-8.553970269246665354e-259
-6.428114422979645345e-259
-4.830582026159261631e-259
-3.630072704996115128e-259
-2.727917210017139103e-259
-2.049967840717065952e-259
-1.540504283833549535e-259
-1.157653989186061524e-259
-8.699506861113054832e-260
-6.537481867079540102e-260
-4.912769177001459955e-260
-3.691834482636997771e-260
-2.774329783493914974e-260
-2.084845835798286682e-260
-1.566714305164901899e-260
-1.177350225067590670e-260
-8.847519601354291109e-261
-6.648710080455932987e-261
-4.996354653703715671e-261
-3.754647070409192847e-261
-2.821532016924336210e-261
-2.120317242403448512e-261
-1.593370261782120907e-261
-1.197381571190765775e-261
-8.998050618966255858e-262
-6.761830722095603473e-262
-5.081362247273462677e-262
-3.818528346716261064e-262
-2.869537345521443068e-262
-2.156392156790790575e-262
-1.620479740794026087e-262
-1.217753729095176321e-262
-9.151142759728377185e-263
-6.876875989625847283e-263
-5.167816153498795543e-263
-3.883496494141822234e-263
-2.918359433084917447e-263
-2.193080846995522513e-263
-1.648050458395370196e-263
-1.238472497326517438e-263
-9.306839598390753389e-264
-6.993878628485018663e-264
-5.255740979830759762e-264
-3.949570004627877899e-264
-2.968012175889294811e-264
-2.230393755751668019e-264
-1.676090262064392743e-264
-1.259543773085935171e-264
-9.465185451085123608e-265
-7.112871941236681474e-265
-5.345161752391434598e-265
-4.016767684736928621e-265
-3.018509706638243878e-265
-2.268341503466130090e-265
-1.704607132794968619e-265
-1.280973553909670878e-265
-9.626225387930214124e-266
-7.233889797054039744e-266
-5.436103923095452428e-266
-4.085108661003513840e-266
-3.069866398489525547e-266
-2.306934891239573794e-266
-1.733609187369756512e-266
-1.302767939375007429e-266
-9.790005245867510976e-267
-7.356966641357844537e-267
-5.528593376892501752e-267
-4.154612385381401413e-267
-3.122096869143319973e-267
-2.346184903942799574e-267
-1.763104680668949089e-267
-1.324933132837403642e-267
-9.956571641704750479e-268
-7.482137505618076958e-268
-5.622656439139309898e-268
-4.225298640776528867e-268
-3.175215985005637328e-268
-2.386102713341297756e-268
-1.793102008021226233e-268
-1.347475443195738199e-268
-1.012597198538105263e-268
-7.609438017330827416e-269
-5.718319883087661981e-269
-4.297187546681581224e-269
-3.229238865416946130e-269
-2.426699681276915914e-269
-1.823609707592754667e-269
-1.370401286687550210e-269
-1.029825449346915962e-269
-7.738904410152228106e-270
-5.815610937509965989e-270
-4.370299564898802340e-270
-3.284180886958091668e-270
-2.467987362901019172e-270
-1.854636462816780635e-270
-1.393717188716368084e-270
-1.047346820289022684e-270
-7.870573534218539100e-271
-5.914557294444245704e-271
-4.444655505367432163e-271
-3.340057687825901982e-271
-2.509977509962585174e-271
-1.886191104866652500e-271
-1.417429785707805888e-271
-1.065166298488053698e-271
-8.004482866627856494e-272
-6.015187117080714074e-272
-4.520276532085441238e-272
-3.396885172283143115e-272
-2.552682074155078790e-272
-1.918282615167771254e-272
-1.441545826999750947e-272
-1.083288955917694484e-272
-8.140670522113422260e-273
-6.117529047775966837e-273
-4.597184169131890948e-273
-3.454679515188015153e-273
-2.596113210516004696e-273
-1.950920127955683761e-273
-1.466072176762156102e-273
-1.101719950846163764e-273
-8.279175263889659133e-274
-6.221612216203363633e-274
-4.675400306796938590e-274
-3.513457166594953383e-274
-2.640283280888911124e-274
-1.984112932874237237e-274
-1.491015815951925568e-274
-1.120464529304064666e-274
-8.420036514682518591e-275
-6.327466247649094795e-275
-4.754947207808347679e-275
-3.573234856439938818e-275
-2.685204857439611961e-275
-2.017870477621230666e-275
-1.516383844299435279e-275
-1.139528026577179842e-275
-8.563294367956972277e-276
-6.435121271438833319e-276
-4.835847513672361915e-276
-3.634029599299180993e-276
-2.730890726236681607e-276
-2.052202370636876607e-276
-1.542183482328809674e-276
-1.158915868725947014e-276
-8.708989599321257481e-277
-6.544607929519183030e-277
-4.918124251113887853e-277
-3.695858699234802423e-277
-2.777353890889897269e-277
-2.087118383837951361e-277
-1.568422073414311247e-277
-1.178633574128856457e-277
-8.857163678140599978e-278
-6.655957385173517517e-278
-5.001800838634409001e-278
-3.758739754718925078e-278
-2.824607576250504328e-278
-2.122628455400811585e-278
-1.595107085869099342e-278
-1.198686755054196420e-278
-9.007858779332818706e-279
-6.769201331897146005e-279
-5.086901093176018670e-279
-3.822690663641441043e-279
-2.872665232177624958e-279
-2.158742692588224697e-279
-1.622246115072358408e-279
-1.219081119256415326e-279
-9.161117795379562012e-280
-6.884372002416112105e-280
-5.173449236898693695e-280
-3.887729628407286638e-280
-2.921540537363952759e-280
-2.195471374628122196e-280
-1.649846885629737824e-280
-1.239822471601665695e-280
-9.316984348531910158e-281
-7.001502177859225880e-281
-5.261469904078711744e-281
-3.953875161113961875e-281
-2.971247403231722946e-281
-2.232824955637439260e-281
-1.677917253573286572e-281
-1.260916715719653368e-281
-9.475502803223387362e-282
-7.120625197094058952e-282
-5.350988148115657005e-282
-4.021146088824152010e-282
-3.021799977889699789e-282
-2.270814067599399957e-282
-1.706465208596987530e-282
-1.282369855683554795e-282
-9.636718278704855820e-283
-7.241774966209900709e-283
-5.442029448668140136e-283
-4.089561558920925152e-283
-3.073212650162493525e-283
-2.309449523388986116e-283
-1.735498876330280074e-283
-1.304187997719964151e-283
-9.800676661878280680e-284
-7.364985968174899070e-284
-5.534619718901267521e-284
-4.159141044560821545e-284
-3.125500053685086748e-284
-2.348742319849815393e-284
-1.765026520652221283e-284
-1.326377351945757095e-284
-9.967424620366281873e-285
-7.490293272644447493e-285
-5.628785312866600277e-285
-4.229904350215193604e-285
-3.178677071066935385e-285
-2.388703640926013926e-285
-1.795056546042073581e-285
-1.348944234136857261e-285
-1.013700961578631013e-285
-7.617732545948868301e-286
-5.724553033001534110e-286
-4.301871617305701119e-286
-3.232758838130501057e-286
-2.429344860843397258e-286
-1.825597499973071700e-286
-1.371895067524706576e-286
-1.030947991726752951e-286
-7.747340061242728984e-287
-5.821950137756121352e-287
-4.375063329940543398e-287
-3.287760748216505683e-287
-2.470677547349076975e-287
-1.856658075343680452e-287
-1.395236384625571299e-287
-1.048488461518640991e-287
-7.879152708826610091e-288
-5.921004349356212528e-288
-4.449500320740984371e-288
-3.343698456568268841e-288
-2.512713465001812234e-288
-1.888247112953291970e-288
-1.418974829099455710e-288
-1.066327363513573394e-288
-8.013208006653386441e-289
-6.021743861688802048e-289
-4.525203776774913427e-289
-3.400587884784706965e-289
-2.555464578522499736e-289
-1.920373604017989045e-289
-1.443117157640599497e-289
-1.084469775214328713e-289
-8.149544110999878879e-290
-6.124197348332224023e-290
-4.602195245583319711e-290
-3.458445225354735687e-290
-2.598943056198892399e-290
-1.953046692729059731e-290
-1.467670241901768667e-290
-1.102920860511437479e-290
-8.288199827334540758e-291
-6.228393970712109222e-291
-4.680496641316939607e-291
-3.517286946265049747e-291
-2.643161273348169281e-291
-1.986275678857237314e-291
-1.492641070448839897e-291
-1.121685871153964339e-291
-8.429214621355340918e-292
-6.334363386406424183e-292
-4.760130250972210679e-292
-3.577129795686204180e-292
-2.688131815841393748e-292
-2.020070020397945341e-292
-1.518036750751284096e-292
-1.140770148243322019e-292
-8.572628630229425998e-293
-6.442135757584923755e-293
-4.841118740733189171e-293
-3.637990806742450214e-293
-2.733867483683459170e-293
-2.054439336265122699e-293
-1.543864511203826555e-293
-1.160179123754394384e-293
-8.718482674014660947e-294
-6.551741759591999620e-294
-4.923485162426826303e-294
-3.699887302356665491e-294
-2.780381294658789833e-294
-2.089393409027244441e-294
-1.570131703185060855e-294
-1.179918322081274446e-294
-8.866818267275264738e-295
-6.663212589682946258e-295
-5.007252960079862130e-295
-3.762836900184271596e-295
-2.827686488034138581e-295
-2.124942187693353070e-295
-1.596845803149381012e-295
-1.199993361609269278e-295
-9.017677630905050533e-296
-6.776579975897753729e-296
-5.092445976596161072e-296
-3.826857517624428217e-296
-2.875796528329073834e-296
-2.161095790544177441e-296
-1.624014414754454388e-296
-1.220409956315001426e-296
-9.171103704136806071e-297
-6.891876186097902355e-297
-5.179088460538625159e-297
-3.891967376922826563e-297
-2.924725109147476904e-297
-2.197864508011358756e-297
-1.651645271026728304e-297
-1.241173917391702459e-297
-9.327140156772257807e-298
-7.009134037144672694e-298
-5.267205073035072806e-298
-3.958185010357067013e-298
-2.974486157074156755e-298
-2.235258805608141977e-298
-1.679746236561021605e-298
-1.262291154904357505e-298
-9.485831401603568496e-299
-7.128386904245248159e-299
-5.356820894795884615e-299
-4.025529265510146566e-299
-3.025093835641105323e-299
-2.273289326906201126e-299
-1.708325309760521638e-299
-1.283767679470773718e-299
-9.647222607061914572e-300
-7.249668730450061418e-300
-5.447961433250891159e-300
-4.094019310638200421e-300
-3.076562549356193307e-300
-2.311966896567143341e-300
-1.737390625111861922e-300
-1.305609603973377246e-300
-9.811359710070732509e-301
-7.373014036311517171e-301
-5.540652629813827048e-301
-4.163674640122756258e-301
-3.128906947805867784e-301
-2.351302523421494190e-301
-1.766950455501787058e-301
-1.327823145298712853e-301
-9.978289429117400706e-302
-7.498457929715373006e-302
-5.634920867261146208e-302
-4.234515080023124103e-302
-3.182141929822100575e-302
-2.391307403603961756e-302
-1.797013214571312211e-302
-1.350414626106501978e-302
-1.014805927755854421e-302
-7.626036115866864575e-303
-5.730792977246371457e-303
-4.306560793715752215e-303
-3.236282647725510492e-303
-2.431992923739443849e-303
-1.827587459109878703e-303
-1.373390476630320758e-303
-1.032071757713479931e-303
-7.755784907460286184e-304
-5.828296247932129027e-304
-4.379832287636668128e-304
-3.291344511637154555e-304
-2.473370664183167505e-304
-1.858681891492309689e-304
-1.396757236506625017e-304
-1.049631347173383613e-304
-7.887741235007817225e-305
-5.927458431761699171e-305
-4.454350417116850681e-305
-3.347343193863578183e-305
-2.515452402318747053e-305
-1.890305362154125329e-305
-1.420521556637372516e-305
-1.067489694136892172e-305
-8.021942657357175731e-306
-6.028307753356328068e-306
-4.530136392316751178e-306
-3.404294633360255091e-306
-2.558250115908162895e-306
-1.922466872112327548e-306
-1.444690201081813457e-306
-1.085651881641298849e-306
-8.158427372379468520e-307
-6.130872917546743181e-307
-4.607211784266906642e-307
-3.462215040265284770e-307
-2.601775986503267495e-307
-1.955175575525661490e-307
-1.469270048982866770e-307
-1.104123079206309298e-307
-8.297234227838665506e-308
-6.235183117548215338e-308
-4.685598531003626813e-308
-3.521120900516370531e-308
-2.646042402910726359e-308
-1.988440782301680869e-308
-1.494268096524667872e-308
-1.122908544305063051e-308
-8.438402732455331109e-309
-6.341268043264320761e-309
-4.765318943817393617e-309
-3.581028980540101842e-309
-2.691061964720294312e-309
-2.022271960746001939e-309
-1.519691458923378081e-309
-1.142013623861450233e-309
-8.581973067144556687e-310
-6.449157889743229790e-310
-4.846395713599152162e-310
-3.641956332026986615e-310
-2.736847485890177847e-310
-2.056678740256566139e-310
-1.545547372453590629e-310
-1.161443755770969611e-310
-8.727986096460582362e-311
-6.558883365766612772e-311
