-4.000000000000000222e-01
-3.998334027584916628e-01
-3.996669442901877867e-01
-3.995006244794920280e-01
-3.993344432109046660e-01
-3.991684003690220139e-01
-3.990024958385364751e-01
-3.988367295042366534e-01
-3.986711012510069096e-01
-3.985056109638276944e-01
-3.983402585277752150e-01
-3.981750438280213245e-01
-3.980099667498336324e-01
-3.978450271785752279e-01
-3.976802249997047900e-01
-3.975155600987763105e-01
-3.973510323614391493e-01
-3.971866416734379790e-01
-3.970223879206125628e-01
-3.968582709888977544e-01
-3.966942907643234983e-01
-3.965304471330146630e-01
-3.963667399811908743e-01
-3.962031691951666268e-01
-3.960397346613510616e-01
-3.958764362662480218e-01
-3.957132738964558305e-01
-3.955502474386672906e-01
-3.953873567796695188e-01
-3.952246018063440558e-01
-3.950619824056665341e-01
-3.948994984647068995e-01
-3.947371498706290227e-01
-3.945749365106908102e-01
-3.944128582722441489e-01
-3.942509150427345732e-01
-3.940891067097016531e-01
-3.939274331607783841e-01
-3.937658942836915199e-01
-3.936044899662612395e-01
-3.934432200964012027e-01
-3.932820845621184391e-01
-3.931210832515132925e-01
-3.929602160527793098e-01
-3.927994828542030747e-01
-3.926388835441643743e-01
-3.924784180111358656e-01
-3.923180861436831313e-01
-3.921578878304646798e-01
-3.919978229602315567e-01
-3.918378914218276776e-01
-3.916780931041894398e-01
-3.915184278963457221e-01
-3.913588956874179958e-01
-3.911994963666199920e-01
-3.910402298232577012e-01
-3.908810959467293733e-01
-3.907220946265252959e-01
-3.905632257522279605e-01
-3.904044892135116740e-01
-3.902458849001428365e-01
-3.900874127019794413e-01
-3.899290725089714083e-01
-3.897708642111602506e-01
-3.896127876986791305e-01
-3.894548428617525815e-01
-3.892970295906967859e-01
-3.891393477759191311e-01
-3.889817973079183755e-01
-3.888243780772844271e-01
-3.886670899746984542e-01
-3.885099328909324967e-01
-3.883529067168497440e-01
-3.881960113434042570e-01
-3.880392466616408575e-01
-3.878826125626951837e-01
-3.877261089377935788e-01
-3.875697356782529246e-01
-3.874134926754806973e-01
-3.872573798209748563e-01
-3.871013970063235665e-01
-3.869455441232055315e-01
-3.867898210633895495e-01
-3.866342277187345688e-01
-3.864787639811896880e-01
-3.863234297427939334e-01
-3.861682248956763153e-01
-3.860131493320557161e-01
-3.858582029442407246e-01
-3.857033856246296910e-01
-3.855486972657106159e-01
-3.853941377600609286e-01
-3.852397070003477086e-01
-3.850854048793274087e-01
-3.849312312898456323e-01
-3.847771861248375225e-01
-3.846232692773271511e-01
-3.844694806404279075e-01
-3.843158201073420543e-01
-3.841622875713609497e-01
-3.840088829258646586e-01
-3.838556060643222856e-01
-3.837024568802914759e-01
-3.835494352674186924e-01
-3.833965411194388828e-01
-3.832437743301755351e-01
-3.830911347935406219e-01
-3.829386224035344899e-01
-3.827862370542456372e-01
-3.826339786398510467e-01
-3.824818470546155758e-01
-3.823298421928923441e-01
-3.821779639491224567e-01
-3.820262122178348374e-01
-3.818745868936462839e-01
-3.817230878712615794e-01
-3.815717150454729367e-01
-3.814204683111603877e-01
-3.812693475632914497e-01
-3.811183526969211255e-01
-3.809674836071919035e-01
-3.808167401893336468e-01
-3.806661223386632598e-01
-3.805156299505851325e-01
-3.803652629205905855e-01
-3.802150211442581473e-01
-3.800649045172531659e-01
-3.799149129353279752e-01
-3.797650462943217842e-01
-3.796153044901605655e-01
-3.794656874188568341e-01
-3.793161949765099239e-01
-3.791668270593056556e-01
-3.790175835635162804e-01
-3.788684643855004253e-01
-3.787194694217031476e-01
-3.785705985686557140e-01
-3.784218517229755996e-01
-3.782732287813662664e-01
-3.781247296406174963e-01
-3.779763541976047803e-01
-3.778281023492896518e-01
-3.776799739927193533e-01
-3.775319690250270588e-01
-3.773840873434315402e-01
-3.772363288452370567e-01
-3.770886934278336877e-01
-3.769411809886967224e-01
-3.767937914253870479e-01
-3.766465246355507057e-01
-3.764993805169191132e-01
-3.763523589673088976e-01
-3.762054598846216735e-01
-3.760586831668442653e-01
-3.759120287120483184e-01
-3.757654964183905211e-01
-3.756190861841122719e-01
-3.754727979075398459e-01
-3.753266314870841169e-01
-3.751805868212406692e-01
-3.750346638085895190e-01
-3.748888623477952819e-01
-3.747431823376068949e-01
-3.745976236768577272e-01
-3.744521862644654142e-01
-3.743068699994315796e-01
-3.741616747808423349e-01
-3.740166005078675027e-01
-3.738716470797611713e-01
-3.737268143958611955e-01
-3.735821023555893072e-01
-3.734375108584510050e-01
-3.732930398040355535e-01
-3.731486890920158173e-01
-3.730044586221482605e-01
-3.728603482942728364e-01
-3.727163580083128203e-01
-3.725724876642750871e-01
-3.724287371622496123e-01
-3.722851064024096379e-01
-3.721415952850115616e-01
-3.719982037103949368e-01
-3.718549315789822507e-01
-3.717117787912789240e-01
-3.715687452478733666e-01
-3.714258308494367000e-01
-3.712830354967227020e-01
-3.711403590905680838e-01
-3.709978015318919353e-01
-3.708553627216959470e-01
-3.707130425610642432e-01
-3.705708409511633827e-01
-3.704287577932423026e-01
-3.702867929886320963e-01
-3.701449464387460697e-01
-3.700032180450796293e-01
-3.698616077092103938e-01
-3.697201153327978052e-01
-3.695787408175831845e-01
-3.694374840653898429e-01
-3.692963449781228591e-01
-3.691553234577688580e-01
-3.690144194063962879e-01
-3.688736327261550874e-01
-3.687329633192767409e-01
-3.685924110880741678e-01
-3.684519759349416113e-01
-3.683116577623546939e-01
-3.681714564728701955e-01
-3.680313719691260532e-01
-3.678914041538414725e-01
-3.677515529298165387e-01
-3.676118181999323276e-01
-3.674721998671507950e-01
-3.673326978345148319e-01
-3.671933120051479316e-01
-3.670540422822544113e-01
-3.669148885691192463e-01
-3.667758507691077918e-01
-3.666369287856661163e-01
-3.664981225223205574e-01
-3.663594318826778884e-01
-3.662208567704251516e-01
-3.660823970893296586e-01
-3.659440527432387680e-01
-3.658058236360801074e-01
-3.656677096718611297e-01
-3.655297107546695012e-01
-3.653918267886724913e-01
-3.652540576781174164e-01
-3.651164033273312515e-01
-3.649788636407206854e-01
-3.648414385227720658e-01
-3.647041278780512874e-01
-3.645669316112036817e-01
-3.644298496269541277e-01
-3.642928818301067184e-01
-3.641560281255449838e-01
-3.640192884182315569e-01
-3.638826626132083963e-01
-3.637461506155963975e-01
-3.636097523305955592e-01
-3.634734676634848727e-01
-3.633372965196222104e-01
-3.632012388044442153e-01
-3.630652944234664115e-01
-3.629294632822829270e-01
-3.627937452865666046e-01
-3.626581403420688909e-01
-3.625226483546195588e-01
-3.623872692301269849e-01
-3.622520028745779830e-01
-3.621168491940374157e-01
-3.619818080946486938e-01
-3.618468794826332213e-01
-3.617120632642905065e-01
-3.615773593459982727e-01
-3.614427676342120144e-01
-3.613082880354653859e-01
-3.611739204563697014e-01
-3.610396648036141576e-01
-3.609055209839656109e-01
-3.607714889042686335e-01
-3.606375684714454577e-01
-3.605037595924956983e-01
-3.603700621744965749e-01
-3.602364761246026337e-01
-3.601030013500458038e-01
-3.599696377581351747e-01
-3.598363852562572185e-01
-3.597032437518754566e-01
-3.595702131525304601e-01
-3.594372933658399050e-01
-3.593044842994984056e-01
-3.591717858612774039e-01
-3.590391979590251692e-01
-3.589067205006668537e-01
-3.587743533942041041e-01
-3.586420965477153944e-01
-3.585099498693556375e-01
-3.583779132673563517e-01
-3.582459866500254386e-01
-3.581141699257471278e-01
-3.579824630029820876e-01
-3.578508657902671475e-01
-3.577193781962153540e-01
-3.575880001295158594e-01
-3.574567314989339217e-01
-3.573255722133107382e-01
-3.571945221815634453e-01
-3.570635813126850633e-01
-3.569327495157444963e-01
-3.568020266998863099e-01
-3.566714127743307317e-01
-3.565409076483736506e-01
-3.564105112313865065e-01
-3.562802234328162343e-01
-3.561500441621851532e-01
-3.560199733290910773e-01
-3.558900108432069276e-01
-3.557601566142810090e-01
-3.556304105521367886e-01
-3.555007725666727847e-01
-3.553712425678626774e-01
-3.552418204657550316e-01
-3.551125061704734076e-01
-3.549832995922161949e-01
-3.548542006412566119e-01
-3.547252092279425395e-01
-3.545963252626966877e-01
-3.544675486560162070e-01
-3.543388793184730212e-01
-3.542103171607132728e-01
-3.540818620934577665e-01
-3.539535140275015812e-01
-3.538252728737141251e-01
-3.536971385430389692e-01
-3.535691109464940141e-01
-3.534411899951711566e-01
-3.533133756002364012e-01
-3.531856676729297484e-01
-3.530580661245651397e-01
-3.529305708665304020e-01
-3.528031818102871364e-01
-3.526758988673706630e-01
-3.525487219493901314e-01
-3.524216509680281884e-01
-3.522946858350410881e-01
-3.521678264622586374e-01
-3.520410727615839730e-01
-3.519144246449937286e-01
-3.517878820245378124e-01
-3.516614448123394077e-01
-3.515351129205949166e-01
-3.514088862615737940e-01
-3.512827647476186588e-01
-3.511567482911451266e-01
-3.510308368046417549e-01
-3.509050302006699873e-01
-3.507793283918642091e-01
-3.506537312909313586e-01
-3.505282388106513713e-01
-3.504028508638765693e-01
-3.502775673635319942e-01
-3.501523882226152962e-01
-3.500273133541964010e-01
-3.499023426714178431e-01
-3.497774760874943212e-01
-3.496527135157130317e-01
-3.495280548694332801e-01
-3.494035000620865361e-01
-3.492790490071763232e-01
-3.491547016182784402e-01
-3.490304578090404064e-01
-3.489063174931819056e-01
-3.487822805844942309e-01
-3.486583469968407289e-01
-3.485345166441564668e-01
-3.484107894404480099e-01
-3.482871652997937550e-01
-3.481636441363435974e-01
-3.480402258643189306e-01
-3.479169103980125355e-01
-3.477936976517888579e-01
-3.476705875400833423e-01
-3.475475799774028762e-01
-3.474246748783255678e-01
-3.473018721575006351e-01
-3.471791717296483504e-01
-3.470565735095601512e-01
-3.469340774120983628e-01
-3.468116833521962539e-01
-3.466893912448578696e-01
-3.465672010051582541e-01
-3.464451125482429505e-01
-3.463231257893283344e-01
-3.462012406437015022e-01
-3.460794570267198278e-01
-3.459577748538114061e-01
-3.458361940404746648e-01
-3.457147145022786416e-01
-3.455933361548623184e-01
-3.454720589139353981e-01
-3.453508826952773614e-01
-3.452298074147381879e-01
-3.451088329882378014e-01
-3.449879593317661253e-01
-3.448671863613831379e-01
-3.447465139932187617e-01
-3.446259421434726411e-01
-3.445054707284144202e-01
-3.443850996643833540e-01
-3.442648288677884194e-01
-3.441446582551082045e-01
-3.440245877428909083e-01
-3.439046172477541741e-01
-3.437847466863852564e-01
-3.436649759755406319e-01
-3.435453050320461665e-01
-3.434257337727971704e-01
-3.433062621147578986e-01
-3.431868899749619395e-01
-3.430676172705119931e-01
-3.429484439185798150e-01
-3.428293698364061060e-01
-3.427103949413005113e-01
-3.425915191506415658e-01
-3.424727423818766936e-01
-3.423540645525219306e-01
-3.422354855801622020e-01
-3.421170053824509338e-01
-3.419986238771102194e-01
-3.418803409819307637e-01
-3.417621566147714951e-01
-3.416440706935600091e-01
-3.415260831362921801e-01
-3.414081938610322720e-01
-3.412904027859127165e-01
-3.411727098291340576e-01
-3.410551149089650624e-01
-3.409376179437426657e-01
-3.408202188518717479e-01
-3.407029175518251907e-01
-3.405857139621436547e-01
-3.404686080014357463e-01
-3.403515995883780176e-01
-3.402346886417144667e-01
-3.401178750802570372e-01
-3.400011588228851744e-01
-3.398845397885458253e-01
-3.397680178962536601e-01
-3.396515930650906290e-01
-3.395352652142061833e-01
-3.394190342628171653e-01
-3.393029001302074188e-01
-3.391868627357284005e-01
-3.390709219987985135e-01
-3.389550778389034402e-01
-3.388393301755957543e-01
-3.387236789284951977e-01
-3.386081240172883478e-01
-3.384926653617287284e-01
-3.383773028816366990e-01
-3.382620364968994542e-01
-3.381468661274709131e-01
-3.380317916933716638e-01
-3.379168131146887966e-01
-3.378019303115761818e-01
-3.376871432042540255e-01
-3.375724517130090918e-01
-3.374578557581944249e-01
-3.373433552602296270e-01
-3.372289501396003586e-01
-3.371146403168586714e-01
-3.370004257126226754e-01
-3.368863062475767611e-01
-3.367722818424712106e-01
-3.366583524181223641e-01
-3.365445178954127314e-01
-3.364307781952904364e-01
-3.363171332387695500e-01
-3.362035829469300907e-01
-3.360901272409175800e-01
-3.359767660419432644e-01
-3.358634992712842271e-01
-3.357503268502828875e-01
-3.356372487003473348e-01
-3.355242647429510505e-01
-3.354113748996329081e-01
-3.352985790919973397e-01
-3.351858772417136700e-01
-3.350732692705169491e-01
-3.349607551002070638e-01
-3.348483346526491822e-01
-3.347360078497735314e-01
-3.346237746135754532e-01
-3.345116348661151262e-01
-3.343995885295177883e-01
-3.342876355259734034e-01
-3.341757757777369386e-01
-3.340640092071278655e-01
-3.339523357365306033e-01
-3.338407552883940754e-01
-3.337292677852319311e-01
-3.336178731496221572e-01
-3.335065713042074664e-01
-3.333953621716948534e-01
-3.332842456748558169e-01
-3.331732217365260817e-01
-3.330622902796056550e-01
-3.329514512270588811e-01
-3.328407045019140531e-01
-3.327300500272638573e-01
-3.326194877262648730e-01
-3.325090175221376843e-01
-3.323986393381668236e-01
-3.322883530977008837e-01
-3.321781587241520173e-01
-3.320680561409965481e-01
-3.319580452717743047e-01
-3.318481260400887312e-01
-3.317382983696071652e-01
-3.316285621840602271e-01
-3.315189174072423750e-01
-3.314093639630113497e-01
-3.312999017752883413e-01
-3.311905307680579336e-01
-3.310812508653681041e-01
-3.309720619913299466e-01
-3.308629640701178931e-01
-3.307539570259694361e-01
-3.306450407831853511e-01
-3.305362152661291963e-01
-3.304274803992278686e-01
-3.303188361069708812e-01
-3.302102823139109189e-01
-3.301018189446632833e-01
-3.299934459239063367e-01
-3.298851631763809467e-01
-3.297769706268907086e-01
-3.296688682003019455e-01
-3.295608558215435968e-01
-3.294529334156069411e-01
-3.293451009075459290e-01
-3.292373582224769057e-01
-3.291297052855783889e-01
-3.290221420220916237e-01
-3.289146683573197505e-01
-3.288072842166283039e-01
-3.286999895254449355e-01
-3.285927842092595252e-01
-3.284856681936237921e-01
-3.283786414041517387e-01
-3.282717037665191517e-01
-3.281648552064637681e-01
-3.280580956497851641e-01
-3.279514250223448668e-01
-3.278448432500660203e-01
-3.277383502589333863e-01
-3.276319459749935659e-01
-3.275256303243546663e-01
-3.274194032331864124e-01
-3.273132646277200353e-01
-3.272072144342480504e-01
-3.271012525791244796e-01
-3.269953789887648510e-01
-3.268895935896456439e-01
-3.267838963083049553e-01
-3.266782870713417219e-01
-3.265727658054162763e-01
-3.264673324372499574e-01
-3.263619868936251667e-01
-3.262567291013852011e-01
-3.261515589874344201e-01
-3.260464764787380232e-01
-3.259414815023220502e-01
-3.258365739852732146e-01
-3.257317538547391811e-01
-3.256270210379281771e-01
-3.255223754621090482e-01
-3.254178170546112581e-01
-3.253133457428247777e-01
-3.252089614542000851e-01
-3.251046641162481654e-01
-3.250004536565401780e-01
-3.248963300027078449e-01
-3.247922930824430066e-01
-3.246883428234978441e-01
-3.245844791536846574e-01
-3.244807020008758647e-01
-3.243770112930040583e-01
-3.242734069580617273e-01
-3.241698889241014236e-01
-3.240664571192357069e-01
-3.239631114716368110e-01
-3.238598519095369777e-01
-3.237566783612281784e-01
-3.236535907550621149e-01
-3.235505890194501633e-01
-3.234476730828633184e-01
-3.233448428738321945e-01
-3.232420983209468579e-01
-3.231394393528570497e-01
-3.230368658982716856e-01
-3.229343778859593006e-01
-3.228319752447476043e-01
-3.227296579035235924e-01
-3.226274257912336574e-01
-3.225252788368832557e-01
-3.224232169695369077e-01
-3.223212401183184195e-01
-3.222193482124104946e-01
-3.221175411810547895e-01
-3.220158189535520799e-01
-3.219141814592618722e-01
-3.218126286276025705e-01
-3.217111603880514203e-01
-3.216097766701442873e-01
-3.215084774034758230e-01
-3.214072625176993547e-01
-3.213061319425267182e-01
-3.212050856077283689e-01
-3.211041234431332159e-01
-3.210032453786286766e-01
-3.209024513441605109e-01
-3.208017412697328208e-01
-3.207011150854081061e-01
-3.206005727213070977e-01
-3.205001141076085913e-01
-3.203997391745497803e-01
-3.202994478524258115e-01
-3.201992400715898412e-01
-3.200991157624532013e-01
-3.199990748554851216e-01
-3.198991172812127859e-01
-3.197992429702211092e-01
-3.196994518531529605e-01
-3.195997438607089958e-01
-3.195001189236474914e-01
-3.194005769727845112e-01
-3.193011179389936838e-01
-3.192017417532062029e-01
-3.191024483464108830e-01
-3.190032376496538813e-01
-3.189041095940389203e-01
-3.188050641107270100e-01
-3.187061011309367253e-01
-3.186072205859435957e-01
-3.185084224070806602e-01
-3.184097065257380232e-01
-3.183110728733630213e-01
-3.182125213814600562e-01
-3.181140519815905954e-01
-3.180156646053730607e-01
-3.179173591844829394e-01
-3.178191356506525622e-01
-3.177209939356710477e-01
-3.176229339713845246e-01
-3.175249556896957981e-01
-3.174270590225643507e-01
-3.173292439020063971e-01
-3.172315102600947179e-01
-3.171338580289587705e-01
-3.170362871407845229e-01
-3.169387975278143976e-01
-3.168413891223471612e-01
-3.167440618567382571e-01
-3.166468156633991948e-01
-3.165496504747979389e-01
-3.164525662234586312e-01
-3.163555628419617016e-01
-3.162586402629435911e-01
-3.161617984190969732e-01
-3.160650372431706434e-01
-3.159683566679692968e-01
-3.158717566263535836e-01
-3.157752370512402207e-01
-3.156787978756017132e-01
-3.155824390324662998e-01
-3.154861604549182297e-01
-3.153899620760973743e-01
-3.152938438291992274e-01
-3.151978056474750156e-01
-3.151018474642316436e-01
-3.150059692128313604e-01
-3.149101708266920929e-01
-3.148144522392872235e-01
-3.147188133841454794e-01
-3.146232541948509320e-01
-3.145277746050430534e-01
-3.144323745484166044e-01
-3.143370539587215795e-01
-3.142418127697629848e-01
-3.141466509154012265e-01
-3.140515683295516114e-01
-3.139565649461846242e-01
-3.138616406993256502e-01
-3.137667955230550310e-01
-3.136720293515081193e-01
-3.135773421188750576e-01
-3.134827337594007779e-01
-3.133882042073850571e-01
-3.132937533971824062e-01
-3.131993812632019036e-01
-3.131050877399074173e-01
-3.130108727618173270e-01
-3.129167362635044691e-01
-3.128226781795963585e-01
-3.127286984447748552e-01
-3.126347969937762206e-01
-3.125409737613911720e-01
-3.124472286824646061e-01
-3.123535616918958757e-01
-3.122599727246383461e-01
-3.121664617156996724e-01
-3.120730286001417442e-01
-3.119796733130804078e-01
-3.118863957896856332e-01
-3.117931959651812912e-01
-3.117000737748452655e-01
-3.116070291540094517e-01
-3.115140620380594250e-01
-3.114211723624348283e-01
-3.113283600626287617e-01
-3.112356250741883934e-01
-3.111429673327142931e-01
-3.110503867738608763e-01
-3.109578833333361270e-01
-3.108654569469014306e-01
-3.107731075503718521e-01
-3.106808350796158580e-01
-3.105886394705553721e-01
-3.104965206591656091e-01
-3.104044785814751850e-01
-3.103125131735660069e-01
-3.102206243715731615e-01
-3.101288121116849705e-01
-3.100370763301429911e-01
-3.099454169632417933e-01
-3.098538339473290160e-01
-3.097623272188053112e-01
-3.096708967141243996e-01
-3.095795423697927928e-01
-3.094882641223700159e-01
-3.093970619084683848e-01
-3.093059356647530622e-01
-3.092148853279418907e-01
-3.091239108348055042e-01
-3.090330121221671056e-01
-3.089421891269026332e-01
-3.088514417859404837e-01
-3.087607700362617891e-01
-3.086701738148999730e-01
-3.085796530589410280e-01
-3.084892077055232384e-01
-3.083988376918374574e-01
-3.083085429551266077e-01
-3.082183234326860699e-01
-3.081281790618633498e-01
-3.080381097800581891e-01
-3.079481155247225654e-01
-3.078581962333603594e-01
-3.077683518435276322e-01
-3.076785822928325143e-01
-3.075888875189349281e-01
-3.074992674595469211e-01
-3.074097220524322771e-01
-3.073202512354066829e-01
-3.072308549463377281e-01
-3.071415331231445167e-01
-3.070522857037980557e-01
-3.069631126263209775e-01
-3.068740138287875396e-01
-3.067849892493235697e-01
-3.066960388261064097e-01
-3.066071624973649157e-01
-3.065183602013794584e-01
-3.064296318764817562e-01
-3.063409774610549308e-01
-3.062523968935333407e-01
-3.061638901124028034e-01
-3.060754570562002064e-01
-3.059870976635137296e-01
-3.058988118729826233e-01
-3.058105996232973744e-01
-3.057224608531994847e-01
-3.056343955014814151e-01
-3.055464035069866968e-01
-3.054584848086097093e-01
-3.053706393452959023e-01
-3.052828670560414626e-01
-3.051951678798933143e-01
-3.051075417559493408e-01
-3.050199886233580515e-01
-3.049325084213185821e-01
-3.048451010890809165e-01
-3.047577665659453872e-01
-3.046705047912630637e-01
-3.045833157044355310e-01
-3.044961992449147781e-01
-3.044091553522032534e-01
-3.043221839658537542e-01
-3.042352850254695928e-01
-3.041484584707042083e-01
-3.040617042412613880e-01
-3.039750222768951571e-01
-3.038884125174096673e-01
-3.038018749026592524e-01
-3.037154093725483728e-01
-3.036290158670315042e-01
-3.035426943261131383e-01
-3.034564446898477819e-01
-3.033702668983398465e-01
-3.032841608917436482e-01
-3.031981266102633521e-01
-3.031121639941528612e-01
-3.030262729837159275e-01
-3.029404535193060966e-01
-3.028547055413264300e-01
-3.027690289902297271e-01
-3.026834238065184146e-01
-3.025978899307444347e-01
-3.025124273035092459e-01
-3.024270358654638224e-01
-3.023417155573084880e-01
-3.022564663197931378e-01
-3.021712880937167944e-01
-3.020861808199279963e-01
-3.020011444393243538e-01
-3.019161788928529377e-01
-3.018312841215098352e-01
-3.017464600663403718e-01
-3.016617066684389448e-01
-3.015770238689489680e-01
-3.014924116090630379e-01
-3.014078698300225456e-01
-3.013233984731179538e-01
-3.012389974796885750e-01
-3.011546667911226827e-01
-3.010704063488571780e-01
-3.009862160943779785e-01
-3.009020959692195185e-01
-3.008180459149651376e-01
-3.007340658732466920e-01
-3.006501557857446660e-01
-3.005663155941882270e-01
-3.004825452403550035e-01
-3.003988446660710854e-01
-3.003152138132111348e-01
-3.002316526236981087e-01
-3.001481610395034805e-01
-3.000647390026469075e-01
-2.999813864551964526e-01
-2.998981033392683626e-01
-2.998148895970272343e-01
-2.997317451706855707e-01
-2.996486700025043359e-01
-2.995656640347924005e-01
-2.994827272099067073e-01
-2.993998594702522165e-01
-2.993170607582819054e-01
-2.992343310164967130e-01
-2.991516701874453177e-01
-2.990690782137244708e-01
-2.989865550379785519e-01
-2.989041006028998471e-01
-2.988217148512283261e-01
-2.987393977257516431e-01
-2.986571491693051361e-01
-2.985749691247717164e-01
-2.984928575350819790e-01
-2.984108143432138704e-01
-2.983288394921930209e-01
-2.982469329250924672e-01
-2.981650945850325973e-01
-2.980833244151812611e-01
-2.980016223587535484e-01
-2.979199883590120113e-01
-2.978384223592663305e-01
-2.977569243028734269e-01
-2.976754941332374615e-01
-2.975941317938096131e-01
-2.975128372280884115e-01
-2.974316103796191268e-01
-2.973504511919943250e-01
-2.972693596088534784e-01
-2.971883355738828558e-01
-2.971073790308159102e-01
-2.970264899234327238e-01
-2.969456681955603417e-01
-2.968649137910724933e-01
-2.967842266538898155e-01
-2.967036067279795741e-01
-2.966230539573556091e-01
-2.965425682860786116e-01
-2.964621496582556803e-01
-2.963817980180404876e-01
-2.963015133096333908e-01
-2.962212954772810991e-01
-2.961411444652767289e-01
-2.960610602179599149e-01
-2.959810426797164773e-01
-2.959010917949788100e-01
-2.958212075082254366e-01
-2.957413897639811218e-01
-2.956616385068168151e-01
-2.955819536813498183e-01
-2.955023352322433405e-01
-2.954227831042068875e-01
-2.953432972419958724e-01
-2.952638775904117274e-01
-2.951845240943019588e-01
-2.951052366985600361e-01
-2.950260153481251146e-01
-2.949468599879824793e-01
-2.948677705631631007e-01
-2.947887470187438019e-01
-2.947097892998470359e-01
-2.946308973516410523e-01
-2.945520711193398977e-01
-2.944733105482029711e-01
-2.943946155835355238e-01
-2.943159861706882152e-01
-2.942374222550573348e-01
-2.941589237820846359e-01
-2.940804906972571686e-01
-2.940021229461076135e-01
-2.939238204742138372e-01
-2.938455832271992252e-01
-2.937674111507322938e-01
-2.936893041905268564e-01
-2.936112622923419679e-01
-2.935332854019818694e-01
-2.934553734652959323e-01
-2.933775264281787143e-01
-2.932997442365696816e-01
-2.932220268364534865e-01
-2.931443741738596342e-01
-2.930667861948627051e-01
-2.929892628455821324e-01
-2.929118040721823135e-01
-2.928344098208723878e-01
-2.927570800379063476e-01
-2.926798146695829272e-01
-2.926026136622456031e-01
-2.925254769622826490e-01
-2.924484045161268586e-01
-2.923713962702557123e-01
-2.922944521711912103e-01
-2.922175721655000391e-01
-2.921407561997931834e-01
-2.920640042207263143e-01
-2.919873161749994006e-01
-2.919106920093568203e-01
-2.918341316705874156e-01
-2.917576351055242712e-01
-2.916812022610447142e-01
-2.916048330840704250e-01
-2.915285275215672711e-01
-2.914522855205451957e-01
-2.913761070280584398e-01
-2.912999919912052094e-01
-2.912239403571278418e-01
-2.911479520730127502e-01
-2.910720270860903125e-01
-2.909961653436347051e-01
-2.909203667929642911e-01
-2.908446313814411210e-01
-2.907689590564711546e-01
-2.906933497655042054e-01
-2.906178034560338297e-01
-2.905423200755972157e-01
-2.904668995717754054e-01
-2.903915418921930724e-01
-2.903162469845184668e-01
-2.902410147964634701e-01
-2.901658452757834294e-01
-2.900907383702773790e-01
-2.900156940277877071e-01
-2.899407121962002121e-01
-2.898657928234443237e-01
-2.897909358574926042e-01
-2.897161412463610808e-01
-2.896414089381089685e-01
-2.895667388808389475e-01
-2.894921310226967193e-01
-2.894175853118712838e-01
-2.893431016965948288e-01
-2.892686801251426187e-01
-2.891943205458328836e-01
-2.891200229070271521e-01
-2.890457871571298076e-01
-2.889716132445882546e-01
-2.888975011178928076e-01
-2.888234507255766359e-01
-2.887494620162159853e-01
-2.886755349384297342e-01
-2.886016694408796712e-01
-2.885278654722702729e-01
-2.884541229813487595e-01
-2.883804419169050948e-01
-2.883068222277718751e-01
-2.882332638628242738e-01
-2.881597667709802080e-01
-2.880863309011998941e-01
-2.880129562024862366e-01
-2.879396426238846063e-01
-2.878663901144827286e-01
-2.877931986234109063e-01
-2.877200680998416304e-01
-2.876469984929898582e-01
-2.875739897521127908e-01
-2.875010418265098733e-01
-2.874281546655228503e-01
-2.873553282185356550e-01
-2.872825624349743534e-01
-2.872098572643071446e-01
-2.871372126560443050e-01
-2.870646285597381886e-01
-2.869921049249831713e-01
-2.869196417014156508e-01
-2.868472388387139360e-01
-2.867748962865981910e-01
-2.867026139948306018e-01
-2.866303919132150990e-01
-2.865582299915974684e-01
-2.864861281798652404e-01
-2.864140864279477450e-01
-2.863421046858159458e-01
-2.862701829034825507e-01
-2.861983210310018455e-01
-2.861265190184698048e-01
-2.860547768160238147e-01
-2.859830943738430054e-01
-2.859114716421478630e-01
-2.858399085712003407e-01
-2.857684051113038581e-01
-2.856969612128033020e-01
-2.856255768260848038e-01
-2.855542519015759062e-01
-2.854829863897453412e-01
-2.854117802411032523e-01
-2.853406334062008054e-01
-2.852695458356305780e-01
-2.851985174800261702e-01
-2.851275482900623159e-01
-2.850566382164548274e-01
-2.849857872099607059e-01
-2.849149952213776982e-01
-2.848442622015448511e-01
-2.847735881013419013e-01
-2.847029728716896635e-01
-2.846324164635497533e-01
-2.845619188279246980e-01
-2.844914799158578256e-01
-2.844210996784330980e-01
-2.843507780667755003e-01
-2.842805150320504293e-01
-2.842103105254642492e-01
-2.841401644982637364e-01
-2.840700769017364125e-01
-2.840000476872102664e-01
-2.839300768060539770e-01
-2.838601642096766353e-01
-2.837903098495277998e-01
-2.837205136770974967e-01
-2.836507756439161643e-01
-2.835810957015546530e-01
-2.835114738016240588e-01
-2.834419098957758343e-01
-2.833724039357016777e-01
-2.833029558731336439e-01
-2.832335656598439222e-01
-2.831642332476447255e-01
-2.830949585883886788e-01
-2.830257416339683196e-01
-2.829565823363162647e-01
-2.828874806474053205e-01
-2.828184365192482064e-01
-2.827494499038974984e-01
-2.826805207534458519e-01
-2.826116490200258902e-01
-2.825428346558099824e-01
-2.824740776130102438e-01
-2.824053778438789242e-01
-2.823367353007076863e-01
-2.822681499358282164e-01
-2.821996217016117248e-01
-2.821311505504691119e-01
-2.820627364348510246e-01
-2.819943793072476890e-01
-2.819260791201887995e-01
-2.818578358262437411e-01
-2.817896493780212563e-01
-2.817215197281697225e-01
-2.816534468293768190e-01
-2.815854306343696933e-01
-2.815174710959149063e-01
-2.814495681668183202e-01
-2.813817217999251552e-01
-2.813139319481198219e-01
-2.812461985643260887e-01
-2.811785216015068034e-01
-2.811109010126641161e-01
-2.810433367508393121e-01
-2.809758287691127010e-01
-2.809083770206037833e-01
-2.808409814584710285e-01
-2.807736420359119855e-01
-2.807063587061631726e-01
-2.806391314225000211e-01
-2.805719601382369310e-01
-2.805048448067272160e-01
-2.804377853813629362e-01
-2.803707818155750653e-01
-2.803038340628333236e-01
-2.802369420766462893e-01
-2.801701058105611208e-01
-2.801033252181637789e-01
-2.800366002530788045e-01
-2.799699308689694854e-01
-2.799033170195375786e-01
-2.798367586585234768e-01
-2.797702557397060974e-01
-2.797038082169028272e-01
-2.796374160439696333e-01
-2.795710791748007296e-01
-2.795047975633289106e-01
-2.794385711635252734e-01
-2.793723999293992732e-01
-2.793062838149985572e-01
-2.792402227744092968e-01
-2.791742167617556891e-01
-2.791082657312002335e-01
-2.790423696369436213e-01
-2.789765284332246242e-01
-2.789107420743202059e-01
-2.788450105145454661e-01
-2.787793337082533629e-01
-2.787137116098350464e-01
-2.786481441737196363e-01
-2.785826313543742216e-01
-2.785171731063036948e-01
-2.784517693840509733e-01
-2.783864201421968332e-01
-2.783211253353597980e-01
-2.782558849181963057e-01
-2.781906988454004859e-01
-2.781255670717042161e-01
-2.780604895518771214e-01
-2.779954662407264632e-01
-2.779304970930971397e-01
-2.778655820638717411e-01
-2.778007211079703276e-01
-2.777359141803505960e-01
-2.776711612360077686e-01
-2.776064622299744267e-01
-2.775418171173207327e-01
-2.774772258531542635e-01
-2.774126883926200104e-01
-2.773482046909002685e-01
-2.772837747032146360e-01
-2.772193983848201260e-01
-2.771550756910108881e-01
-2.770908065771184314e-01
-2.770265909985114572e-01
-2.769624289105957482e-01
-2.768983202688142797e-01
-2.768342650286472750e-01
-2.767702631456118167e-01
-2.767063145752621800e-01
-2.766424192731896103e-01
-2.765785771950224348e-01
-2.765147882964257842e-01
-2.764510525331019264e-01
-2.763873698607898222e-01
-2.763237402352654026e-01
-2.762601636123414028e-01
-2.761966399478674727e-01
-2.761331691977298997e-01
-2.760697513178517193e-01
-2.760063862641928267e-01
-2.759430739927496989e-01
-2.758798144595553947e-01
-2.758166076206797768e-01
-2.757534534322291786e-01
-2.756903518503464601e-01
-2.756273028312111739e-01
-2.755643063310391772e-01
-2.755013623060829642e-01
-2.754384707126313891e-01
-2.753756315070097216e-01
-2.753128446455796463e-01
-2.752501100847391524e-01
-2.751874277809225888e-01
-2.751247976906005532e-01
-2.750622197702799476e-01
-2.749996939765038118e-01
-2.749372202658515452e-01
-2.748747985949385741e-01
-2.748124289204165738e-01
-2.747501111989731348e-01
-2.746878453873322079e-01
-2.746256314422535483e-01
-2.745634693205330490e-01
-2.745013589790026298e-01
-2.744393003745300152e-01
-2.743772934640189565e-01
-2.743153382044091759e-01
-2.742534345526760897e-01
-2.741915824658310852e-01
-2.741297819009214098e-01
-2.740680328150298384e-01
-2.740063351652751722e-01
-2.739446889088117953e-01
-2.738830940028298411e-01
-2.738215504045549697e-01
-2.737600580712485909e-01
-2.736986169602078078e-01
-2.736372270287650288e-01
-2.735758882342884668e-01
-2.735146005341816955e-01
-2.734533638858838156e-01
-2.733921782468693440e-01
-2.733310435746482137e-01
-2.732699598267659402e-01
-2.732089269608031223e-01
-2.731479449343758303e-01
-2.730870137051354396e-01
-2.730261332307686861e-01
-2.729653034689973334e-01
-2.729045243775785612e-01
-2.728437959143046876e-01
-2.727831180370031139e-01
-2.727224907035363799e-01
-2.726619138718022750e-01
-2.726013874997334496e-01
-2.725409115452978037e-01
-2.724804859664980983e-01
-2.724201107213720663e-01
-2.723597857679925238e-01
-2.722995110644671479e-01
-2.722392865689384212e-01
-2.721791122395838536e-01
-2.721189880346156498e-01
-2.720589139122809863e-01
-2.719988898308616232e-01
-2.719389157486742370e-01
-2.718789916240700322e-01
-2.718191174154351852e-01
-2.717592930811903451e-01
-2.716995185797907442e-01
-2.716397938697264203e-01
-2.715801189095218282e-01
-2.715204936577360062e-01
-2.714609180729625204e-01
-2.714013921138295204e-01
-2.713419157389994063e-01
-2.712824889071692169e-01
-2.712231115770702972e-01
-2.711637837074684088e-01
-2.711045052571636194e-01
-2.710452761849903025e-01
-2.709860964498172486e-01
-2.709269660105473321e-01
-2.708678848261177330e-01
-2.708088528554999375e-01
-2.707498700576994599e-01
-2.706909363917560651e-01
-2.706320518167435463e-01
-2.705732162917697803e-01
-2.705144297759768945e-01
-2.704556922285408227e-01
-2.703970036086716933e-01
-2.703383638756133855e-01
-2.702797729886439737e-01
-2.702212309070752827e-01
-2.701627375902530548e-01
-2.701042929975570051e-01
-2.700458970884005994e-01
-2.699875498222310544e-01
-2.699292511585295595e-01
-2.698710010568107776e-01
-2.698127994766232884e-01
-2.697546463775494230e-01
-2.696965417192049852e-01
-2.696384854612395299e-01
-2.695804775633362516e-01
-2.695225179852118180e-01
-2.694646066866165368e-01
-2.694067436273342997e-01
-2.693489287671823607e-01
-2.692911620660115024e-01
-2.692334434837059809e-01
-2.691757729801834698e-01
-2.691181505153948939e-01
-2.690605760493248177e-01
-2.690030495419908352e-01
-2.689455709534440686e-01
-2.688881402437687251e-01
-2.688307573730824851e-01
-2.687734223015360580e-01
-2.687161349893134599e-01
-2.686588953966317916e-01
-2.686017034837413497e-01
-2.685445592109255153e-01
-2.684874625385008096e-01
-2.684304134268167275e-01
-2.683734118362557930e-01
-2.683164577272336149e-01
-2.682595510601987754e-01
-2.682026917956326084e-01
-2.681458798940496435e-01
-2.680891153159971063e-01
-2.680323980220551960e-01
-2.679757279728368080e-01
-2.679191051289878667e-01
-2.678625294511868260e-01
-2.678060009001451136e-01
-2.677495194366067421e-01
-2.676930850213484758e-01
-2.676366976151797195e-01
-2.675803571789426294e-01
-2.675240636735118360e-01
-2.674678170597946103e-01
-2.674116172987308637e-01
-2.673554643512929818e-01
-2.672993581784857686e-01
-2.672432987413466687e-01
-2.671872860009455453e-01
-2.671313199183846243e-01
-2.670754004547984950e-01
-2.670195275713543315e-01
-2.669637012292514489e-01
-2.669079213897215253e-01
-2.668521880140286018e-01
-2.667965010634689715e-01
-2.667408604993710686e-01
-2.666852662830956344e-01
-2.666297183760355516e-01
-2.665742167396158990e-01
-2.665187613352939522e-01
-2.664633521245589054e-01
-2.664079890689321495e-01
-2.663526721299671607e-01
-2.662974012692493342e-01
-2.662421764483962061e-01
-2.661869976290571760e-01
-2.661318647729135622e-01
-2.660767778416787133e-01
-2.660217367970977853e-01
-2.659667416009479091e-01
-2.659117922150378011e-01
-2.658568886012083743e-01
-2.658020307213319611e-01
-2.657472185373128681e-01
-2.656924520110870436e-01
-2.656377311046221878e-01
-2.655830557799176983e-01
-2.655284259990046136e-01
-2.654738417239455583e-01
-2.654193029168347429e-01
-2.653648095397980189e-01
-2.653103615549927685e-01
-2.652559589246079041e-01
-2.652016016108638130e-01
-2.651472895760123571e-01
-2.650930227823368179e-01
-2.650388011921519515e-01
-2.649846247678038225e-01
-2.649304934716699700e-01
-2.648764072661591862e-01
-2.648223661137116269e-01
-2.647683699767987009e-01
-2.647144188179230695e-01
-2.646605125996186469e-01
-2.646066512844506002e-01
-2.645528348350151826e-01
-2.644990632139399001e-01
-2.644453363838833448e-01
-2.643916543075351955e-01
-2.643380169476162167e-01
-2.642844242668782595e-01
-2.642308762281042611e-01
-2.641773727941079120e-01
-2.641239139277341552e-01
-2.640704995918587428e-01
-2.640171297493884572e-01
-2.639638043632608344e-01
-2.639105233964442743e-01
-2.638572868119383186e-01
-2.638040945727729292e-01
-2.637509466420091542e-01
-2.636978429827385728e-01
-2.636447835580838506e-01
-2.635917683311979620e-01
-2.635387972652649125e-01
-2.634858703234991273e-01
-2.634329874691458961e-01
-2.633801486654809287e-01
-2.633273538758106880e-01
-2.632746030634720014e-01
-2.632218961918324496e-01
-2.631692332242900334e-01
-2.631166141242732293e-01
-2.630640388552409892e-01
-2.630115073806826853e-01
-2.629590196641181654e-01
-2.629065756690975864e-01
-2.628541753592015806e-01
-2.628018186980409787e-01
-2.627495056492569758e-01
-2.626972361765210762e-01
-2.626450102435350376e-01
-2.625928278140308714e-01
-2.625406888517707316e-01
-2.624885933205470812e-01
-2.624365411841824147e-01
-2.623845324065293694e-01
-2.623325669514707803e-01
-2.622806447829195697e-01
-2.622287658648185804e-01
-2.621769301611408531e-01
-2.621251376358893492e-01
-2.620733882530970060e-01
-2.620216819768267924e-01
-2.619700187711715977e-01
-2.619183986002541209e-01
-2.618668214282270368e-01
-2.618152872192728853e-01
-2.617637959376040158e-01
-2.617123475474625316e-01
-2.616609420131205122e-01
-2.616095792988795132e-01
-2.615582593690711222e-01
-2.615069821880564027e-01
-2.614557477202262836e-01
-2.614045559300011701e-01
-2.613534067818312767e-01
-2.613023002401962946e-01
-2.612512362696056134e-01
-2.612002148345982100e-01
-2.611492358997423713e-01
-2.610982994296361936e-01
-2.610474053889070278e-01
-2.609965537422118675e-01
-2.609457444542370164e-01
-2.608949774896983098e-01
-2.608442528133408378e-01
-2.607935703899391111e-01
-2.607429301842971170e-01
-2.606923321612479305e-01
-2.606417762856540477e-01
-2.605912625224072743e-01
-2.605407908364285596e-01
-2.604903611926682183e-01
-2.604399735561054863e-01
-2.603896278917490759e-01
-2.603393241646366763e-01
-2.602890623398351200e-01
-2.602388423824404384e-01
-2.601886642575775843e-01
-2.601385279304006537e-01
-2.600884333660927750e-01
-2.600383805298660533e-01
-2.599883693869615708e-01
-2.599383999026492753e-01
-2.598884720422282579e-01
-2.598385857710263647e-01
-2.597887410544003073e-01
-2.597389378577357189e-01
-2.596891761464469872e-01
-2.596394558859774770e-01
-2.595897770417991968e-01
-2.595401395794129096e-01
-2.594905434643481335e-01
-2.594409886621631411e-01
-2.593914751384449602e-01
-2.593420028588090398e-01
-2.592925717888998061e-01
-2.592431818943899957e-01
-2.591938331409810448e-01
-2.591445254944030885e-01
-2.590952589204146839e-01
-2.590460333848028651e-01
-2.589968488533832547e-01
-2.589477052920000077e-01
-2.588986026665255347e-01
-2.588495409428608340e-01
-2.588005200869352707e-01
-2.587515400647065755e-01
-2.587026008421608458e-01
-2.586537023853124895e-01
-2.586048446602042805e-01
-2.585560276329071927e-01
-2.585072512695205660e-01
-2.584585155361718845e-01
-2.584098203990169429e-01
-2.583611658242395137e-01
-2.583125517780519020e-01
-2.582639782266942241e-01
-2.582154451364349068e-01
-2.581669524735703547e-01
-2.581185002044251164e-01
-2.580700882953518294e-01
-2.580217167127310529e-01
-2.579733854229714907e-01
-2.579250943925096573e-01
-2.578768435878101561e-01
-2.578286329753654571e-01
-2.577804625216959522e-01
-2.577323321933500111e-01
-2.576842419569037590e-01
-2.576361917789611877e-01
-2.575881816261540447e-01
-2.575402114651420549e-01
-2.574922812626125879e-01
-2.574443909852807133e-01
-2.573965405998893674e-01
-2.573487300732090199e-01
-2.573009593720380073e-01
-2.572532284632021993e-01
-2.572055373135551659e-01
-2.571578858899779552e-01
-2.571102741593793706e-01
-2.570627020886956937e-01
-2.570151696448907397e-01
-2.569676767949559126e-01
-2.569202235059100392e-01
-2.568728097447993686e-01
-2.568254354786978499e-01
-2.567781006747065220e-01
-2.567308052999540680e-01
-2.566835493215964825e-01
-2.566363327068170719e-01
-2.565891554228265647e-01
-2.565420174368629458e-01
-2.564949187161914557e-01
-2.564478592281047020e-01
-2.564008389399224375e-01
-2.563538578189916706e-01
-2.563069158326867214e-01
-2.562600129484088884e-01
-2.562131491335867262e-01
-2.561663243556759895e-01
-2.561195385821594117e-01
-2.560727917805468712e-01
-2.560260839183752801e-01
-2.559794149632086957e-01
-2.559327848826380980e-01
-2.558861936442815010e-01
-2.558396412157837863e-01
-2.557931275648169800e-01
-2.557466526590798650e-01
-2.557002164662982580e-01
-2.556538189542247319e-01
-2.556074600906388383e-01
-2.555611398433469406e-01
-2.555148581801821028e-01
-2.554686150690044233e-01
-2.554224104777004789e-01
-2.553762443741838251e-01
-2.553301167263947180e-01
-2.552840275022999483e-01
-2.552379766698931740e-01
-2.551919641971946429e-01
-2.551459900522512481e-01
-2.551000542031365281e-01
-2.550541566179505004e-01
-2.550082972648198831e-01
-2.549624761118979288e-01
-2.549166931273644243e-01
-2.548709482794255243e-01
-2.548252415363140289e-01
-2.547795728662891612e-01
-2.547339422376364571e-01
-2.546883496186681528e-01
-2.546427949777225752e-01
-2.545972782831646408e-01
-2.545517995033854675e-01
-2.545063586068025407e-01
-2.544609555618597696e-01
-2.544155903370272087e-01
-2.543702629008012250e-01
-2.543249732217044423e-01
-2.542797212682856856e-01
-2.542345070091199810e-01
-2.541893304128085562e-01
-2.541441914479787845e-01
-2.540990900832841293e-01
-2.540540262874041999e-01
-2.540090000290446959e-01
-2.539640112769373514e-01
-2.539190599998401021e-01
-2.538741461665365851e-01
-2.538292697458368052e-01
-2.537844307065764693e-01
-2.537396290176174296e-01
-2.536948646478473512e-01
-2.536501375661798785e-01
-2.536054477415545239e-01
-2.535607951429367235e-01
-2.535161797393176708e-01
-2.534716014997145384e-01
-2.534270603931700894e-01
-2.533825563887530663e-01
-2.533380894555579133e-01
-2.532936595627048315e-01
-2.532492666793396685e-01
-2.532049107746340844e-01
-2.531605918177853298e-01
-2.531163097780163573e-01
-2.530720646245757655e-01
-2.530278563267377434e-01
-2.529836848538020710e-01
-2.529395501750941189e-01
-2.528954522599647925e-01
-2.528513910777905882e-01
-2.528073665979733708e-01
-2.527633787899407070e-01
-2.527194276231453651e-01
-2.526755130670658156e-01
-2.526316350912057862e-01
-2.525877936650944289e-01
-2.525439887582863197e-01
-2.525002203403614587e-01
-2.524564883809250482e-01
-2.524127928496076589e-01
-2.523691337160652304e-01
-2.523255109499788484e-01
-2.522819245210549122e-01
-2.522383743990251337e-01
-2.521948605536463717e-01
-2.521513829547006313e-01
-2.521079415719951200e-01
-2.520645363753623025e-01
-2.520211673346595682e-01
-2.519778344197695641e-01
-2.519345376006000281e-01
-2.518912768470836783e-01
-2.518480521291783236e-01
-2.518048634168668087e-01
-2.517617106801569582e-01
-2.517185938890816321e-01
-2.516755130136986152e-01
-2.516324680240905609e-01
-2.515894588903651585e-01
-2.515464855826549662e-01
-2.515035480711173554e-01
-2.514606463259346780e-01
-2.514177803173139880e-01
-2.513749500154872640e-01
-2.513321553907111872e-01
-2.512893964132673630e-01
-2.512466730534619330e-01
-2.512039852816260188e-01
-2.511613330681152778e-01
-2.511187163833100700e-01
-2.510761351976155686e-01
-2.510335894814614277e-01
-2.509910792053020034e-01
-2.509486043396163546e-01
-2.509061648549079093e-01
-2.508637607217049648e-01
-2.508213919105600764e-01
-2.507790583920505023e-01
-2.507367601367779808e-01
-2.506944971153686752e-01
-2.506522692984733403e-01
-2.506100766567670446e-01
-2.505679191609493373e-01
-2.505257967817441367e-01
-2.504837094898998973e-01
-2.504416572561892762e-01
-2.503996400514093557e-01
-2.503576578463814761e-01
-2.503157106119513475e-01
-2.502737983189888826e-01
-2.502319209383884746e-01
-2.501900784410684420e-01
-2.501482707979716391e-01
-2.501064979800648458e-01
-2.500647599583392111e-01
-2.500230567038100871e-01
-2.499813881875166954e-01
-2.499397543805227384e-01
-2.498981552539157325e-01
-2.498565907788074525e-01
-2.498150609263336541e-01
-2.497735656676541571e-01
-2.497321049739528454e-01
-2.496906788164375279e-01
-2.496492871663400503e-01
-2.496079299949162111e-01
-2.495666072734457619e-01
-2.495253189732323518e-01
-2.494840650656035552e-01
-2.494428455219108165e-01
-2.494016603135294496e-01
-2.493605094118586107e-01
-2.493193927883213257e-01
-2.492783104143643236e-01
-2.492372622614582034e-01
-2.491962483010972673e-01
-2.491552685047996873e-01
-2.491143228441071722e-01
-2.490734112905852726e-01
-2.490325338158232149e-01
-2.489916903914338175e-01
-2.489508809890536023e-01
-2.489101055803426832e-01
-2.488693641369848775e-01
-2.488286566306874281e-01
-2.487879830331812814e-01
-2.487473433162208647e-01
-2.487067374515841423e-01
-2.486661654110726427e-01
-2.486256271665112649e-01
-2.485851226897485000e-01
-2.485446519526562370e-01
-2.485042149271297629e-01
-2.484638115850878182e-01
-2.484234418984725412e-01
-2.483831058392494129e-01
-2.483428033794073120e-01
-2.483025344909583487e-01
-2.482622991459380868e-01
-2.482220973164052658e-01
-2.481819289744419677e-01
-2.481417940921535337e-01
-2.481016926416684254e-01
-2.480616245951385301e-01
-2.480215899247387168e-01
-2.479815886026671967e-01
-2.479416206011452461e-01
-2.479016858924172895e-01
-2.478617844487509270e-01
-2.478219162424367683e-01
-2.477820812457886268e-01
-2.477422794311432419e-01
-2.477025107708605012e-01
-2.476627752373232738e-01
-2.476230728029374106e-01
-2.475834034401318273e-01
-2.475437671213582824e-01
-2.475041638190916271e-01
-2.474645935058295554e-01
-2.474250561540926041e-01
-2.473855517364243750e-01
-2.473460802253911739e-01
-2.473066415935822604e-01
-2.472672358136097093e-01
-2.472278628581083271e-01
-2.471885226997358742e-01
-2.471492153111727319e-01
-2.471099406651220964e-01
-2.470706987343099514e-01
-2.470314894914849291e-01
-2.469923129094183656e-01
-2.469531689609043568e-01
-2.469140576187595360e-01
-2.468749788558232960e-01
-2.468359326449575952e-01
-2.467969189590470125e-01
-2.467579377709986643e-01
-2.467189890537423436e-01
-2.466800727802302695e-01
-2.466411889234373100e-01
-2.466023374563607318e-01
-2.465635183520203944e-01
-2.465247315834585562e-01
-2.464859771237399577e-01
-2.464472549459517658e-01
-2.464085650232036295e-01
-2.463699073286275132e-01
-2.463312818353777800e-01
-2.462926885166311641e-01
-2.462541273455867985e-01
-2.462155982954660483e-01
-2.461771013395126495e-01
-2.461386364509925984e-01
-2.461002036031941231e-01
-2.460618027694277954e-01
-2.460234339230263634e-01
-2.459850970373447798e-01
-2.459467920857602019e-01
-2.459085190416719913e-01
-2.458702778785016307e-01
-2.458320685696927244e-01
-2.457938910887110529e-01
-2.457557454090444904e-01
-2.457176315042029768e-01
-2.456795493477185177e-01
-2.456414989131451287e-01
-2.456034801740589746e-01
-2.455654931040580635e-01
-2.455275376767625528e-01
-2.454896138658144988e-01
-2.454517216448778572e-01
-2.454138609876386767e-01
-2.453760318678047392e-01
-2.453382342591058918e-01
-2.453004681352937699e-01
-2.452627334701418804e-01
-2.452250302374456292e-01
-2.451873584110221826e-01
-2.451497179647105784e-01
-2.451121088723715591e-01
-2.450745311078877664e-01
-2.450369846451634914e-01
-2.449994694581247856e-01
-2.449619855207194885e-01
-2.449245328069170335e-01
-2.448871112907086145e-01
-2.448497209461070745e-01
-2.448123617471468783e-01
-2.447750336678841399e-01
-2.447377366823965672e-01
-2.447004707647835176e-01
-2.446632358891658310e-01
-2.446260320296859692e-01
-2.445888591605079321e-01
-2.445517172558172025e-01
-2.445146062898208295e-01
-2.444775262367472612e-01
-2.444404770708464847e-01
-2.444034587663899138e-01
-2.443664712976703624e-01
-2.443295146390020989e-01
-2.442925887647207916e-01
-2.442556936491834807e-01
-2.442188292667684946e-01
-2.441819955918756446e-01
-2.441451925989259752e-01
-2.441084202623617916e-01
-2.440716785566467983e-01
-2.440349674562658777e-01
-2.439982869357252837e-01
-2.439616369695523646e-01
-2.439250175322957570e-01
-2.438884285985253308e-01
-2.438518701428320778e-01
-2.438153421398281950e-01
-2.437788445641470014e-01
-2.437423773904429658e-01
-2.437059405933916512e-01
-2.436695341476897148e-01
-2.436331580280549081e-01
-2.435968122092260768e-01
-2.435604966659629944e-01
-2.435242113730465841e-01
-2.434879563052786966e-01
-2.434517314374822494e-01
-2.434155367445010043e-01
-2.433793722011998173e-01
-2.433432377824644166e-01
-2.433071334632014304e-01
-2.432710592183384146e-01
-2.432350150228238250e-01
-2.431990008516269619e-01
-2.431630166797379700e-01
-2.431270624821678661e-01
-2.430911382339484283e-01
-2.430552439101322793e-01
-2.430193794857928025e-01
-2.429835449360241151e-01
-2.429477402359411786e-01
-2.429119653606795493e-01
-2.428762202853955998e-01
-2.428405049852663533e-01
-2.428048194354895106e-01
-2.427691636112834228e-01
-2.427335374878871466e-01
-2.426979410405602777e-01
-2.426623742445830623e-01
-2.426268370752563408e-01
-2.425913295079015208e-01
-2.425558515178605767e-01
-2.425204030804960220e-01
-2.424849841711908538e-01
-2.424495947653486083e-01
-2.424142348383933609e-01
-2.423789043657695319e-01
-2.423436033229421360e-01
-2.423083316853965052e-01
-2.422730894286384828e-01
-2.422378765281942570e-01
-2.422026929596104161e-01
-2.421675386984539491e-01
-2.421324137203121341e-01
-2.420973180007927050e-01
-2.420622515155235466e-01
-2.420272142401529436e-01
-2.419922061503495259e-01
-2.419572272218020181e-01
-2.419222774302195733e-01
-2.418873567513314671e-01
-2.418524651608872367e-01
-2.418176026346565977e-01
-2.417827691484294717e-01
-2.417479646780159308e-01
-2.417131891992462256e-01
-2.416784426879706738e-01
-2.416437251200597713e-01
-2.416090364714041094e-01
-2.415743767179143187e-01
-2.415397458355211802e-01
-2.415051438001754036e-01
-2.414705705878478215e-01
-2.414360261745292502e-01
-2.414015105362305458e-01
-2.413670236489824650e-01
-2.413325654888358041e-01
-2.412981360318613155e-01
-2.412637352541495972e-01
-2.412293631318112308e-01
-2.411950196409766989e-01
-2.411607047577963570e-01
-2.411264184584404335e-01
-2.410921607190989469e-01
-2.410579315159818714e-01
-2.410237308253188604e-01
-2.409895586233594678e-01
-2.409554148863730094e-01
-2.409212995906485077e-01
-2.408872127124948026e-01
-2.408531542282404958e-01
-2.408191241142337846e-01
-2.407851223468426838e-01
-2.407511489024548867e-01
-2.407172037574776824e-01
-2.406832868883380105e-01
-2.406493982714825730e-01
-2.406155378833775560e-01
-2.405817057005088244e-01
-2.405479016993817831e-01
-2.405141258565214324e-01
-2.404803781484723679e-01
-2.404466585517986144e-01
-2.404129670430838195e-01
-2.403793035989310878e-01
-2.403456681959630359e-01
-2.403120608108217648e-01
-2.402784814201687769e-01
-2.402449300006850308e-01
-2.402114065290709977e-01
-2.401779109820464386e-01
-2.401444433363505437e-01
-2.401110035687419320e-01
-2.400775916559985124e-01
-2.400442075749175674e-01
-2.400108513023157530e-01
-2.399775228150289041e-01
-2.399442220899123124e-01
-2.399109491038404485e-01
-2.398777038337070455e-01
-2.398444862564251268e-01
-2.398112963489269500e-01
-2.397781340881639522e-01
-2.397449994511067772e-01
-2.397118924147452201e-01
-2.396788129560883940e-01
-2.396457610521643411e-01
-2.396127366800203939e-01
-2.395797398167229530e-01
-2.395467704393575425e-01
-2.395138285250287269e-01
-2.394809140508602219e-01
-2.394480269939947004e-01
-2.394151673315939866e-01
-2.393823350408388340e-01
-2.393495300989290087e-01
-2.393167524830833726e-01
-2.392840021705396336e-01
-2.392512791385545401e-01
-2.392185833644037696e-01
-2.391859148253818734e-01
-2.391532734988024433e-01
-2.391206593619978338e-01
-2.390880723923193563e-01
-2.390555125671371683e-01
-2.390229798638402736e-01
-2.389904742598365217e-01
-2.389579957325525528e-01
-2.389255442594338807e-01
-2.388931198179447268e-01
-2.388607223855681028e-01
-2.388283519398058385e-01
-2.387960084581783882e-01
-2.387636919182250517e-01
-2.387314022975037808e-01
-2.386991395735912347e-01
-2.386669037240826963e-01
-2.386346947265921836e-01
-2.386025125587523665e-01
-2.385703571982144555e-01
-2.385382286226483961e-01
-2.385061268097426468e-01
-2.384740517372042623e-01
-2.384420033827589491e-01
-2.384099817241508434e-01
-2.383779867391426777e-01
-2.383460184055157804e-01
-2.383140767010698269e-01
-2.382821616036231438e-01
-2.382502730910124600e-01
-2.382184111410929339e-01
-2.381865757317382648e-01
-2.381547668408404705e-01
-2.381229844463100820e-01
-2.380912285260759764e-01
-2.380594990580854331e-01
-2.380277960203041332e-01
-2.379961193907159933e-01
-2.379644691473234430e-01
-2.379328452681470640e-01
-2.379012477312258955e-01
-2.378696765146171566e-01
-2.378381315963964127e-01
-2.378066129546574925e-01
-2.377751205675123769e-01
-2.377436544130914209e-01
-2.377122144695431039e-01
-2.376808007150341129e-01
-2.376494131277493704e-01
-2.376180516858919234e-01
-2.375867163676829708e-01
-2.375554071513619192e-01
-2.375241240151862165e-01
-2.374928669374314905e-01
-2.374616358963914098e-01
-2.374304308703777955e-01
-2.373992518377203986e-01
-2.373680987767672057e-01
-2.373369716658841333e-01
-2.373058704834550559e-01
-2.372747952078820000e-01
-2.372437458175848946e-01
-2.372127222910016542e-01
-2.371817246065881790e-01
-2.371507527428182716e-01
-2.371198066781837199e-01
-2.370888863911941868e-01
-2.370579918603772374e-01
-2.370271230642783666e-01
-2.369962799814608612e-01
-2.369654625905059653e-01
-2.369346708700126869e-01
-2.369039047985978530e-01
-2.368731643548961929e-01
-2.368424495175601718e-01
-2.368117602652599907e-01
-2.367810965766836973e-01
-2.367504584305370474e-01
-2.367198458055435883e-01
-2.366892586804445198e-01
-2.366586970339987772e-01
-2.366281608449830043e-01
-2.365976500921915249e-01
-2.365671647544362877e-01
-2.365367048105469494e-01
-2.365062702393707361e-01
-2.364758610197725541e-01
-2.364454771306348790e-01
-2.364151185508577835e-01
-2.363847852593589371e-01
-2.363544772350735235e-01
-2.363241944569543229e-01
-2.362939369039716020e-01
-2.362637045551132242e-01
-2.362334973893844281e-01
-2.362033153858080770e-01
-2.361731585234244368e-01
-2.361430267812912043e-01
-2.361129201384835619e-01
-2.360828385740941782e-01
-2.360527820672329857e-01
-2.360227505970274864e-01
-2.359927441426224459e-01
-2.359627626831800606e-01
-2.359328061978799018e-01
-2.359028746659187770e-01
-2.358729680665109796e-01
-2.358430863788879839e-01
-2.358132295822986668e-01
-2.357833976560090861e-01
-2.357535905793026465e-01
-2.357238083314799892e-01
-2.356940508918590194e-01
-2.356643182397747949e-01
-2.356346103545796933e-01
-2.356049272156432173e-01
-2.355752688023520780e-01
-2.355456350941101118e-01
-2.355160260703384190e-01
-2.354864417104751140e-01
-2.354568819939755753e-01
-2.354273469003121677e-01
-2.353978364089744091e-01
-2.353683504994689146e-01
-2.353388891513193693e-01
-2.353094523440664720e-01
-2.352800400572680195e-01
-2.352506522704987946e-01
-2.352212889633506221e-01
-2.351919501154323133e-01
-2.351626357063696660e-01
-2.351333457158054363e-01
-2.351040801233993949e-01
-2.350748389088281598e-01
-2.350456220517853634e-01
-2.350164295319815133e-01
-2.349872613291440204e-01
-2.349581174230171710e-01
-2.349289977933621820e-01
-2.348999024199570629e-01
-2.348708312825966982e-01
-2.348417843610927647e-01
-2.348127616352738423e-01
-2.347837630849852197e-01
-2.347547886900890335e-01
-2.347258384304641843e-01
-2.346969122860062817e-01
-2.346680102366277554e-01
-2.346391322622577158e-01
-2.346102783428420657e-01
-2.345814484583432780e-01
-2.345526425887406730e-01
-2.345238607140301412e-01
-2.344951028142242544e-01
-2.344663688693522929e-01
-2.344376588594600797e-01
-2.344089727646101184e-01
-2.343803105648815110e-01
-2.343516722403699848e-01
-2.343230577711877538e-01
-2.342944671374637133e-01
-2.342659003193432177e-01
-2.342373572969881912e-01
-2.342088380505771283e-01
-2.341803425603049826e-01
-2.341518708063831944e-01
-2.341234227690397462e-01
-2.340949984285189966e-01
-2.340665977650819018e-01
-2.340382207590057106e-01
-2.340098673905842142e-01
-2.339815376401275238e-01
-2.339532314879622377e-01
-2.339249489144313021e-01
-2.338966898998940391e-01
-2.338684544247260910e-01
-2.338402424693195591e-01
-2.338120540140827541e-01
-2.337838890394403624e-01
-2.337557475258333906e-01
-2.337276294537191101e-01
-2.336995348035710851e-01
-2.336714635558791442e-01
-2.336434156911493532e-01
-2.336153911899040425e-01
-2.335873900326817521e-01
-2.335594122000372030e-01
-2.335314576725413538e-01
-2.335035264307813718e-01
-2.334756184553605229e-01
-2.334477337268982822e-01
-2.334198722260302505e-01
-2.333920339334081551e-01
-2.333642188296998765e-01
-2.333364268955893106e-01
-2.333086581117765901e-01
-2.332809124589777516e-01
-2.332531899179250134e-01
-2.332254904693666364e-01
-2.331978140940668409e-01
-2.331701607728059455e-01
-2.331425304863802561e-01
-2.331149232156020656e-01
-2.330873389412996821e-01
-2.330597776443173175e-01
-2.330322393055151986e-01
-2.330047239057694841e-01
-2.329772314259722643e-01
-2.329497618470315334e-01
-2.329223151498711619e-01
-2.328948913154310074e-01
-2.328674903246666650e-01
-2.328401121585497169e-01
-2.328127567980675106e-01
-2.327854242242232974e-01
-2.327581144180361217e-01
-2.327308273605408206e-01
-2.327035630327880800e-01
-2.326763214158442949e-01
-2.326491024907916816e-01
-2.326219062387282488e-01
-2.325947326407676874e-01
-2.325675816780393979e-01
-2.325404533316886013e-01
-2.325133475828761731e-01
-2.324862644127786149e-01
-2.324592038025882212e-01
-2.324321657335128855e-01
-2.324051501867761549e-01
-2.323781571436172588e-01
-2.323511865852910252e-01
-2.323242384930678806e-01
-2.322973128482338501e-01
-2.322704096320906131e-01
-2.322435288259553643e-01
-2.322166704111608693e-01
-2.321898343690554645e-01
-2.321630206810030017e-01
-2.321362293283828482e-01
-2.321094602925898864e-01
-2.320827135550345699e-01
-2.320559890971427008e-01
-2.320292869003556802e-01
-2.320026069461302853e-01
-2.319759492159387815e-01
-2.319493136912688658e-01
-2.319227003536236120e-01
-2.318961091845215539e-01
-2.318695401654966015e-01
-2.318429932780980696e-01
-2.318164685038905659e-01
-2.317899658244541583e-01
-2.317634852213841523e-01
-2.317370266762912856e-01
-2.317105901708015614e-01
-2.316841756865562763e-01
-2.316577832052120478e-01
-2.316314127084407593e-01
-2.316050641779295871e-01
-2.315787375953808902e-01
-2.315524329425123484e-01
-2.315261502010568795e-01
-2.314998893527625001e-01
-2.314736503793925482e-01
-2.314474332627255437e-01
-2.314212379845551060e-01
-2.313950645266900918e-01
-2.313689128709544574e-01
-2.313427829991873963e-01
-2.313166748932430905e-01
-2.312905885349909596e-01
-2.312645239063154667e-01
-2.312384809891161463e-01
-2.312124597653076596e-01
-2.311864602168197114e-01
-2.311604823255970498e-01
-2.311345260735994667e-01
-2.311085914428018251e-01
-2.310826784151939206e-01
-2.310567869727806201e-01
-2.310309170975817228e-01
-2.310050687716320716e-01
-2.309792419769814142e-01
-2.309534366956945139e-01
-2.309276529098509834e-01
-2.309018906015454231e-01
-2.308761497528873941e-01
-2.308504303460012508e-01
-2.308247323630263081e-01
-2.307990557861167302e-01
-2.307734005974416136e-01
-2.307477667791847653e-01
-2.307221543135450081e-01
-2.306965631827358476e-01
-2.306709933689857217e-01
-2.306454448545377511e-01
-2.306199176216499336e-01
-2.305944116525950327e-01
-2.305689269296605781e-01
-2.305434634351488099e-01
-2.305180211513767896e-01
-2.304926000606762337e-01
-2.304672001453935970e-01
-2.304418213878900723e-01
-2.304164637705415353e-01
-2.303911272757384610e-01
-2.303658118858861181e-01
-2.303405175834044027e-01
-2.303152443507277269e-01
-2.302899921703053243e-01
-2.302647610246009169e-01
-2.302395508960928816e-01
-2.302143617672741949e-01
-2.301891936206523770e-01
-2.301640464387495755e-01
-2.301389202041024262e-01
-2.301138148992622201e-01
-2.300887305067946809e-01
-2.300636670092800762e-01
-2.300386243893132177e-01
-2.300136026295034053e-01
-2.299886017124743998e-01
-2.299636216208644224e-01
-2.299386623373262661e-01
-2.299137238445270182e-01
-2.298888061251483372e-01
-2.298639091618862040e-01
-2.298390329374510599e-01
-2.298141774345677790e-01
-2.297893426359755853e-01
-2.297645285244280799e-01
-2.297397350826932694e-01
-2.297149622935534263e-01
-2.296902101398052842e-01
-2.296654786042598151e-01
-2.296407676697423406e-01
-2.296160773190925042e-01
-2.295914075351642158e-01
-2.295667583008256796e-01
-2.295421295989593657e-01
-2.295175214124620389e-01
-2.294929337242446465e-01
-2.294683665172324027e-01
-2.294438197743647601e-01
-2.294192934785953819e-01
-2.293947876128920871e-01
-2.293703021602369330e-01
-2.293458371036261323e-01
-2.293213924260700531e-01
-2.292969681105931912e-01
-2.292725641402343084e-01
-2.292481804980461002e-01
-2.292238171670955560e-01
-2.291994741304636263e-01
-2.291751513712455002e-01
-2.291508488725503001e-01
-2.291265666175013316e-01
-2.291023045892359167e-01
-2.290780627709054218e-01
-2.290538411456752022e-01
-2.290296396967247683e-01
-2.290054584072474808e-01
-2.289812972604508279e-01
-2.289571562395562032e-01
-2.289330353277990171e-01
-2.289089345084286409e-01
-2.288848537647084069e-01
-2.288607930799155532e-01
-2.288367524373412509e-01
-2.288127318202906602e-01
-2.287887312120827632e-01
-2.287647505960504757e-01
-2.287407899555405910e-01
-2.287168492739137804e-01
-2.286929285345445650e-01
-2.286690277208213162e-01
-2.286451468161462275e-01
-2.286212858039353701e-01
-2.285974446676185823e-01
-2.285736233906395243e-01
-2.285498219564556233e-01
-2.285260403485381286e-01
-2.285022785503720288e-01
-2.284785365454560513e-01
-2.284548143173027457e-01
-2.284311118494382620e-01
-2.284074291254026001e-01
-2.283837661287494158e-01
-2.283601228430460761e-01
-2.283364992518736591e-01
-2.283128953388268156e-01
-2.282893110875140186e-01
-2.282657464815572579e-01
-2.282422015045922348e-01
-2.282186761402683062e-01
-2.281951703722483737e-01
-2.281716841842090226e-01
-2.281482175598403550e-01
-2.281247704828461287e-01
-2.281013429369436463e-01
-2.280779349058637551e-01
-2.280545463733509304e-01
-2.280311773231630812e-01
-2.280078277390717445e-01
-2.279844976048618910e-01
-2.279611869043320638e-01
-2.279378956212942675e-01
-2.279146237395739683e-01
-2.278913712430102045e-01
-2.278681381154553376e-01
-2.278449243407753011e-01
-2.278217299028494069e-01
-2.277985547855703730e-01
-2.277753989728444062e-01
-2.277522624485910641e-01
-2.277291451967433100e-01
-2.277060472012475134e-01
-2.276829684460633663e-01
-2.276599089151639943e-01
-2.276368685925357904e-01
-2.276138474621785812e-01
-2.275908455081054327e-01
-2.275678627143427613e-01
-2.275448990649303060e-01
-2.275219545439211011e-01
-2.274990291353814198e-01
-2.274761228233908583e-01
-2.274532355920422522e-01
-2.274303674254417040e-01
-2.274075183077085005e-01
-2.273846882229752508e-01
-2.273618771553876650e-01
-2.273390850891047754e-01
-2.273163120082987709e-01
-2.272935578971549409e-01
-2.272708227398718694e-01
-2.272481065206612416e-01
-2.272254092237478984e-01
-2.272027308333698370e-01
-2.271800713337781830e-01
-2.271574307092371625e-01
-2.271348089440240747e-01
-2.271122060224294303e-01
-2.270896219287567297e-01
-2.270670566473225460e-01
-2.270445101624565809e-01
-2.270219824585015533e-01
-2.269994735198131719e-01
-2.269769833307602735e-01
-2.269545118757246849e-01
-2.269320591391011943e-01
-2.269096251052976077e-01
-2.268872097587347758e-01
-2.268648130838464838e-01
-2.268424350650794508e-01
-2.268200756868934131e-01
-2.267977349337610138e-01
-2.267754127901678296e-01
-2.267531092406123716e-01
-2.267308242696060849e-01
-2.267085578616732933e-01
-2.266863100013511989e-01
-2.266640806731898827e-01
-2.266418698617523597e-01
-2.266196775516143846e-01
-2.265975037273646742e-01
-2.265753483736047402e-01
-2.265532114749489456e-01
-2.265310930160243652e-01
-2.265089929814710079e-01
-2.264869113559416225e-01
-2.264648481241017530e-01
-2.264428032706296834e-01
-2.264207767802165205e-01
-2.263987686375660557e-01
-2.263767788273948756e-01
-2.263548073344322786e-01
-2.263328541434203034e-01
-2.263109192391136171e-01
-2.262890026062796822e-01
-2.262671042296986457e-01
-2.262452240941632275e-01
-2.262233621844789433e-01
-2.262015184854639094e-01
-2.261796929819488711e-01
-2.261578856587772302e-01
-2.261360965008050172e-01
-2.261143254929008917e-01
-2.260925726199460306e-01
-2.260708378668343510e-01
-2.260491212184722043e-01
-2.260274226597786540e-01
-2.260057421756851981e-01
-2.259840797511359634e-01
-2.259624353710876221e-01
-2.259408090205093089e-01
-2.259192006843827594e-01
-2.258976103477021713e-01
-2.258760379954742326e-01
-2.258544836127181765e-01
-2.258329471844656711e-01
-2.258114286957608741e-01
-2.257899281316603501e-01
-2.257684454772331817e-01
-2.257469807175608578e-01
-2.257255338377373022e-01
-2.257041048228687896e-01
-2.256826936580741405e-01
-2.256613003284844710e-01
-2.256399248192432483e-01
-2.256185671155064021e-01
-2.255972272024422132e-01
-2.255759050652312858e-01
-2.255546006890665478e-01
-2.255333140591533336e-01
-2.255120451607092180e-01
-2.254907939789641547e-01
-2.254695604991603930e-01
-2.254483447065524504e-01
-2.254271465864071400e-01
-2.254059661240035151e-01
-2.253848033046329524e-01
-2.253636581135990413e-01
-2.253425305362176112e-01
-2.253214205578167317e-01
-2.253003281637367128e-01
-2.252792533393300212e-01
-2.252581960699614194e-01
-2.252371563410077715e-01
-2.252161341378581261e-01
-2.251951294459137720e-01
-2.251741422505880996e-01
-2.251531725373066839e-01
-2.251322202915071735e-01
-2.251112854986394574e-01
-2.250903681441654425e-01
-2.250694682135592206e-01
-2.250485856923069017e-01
-2.250277205659068080e-01
-2.250068728198691970e-01
-2.249860424397164826e-01
-2.249652294109831530e-01
-2.249444337192157140e-01
-2.249236553499726621e-01
