-6.999999999999999556e-01
-6.001827434123088167e-01
-5.145990364141791451e-01
-4.412192306177037948e-01
-3.783030975405738405e-01
-3.243585584618226547e-01
-2.781062992383978583e-01
-2.384494309102087872e-01
-2.044474765839899011e-01
-1.752940676855754831e-01
-1.502978206391880622e-01
-1.288659404573129219e-01
-1.104901623943961436e-01
-9.473469826562888607e-02
-8.122590157343206885e-02
-6.964340634640091288e-02
-5.971252954508727423e-02
-5.119775685494147577e-02
-4.389715737965017156e-02
-3.763759477731475067e-02
-3.227062126984221041e-02
-2.766895715050501220e-02
-2.372347229992531614e-02
-2.034059812605013354e-02
-1.744010855134290813e-02
-1.495321742250493510e-02
-1.282094722211392368e-02
-1.099273039558964701e-02
-9.425210123452678473e-03
-8.081212098758989645e-03
-6.928862925042736029e-03
-5.940834227257119245e-03
-5.093694549532744136e-03
-4.367353669775555364e-03
-3.744586152825295656e-03
-3.210622843066326601e-03
-2.752800608591108190e-03
-2.360262030473263360e-03
-2.023697915173357752e-03
-1.735126523666450727e-03
-1.487704281630846531e-03
-1.275563481622057297e-03
-1.093673128280689107e-03
-9.377196264683234500e-04
-8.040044828076054004e-04
-6.893565945818041661e-04
-5.910570458935346079e-04
-5.067746275965092501e-04
-4.345105518323200047e-04
-3.725510500575974896e-04
-3.194267304067216918e-04
-2.738777305353290144e-04
-2.348238395317582918e-04
-2.013388803268322262e-04
-1.726287450716007988e-04
-1.480125625841393136e-04
-1.269065512446212194e-04
-1.088101744042734633e-04
-9.329426997875524491e-05
-7.999087271499709590e-05
-6.858448776290255663e-05
-5.880460860152390807e-05
-5.041930187964242447e-05
-4.322970703293883750e-05
-3.706532023419940614e-05
-3.177995083373939589e-05
-2.724825439557430223e-05
-2.336276010904610336e-05
-2.003132207990135583e-05
-1.717493405727251238e-05
-1.472585577202757429e-05
-1.262600645192785483e-05
-1.082558741522796615e-05
-9.281901077030415691e-06
-7.958338360705389475e-06
-6.823510500473685759e-06
-5.850504645538565517e-06
-5.016245612151128683e-06
-4.300948647329746272e-06
-3.687650226328325153e-06
-3.161805756546790338e-06
-2.710944647287263624e-06
-2.324374565211121364e-06
-1.992927861808859464e-06
-1.708744159318955589e-06
-1.465083939042586734e-06
-1.256168711234131594e-06
-1.077043976138863731e-06
-9.234617262496071625e-07
-7.917797032810802020e-07
-6.788750207048886316e-07
-5.820701033724974293e-07
-4.990691878577028596e-07
-4.279038776014123401e-07
-3.668864616794009433e-07
-3.145698901308255772e-07
-2.697134566480389553e-07
-2.312533747803384925e-07
-1.982775498557406864e-07
-1.700039483278419199e-07
-1.457620515690406564e-07
-1.249769542801618779e-07
-1.071557304045461220e-07
-9.187574320935740374e-08
-7.877462230348137755e-08
-6.754166989338848025e-08
-5.791049247323209813e-08
-4.965268320706045596e-08
-4.257240517856534400e-08
-3.650174704818820760e-08
-3.129674097531965601e-08
-2.683394836918826072e-08
-2.300753249829095700e-08
-1.972674853424589555e-08
-1.691379150555487167e-08
-1.450195112472533581e-08
-1.243402972981267808e-08
-1.066098582129883941e-08
-9.140771025295525969e-09
-7.837332901236593200e-09
-6.719759945285329778e-09
-5.761548512904976838e-09
-4.939974275397742736e-09
-4.235553304277787427e-09
-3.631580002900734210e-09
-3.113730927231778007e-09
-2.669725100219602527e-09
-2.289032764009282179e-09
-1.962625662948217262e-09
-1.682762935256661770e-09
-1.442807535706990426e-09
-1.237068835709392399e-09
-1.060667668008477869e-09
-9.094206154772352353e-10
-7.797407998754797301e-10
-6.685528177425340300e-10
-5.732198060982051734e-10
-4.914809082889895827e-10
-4.213976569595133330e-10
-3.613080026021141650e-10
-3.097868974550826513e-10
-2.656124999825417293e-10
-2.277371984630340240e-10
-1.952627665008247092e-10
-1.674190612639173474e-10
-1.435457592698448230e-10
-1.230766965768262662e-10
-1.055264420022909777e-10
-9.047878494782135363e-11
-7.757686481513680243e-11
-6.651470792867807256e-11
-5.702997125986069437e-11
-4.889772086781191425e-11
-4.192509751007509997e-11
-3.594674291632206964e-11
-3.082087825750739232e-11
-2.642594180995368344e-11
-2.265770607536006323e-11
-1.942680598819906880e-11
-1.665661959105142194e-11
-1.428145091733203211e-11
-1.224497198781797099e-11
-1.049888697236495374e-11
-9.001786836928215388e-12
-7.718167313429129091e-12
-6.617586903270152029e-12
-5.673944946248619584e-12
-4.864862634014148858e-12
-4.171152288580920851e-12
-3.576362319644327489e-12
-3.066387069200774607e-12
-2.629132290795644913e-12
-2.254228330119455971e-12
-1.932784204926912871e-12
-1.657176752195733523e-12
-1.420869842074193970e-12
-1.218259371211292008e-12
-1.044540359430497251e-12
-8.955929978969647205e-13
-7.678849463695040749e-13
-6.583875624815183811e-13
-5.645040763981441483e-13
-4.840080074858141306e-13
-4.149903625233735463e-13
-3.558143632413529697e-13
-3.050766295367130339e-13
-2.615738978090350337e-13
-2.242744851315394956e-13
-1.922938225194722142e-13
-1.648734770585378534e-13
-1.413631653955995519e-13
-1.212053320351127950e-13
-1.039219267100479776e-13
-8.910306724789932832e-14
-7.639731906756528462e-14
-6.550336078188121488e-14
-5.616283825256534020e-14
-4.815423762892349924e-14
-4.128763206722221758e-14
-3.540017754729054099e-14
-3.035225096802237772e-14
-2.602413893532370382e-14
-2.231319871592238746e-14
-1.913142402803759218e-14
-1.640335794075967576e-14
-1.406430338579884903e-14
-1.205878884324540519e-14
-1.033925281452682034e-14
-8.864915884365921929e-15
-7.600813622282995690e-15
-6.516967388553514220e-15
-5.587673379986571733e-15
-4.790893054988958586e-15
-4.107730481626075143e-15
-3.521984213801006090e-15
-3.019763068134168266e-15
-2.589156689554196021e-15
-2.219953092944242628e-15
-1.903396482242738228e-15
-1.631979603591121853e-15
-1.399265708108931929e-15
-1.199735902079408942e-15
-1.028658264400373171e-15
-8.819756273736578955e-16
-7.562093595141636745e-16
-6.483768685532514522e-16
-5.559208681905323620e-16
-4.766487311296377688e-16
-4.086804901334002022e-16
-3.504042539247875730e-16
-3.004379806056034640e-16
-2.575967020358931979e-16
-2.208644218883793730e-16
-1.893700209302017348e-16
-1.623665981170498695e-16
-1.392137575663069263e-16
-1.193624213384031686e-16
-1.023418078560268153e-16
-8.774826714972227699e-17
-7.523570815370932257e-17
-6.450739103180157983e-17
-5.530888988548141551e-17
-4.742205895222508572e-17
-4.065985920029529404e-17
-3.486192263084493167e-17
-2.989074909315454119e-17
-2.562844541911212568e-17
-2.197392954433620470e-17
-1.884053331066928343e-17
-1.615394709964069600e-17
-1.385045755314238403e-17
-1.187543658822962168e-17
-1.018204587248938234e-17
-8.730126036143795420e-18
-7.485244278154251202e-18
-6.417877779962726015e-18
-5.502713561232756611e-18
-4.718048173418276749e-18
-4.045272994676593708e-18
-3.468432919709608454e-18
-2.973847978704112056e-18
-2.549788911928263722e-18
-2.186199006119131714e-18
-1.874455595911206154e-18
-1.607165574226489353e-18
-1.377990062081533791e-18
-1.181494079792847685e-18
-1.013017654479239941e-18
-8.685653071292187040e-19
-7.447112983793847294e-19
-6.385183858735456620e-19
-5.474681665039773423e-19
-4.694013515760913931e-19
-4.024665585005491446e-19
-3.450764045893860764e-19
-2.958698617047338559e-19
-2.536799789870966943e-19
-2.175062081960752119e-19
-1.864906753490419142e-19
-1.598978359311460895e-19
-1.370970311926369773e-19
-1.175475318498282850e-19
-1.007857144956796166e-19
-8.641406660398105404e-20
-7.409175937684480232e-20
-6.352656486719914358e-20
-5.446792568793657146e-20
-4.670101295337651811e-20
-4.004163153498758490e-20
-3.433185180767668723e-20
-2.943626429193748731e-20
-2.523876836934976689e-20
-2.163981891466308355e-20
-1.855406554735425313e-20
-1.590832851666126430e-20
-1.363986321747718446e-20
-1.169487217947729065e-20
-1.002722924076424572e-20
-8.597385649351444436e-21
-7.371432150287668218e-21
-6.320294815481929628e-21
-5.419045545043627475e-21
-4.646310888429338139e-21
-3.983765165377148476e-21
-3.415695865809212134e-21
-2.928631022004937178e-21
-2.511019716041864788e-21
-2.152958145623434585e-21
-1.845954751845929798e-21
-1.582728838825540995e-21
-1.357037909377273840e-21
-1.163529621949367032e-21
-9.976148579186545142e-22
-8.553588889921416235e-22
-7.333880637105834261e-22
-6.288098000909420410e-22
-5.391439870044675457e-22
-4.622641674494167703e-22
-3.963471088585686823e-22
-3.398295644832446094e-22
-2.913712004345199785e-22
-2.498228091830400109e-22
-2.141990556892097158e-22
-1.836551098283941089e-22
-1.574666109407064757e-22
-1.350124893574742498e-22
-1.157602375107058493e-22
-9.925328132462277403e-23
-8.510015239726542988e-23
-7.296520418656625001e-23
-6.256065203190377854e-23
-5.363974823738694904e-23
-4.599093036151464651e-23
-3.943280393779760580e-23
-3.380984063975296713e-23
-2.898868987071417181e-23
-2.485501630647692885e-23
-2.131078839197000671e-23
-1.827195348767393145e-23
-1.566644453104893083e-23
-1.343247094023102229e-23
-1.151705322816282433e-23
-9.874766575006221872e-24
-8.466663562204867144e-24
-7.259350520447359550e-24
-6.224195586790914196e-24
-5.336649689735654814e-24
-4.575664359165705918e-24
-3.923192554311427578e-24
-3.363760671687682063e-24
-2.884101583022778999e-24
-2.472840000540564757e-24
-2.120222707920189015e-24
-1.817887259263734741e-24
-1.558663660684560336e-24
-1.336404331323902922e-24
-1.145838311260103767e-24
-9.824462587985951188e-25
-8.423532726584231708e-25
-7.222369972949561966e-25
-6.192488320433647622e-25
-5.309463755295071204e-25
-4.552355032430310285e-25
-3.903207046215508179e-25
-3.346625018719828175e-25
-2.869409407010767577e-25
-2.460242871246871041e-25
-2.109421879893605235e-25
-1.808626586983563859e-25
-1.550723523977481326e-25
-1.329596426992583712e-25
-1.140001187405153159e-25
-9.774414859287356541e-26
-8.380621607853037532e-26
-7.185577811573876704e-26
-6.160942577075752574e-26
-5.282416311307182160e-26
-4.529164447951821800e-26
-3.883323348196030322e-26
-3.329576658110525764e-26
-2.854792075809090891e-26
-2.447709914186887150e-26
-2.098676073391705765e-26
-1.799413090374295544e-26
-1.542823835875512072e-26
-1.322823203453810225e-26
-1.134193798997667133e-26
-9.724622083480702279e-27
-8.337929086730535626e-27
-7.148973076644602513e-27
-6.129557533887563452e-27
-5.255506652274609723e-27
-4.506092000834023219e-27
-3.863540941612608248e-27
-3.312615145175473331e-27
-2.840249208143686806e-27
-2.435240802454737991e-27
-2.087985008124096806e-27
-1.790246529113847318e-27
-1.534964390325590606e-27
-1.316084484036879453e-27
-1.128415994559468280e-27
-9.675082961786158743e-28
-8.295454049637867178e-28
-7.112554813374864417e-28
-6.098332372231072729e-28
-5.228734076293915992e-28
-4.483137089262156042e-28
-3.843859310466907084e-28
-3.295740037495679478e-28
-2.825780424682757075e-28
-2.422835210809853475e-28
-2.077348405228283478e-28
-1.781126664104423573e-28
-1.527144982324296342e-28
-1.309380092971055416e-28
-1.122667623384046459e-28
-9.625796202040133941e-29
-8.253195388668963821e-29
-7.076322071841606391e-29
-6.067266277638573067e-29
-5.202097885037259528e-29
-4.460299114487223405e-29
-3.824277941389165686e-29
-3.278950894905920658e-29
-2.811385348026953919e-29
-2.410492815668570006e-29
-2.066765987262305504e-29
-1.772053257466213015e-29
-1.519365407912547654e-29
-1.302709855381012244e-29
-1.116948535532620041e-29
-9.576760518661776391e-30
-8.211152001561649125e-30
-7.040273906961014774e-30
-6.036358439791411562e-30
-5.175597383734329336e-30
-4.437577480810373824e-30
-3.804796323624907596e-30
-3.262247279483259657e-30
-2.797063602699415899e-30
-2.398213295095520902e-30
-2.056237478197561755e-30
-1.763026072531160431e-30
-1.511625464170268959e-30
-1.296073597282301499e-30
-1.111258581830225005e-30
-9.527974632619027323e-31
-8.169322791668881783e-31
-7.004409378463570490e-31
-6.005608052498861847e-31
-5.149231881153995850e-31
-4.414971595567361007e-31
-3.785413949021457057e-31
-3.245628755535625126e-31
-2.782814815136052439e-31
-2.385996328795374707e-31
-2.045762603411594745e-31
-1.754044873836957483e-31
-1.503924949211100614e-31
-1.289471145576756898e-31
-1.105597613861823600e-31
-9.479437271395535320e-32
-8.127706667930153092e-32
-6.968727550869719975e-32
-5.975014313677087676e-32
-5.123000689586434259e-32
-4.392480869113085819e-32
-3.766130312014796662e-32
-3.229094889590401107e-32
-2.768638613675783247e-32
-2.373841598104532050e-32
-2.035341089680926641e-32
-1.745109427120697914e-32
-1.496263662177130485e-32
-1.282902328048017832e-32
-1.099965483968433086e-32
-9.431147168957398766e-33
-8.086302544843034541e-33
-6.933227493465423186e-33
-5.944576425328221725e-33
-5.096903124825149876e-33
-4.370104714806154950e-33
-3.746944909616348240e-33
-3.212645250383301700e-33
-2.754534628550840927e-33
-2.361748785982625919e-33
-2.024972665173933114e-33
-1.736219499312883015e-33
-1.488641403233656259e-33
-1.276366973357027409e-33
-1.094362045243274097e-33
-9.383103065720133582e-34
-8.045109342434855474e-34
-6.897908280277879545e-34
-5.914293593519475128e-34
-5.070938506149126469e-34
-4.347842548993826384e-34
-3.727857241399858100e-34
-3.196279408846848381e-34
-2.740502491877127455e-34
-2.349717577004388841e-34
-2.014657059443754475e-34
-1.727374858531313772e-34
-1.481057973563972756e-34
-1.269864911037562993e-34
-1.088787151527940115e-34
-9.335303708515829145e-35
-8.004125986234420980e-35
-6.862768990051376924e-35
-5.884165028362755690e-35
-5.045106156305074344e-35
-4.325693790996412442e-35
-3.708866809488338854e-35
-3.179996938099362728e-35
-2.726541837644617923e-35
-2.337747657351391317e-35
-2.004394003421238836e-35
-1.718575274075045598e-35
-1.473513175364185133e-35
-1.263395971491790629e-35
-1.083240657408567316e-35
-9.287747850560455322e-36
-7.963351407244447141e-36
-6.827808706223255907e-36
-5.854189943993563696e-36
-5.019405401489763962e-36
-4.303657863092383425e-36
-3.689973118541087553e-36
-3.163797413433783382e-36
-2.712652301707813651e-36
-2.325838714803855987e-36
-1.994183229407925189e-36
-1.709820516418369161e-36
-1.466006811838029892e-36
-1.256959985985840126e-36
-1.077722418212105407e-36
-9.240434251421345067e-37
-7.922784541912987139e-37
-6.793026516900008430e-37
-5.824367558550830252e-37
-4.993835571332451472e-37
-4.281734190503237765e-37
-3.671175675740762734e-37
-3.147680412306591458e-37
-2.698833521776245954e-37
-2.313990438732513702e-37
-1.984024471069033321e-37
-1.701110357204823797e-37
-1.458538687191824494e-37
-1.250556786645404796e-37
-1.072232290002450935e-37
-9.193361676984831782e-38
-7.882424332106150334e-38
-6.758421514833489245e-38
-5.794697094156441557e-38
-4.968395998877391618e-38
-4.259922201378502954e-38
-3.652473990780530602e-38
-3.131645514326784299e-38
-2.685085137404982918e-38
-2.302202520090502115e-38
-1.973917463426627957e-38
-1.692444569241240796e-38
-1.451108606629235362e-38
-1.244186206451363001e-38
-1.066770129576753503e-38
-9.146528899424073060e-39
-7.842269725080386218e-39
-6.723992797397250209e-39
-5.765177776894943392e-39
-4.943086020566442816e-39
-4.238221326780829896e-39
-3.633867575851224698e-39
-3.115692301244916348e-39
-2.671406789985388228e-39
-2.290474651405302960e-39
-1.963861942852539280e-39
-1.683822926491818690e-39
-1.443716376346279660e-39
-1.237848079235420085e-39
-1.061335794461666695e-39
-9.099934697167006394e-40
-7.802319673455024101e-40
-6.689739466563002448e-40
-5.735808836793359956e-40
-4.917904976221687487e-40
-4.216631000671143843e-40
-3.615355945628827780e-40
-3.099820356942184047e-40
-2.657798122735529115e-40
-2.278806526770723469e-40
-1.953857647061598582e-40
-1.675245204072225697e-40
-1.436361803526250192e-40
-1.231542239675776060e-40
-1.055929142909630977e-40
-9.053577854864502367e-41
-7.762573135184954827e-41
-6.655660628877090275e-41
-5.706589507801108087e-41
-4.892852209028491104e-41
-4.195150659893883262e-41
-3.596938617261503063e-41
-3.084029267419575255e-41
-2.644258780691031001e-41
-2.267197841838917241e-41
-1.943904315104768840e-41
-1.666711178243734941e-41
-1.429044696334685852e-41
-1.225268523292811954e-41
-1.050550033895176260e-41
-9.007457163358527211e-42
-7.723029073533452492e-42
-6.621755395437570133e-42
-5.677519027770013450e-42
-4.867927065517955675e-42
-4.173779744162313734e-42
-3.578615110357207931e-42
-3.068318620787068733e-42
-2.630788410695775146e-42
-2.255648293812443394e-42
-1.934001687362339166e-42
-1.658220626407388629e-42
-1.421764863914367620e-42
-1.219026766444782307e-42
-1.045198327111244105e-42
-8.961571419651117494e-43
-7.683686457045126456e-43
-6.588022881870454228e-43
-5.648596638434435273e-43
-4.843128895550147590e-43
-4.152517696043907800e-43
-3.560384946971109212e-43
-3.052688007252892129e-43
-2.617386661392690002e-43
-2.244157581436372471e-43
-1.924149505537150323e-43
-1.649773327098166848e-43
-1.414522116380339980e-43
-1.212816806323617291e-43
-1.039873882965527286e-43
-8.915919426872232773e-44
-7.644544259519026345e-44
-6.554462208307024205e-44
-5.619821585391486107e-44
-4.818457052297073427e-44
-4.131363960945808879e-44
-3.542247651593117615e-44
-3.037137019112831861e-44
-2.604053183214584936e-44
-2.232725404990393165e-44
-1.914347512647861245e-44
-1.641369059979307687e-44
-1.407316264814958835e-44
-1.206638480950571090e-44
-1.034576562576828961e-44
-8.870499994249049444e-45
-7.605601459981865475e-45
-6.521072499360782846e-45
-5.591193118081351712e-45
-4.793910892225807367e-45
-4.110317987100366149e-45
-3.524202751135487311e-45
-3.021665250739556256e-45
-2.590787628375033169e-45
-2.221351466281123513e-45
-1.904595453022242529e-45
-1.633007605836416373e-45
-1.400147121262963273e-45
-1.200491629172066476e-45
-1.029306227771440730e-45
-8.825311937074773450e-46
-7.566857042661394050e-46
-6.487852884104623852e-46
-5.562710489767719276e-46
-4.769489775081708769e-46
-4.089379225550682181e-46
-3.506249774920471610e-46
-3.006272298572207949e-46
-2.577589650859298684e-46
-2.210035468634141725e-46
-1.894893072290510160e-46
-1.624688746571842109e-46
-1.393014498726573169e-46
-1.194376090655473465e-46
-1.024062741079537357e-46
-8.780354076677736978e-47
-7.528309996959907867e-47
-6.454802496048112760e-47
-5.534372957518213890e-47
-4.745193063871715620e-47
-4.068547130136524368e-47
-3.488388254668048431e-47
-2.990957761105616613e-47
-2.564458906415313868e-47
-2.198777116886374873e-47
-1.885240117378688416e-47
-1.616412265198966941e-47
-1.385918211160611630e-47
-1.188291705884928476e-47
-1.018845965731591906e-47
-8.735625240390658116e-48
-7.489959317427772892e-48
-6.421920473114885662e-48
-5.506179782185342064e-48
-4.721020124847733746e-48
-4.047821157479735492e-48
-3.470617724483705952e-48
-2.975721238880002298e-48
-2.551395052544697385e-48
-2.187576117378369152e-48
-1.875636336502009320e-48
-1.608177945836544728e-48
-1.378858073467651877e-48
-1.182238316157172702e-48
-1.013655765654794017e-48
-8.691124261520047783e-49
-7.451804003737636279e-49
-6.389205957620166100e-49
-5.478130228386735468e-49
-4.696970327490105517e-49
-4.027200766970290913e-49
-3.452937720846289361e-49
-2.960562334470510898e-49
-2.538397748493820370e-49
-2.176432177946627579e-49
-1.866081479158347587e-49
-1.599985573703069911e-49
-1.371833901493170310e-49
-1.176215763577412044e-49
-1.008492005469557414e-49
-8.646849979315784746e-50
-7.413843060657684683e-50
-6.356658096248388010e-50
-5.450223564486281728e-50
-4.673043044491163798e-50
-4.006685420752138676e-50
-3.435347782595911347e-50
-2.945480652476846615e-50
-2.525466655244921677e-50
-2.165345007915992762e-50
-1.856575296121656570e-50
-1.591834935111177233e-50
-1.364845512020821237e-50
-1.170223891055200362e-50
-1.003354550485903321e-50
-8.602801238940830572e-51
-7.376075498026119204e-51
-6.324276040030946414e-51
-5.422459062574973078e-51
-4.649237651738870326e-51
-3.986274583709167707e-51
-3.417847450921923597e-51
-2.930475799512962061e-51
-2.512601435507224560e-51
-2.154314318092061771e-51
-1.847117539435575123e-51
-1.583725817462065081e-51
-1.357892722767539417e-51
-1.164262542300339623e-51
-9.982432667000036999e-52
-8.558976891441113824e-52
-7.338500330725213219e-52
-6.292058944324040919e-52
-5.394835998451906100e-52
-4.625553528300532360e-52
-3.965967723451256760e-52
-3.400436269350898823e-52
-2.915547384196793172e-52
-2.499801753708286384e-52
-2.143339820753645326e-52
-1.837707962406801450e-52
-1.575658009239952522e-52
-1.350975352378865088e-52
-1.158331561818806033e-52
-9.931580207906726153e-53
-8.515375793715563864e-53
-7.301116578655629664e-53
-6.260005968786657169e-53
-5.367353651605399259e-53
-4.601990056406545271e-53
-3.945764310300382404e-53
-3.383113783734921045e-53
-2.900695017140052913e-53
-2.487067275985028424e-53
-2.132421229645262451e-53
-1.828346319598763592e-53
-1.567631300006560436e-53
-1.344093220424193748e-53
-1.152430794908691410e-53
-9.880986801158881311e-54
-8.471996808486283091e-54
-7.263923266710841435e-54
-6.228116277358549683e-54
-5.340011305194199387e-54
-4.578546621434540162e-54
-3.925663817276801489e-54
-3.365879542239446063e-54
-2.885918310938075366e-54
-2.474397670175170301e-54
-2.121558259969672445e-54
-1.819032366825191475e-54
-1.559645480395624606e-54
-1.337246147392068996e-54
-1.146560087656169727e-54
-9.830651127093325839e-55
-8.428838804268771843e-55
-7.226919424751708951e-55
-6.196389038238795224e-55
-5.312808246028781422e-55
-4.555222611892956832e-55
-3.905665720085313624e-55
-3.348733095331712714e-55
-2.871216880159707685e-55
-2.461792605808532624e-55
-2.110750628380447074e-55
-1.809765861143747784e-55
-1.551700342107432095e-55
-1.330433954685500962e-55
-1.140719286931466018e-55
-9.780571872769505148e-56
-8.385900655342895677e-56
-7.190104087581166023e-56
-6.164823423863559734e-56
-5.285743764552747211e-56
-4.532017419405360293e-56
-3.885769497101575236e-56
-3.331673995768965531e-56
-2.856590341337260440e-56
-2.449251754098413588e-56
-2.099998052974581632e-56
-1.800546560849690142e-56
-1.543795677903368345e-56
-1.323656464617289451e-56
-1.134908240384942797e-56
-9.730747731935238086e-57
-8.343181241722793763e-57
-7.153476294918952957e-57
-6.133418610884957198e-57
-5.258817154824317683e-57
-4.508930438694501067e-57
-3.865974629358447365e-57
-3.314701798586840260e-57
-2.842038312956501544e-57
-2.436774787933017269e-57
-2.089300253285108282e-57
-1.791374225469542889e-57
-1.535931281600619712e-57
-1.316913500405481992e-57
-1.129126796442948186e-57
-9.681177404992513102e-58
-8.300679449128271405e-58
-7.117035091377066358e-58
-6.102173780149046082e-58
-5.232027714497842987e-58
-4.485961067566595256e-58
-3.846280600532730491e-58
-3.297816061087517055e-58
-2.827560415446667676e-58
-2.424361381866882660e-58
-2.078656950273933912e-58
-1.782248615754949607e-58
-1.528106948066555075e-58
-1.310204886168556698e-58
-1.123374804304104921e-58
-9.631859598964270938e-59
-8.258394168955027913e-59
-7.080779526433729114e-59
-6.071088116675425414e-59
-5.205374744805858516e-59
-4.463108706895295408e-59
-3.826686896931090832e-59
-3.281016342828603550e-59
-2.813156271170763873e-59
-2.412011212112570217e-59
-2.068067866324230358e-59
-1.773169493676155167e-59
-1.520322473213703852e-59
-1.303530446921116210e-59
-1.117652113935119278e-59
-9.582793027459170075e-60
-8.216324298247023708e-60
-7.044708654410112458e-60
-6.040160809634670646e-60
-5.178857550540036750e-60
-4.440372760606641151e-60
-3.807193007477485549e-60
-3.264302205611401828e-60
-2.798825504415270128e-60
-2.399723956531835682e-60
-2.057532725233641701e-60
-1.764136622416175880e-60
-1.512577653994083083e-60
-1.296890008569023997e-60
-1.111958576067123871e-60
-9.533976410640093651e-61
-8.174468739665959901e-61
-7.008821534444060501e-61
-6.009391052328396102e-61
-5.152475440034167201e-61
-4.417752635663186215e-61
-3.787798423698960030e-61
-3.247673213469208151e-61
-2.784567741380944407e-61
-2.387499294627744308e-61
-2.047051252206603726e-61
-1.755149766364219364e-61
-1.504872288394247503e-61
-1.290283397905161146e-61
-1.106294042191529051e-61
-9.485408475188573104e-62
-8.132826401464295029e-62
-6.973117230467146582e-62
-5.978778042167694563e-62
-5.126227725144937487e-62
-4.395247742048154325e-62
-3.768502639713249677e-62
-3.231128932656587833e-62
-2.770382610172434052e-62
-2.375336907535762070e-62
-2.036623173847649790e-62
-1.746208691109940136e-62
-1.497206175429677253e-62
-1.283710442604612192e-62
-1.100658364556371761e-62
-9.437087954273756049e-63
-8.091396197456057544e-63
-6.937594811178670151e-63
-5.948320980651693923e-63
-5.100113721235153124e-63
-4.372857492750933716e-63
-3.749305152214727107e-63
-3.214668931637320768e-63
-2.756269740789207664e-63
-2.363236478015984571e-63
-2.026248218153810043e-63
-1.737313163436925944e-63
-1.489579115139835096e-63
-1.277170971220464707e-63
-1.095051396162366283e-63
-9.389013587517197670e-64
-8.050177046987827236e-64
-6.902253350022941454e-64
-5.918019073347915858e-64
-5.074132747154713432e-64
-4.350581303750759181e-64
-3.730205460462124361e-64
-3.198292781073882995e-64
-2.742228765115276390e-64
-2.351197690444319897e-64
-2.015926114507924791e-64
-1.728462951317013036e-64
-1.481990908582820184e-64
-1.270664813179044939e-64
-1.089472990758976081e-64
-9.341184120962135474e-65
-8.009167874912163836e-65
-6.867091925163547972e-65
-5.887871529870207299e-65
-5.048284125224009495e-65
-4.328418594002477335e-65
-3.711203066264626211e-65
-3.182000053815516482e-65
-2.728259316910140715e-65
-2.339220230804794741e-65
-2.005656593671409895e-65
-1.719657823903835918e-65
-1.474441357830055412e-65
-1.264191798775759731e-65
-1.083923002840817127e-65
-9.293598307038647334e-66
-7.968367611557725800e-66
-6.832109619460868317e-66
-5.857877563859461220e-66
-5.022567181215087682e-66
-4.306368785420397184e-66
-3.692297473969613767e-66
-3.165790324887814027e-66
-2.714361031799000468e-66
-2.327303786680827011e-66
-1.995439387777063469e-66
-1.710897551527203135e-66
-1.466930265961417368e-66
-1.257751759170379542e-66
-1.078401287643615896e-66
-9.246254904533228317e-67
-7.927775192703188512e-67
-6.797305520446592038e-67
-5.828036392961772777e-67
-4.996981244335072735e-67
-4.284431302864204006e-67
-3.673488190449419583e-67
-3.149663171480909274e-67
-2.700533547263018917e-67
-2.315448047247611799e-67
-1.985274230322480200e-67
-1.702181905686711773e-67
-1.459457437059765812e-67
-1.251344526382923458e-67
-1.072907701140677936e-67
-9.199152678554305801e-68
-7.887389559547680492e-68
-6.762678720301283959e-68
-5.798347238809364980e-68
-4.971525647208240639e-68
-4.262605574122966707e-68
-3.654774725088150275e-68
-3.133618172939173250e-68
-2.686776502630411007e-68
-2.303652703263483058e-68
-1.975160856162642447e-68
-1.693510659046179143e-68
-1.452022676206166517e-68
-1.244969933288991428e-68
-1.067442100038887371e-68
-9.152290400501878213e-69
-7.847209658684966812e-69
-6.728228315830114849e-69
-5.768809326998957283e-69
-4.946199725858181360e-69
-4.240891029901197701e-69
-3.636156589769623876e-69
-3.117654910749519869e-69
-2.673089539066416462e-69
-2.291917447062372894e-69
-1.965099001503458999e-69
-1.684883585427324480e-69
-1.444625789474474667e-69
-1.238627813615653035e-69
-1.062004341775212688e-69
-9.105666848034661782e-70
-7.807234442074169592e-70
-6.693953408438730802e-70
-5.739421887072887576e-70
-4.921002819691477232e-70
-4.219287103803027023e-70
-3.617633298863798992e-70
-3.101772968531205147e-70
-2.659472299564553980e-70
-2.280241972545264663e-70
-1.955088403894432650e-70
-1.676300459804207144e-70
-1.437266583926608393e-70
-1.232318001937005300e-70
-1.056594284512745703e-70
-9.059280805037445985e-71
-7.767462867014232719e-71
-6.659853104111157113e-71
-5.710184152497699927e-71
-4.895934271479337705e-71
-4.197793232318395851e-71
-3.599204369214945604e-71
-3.085971932024258211e-71
-2.645924428936700462e-71
-2.268625975172664925e-71
-1.945128802222262946e-71
-1.667761058297212552e-71
-1.429944867607185750e-71
-1.226040333669751253e-71
-1.051211787137242772e-71
-9.013131061591176663e-72
-7.727893896114933004e-72
-6.625926513384951358e-72
-5.681095360645460588e-72
-4.870993427341586065e-72
-4.176408854807398722e-72
-3.580869320128211012e-72
-3.070251389079292371e-72
-2.632445573804431526e-72
-2.257069151956461594e-72
-1.935219936703591093e-72
-1.659265158167069188e-72
-1.422660449538845801e-72
-1.219794645069153421e-72
-1.045856709253204798e-72
-8.967216413939341598e-73
-7.688526497271597005e-73
-6.592172751329523469e-73
-5.652154752772565975e-73
-4.846179636728480764e-73
-4.155133413486496071e-73
-3.562627673357901919e-73
-3.054610929646489751e-73
-2.619035382589201824e-73
-2.245571201451832737e-73
-1.925361548878664159e-73
-1.650812537809373247e-73
-1.415413139716941827e-73
-1.213580773224483040e-73
-1.040528911180453279e-73
-8.921535664458614575e-74
-7.649359643636418344e-74
-6.558590937521537512e-74
-5.623361574001082736e-74
-4.821492252404861566e-74
-4.133966353413604401e-74
-3.544478953094199602e-74
-3.039050145764644468e-74
-2.605693505503773477e-74
-2.234131823749829537e-74
-1.915553381604155452e-74
-1.642402976748428451e-74
-1.408202749104908579e-74
-1.207398556055048280e-74
-1.035228253950249209e-74
-8.876087621625584972e-75
-7.610392313593206593e-75
-6.525180196023456001e-75
-5.594715073298571754e-75
-4.796930630432158576e-75
-4.112907122473272310e-75
-3.526422685951554190e-75
-3.023568631551132390e-75
-2.592419594542496051e-75
-2.222750720469043798e-75
-1.905795179046894520e-75
-1.634036255631871377e-75
-1.401029089629009951e-75
-1.201247832305690370e-75
-1.029954599301876796e-75
-8.830871099987702911e-76
-7.571623490730084578e-76
-6.491939655359192592e-76
-5.566214503458020270e-76
-4.772494130152700414e-76
-4.091955171363099151e-76
-3.508458400955533483e-76
-3.008165983190629758e-76
-2.579213303472824091e-76
-2.211427594748333737e-76
-1.896086686676757119e-76
-1.625712156224576371e-76
-1.393891974173714239e-76
-1.195128441542853200e-76
-1.024707809678946084e-76
-8.785884920130340699e-77
-7.533052163812325320e-77
-6.458868448492872523e-77
-5.537859121079471083e-77
-4.748182114171903540e-77
-4.071109953578473607e-77
-3.490585629531341571e-77
-2.992841798925268756e-77
-2.566074287825693977e-77
-2.200162151238573872e-77
-1.886427651260408651e-77
-1.617430461403335592e-77
-1.386791216576691746e-77
-1.189040224150124096e-77
-1.019487748225719182e-77
-8.741127908648039857e-78
-7.494677326757491457e-78
-6.425965712804731076e-78
-5.509648186549358644e-78
-4.723993948342741640e-78
-4.050370925399246844e-78
-3.472803905490795609e-78
-2.977595679043475335e-78
-2.553002204887054274e-78
-2.188954096095455998e-78
-1.876817820854532875e-78
-1.609190955150824829e-78
-1.379726631623842062e-78
-1.182983021324342524e-78
-1.014294278783744440e-78
-8.696598898111899969e-79
-7.456497978607469737e-79
-6.393230590070091605e-79
-5.481580964022481879e-79
-4.699929001748115496e-79
-4.029737545874627869e-79
-3.455112765020861833e-79
-2.962427225870220481e-79
-2.539996713688703928e-79
-2.177803136971322194e-79
-1.867256944799102310e-79
-1.600993422550337107e-79
-1.372698035044738471e-79
-1.176956675071187823e-79
-1.009127265888071931e-79
-8.652296727041123781e-80
-7.418513123504069803e-80
-6.360662226435514495e-80
-5.453656721401553516e-80
-4.675986646685343365e-80
-4.009209276809990541e-80
-3.437511746671261970e-80
-2.947336043755975195e-80
-2.527057474999185888e-80
-2.166708983008038086e-80
-1.857744773711213892e-80
-1.592837649779811397e-80
-1.365705243507507653e-80
-1.170961028201327534e-80
-1.003986574763951711e-80
-8.608220239870738349e-81
-7.380721770661357458e-81
-6.328259772397798178e-81
-5.425874730319351988e-81
-4.652166258649384165e-81
-3.988785582751923464e-81
-3.420000391342141343e-81
-2.932321739067059153e-81
-2.514184151315440670e-81
-2.155671344828912561e-81
-1.848281059478156822e-81
-1.584723424106618803e-81
-1.358748074614360287e-81
-1.164995924326048406e-81
-9.988720713230882923e-82
-8.564368286923180877e-82
-7.343122934341491241e-82
-6.296022382781272129e-82
-5.398234266118487530e-82
-4.628467216316149889e-82
-3.968465930975171374e-82
-3.402578242272778538e-82
-2.917383920174706484e-82
-2.501376406853429121e-82
-2.144689934531639569e-82
-1.838865555251365990e-82
-1.576650533881651874e-82
-1.351826346896521302e-82
-1.159061207853412151e-82
-9.937836221603720514e-83
-8.520739724377566507e-83
-7.305715633827335445e-83
-6.263949216715223302e-83
-5.370734607833727049e-83
-4.604888901527222756e-83
-3.948249791467833814e-83
-3.385244845028893962e-83
-2.902522197445517594e-83
-2.488633907539946927e-83
-2.133764465680299475e-83
-1.829498015439561669e-83
-1.568618768534119456e-83
-1.344939879809808414e-83
-1.153156723984095266e-83
-9.887210945501719231e-84
-8.477333414239130845e-84
-7.268498893398554291e-84
-6.232039437613210184e-84
-5.343375038171963878e-84
-4.581430699272683442e-84
-3.928136636918446014e-84
-3.367999747491568798e-84
-2.887736183230629089e-84
-2.475956321003339019e-84
-2.122894653298316692e-84
-1.820178195702762638e-84
-1.560627918565919163e-84
-1.338088493729612204e-84
-1.147282318707253638e-84
-9.836843564430991447e-85
-8.434148224311243327e-85
-7.231471742304488498e-85
-6.200292213149812524e-85
-5.316154843494731135e-85
-4.558091997676115348e-85
-3.908125942701319931e-85
-3.350842499844684183e-85
-2.873025491856183873e-85
-2.463343316565400213e-85
-2.112080213860840060e-85
-1.810905852945495355e-85
-1.552677775546039395e-85
-1.331272009946519232e-85
-1.141437838796735894e-85
-9.786732764623389796e-86
-8.391183028163940445e-86
-7.194633214740498996e-86
-6.168706715240347497e-86
-5.289073313798372339e-86
-4.534872187977596882e-86
-3.888217186863651006e-86
-3.333772654563953871e-86
-2.858389739613022683e-86
-2.450794565232182877e-86
-2.101320865287169899e-86
-1.801680745310868276e-86
-1.544768132105433165e-86
-1.324490250661344004e-86
-1.135623131806824184e-86
-9.736877239004466085e-87
-8.348436705106473603e-87
-7.157982349821122875e-87
-6.137282120017855766e-87
-5.262129742696576972e-87
-4.511770664518867829e-87
-3.868409850111560811e-87
-3.316789766404485576e-87
-2.843828544746431784e-87
-2.438309739685978136e-87
-2.090616326933819235e-87
-1.792502632173851302e-87
-1.536898781931256980e-87
-1.317743038980796830e-87
-1.129838046068518034e-87
-9.687275687157162481e-88
-8.305908140156152696e-88
-7.121518191556450623e-88
-6.106017607813012051e-88
-5.235323427401505181e-88
-4.488786824726495352e-88
-3.848703415796224839e-88
-3.299893392389932357e-88
-2.829341527446752976e-88
-2.425888514276219666e-88
-2.079966319586716874e-88
-1.783371274135409245e-88
-1.529069519761839450e-88
-1.311030198912566332e-88
-1.124082430685320021e-88
-9.637926815289821498e-89
-8.263596224011182843e-89
-7.085239788826566495e-89
-6.074912363131355078e-89
-5.208653668705007170e-89
-4.465920069097182239e-89
-3.829097369901167426e-89
-3.283083091800177503e-89
-2.814928309838832178e-89
-2.413530565011544576e-89
-2.069370565454399089e-89
-1.774286433015848300e-89
-1.521280141380978279e-89
-1.304351555360992395e-89
-1.118356135529556729e-89
-9.588829336201611460e-90
-8.221499853019821079e-90
-7.049146195356139411e-90
-6.043965574633399928e-90
-5.182119770961431710e-90
-4.443169801181110440e-90
-3.809591201027978071e-90
-3.266358426160592460e-90
-2.800588515972804324e-90
-2.401235569550790886e-90
-2.058828788160289022e-90
-1.765247871848962233e-90
-1.513530443612961644e-90
-1.297706934122385914e-90
-1.112659011238207140e-90
-9.539981969248139542e-91
-8.179617929153478391e-91
-7.013236469691159751e-91
-6.013176435112097426e-91
-5.155721042068290054e-91
-4.420535427567402327e-91
-3.790184400383843332e-91
-3.249718959229852571e-91
-2.786321771813647767e-91
-2.389003207195070775e-91
-2.048340712735962057e-91
-1.756255354875693802e-91
-1.505820224316921887e-91
-1.291096161880375158e-91
-1.106990909209261377e-91
-9.491383440309946961e-92
-8.137949359976206886e-92
-6.977509675172759020e-92
-5.982544141473151861e-92
-5.129456793449384216e-92
-4.398016357867623286e-92
-3.770876461767405713e-92
-3.233164256989210369e-92
-2.772127705232065096e-92
-2.376833158879197501e-92
-2.037906065613502839e-92
-1.747308647537841283e-92
-1.498149282381907736e-92
-1.284519066201642013e-92
-1.101351681597591009e-92
-9.443032481757106882e-93
-8.096493058618068796e-93
-6.941964879914395740e-93
-5.952067894712705741e-93
-5.103326340035677712e-93
-4.375612004701271386e-93
-3.751666881556427537e-93
-3.216693887630891329e-93
-2.758005945994143936e-93
-2.364725107163164111e-93
-2.027524574618835297e-93
-1.738407516472284683e-93
-1.490517417721296439e-93
-1.277975475531131806e-93
-1.095741181311344886e-93
-9.394927832418327712e-94
-8.055247943744930141e-94
-6.906601156775944092e-94
-5.921746899897692799e-94
-5.077329000248585491e-94
-4.353321783680073893e-94
-3.732555158693793823e-94
-3.200307421546561202e-94
-2.743956125752327566e-94
-2.352678736224330952e-94
-2.017195968964162253e-94
-1.729551729504505383e-94
-1.482924431267914488e-94
-1.271465219187869973e-94
-1.090159262007862187e-94
-9.347068237545892042e-95
-8.014212939531874424e-95
-6.871417583341099604e-95
-5.891580366144588191e-95
-5.051464095981044062e-95
-4.331145113392375063e-95
-3.713540794675297212e-95
-3.184004431316758061e-95
-2.729977878035182659e-95
-2.340693731848655361e-95
-2.006919979241360144e-95
-1.720741055642922534e-95
-1.475370124968506876e-95
-1.264988127360219540e-95
-1.084605778090072561e-95
-9.299452448785083456e-96
-7.973386975634441414e-96
-6.836413241891743650e-96
-5.861567506598280704e-96
-5.025730952580970725e-96
-4.309081415388834196e-96
-3.694623293535783648e-96
-3.167784491699017523e-96
-2.716070838238463378e-96
-2.328769781423028130e-96
-1.996696337414495393e-96
-1.711975265072475759e-96
-1.467854301778866769e-96
-1.258544031101740839e-96
-1.079080584702605683e-96
-9.252079224139487195e-97
-7.932768987160038940e-97
-6.801587219385569599e-97
-5.831707538412717587e-97
-5.000128898832520743e-97
-4.287130114166357016e-97
-3.675802161837064834e-97
-3.151647179617501644e-97
-2.702234643614978942e-97
-2.316906573926586187e-97
-1.986524776813232688e-97
-1.703254129149023810e-97
-1.460376765658568000e-97
-1.252132762326497245e-97
-1.073583537727921103e-97
-9.204947327940710962e-98
-7.892357914641745235e-98
-6.766938607430716140e-98
-5.801999682729156265e-98
-4.974657266939724338e-98
-4.265290637154061309e-98
-3.657076908654203897e-98
-3.135592074151244878e-98
-2.688468933265676392e-98
-2.305103799923132616e-98
-1.976405032125706488e-98
-1.694577420392987414e-98
-1.452937321565728491e-98
-1.245754153804957365e-98
-1.068114493782762529e-98
-9.158055530814052600e-99
-7.852152704008873025e-99
-6.732466502263611540e-99
-5.772443164657170777e-99
-4.949315392507925942e-99
-4.243562414697365651e-99
-3.638447045563443022e-99
-3.119618756523893199e-99
-2.674773348129991181e-99
-2.293361151552534533e-99
-1.966336839391432722e-99
-1.685944912483806610e-99
-1.445535775452213326e-99
-1.239408039159347360e-99
-1.062673310214175102e-99
-9.111402609648530828e-100
-7.812152306561270414e-100
-6.698170004723870918e-100
-5.743037213253121108e-100
-4.924102614527452014e-100
-4.221944880044105724e-100
-3.619912086629151088e-100
-3.103726810092065097e-100
-2.661147530976253761e-100
-2.281678322523221638e-100
-1.956319935994819020e-100
-1.677356380253650214e-100
-1.438171934258241876e-100
-1.233094252859595940e-100
-1.057259845096026794e-100
-9.064987347562883748e-101
-7.772355678940178939e-101
-6.664048220232178543e-101
-5.713781061501358436e-101
-4.899018275355939547e-101
-4.200437469328781021e-101
-3.601471548390838168e-101
-3.087915820335195132e-101
-2.647591126392908005e-101
-2.270055008103671585e-101
-1.946354060657862709e-101
-1.668811599681927425e-101
-1.430845605907680434e-101
-1.226812630218733277e-101
-1.051873957225064397e-101
-9.018808533875666949e-102
-7.732761783102798160e-102
-6.630100258766378863e-102
-5.684673946292910876e-102
-4.874061720700762017e-102
-4.179039621558808672e-102
-3.583124949851267034e-102
-3.072185374844015401e-102
-2.634103780778631164e-102
-2.258490905114983118e-102
-1.936438953433786283e-102
-1.660310347889060636e-102
-1.423556599302707042e-102
-1.220563007388842947e-102
-1.046515506117471476e-102
-8.972864964072870163e-103
-7.693369586293439980e-103
-6.596325234837694959e-103
-5.655715108406881147e-103
-4.849232299602947868e-103
-4.157750778598939256e-103
-3.564871812463083690e-103
-3.056535063310500289e-103
-2.620685142333713171e-103
-2.246985711922450179e-103
-1.926574355699810202e-103
-1.651852403131008283e-103
-1.416304724319150865e-103
-1.214345221356680219e-103
-1.041184352004964555e-103
-8.927155439775750436e-104
-7.654178061018348814e-104
-6.562722267468957264e-104
-5.626903792489344878e-104
-4.824529364419082512e-104
-4.136570385157644802e-104
-3.546711660117157528e-104
-3.040964477516465843e-104
-2.607334861050284230e-104
-2.235539128428143718e-104
-1.916760010150849193e-104
-1.643437544793334660e-104
-1.409089791801208943e-104
-1.208159109939319124e-104
-1.035880355831385230e-104
-8.881678768711363968e-105
-7.615186185017155380e-105
-6.529290480170115656e-105
-5.598239247034938933e-105
-4.799952270805523073e-105
-4.115497888771688378e-105
-3.528644019129344122e-105
-3.025473211323530708e-105
-2.594052588703777856e-105
-2.224150856062893068e-105
-1.906995660792362596e-105
-1.635065553385316399e-105
-1.401911613556836748e-105
-1.202004511780161843e-105
-1.030603379248836860e-105
-8.836433764679414191e-106
-7.576392941237947606e-106
-6.496029000916877681e-106
-5.569720724365979979e-106
-4.775500377700491462e-106
-4.094532739792542042e-106
-3.510668418228941730e-106
-3.010060860662262022e-106
-2.580837978843257403e-106
-2.212820597778306636e-106
-1.897281052934112087e-106
-1.626736210534545584e-106
-1.394770002352514878e-106
-1.195881266344456245e-106
-1.025353284614310907e-106
-8.791419247523358350e-107
-7.537797317809014063e-107
-6.462936962126469026e-107
-5.541347480614073992e-107
-4.751173047308449012e-107
-4.073674391371694143e-107
-3.492784388545592603e-107
-2.994727023521377188e-107
-2.567690686782967872e-107
-2.201548058039467441e-107
-1.887615933183085571e-107
-1.618449298980860436e-107
-1.387664771908689066e-107
-1.189789213915381883e-107
-1.020129934985862420e-107
-8.746634043097589434e-108
-7.499398308013959257e-108
-6.430013500636492007e-108
-5.513118775700240878e-108
-4.726969645082368972e-108
-4.052922299446036967e-108
-3.474991463597855098e-108
-2.979471299937859391e-108
-2.554610369592758876e-108
-2.190332942816720340e-108
-1.878000049437319870e-108
-1.610204602571049731e-108
-1.380595736894589844e-108
-1.183728195589611108e-108
-1.014933194119243191e-108
-8.702076983238830099e-109
-7.461194910264793458e-109
-6.397257757680930043e-109
-5.485033873315129297e-109
-4.702889539708270216e-109
-4.032275922724488457e-109
-3.457289179280238542e-109
-2.964293291985842308e-109
-2.541596686089722992e-109
-2.179174959578503936e-109
-1.868433150878893380e-109
-1.602001906252844862e-109
-1.373562712923677974e-109
-1.177698053273435372e-109
-1.009762926464258965e-109
-8.657746905733664247e-110
-7.423186128075177829e-110
-6.364668878869218611e-110
-5.457092040900924572e-110
-4.678932103087672688e-110
-4.011734722672950349e-110
-3.439677073851888422e-110
-2.949192603766908596e-110
-2.528649296828717395e-110
-2.168073817283221805e-110
-1.858914987967760759e-110
-1.593840996069677499e-110
-1.366565516548714005e-110
-1.171698629678372647e-110
-1.004618997161148569e-110
-8.613642654290198300e-111
-7.385370970035913341e-111
-6.332246014162501702e-111
-5.429292549630975524e-111
-4.655096710322285159e-111
-3.991298163501178673e-111
-3.422154687923759567e-111
-2.934168841399089022e-111
-2.515767864094013738e-111
-2.157029226372146971e-111
-1.849445312435081325e-111
-1.585721659154735028e-111
-1.359603965256858412e-111
-1.165729768317332250e-111
-9.995012720372674417e-112
-8.569763078505937836e-112
-7.347748449787391229e-112
-6.299988317852903699e-112
-5.401634674392040304e-112
-4.631382739696638955e-112
-3.970965712148007665e-112
-3.404721564447315434e-112
-2.919221613007261157e-112
-2.502952051890202815e-112
-2.146040898761374859e-112
-1.840023877276638872e-112
-1.577643683725725838e-112
-1.352677877465182671e-112
-1.159791313500300052e-112
-9.944096176033584986e-113
-8.526107033839740009e-113
-7.310317585995341935e-113
-6.267894948540040108e-113
-5.374117693764280141e-113
-4.607789572662804800e-113
-3.950736838267789529e-113
-3.387377248702214903e-113
-2.904350528712255654e-113
-2.490201525933642009e-113
-2.135108547834741097e-113
-1.830650436746505523e-113
-1.569606859079261739e-113
-1.345787072515622383e-113
-1.153883110330376834e-113
-9.893439010502703448e-114
-8.482673381580001143e-114
-7.273077402324806517e-114
-6.235965069110312408e-114
-5.346740890002910765e-114
-4.584316593823720870e-114
-3.930611014216788919e-114
-3.370121288284745565e-114
-2.889555200621274867e-114
-2.477515953643170688e-114
-2.124231888436219270e-114
-1.821324746350735677e-114
-1.561610975585051672e-114
-1.338931370670536566e-114
-1.148005004699804656e-114
-9.843039902454348937e-115
-8.439460988816671397e-115
-7.236026927413225415e-115
-6.204197846714368029e-115
-5.319503549019786316e-115
-4.560963190917541321e-115
-3.910587715039075132e-115
-3.352953233095251239e-115
-2.874835242817603695e-115
-2.464895004132285963e-115
-2.113410636862060206e-115
-1.812046562840831384e-115
-1.553655824680969568e-115
-1.332110593107940040e-115
-1.142156843285847721e-115
-9.792897537292251285e-116
-8.396468728410716323e-116
-7.199165194847592435e-116
-6.172592452745902289e-116
-5.292404960364311912e-116
-4.537728754800620487e-116
-3.890666418453166413e-116
-3.335872635327545399e-116
-2.860190271349969924e-116
-2.452338348199944180e-116
-2.102644510854120789e-116
-1.802815644207551596e-116
-1.545741198867256585e-116
-1.325324561916573820e-116
-1.136338473546825467e-116
-9.743010607118629395e-117
-8.353695478965445114e-117
-7.162491243137581463e-117
-6.141148062818638195e-117
-5.265444417205366945e-117
-4.514612679433189044e-117
-3.870846604837522156e-117
-3.318879049456463561e-117
-2.845619904223513876e-117
-2.439845658322254051e-117
-2.091933229592014278e-117
-1.793631749674191481e-117
-1.537866891701197470e-117
-1.318573100091721500e-117
-1.130549743718199331e-117
-9.693377810697827386e-118
-8.311140124795358304e-118
-7.126004115691293412e-118
-6.109863856746937198e-118
-5.238621216311667114e-118
-4.491614361862503744e-118
-3.851127757218319615e-118
-3.301972032226619883e-118
-2.831123761389171318e-118
-2.427416608643378836e-118
-2.081276513685907579e-118
-1.784494639690915819e-118
-1.530032697791824245e-118
-1.311856031530287148e-118
-1.124790502808356172e-118
-9.643997853423491209e-119
-8.268801555899894628e-119
-7.089702860788678318e-119
-6.078739018522993913e-119
-5.211934658035222958e-119
-4.468733202207632065e-119
-3.831509361255078412e-119
-3.285151142640095062e-119
-2.816701464733920861e-119
-2.415050874967871855e-119
-2.070674085169351643e-119
-1.775404075928101103e-119
-1.522238412794208851e-119
-1.305173181026352985e-119
-1.119060600595055906e-119
-9.594869447282592056e-120
-8.226678667932582661e-120
-7.053586531559149865e-120
-6.047772736296250510e-120
-5.185384046291889982e-120
-4.445968603642790427e-120
-3.811990905227469996e-120
-3.268415941946062613e-120
-2.802352638071080539e-120
-2.402748134751662041e-120
-2.060125667491560215e-120
-1.766359821270322295e-120
-1.514483833404658099e-120
-1.298524374266311102e-120
-1.113359887621255882e-120
-9.545991310825141096e-121
-8.184770362173172729e-121
-7.017654185955257479e-121
-6.016964202350845607e-121
-5.158968688543512691e-121
-4.423319972383306021e-121
-3.792571880022184339e-121
-3.251765993628590454e-121
-2.788076907129860513e-121
-2.390508067093916585e-121
-2.049630985510903750e-121
-1.757361639809764442e-121
-1.506768757355059489e-121
-1.291909437824764161e-121
-1.107688215191339354e-121
-9.497362169128553158e-122
-8.143075545497110050e-122
-6.981904886728525221e-122
-5.986312613086605817e-122
-5.132687895780150738e-122
-4.400786717669105898e-122
-3.773251779118787954e-122
-3.235200863395627447e-122
-2.773873899546557128e-122
-2.378330352728126503e-122
-2.039189765487259099e-122
-1.748409296840675254e-122
-1.499092983407778991e-122
-1.285328199159703173e-122
-1.102045435366985753e-122
-9.448980753764953397e-123
-8.101593130349828101e-123
-6.946337701405403046e-123
-5.955817168996715038e-123
-5.106540982500939331e-123
-4.378368251749811698e-123
-3.754030098577806825e-123
-3.218720119166939842e-123
-2.759743244854199928e-123
-2.366214674014596243e-123
-2.028801735075104986e-123
-1.739502558852837539e-123
-1.491456311350071577e-123
-1.278780486608082011e-123
-1.096431400963689690e-123
-9.400845802768612912e-124
-8.060322034716511466e-124
-6.910951702261350522e-124
-5.925477074647535018e-124
-5.080527266697965628e-124
-4.356063989868415527e-124
-3.734906337026717138e-124
-3.202323331063945565e-124
-2.745684574473206283e-124
-2.354160714931612845e-124
-2.018466623315955445e-124
-1.730641193525581878e-124
-1.483858541989370098e-124
-1.272266129381411944e-124
-1.090845965546669458e-124
-9.352956060600906443e-125
-8.019261182094792904e-125
-6.875745966299028685e-125
-5.895291538656511469e-125
-5.054646069837303856e-125
-4.333873350247521364e-125
-3.715879995647297710e-125
-3.186010071397764748e-125
-2.731697521701140471e-125
-2.342168161067340535e-125
-2.008184160631985537e-125
-1.721824969721822994e-125
-1.476299477147747728e-125
-1.265784957561016929e-125
-1.085288983427172410e-125
-9.305310278120761767e-126
-7.978409501464851355e-126
-6.840719575222626870e-126
-5.865259773673558005e-126
-5.028896716841901294e-126
-4.311795754073170929e-126
-3.696950578161768388e-126
-3.169779914658248522e-126
-2.717781721704090765e-126
-2.330236699611749989e-126
-1.997954078818536454e-126
-1.713053657481639738e-126
-1.468778919656918318e-126
-1.259336802094036616e-126
-1.079760309658427643e-126
-9.257907212549951354e-127
-7.937765927264217905e-127
-6.805871615414704122e-127
-5.835380996359166717e-127
-5.003278536072819514e-127
-4.289830625480000037e-127
-3.678117590821119855e-127
-3.153632437503057653e-127
-2.703936811506522552e-127
-2.318366019347930463e-127
-1.987776111037350459e-127
-1.704327028016864914e-127
-1.461296673352759204e-127
-1.252921494788727164e-127
-1.074259800032236629e-127
-9.210745627441716386e-128
-7.897329399358150759e-128
-6.771201177910800097e-128
-5.805654427364312063e-128
-4.977790859313438284e-128
-4.267977391536455523e-128
-3.659380542391386704e-128
-3.137567218745904289e-128
-2.690162429982122670e-128
-2.306555810644767748e-128
-1.977649991809155919e-128
-1.695644853704725385e-128
-1.453852543070696546e-128
-1.246538868310216530e-128
-1.068787311074963521e-128
-9.163824292646435830e-129
-7.857098863012437628e-129
-6.736707358378057967e-129
-5.776079291310456064e-129
-4.952433021750876008e-129
-4.246235482228881175e-129
-3.640738944141248909e-129
-3.121583839346644289e-129
-2.676458217843768678e-129
-2.294805765448337024e-129
-1.967575457007423753e-129
-1.687006908082098067e-129
-1.446446334640278826e-129
-1.240188756175857273e-129
-1.063342700043855540e-129
-9.117141984282673555e-130
-7.817073268866337929e-130
-6.702389257090085639e-130
-5.746654816768003054e-130
-4.927204361959221283e-130
-4.224604330448109874e-130
-3.622192309828460678e-130
-3.105681882399625012e-130
-2.662823817635073334e-130
-2.283115577274129979e-130
-1.957552243851023795e-130
-1.678412965839220392e-130
-1.439077854880197094e-130
-1.233870992751308630e-130
-1.057925824923379650e-130
-9.070697484703167817e-131
-7.777251572903423042e-131
-6.668245978904246171e-131
-5.717380236238155019e-131
-4.902104221881150757e-131
-4.203083371973697399e-131
-3.603740155688409439e-131
-3.089860933123168508e-131
-2.649258873720450203e-131
-2.271484941198540288e-131
-1.947580090897484853e-131
-1.669862802814388595e-131
-1.431746911593327101e-131
-1.227585413245933632e-131
-1.052536544421276360e-131
-9.024489582464099975e-132
-7.737632736427022369e-132
-6.634276633236803787e-132
-5.688254786131574169e-132
-4.877131946812456067e-132
-4.181672045459684383e-132
-3.585382000420667024e-132
-3.074120578848050002e-132
-2.635763032275990013e-132
-2.259913553851691656e-132
-1.937658738036284075e-132
-1.661356195987726528e-132
-1.424453313561390098e-132
-1.221331853708639534e-132
-1.047174717965237622e-132
-8.978517072291441191e-133
-7.698215726031343476e-133
-6.600480334041960722e-133
-5.659277706749119016e-133
-4.852286885383839386e-133
-4.160369792419006167e-133
-3.567117365176642328e-133
-3.058460409007786699e-133
-2.622335941280380196e-133
-2.248401113409004177e-133
-1.927787926481621667e-133
-1.652892923475559495e-133
-1.417196870540454430e-133
-1.215110151023324751e-133
-1.041840205698997782e-133
-8.932778755052606205e-134
-7.658999513575399544e-134
-6.566856199787230466e-134
-5.630448242260736341e-134
-4.827568389544205054e-134
-4.139176057210351685e-134
-3.548945773547296153e-134
-3.042880015127229273e-134
-2.608977250505125998e-134
-2.236947319583576310e-134
-1.917967398766335224e-134
-1.644472764524248878e-134
-1.409977393255647056e-134
-1.208920142905041104e-134
-1.036532868478805621e-134
-8.887273437723109518e-135
-7.619983076154448719e-135
-6.533403353430831086e-135
-5.601765640687686883e-135
-4.802975814544027703e-135
-4.118090287022718541e-135
-3.530866751549902173e-135
-3.027378990812248924e-135
-2.595686611506312832e-135
-2.225551873617847093e-135
-1.908196898734738400e-135
-1.636095499505000052e-135
-1.402794693396377471e-135
-1.202761667895481595e-135
-1.031252567869557614e-135
-8.841999933355967085e-136
-7.581165396075933466e-136
-6.500120922399165570e-136
-5.573229153881631763e-136
-4.778508518917446426e-136
-4.097111931861463593e-136
-3.512879827616902795e-136
-3.011956931738454009e-136
-2.582463677614917596e-136
-2.214214478276565008e-136
-1.898476171536160110e-136
-1.627760909907757090e-136
-1.395648583611107290e-136
-1.196634565358840373e-136
-1.025999166141543351e-136
-8.796957061051232023e-137
-7.542545460831179253e-137
-6.467008038562591508e-137
-5.544838037505766104e-137
-4.754165864467166700e-137
-4.076240444533025528e-137
-3.494984532582792857e-137
-2.996613435641675388e-137
-2.569308103928063425e-137
-2.202934837838527215e-137
-1.888804963617865585e-137
-1.619468778335595788e-137
-1.388538877502942076e-137
-1.190538675477688438e-137
-1.020772526266615165e-137
-8.752143645923195025e-138
-7.504122263069865320e-138
-6.434063838214996709e-138
-5.516591551014131238e-138
-4.729947216246726820e-138
-4.055475280632051540e-138
-3.477180399672287985e-138
-2.981348102306784911e-138
-2.556219547299437367e-138
-2.191712658088989992e-138
-1.879183022719089515e-138
-1.611218888499146977e-138
-1.381465389624450275e-138
-1.184473839248535703e-138
-1.015572511914731225e-138
-8.707558519072739962e-139
-7.465894800572018935e-139
-6.401287462049785827e-139
-5.488488957634201073e-139
-4.705851942544471515e-139
-4.034815898526264922e-139
-3.459466964487352515e-139
-2.966160533557427028e-139
-2.543197666331219731e-139
-2.180547646312123503e-139
-1.869610097864025044e-139
-1.603011025210586193e-139
-1.374427935472983476e-139
-1.178439898478088944e-139
-1.010398987450168137e-139
-8.663200517554853416e-140
-7.427862076224457321e-140
-6.368678055138202453e-140
-5.460529524346399832e-140
-4.681879414866005689e-140
-4.014261759342566728e-140
-3.441843764996279900e-140
-2.951050333245804212e-140
-2.530242121364589703e-140
-2.169439511282875557e-140
-1.860085939355490618e-140
-1.594844974378572922e-140
-1.367426331485551875e-140
-1.172436695778855917e-140
-1.005251817928330949e-140
-8.619068484349280867e-141
-7.390023097993060321e-141
-6.336234766905574633e-141
-5.432712521865294274e-141
-4.658029007919409552e-141
-3.993812326953210928e-141
-3.424310341520845321e-141
-2.936017107241666267e-141
-2.517352574471161223e-141
-2.158387963260124926e-141
-1.850610298767994032e-141
-1.586720523002297621e-141
-1.360460395034504871e-141
-1.166464074565172029e-141
-1.000130869092000767e-141
-8.575161268328383714e-142
-7.352376878897320355e-142
-6.303956751111313455e-142
-5.405037224620880469e-142
-4.634300099597855501e-142
-3.973467067960911553e-142
-3.406866236724707800e-142
-2.921060463423045542e-142
-2.504528689443589037e-142
-2.147392713978621789e-142
-1.841182928941886850e-142
-1.578637459166108672e-142
-1.353529944422455430e-142
-1.160521879048852886e-142
-9.950360073678912163e-143
-8.531477724230063997e-143
-7.314922436985018152e-143
-6.271843165825381931e-143
-5.377502910738429307e-143
-4.610692070963910256e-143
-3.953225451686289902e-143
-3.389510995600705103e-143
-2.906180011665352425e-143
-2.491770131787664006e-143
-2.136453476641719353e-143
-1.831803583976496152e-143
-1.570595572033624717e-143
-1.346634798877617816e-143
-1.154609954235527475e-143
-9.899670998632206350e-144
-8.488016712625916056e-144
-7.277658795304944647e-144
-6.239893173407051978e-144
-5.350108862021502584e-144
-4.587204306232344512e-144
-3.933086950153127516e-144
-3.372244165460152715e-144
-2.891375363831529865e-144
-2.479076568713013365e-144
-2.125569965913403533e-144
-1.822472019223814083e-144
-1.562594651842775309e-144
-1.339774778549170233e-144
-1.148728145920330526e-144
-9.849240143620201223e-145
-8.444777099892493122e-145
-7.240584981883916762e-145
-6.208105940481638335e-145
-5.322854363931987616e-145
-4.563836192755643961e-145
-3.913051038075040926e-145
-3.355065295920256583e-145
-2.876646133761276206e-145
-2.466447669124562947e-145
-2.114741897911582133e-145
-1.813187991282219541e-145
-1.554634489899968990e-145
-1.332949704502255804e-145
-1.142876300684011401e-145
-9.799066193220239927e-146
-8.401757758179803784e-146
-7.203700029699754723e-146
-6.176480637920891458e-146
-5.295738705572070779e-146
-4.540587121006976445e-146
-3.893117192840891946e-146
-3.337973938892559414e-146
-2.861991937261958199e-146
-2.453883103614040393e-146
-2.103968990200191788e-146
-1.803951257989720041e-146
-1.546714878574828072e-146
-1.326159398713777180e-146
-1.137054265888671801e-146
-9.749147838710114915e-147
-8.358957565384781295e-147
-7.167002976656887217e-147
-6.145016440819950349e-147
-5.268761179664485917e-147
-4.517456484564562092e-147
-3.873284894502489695e-147
-3.320969648571443332e-147
-2.847412392097929892e-147
-2.441382544450825019e-147
-2.093250961782073524e-147
-1.794761578418250139e-147
-1.538835611294421218e-147
-1.319403684067443801e-147
-1.131261889674175680e-147
-9.699483778035062189e-148
-8.316375405120094464e-148
-7.130492865559628084e-148
-6.113712528476177103e-148
-5.241921082535879171e-148
-4.494443680096104454e-148
-3.853553625760141340e-148
-3.304051981421746245e-148
-2.832907117980888867e-148
-2.428945665574239163e-148
-2.082587533091165096e-148
-1.785618712866977614e-148
-1.530996482538402579e-148
-1.312682384349305322e-148
-1.125499020953927730e-148
-9.650072715771583538e-149
-8.274010166685508521e-149
-7.094168744089647443e-149
-6.082568084368101354e-149
-5.215217714097246230e-149
-4.471548107342033880e-149
-3.833922871949597063e-149
-3.287220496168324315e-149
-2.818475736559312800e-149
-2.416572142584482142e-149
-2.071978425985924854e-149
-1.776522422856253389e-149
-1.523197287833300997e-149
-1.305995324242855395e-149
-1.119765509410996226e-149
-9.600913363096973041e-150
-8.231860745039377405e-150
-7.058029664779504833e-150
-6.051582296132735910e-150
-5.188650377826263720e-150
-4.448769169101386941e-150
-3.814392121027752614e-150
-3.270474753783788950e-150
-2.804117871409560721e-150
-2.404261652734444260e-150
-2.061423363741600278e-150
-1.767472471120987077e-150
-1.515437823747271008e-150
-1.299342329324908471e-150
-1.114061205494257619e-150
-9.552004437753489640e-151
-8.189926040767947351e-151
-7.022074684988747685e-151
-6.020754355546462888e-151
-5.162218380747947831e-151
-4.426106271215202017e-151
-3.794960863560604651e-151
-3.253814317477426083e-151
-2.789833148025403759e-151
-2.392013874920745084e-151
-2.050922071043128581e-151
-1.758468621605065570e-151
-1.507717887884875424e-151
-1.292723226060749653e-151
-1.108385960414240240e-151
-9.503344664015999692e-152
-8.148204960059500338e-152
-6.986302866877715817e-152
-5.990083458502569854e-152
-5.135921033418347275e-152
-4.403558822551530929e-152
-3.775628592709088240e-152
-3.237238752683064896e-152
-2.775621193808421345e-152
-2.379828489676174816e-152
-2.040474273978070855e-152
-1.749510639454792797e-152
-1.500037278881461737e-152
-1.286137841799757299e-152
-1.102739626139624806e-152
-9.454932772656547718e-153
-8.106696414673939442e-153
-6.950713277385485069e-153
-5.959568804990960288e-153
-5.109757649905378812e-153
-4.381126234989013666e-153
-3.756394804216077254e-153
-3.220747627048853372e-153
-2.761481638058438348e-153
-2.367705179160817285e-153
-2.030079700029004205e-153
-1.740598291012959361e-153
-1.492395796398425174e-153
-1.279586004770605841e-153
-1.097122055393130052e-153
-9.406767500914491486e-154
-8.065399321915330213e-154
-6.915304988203928919e-154
-5.929209599075926472e-154
-5.083727547771230829e-154
-4.358807923403047519e-154
-3.737258996393439499e-154
-3.204340510425240859e-154
-2.747414111963230147e-154
-2.355643627154028627e-154
-2.019738078067110651e-154
-1.731731343812355904e-154
-1.484793241117639392e-154
-1.273067544077226050e-154
-1.091533101647795393e-154
-9.358847592461393157e-155
-8.024312604601833503e-155
-6.880077075753899895e-155
-5.899005048877430951e-155
-5.057830048054849906e-155
-4.336603305649520176e-155
-3.718220670108104748e-155
-3.188016974854121116e-155
-2.733418248589841451e-155
-2.343643519045650677e-155
-2.009449138344638977e-155
-1.722909566570302760e-155
-1.477229414736427147e-155
-1.266582289694053227e-155
-1.085972619122910431e-155
-9.311171797368800082e-156
-7.983435191040353401e-156
-6.845028621161535591e-156
-5.868954366549087215e-156
-5.032064475253081634e-156
-4.314511802550116077e-156
-3.699279328770320381e-156
-3.171776594556948331e-156
-2.719493682874390360e-156
-2.331704541828615242e-156
-1.999212612488099498e-156
-1.714132729182221452e-156
-1.469704119962052013e-156
-1.260130072461666519e-156
-1.080440462780587520e-156
-9.263738872076169307e-157
-7.942766014996753858e-157
-6.810158710232725804e-157
-5.839056768258283656e-157
-5.006430157304778045e-157
-4.292532837876234923e-157
-3.680434478319845853e-157
-3.155618945924718931e-157
-2.705640051612854111e-157
-2.319826384090238302e-157
-1.989028233490809261e-157
-1.705400602715729242e-157
-1.462217160507076813e-157
-1.253710724082447317e-157
-1.074936488321727314e-157
-9.216547579356310314e-158
-7.902304015668951835e-158
-6.775466433431614862e-158
-5.809311474164411361e-158
-4.980926425572112036e-158
-4.270665838335430623e-158
-3.661685627213489730e-158
-3.139543607506194859e-158
-2.691856993450980381e-158
-2.308008736004232259e-158
-1.978895735706608324e-158
-1.696712959404767859e-158
-1.454768341083907844e-158
-1.247324077115903247e-158
-1.069460552182379366e-158
-9.169596688286296561e-159
-7.862048137657446240e-159
-6.740950885855307056e-159
-5.779717708400514608e-159
-4.955552614823714450e-159
-4.248910233555476582e-159
-3.643032286411451023e-159
-3.123550159997092339e-159
-2.678144148875789072e-159
-2.296251289322755874e-159
-1.968814854842478313e-159
-1.688069572643273163e-159
-1.447357467399865331e-159
-1.240969964974731747e-159
-1.064012511529753702e-159
-9.122884974213231949e-160
-7.821997330940497322e-160
-6.706611167211040349e-160
-5.750274699051726026e-160
-4.930308063216184809e-160
-4.227265456069733780e-160
-3.624473969365819187e-160
-3.107638186229321957e-160
-2.664501160205572980e-160
-2.284553737367851427e-160
-1.958785327951871890e-160
-1.679470216979846515e-160
-1.439984346151788633e-160
-1.234648221920185655e-160
-1.058592224258860766e-160
-9.076411218723356980e-161
-7.782150550844932482e-161
-6.672446381791177967e-161
-5.720981678135461294e-161
-4.905192112278530060e-161
-4.205730941302586515e-161
-3.606010192007043313e-161
-3.091807271159401929e-161
-2.650927671580878321e-161
-2.272915775024229061e-161
-1.948806893427408121e-161
-1.670914668111485748e-161
-1.432648785021487258e-161
-1.228358683057894470e-161
-1.053199548988560327e-161
-9.030174209608204686e-162
-7.742506758019345167e-162
-6.638455638452133834e-162
-5.691837881581713130e-162
-4.880204106893854097e-162
-4.184306127553762909e-162
-3.587640472731724151e-162
-3.076057001858690809e-162
-2.637423328954615725e-162
-2.261337098730786457e-162
-1.938879290994720476e-162
-1.662402702877927224e-162
-1.425350592670395365e-162
-1.222101184333281504e-162
-1.047834345057935829e-162
-8.984172740836080718e-163
-7.703064918407426466e-163
-6.604638050589601331e-163
-5.662842549211825622e-163
-4.855343395282829299e-163
-4.162990455985115880e-163
-3.569364332389228553e-163
-3.060386967501909146e-163
-2.623987780083732599e-163
-2.249817406472947819e-163
-1.929002261705217584e-163
-1.653934099255444583e-163
-1.418089578734663002e-163
-1.215875562527705748e-163
-1.042496472522683860e-163
-8.938405612518532620e-164
-7.663824003219241379e-164
-6.570992736116183881e-164
-5.633994924720610698e-164
-4.830609328985592276e-164
-4.141783370605091803e-164
-3.551181294270424939e-164
-3.044796759356777498e-164
-2.610620674519420810e-164
-2.238356397774275075e-164
-1.919175547929443858e-164
-1.645508636351628619e-164
-1.410865553820270661e-164
-1.209681655253924084e-164
-1.037185792151227090e-164
-8.892871630880084148e-165
-7.624782988907021225e-165
-6.537518817436887841e-165
-5.605294255655324060e-165
-4.806001262846488188e-165
-4.120684318254699974e-165
-3.533090884094426853e-165
-3.029285970772656320e-165
-2.597321663598126764e-165
-2.226953773689399352e-165
-1.909398893350467367e-165
-1.637126094399243001e-165
-1.403678329497768082e-165
-1.203519300951993915e-165
-1.031902165421438168e-165
-8.847569608225063894e-166
-7.585940857136714211e-166
-6.504215421428478423e-166
-5.576739793396679820e-166
-4.781518554996136075e-166
-4.099692748592146517e-166
-3.515092629996425319e-166
-3.013854197170983641e-166
-2.584090400432603173e-166
-2.215609236795711032e-166
-1.899672042956758057e-166
-1.628786254750682147e-166
-1.396527718297842922e-166
-1.197388338884785407e-166
-1.026645454516789774e-166
-8.802498362909672165e-167
-7.547296594762287043e-167
-6.471081679415211163e-167
-5.548330793138054330e-167
-4.757160566834960972e-167
-4.078808114079890807e-167
-3.497186062515582742e-167
-2.998501036034027497e-167
-2.570926539902275319e-167
-2.204322491185851594e-167
-1.889994743036190258e-167
-1.620488899871896158e-167
-1.389413533706107092e-167
-1.191288609134200212e-167
-1.021415522322876702e-167
-8.757656719309128484e-168
-7.508849193797584771e-168
