-2.000000000000000111e-01
-1.998334027584916794e-01
-1.996669442901877478e-01
-1.995006244794920169e-01
-1.993344432109046549e-01
-1.991684003690220028e-01
-1.990024958385364640e-01
-1.988367295042366145e-01
-1.986711012510068985e-01
-1.985056109638276833e-01
-1.983402585277752039e-01
-1.981750438280213134e-01
-1.980099667498336213e-01
-1.978450271785752168e-01
-1.976802249997047789e-01
-1.975155600987762994e-01
-1.973510323614391382e-01
-1.971866416734379679e-01
-1.970223879206125517e-01
-1.968582709888977433e-01
-1.966942907643235150e-01
-1.965304471330146519e-01
-1.963667399811908354e-01
-1.962031691951665879e-01
-1.960397346613510505e-01
-1.958764362662480385e-01
-1.957132738964558472e-01
-1.955502474386672795e-01
-1.953873567796695354e-01
-1.952246018063440447e-01
-1.950619824056665230e-01
-1.948994984647068884e-01
-1.947371498706290116e-01
-1.945749365106907991e-01
-1.944128582722441101e-01
-1.942509150427345899e-01
-1.940891067097016420e-01
-1.939274331607784008e-01
-1.937658942836915088e-01
-1.936044899662612284e-01
-1.934432200964011916e-01
-1.932820845621184558e-01
-1.931210832515133091e-01
-1.929602160527792987e-01
-1.927994828542030914e-01
-1.926388835441643632e-01
-1.924784180111358545e-01
-1.923180861436831479e-01
-1.921578878304646409e-01
-1.919978229602315456e-01
-1.918378914218276388e-01
-1.916780931041894009e-01
-1.915184278963457387e-01
-1.913588956874180125e-01
-1.911994963666200087e-01
-1.910402298232576901e-01
-1.908810959467293344e-01
-1.907220946265252848e-01
-1.905632257522279494e-01
-1.904044892135116906e-01
-1.902458849001428254e-01
-1.900874127019794302e-01
-1.899290725089713971e-01
-1.897708642111602673e-01
-1.896127876986791194e-01
-1.894548428617525981e-01
-1.892970295906967748e-01
-1.891393477759191200e-01
-1.889817973079183644e-01
-1.888243780772844438e-01
-1.886670899746984431e-01
-1.885099328909325134e-01
-1.883529067168497606e-01
-1.881960113434042459e-01
-1.880392466616408464e-01
-1.878826125626951726e-01
-1.877261089377935399e-01
-1.875697356782529135e-01
-1.874134926754806862e-01
-1.872573798209748175e-01
-1.871013970063235554e-01
-1.869455441232055204e-01
-1.867898210633895106e-01
-1.866342277187345577e-01
-1.864787639811896769e-01
-1.863234297427939223e-01
-1.861682248956763042e-01
-1.860131493320557050e-01
-1.858582029442407135e-01
-1.857033856246297077e-01
-1.855486972657105771e-01
-1.853941377600609453e-01
-1.852397070003477253e-01
-1.850854048793273698e-01
-1.849312312898456490e-01
-1.847771861248375114e-01
-1.846232692773271677e-01
-1.844694806404278964e-01
-1.843158201073420432e-01
-1.841622875713609109e-01
-1.840088829258646752e-01
-1.838556060643222745e-01
-1.837024568802914926e-01
-1.835494352674186813e-01
-1.833965411194388717e-01
-1.832437743301755517e-01
-1.830911347935406386e-01
-1.829386224035344510e-01
-1.827862370542456538e-01
-1.826339786398510356e-01
-1.824818470546155647e-01
-1.823298421928923607e-01
-1.821779639491224456e-01
-1.820262122178347985e-01
-1.818745868936463006e-01
-1.817230878712615683e-01
-1.815717150454729256e-01
-1.814204683111603489e-01
-1.812693475632914109e-01
-1.811183526969211144e-01
-1.809674836071919202e-01
-1.808167401893336079e-01
-1.806661223386632764e-01
-1.805156299505851214e-01
-1.803652629205906022e-01
-1.802150211442581362e-01
-1.800649045172531271e-01
-1.799149129353279641e-01
-1.797650462943217731e-01
-1.796153044901605267e-01
-1.794656874188568230e-01
-1.793161949765099406e-01
-1.791668270593056445e-01
-1.790175835635162693e-01
-1.788684643855004142e-01
-1.787194694217031365e-01
-1.785705985686557029e-01
-1.784218517229755607e-01
-1.782732287813662830e-01
-1.781247296406174851e-01
-1.779763541976047692e-01
-1.778281023492896129e-01
-1.776799739927193700e-01
-1.775319690250270754e-01
-1.773840873434315013e-01
-1.772363288452370733e-01
-1.770886934278336766e-01
-1.769411809886967113e-01
-1.767937914253870091e-01
-1.766465246355506669e-01
-1.764993805169191021e-01
-1.763523589673088587e-01
-1.762054598846216624e-01
-1.760586831668442542e-01
-1.759120287120483073e-01
-1.757654964183905100e-01
-1.756190861841122608e-01
-1.754727979075398347e-01
-1.753266314870841336e-01
-1.751805868212406303e-01
-1.750346638085895079e-01
-1.748888623477952708e-01
-1.747431823376068838e-01
-1.745976236768577161e-01
-1.744521862644653754e-01
-1.743068699994315685e-01
-1.741616747808423238e-01
-1.740166005078674916e-01
-1.738716470797611879e-01
-1.737268143958611843e-01
-1.735821023555892961e-01
-1.734375108584509939e-01
-1.732930398040355424e-01
-1.731486890920158339e-01
-1.730044586221482772e-01
-1.728603482942727976e-01
-1.727163580083128369e-01
-1.725724876642751038e-01
-1.724287371622496012e-01
-1.722851064024096268e-01
-1.721415952850115783e-01
-1.719982037103949535e-01
-1.718549315789822396e-01
-1.717117787912789406e-01
-1.715687452478733555e-01
-1.714258308494366612e-01
-1.712830354967227187e-01
-1.711403590905681005e-01
-1.709978015318919242e-01
-1.708553627216959081e-01
-1.707130425610642321e-01
-1.705708409511633716e-01
-1.704287577932422915e-01
-1.702867929886320575e-01
-1.701449464387460309e-01
-1.700032180450796460e-01
-1.698616077092104104e-01
-1.697201153327977663e-01
-1.695787408175831734e-01
-1.694374840653898318e-01
-1.692963449781228480e-01
-1.691553234577688469e-01
-1.690144194063962768e-01
-1.688736327261550763e-01
-1.687329633192767575e-01
-1.685924110880741567e-01
-1.684519759349416002e-01
-1.683116577623546828e-01
-1.681714564728701566e-01
-1.680313719691260699e-01
-1.678914041538414892e-01
-1.677515529298165275e-01
-1.676118181999323165e-01
-1.674721998671507839e-01
-1.673326978345147931e-01
-1.671933120051478927e-01
-1.670540422822544002e-01
-1.669148885691192075e-01
-1.667758507691078085e-01
-1.666369287856661052e-01
-1.664981225223205463e-01
-1.663594318826778773e-01
-1.662208567704251405e-01
-1.660823970893296198e-01
-1.659440527432387569e-01
-1.658058236360800963e-01
-1.656677096718611464e-01
-1.655297107546694901e-01
-1.653918267886724802e-01
-1.652540576781174053e-01
-1.651164033273312404e-01
-1.649788636407206743e-01
-1.648414385227720824e-01
-1.647041278780512763e-01
-1.645669316112036984e-01
-1.644298496269541165e-01
-1.642928818301067073e-01
-1.641560281255449727e-01
-1.640192884182315458e-01
-1.638826626132083852e-01
-1.637461506155963864e-01
-1.636097523305955481e-01
-1.634734676634848616e-01
-1.633372965196221716e-01
-1.632012388044442042e-01
-1.630652944234664004e-01
-1.629294632822829159e-01
-1.627937452865666212e-01
-1.626581403420688521e-01
-1.625226483546195477e-01
-1.623872692301270015e-01
-1.622520028745779719e-01
-1.621168491940374323e-01
-1.619818080946486827e-01
-1.618468794826332102e-01
-1.617120632642904954e-01
-1.615773593459982616e-01
-1.614427676342120310e-01
-1.613082880354653748e-01
-1.611739204563696903e-01
-1.610396648036141187e-01
-1.609055209839655998e-01
-1.607714889042686224e-01
-1.606375684714454466e-01
-1.605037595924957150e-01
-1.603700621744965638e-01
-1.602364761246026226e-01
-1.601030013500457649e-01
-1.599696377581351636e-01
-1.598363852562572074e-01
-1.597032437518754178e-01
-1.595702131525304490e-01
-1.594372933658398939e-01
-1.593044842994983945e-01
-1.591717858612773651e-01
-1.590391979590251581e-01
-1.589067205006668149e-01
-1.587743533942040930e-01
-1.586420965477153555e-01
-1.585099498693556264e-01
-1.583779132673563406e-01
-1.582459866500254275e-01
-1.581141699257471167e-01
-1.579824630029820764e-01
-1.578508657902671364e-01
-1.577193781962153429e-01
-1.575880001295158483e-01
-1.574567314989339106e-01
-1.573255722133106993e-01
-1.571945221815634064e-01
-1.570635813126850522e-01
-1.569327495157445129e-01
-1.568020266998862988e-01
-1.566714127743307206e-01
-1.565409076483736395e-01
-1.564105112313864954e-01
-1.562802234328162232e-01
-1.561500441621851420e-01
-1.560199733290910384e-01
-1.558900108432068887e-01
-1.557601566142809979e-01
-1.556304105521367775e-01
-1.555007725666728013e-01
-1.553712425678626941e-01
-1.552418204657550482e-01
-1.551125061704734243e-01
-1.549832995922162115e-01
-1.548542006412565730e-01
-1.547252092279425284e-01
-1.545963252626966489e-01
-1.544675486560161959e-01
-1.543388793184730101e-01
-1.542103171607132617e-01
-1.540818620934577554e-01
-1.539535140275015701e-01
-1.538252728737141140e-01
-1.536971385430389858e-01
-1.535691109464940030e-01
-1.534411899951711455e-01
-1.533133756002363901e-01
-1.531856676729297373e-01
-1.530580661245651564e-01
-1.529305708665303909e-01
-1.528031818102870976e-01
-1.526758988673706519e-01
-1.525487219493901203e-01
-1.524216509680281773e-01
-1.522946858350410493e-01
-1.521678264622585985e-01
-1.520410727615839619e-01
-1.519144246449937175e-01
-1.517878820245378013e-01
-1.516614448123393966e-01
-1.515351129205948777e-01
-1.514088862615737829e-01
-1.512827647476186477e-01
-1.511567482911451155e-01
-1.510308368046417438e-01
-1.509050302006700039e-01
-1.507793283918641980e-01
-1.506537312909313753e-01
-1.505282388106513602e-01
-1.504028508638765305e-01
-1.502775673635319831e-01
-1.501523882226152573e-01
-1.500273133541963899e-01
-1.499023426714178042e-01
-1.497774760874943378e-01
-1.496527135157130484e-01
-1.495280548694332967e-01
-1.494035000620865250e-01
-1.492790490071763398e-01
-1.491547016182784569e-01
-1.490304578090404231e-01
-1.489063174931818945e-01
-1.487822805844942475e-01
-1.486583469968407456e-01
-1.485345166441564835e-01
-1.484107894404480266e-01
-1.482871652997937717e-01
-1.481636441363435863e-01
-1.480402258643188917e-01
-1.479169103980125521e-01
-1.477936976517888468e-01
-1.476705875400833312e-01
-1.475475799774028651e-01
-1.474246748783255567e-01
-1.473018721575005963e-01
-1.471791717296483393e-01
-1.470565735095601401e-01
-1.469340774120983517e-01
-1.468116833521962150e-01
-1.466893912448578585e-01
-1.465672010051582153e-01
-1.464451125482429394e-01
-1.463231257893283510e-01
-1.462012406437014633e-01
-1.460794570267197889e-01
-1.459577748538113673e-01
-1.458361940404746537e-01
-1.457147145022786028e-01
-1.455933361548623350e-01
-1.454720589139353593e-01
-1.453508826952773780e-01
-1.452298074147382045e-01
-1.451088329882377903e-01
-1.449879593317661142e-01
-1.448671863613831545e-01
-1.447465139932187783e-01
-1.446259421434726578e-01
-1.445054707284144369e-01
-1.443850996643833706e-01
-1.442648288677884083e-01
-1.441446582551081934e-01
-1.440245877428908694e-01
-1.439046172477541630e-01
-1.437847466863852453e-01
-1.436649759755406208e-01
-1.435453050320461832e-01
-1.434257337727971315e-01
-1.433062621147578597e-01
-1.431868899749619284e-01
-1.430676172705119820e-01
-1.429484439185798317e-01
-1.428293698364060949e-01
-1.427103949413005002e-01
-1.425915191506415824e-01
-1.424727423818766825e-01
-1.423540645525219472e-01
-1.422354855801621909e-01
-1.421170053824509505e-01
-1.419986238771102360e-01
-1.418803409819307249e-01
-1.417621566147714562e-01
-1.416440706935599980e-01
-1.415260831362921967e-01
-1.414081938610322886e-01
-1.412904027859126777e-01
-1.411727098291340188e-01
-1.410551149089650513e-01
-1.409376179437426824e-01
-1.408202188518717646e-01
-1.407029175518251796e-01
-1.405857139621436436e-01
-1.404686080014357630e-01
-1.403515995883780065e-01
-1.402346886417144833e-01
-1.401178750802570538e-01
-1.400011588228851356e-01
-1.398845397885458419e-01
-1.397680178962536768e-01
-1.396515930650906456e-01
-1.395352652142062000e-01
-1.394190342628171264e-01
-1.393029001302074077e-01
-1.391868627357284172e-01
-1.390709219987985301e-01
-1.389550778389034569e-01
-1.388393301755957709e-01
-1.387236789284951866e-01
-1.386081240172883089e-01
-1.384926653617286896e-01
-1.383773028816366879e-01
-1.382620364968994708e-01
-1.381468661274709298e-01
-1.380317916933716527e-01
-1.379168131146888132e-01
-1.378019303115761707e-01
-1.376871432042540144e-01
-1.375724517130090807e-01
-1.374578557581944416e-01
-1.373433552602296159e-01
-1.372289501396003475e-01
-1.371146403168586603e-01
-1.370004257126226921e-01
-1.368863062475767223e-01
-1.367722818424711717e-01
-1.366583524181223808e-01
-1.365445178954127481e-01
-1.364307781952904530e-01
-1.363171332387695667e-01
-1.362035829469300796e-01
-1.360901272409175411e-01
-1.359767660419432811e-01
-1.358634992712842160e-01
-1.357503268502828764e-01
-1.356372487003473237e-01
-1.355242647429510672e-01
-1.354113748996329247e-01
-1.352985790919973008e-01
-1.351858772417136867e-01
-1.350732692705169102e-01
-1.349607551002070249e-01
-1.348483346526491433e-01
-1.347360078497735481e-01
-1.346237746135754421e-01
-1.345116348661151429e-01
-1.343995885295178050e-01
-1.342876355259734200e-01
-1.341757757777369275e-01
-1.340640092071278822e-01
-1.339523357365305922e-01
-1.338407552883940921e-01
-1.337292677852318923e-01
-1.336178731496221461e-01
-1.335065713042074831e-01
-1.333953621716948701e-01
-1.332842456748558335e-01
-1.331732217365260984e-01
-1.330622902796056717e-01
-1.329514512270588700e-01
-1.328407045019140698e-01
-1.327300500272638739e-01
-1.326194877262648619e-01
-1.325090175221376454e-01
-1.323986393381668125e-01
-1.322883530977008448e-01
-1.321781587241520339e-01
-1.320680561409965648e-01
-1.319580452717742935e-01
-1.318481260400887478e-01
-1.317382983696071541e-01
-1.316285621840602438e-01
-1.315189174072423917e-01
-1.314093639630113663e-01
-1.312999017752883579e-01
-1.311905307680579502e-01
-1.310812508653681208e-01
-1.309720619913299355e-01
-1.308629640701178820e-01
-1.307539570259694528e-01
-1.306450407831853400e-01
-1.305362152661292130e-01
-1.304274803992278575e-01
-1.303188361069708978e-01
-1.302102823139109078e-01
-1.301018189446633000e-01
-1.299934459239063256e-01
-1.298851631763809078e-01
-1.297769706268906975e-01
-1.296688682003019621e-01
-1.295608558215435580e-01
-1.294529334156069300e-01
-1.293451009075459179e-01
-1.292373582224768669e-01
-1.291297052855784055e-01
-1.290221420220916126e-01
-1.289146683573197394e-01
-1.288072842166282928e-01
-1.286999895254449244e-01
-1.285927842092594864e-01
-1.284856681936238088e-01
-1.283786414041517276e-01
-1.282717037665191406e-01
-1.281648552064637570e-01
-1.280580956497851808e-01
-1.279514250223448835e-01
-1.278448432500659815e-01
-1.277383502589333475e-01
-1.276319459749935270e-01
-1.275256303243546829e-01
-1.274194032331864290e-01
-1.273132646277199964e-01
-1.272072144342480116e-01
-1.271012525791244963e-01
-1.269953789887648121e-01
-1.268895935896456606e-01
-1.267838963083049164e-01
-1.266782870713417108e-01
-1.265727658054162652e-01
-1.264673324372499463e-01
-1.263619868936251556e-01
-1.262567291013851900e-01
-1.261515589874344367e-01
-1.260464764787380121e-01
-1.259414815023220113e-01
-1.258365739852732312e-01
-1.257317538547391977e-01
-1.256270210379281660e-01
-1.255223754621090371e-01
-1.254178170546112192e-01
-1.253133457428247666e-01
-1.252089614542001017e-01
-1.251046641162481265e-01
-1.250004536565401669e-01
-1.248963300027078199e-01
-1.247922930824429955e-01
-1.246883428234978330e-01
-1.245844791536846324e-01
-1.244807020008758536e-01
-1.243770112930040334e-01
-1.242734069580616885e-01
-1.241698889241014125e-01
-1.240664571192356819e-01
-1.239631114716367999e-01
-1.238598519095369666e-01
-1.237566783612281673e-01
-1.236535907550621038e-01
-1.235505890194501383e-01
-1.234476730828632934e-01
-1.233448428738321695e-01
-1.232420983209468607e-01
-1.231394393528570386e-01
-1.230368658982716745e-01
-1.229343778859592756e-01
-1.228319752447475655e-01
-1.227296579035235952e-01
-1.226274257912336463e-01
-1.225252788368832307e-01
-1.224232169695368966e-01
-1.223212401183184084e-01
-1.222193482124104558e-01
-1.221175411810547784e-01
-1.220158189535520687e-01
-1.219141814592618611e-01
-1.218126286276025594e-01
-1.217111603880513954e-01
-1.216097766701442623e-01
-1.215084774034757981e-01
-1.214072625176993159e-01
-1.213061319425266932e-01
-1.212050856077283439e-01
-1.211041234431332048e-01
-1.210032453786286655e-01
-1.209024513441604720e-01
-1.208017412697328236e-01
-1.207011150854081089e-01
-1.206005727213070727e-01
-1.205001141076085941e-01
-1.203997391745497830e-01
-1.202994478524257727e-01
-1.201992400715898301e-01
-1.200991157624531902e-01
-1.199990748554851105e-01
-1.198991172812127470e-01
-1.197992429702210981e-01
-1.196994518531529633e-01
-1.195997438607089847e-01
-1.195001189236474942e-01
-1.194005769727845001e-01
-1.193011179389936727e-01
-1.192017417532061918e-01
-1.191024483464108441e-01
-1.190032376496538424e-01
-1.189041095940388815e-01
-1.188050641107269989e-01
-1.187061011309367003e-01
-1.186072205859435846e-01
-1.185084224070806491e-01
-1.184097065257380121e-01
-1.183110728733630240e-01
-1.182125213814600589e-01
-1.181140519815905843e-01
-1.180156646053730496e-01
-1.179173591844829283e-01
-1.178191356506525234e-01
-1.177209939356710366e-01
-1.176229339713845273e-01
-1.175249556896957870e-01
-1.174270590225643396e-01
-1.173292439020063721e-01
-1.172315102600946929e-01
-1.171338580289587594e-01
-1.170362871407844979e-01
-1.169387975278143588e-01
-1.168413891223471640e-01
-1.167440618567382460e-01
-1.166468156633991837e-01
-1.165496504747979278e-01
-1.164525662234586340e-01
-1.163555628419616766e-01
-1.162586402629435800e-01
-1.161617984190969760e-01
-1.160650372431706323e-01
-1.159683566679692857e-01
-1.158717566263535864e-01
-1.157752370512402235e-01
-1.156787978756016744e-01
-1.155824390324663026e-01
-1.154861604549182186e-01
-1.153899620760973355e-01
-1.152938438291992163e-01
-1.151978056474750184e-01
-1.151018474642316047e-01
-1.150059692128313493e-01
-1.149101708266920818e-01
-1.148144522392871986e-01
-1.147188133841454544e-01
-1.146232541948508932e-01
-1.145277746050430423e-01
-1.144323745484165933e-01
-1.143370539587215406e-01
-1.142418127697629737e-01
-1.141466509154012154e-01
-1.140515683295516142e-01
-1.139565649461846131e-01
-1.138616406993256114e-01
-1.137667955230550060e-01
-1.136720293515081082e-01
-1.135773421188750326e-01
-1.134827337594007668e-01
-1.133882042073850460e-01
-1.132937533971823951e-01
-1.131993812632019064e-01
-1.131050877399074200e-01
-1.130108727618173020e-01
-1.129167362635044580e-01
-1.128226781795963335e-01
-1.127286984447748303e-01
-1.126347969937762095e-01
-1.125409737613911471e-01
-1.124472286824645950e-01
-1.123535616918958369e-01
-1.122599727246383072e-01
-1.121664617156996613e-01
-1.120730286001417469e-01
-1.119796733130804106e-01
-1.118863957896856082e-01
-1.117931959651812523e-01
-1.117000737748452405e-01
-1.116070291540094267e-01
-1.115140620380594277e-01
-1.114211723624347894e-01
-1.113283600626287645e-01
-1.112356250741883684e-01
-1.111429673327142820e-01
-1.110503867738608791e-01
-1.109578833333361020e-01
-1.108654569469014195e-01
-1.107731075503718410e-01
-1.106808350796158608e-01
-1.105886394705553333e-01
-1.104965206591655841e-01
-1.104044785814751600e-01
-1.103125131735659681e-01
-1.102206243715731226e-01
-1.101288121116849733e-01
-1.100370763301429938e-01
-1.099454169632417683e-01
-1.098538339473290049e-01
-1.097623272188053001e-01
-1.096708967141243607e-01
-1.095795423697927540e-01
-1.094882641223700048e-01
-1.093970619084683876e-01
-1.093059356647530650e-01
-1.092148853279418796e-01
-1.091239108348054654e-01
-1.090330121221670806e-01
-1.089421891269025944e-01
-1.088514417859404865e-01
-1.087607700362617780e-01
-1.086701738148999619e-01
-1.085796530589410031e-01
-1.084892077055232412e-01
-1.083988376918374325e-01
-1.083085429551265827e-01
-1.082183234326860310e-01
-1.081281790618633248e-01
-1.080381097800581919e-01
-1.079481155247225266e-01
-1.078581962333603345e-01
-1.077683518435276211e-01
-1.076785822928324754e-01
-1.075888875189349031e-01
-1.074992674595468822e-01
-1.074097220524322521e-01
-1.073202512354066718e-01
-1.072308549463377170e-01
-1.071415331231445056e-01
-1.070522857037980585e-01
-1.069631126263209664e-01
-1.068740138287875285e-01
-1.067849892493235447e-01
-1.066960388261063708e-01
-1.066071624973649046e-01
-1.065183602013794473e-01
-1.064296318764817451e-01
-1.063409774610548919e-01
-1.062523968935333435e-01
-1.061638901124027923e-01
-1.060754570562001953e-01
-1.059870976635137185e-01
-1.058988118729826261e-01
-1.058105996232973772e-01
-1.057224608531994736e-01
-1.056343955014814040e-01
-1.055464035069866580e-01
-1.054584848086097121e-01
-1.053706393452958912e-01
-1.052828670560414237e-01
-1.051951678798933171e-01
-1.051075417559493297e-01
-1.050199886233580265e-01
-1.049325084213185849e-01
-1.048451010890808777e-01
-1.047577665659453622e-01
-1.046705047912630526e-01
-1.045833157044355199e-01
-1.044961992449147670e-01
-1.044091553522032145e-01
-1.043221839658537570e-01
-1.042352850254695817e-01
-1.041484584707041972e-01
-1.040617042412613769e-01
-1.039750222768951321e-01
-1.038884125174096423e-01
-1.038018749026592275e-01
-1.037154093725483617e-01
-1.036290158670314931e-01
-1.035426943261131411e-01
-1.034564446898477846e-01
-1.033702668983398354e-01
-1.032841608917436371e-01
-1.031981266102633132e-01
-1.031121639941528223e-01
-1.030262729837159164e-01
-1.029404535193060577e-01
-1.028547055413263911e-01
-1.027690289902297160e-01
-1.026834238065184035e-01
-1.025978899307444375e-01
-1.025124273035092487e-01
-1.024270358654638113e-01
-1.023417155573084908e-01
-1.022564663197931129e-01
-1.021712880937167833e-01
-1.020861808199279575e-01
-1.020011444393243566e-01
-1.019161788928529266e-01
-1.018312841215098380e-01
-1.017464600663403607e-01
-1.016617066684389337e-01
-1.015770238689489569e-01
-1.014924116090629991e-01
-1.014078698300225068e-01
-1.013233984731179149e-01
-1.012389974796885639e-01
-1.011546667911226438e-01
-1.010704063488571808e-01
-1.009862160943779535e-01
-1.009020959692195074e-01
-1.008180459149651126e-01
-1.007340658732466532e-01
-1.006501557857446411e-01
-1.005663155941881881e-01
-1.004825452403549646e-01
-1.003988446660710604e-01
-1.003152138132111237e-01
-1.002316526236981115e-01
-1.001481610395034694e-01
-1.000647390026468964e-01
-9.998138645519644152e-02
-9.989810333926837926e-02
-9.981488959702720931e-02
-9.973174517068558731e-02
-9.964867000250433871e-02
-9.956566403479238936e-02
-9.948272720990668228e-02
-9.939985947025220536e-02
-9.931706075828190816e-02
-9.923433101649668797e-02
-9.915167018744532046e-02
-9.906907821372445966e-02
-9.898655503797855471e-02
-9.890410060289986371e-02
-9.882171485122834276e-02
-9.873939772575165974e-02
-9.865714916930513889e-02
-9.857496912477171913e-02
-9.849285753508195407e-02
-9.841081434321385935e-02
-9.832883949219302366e-02
-9.824693292509245612e-02
-9.816509458503258623e-02
-9.808332441518123612e-02
-9.800162235875355121e-02
-9.791998835901201403e-02
-9.783842235926631936e-02
-9.775692430287341583e-02
-9.767549413323742269e-02
-9.759413179380961589e-02
-9.751283722808837262e-02
-9.743161037961912962e-02
-9.735045119199434160e-02
-9.726935960885345345e-02
-9.718833557388285860e-02
-9.710737903081589906e-02
-9.702648992343269885e-02
-9.694566819556031667e-02
-9.686491379107249611e-02
-9.678422665388981827e-02
-9.670360672797954915e-02
-9.662305395735561186e-02
-9.654256828607858665e-02
-9.646214965825564147e-02
-9.638179801804049041e-02
-9.630151330963339362e-02
-9.622129547728108800e-02
-9.614114446527671776e-02
-9.606106021795988992e-02
-9.598104267971649395e-02
-9.590109179497882663e-02
-9.582120750822542554e-02
-9.574138976398108292e-02
-9.566163850681681791e-02
-9.558195368134980718e-02
-9.550233523224335719e-02
-9.542278310420687637e-02
-9.534329724199584744e-02
-9.526387759041171632e-02
-9.518452409430196159e-02
-9.510523669856001117e-02
-9.502601534812511741e-02
-9.494685998798248205e-02
-9.486777056316310353e-02
-9.478874701874377695e-02
-9.470978929984699701e-02
-9.463089735164105509e-02
-9.455207111933985886e-02
-9.447331054820294616e-02
-9.439461558353549886e-02
-9.431598617068820412e-02
-9.423742225505735148e-02
-9.415892378208461089e-02
-9.408049069725715752e-02
-9.400212294610760244e-02
-9.392382047421385383e-02
-9.384558322719921408e-02
-9.376741115073226884e-02
-9.368930419052681757e-02
-9.361126229234194296e-02
-9.353328540198185825e-02
-9.345537346529593503e-02
-9.337752642817870319e-02
-9.329974423656967053e-02
-9.322202683645344767e-02
-9.314437417385960927e-02
-9.306678619486269399e-02
-9.298926284558213518e-02
-9.291180407218230242e-02
-9.283440982087237670e-02
-9.275708003790630873e-02
-9.267981466958290226e-02
-9.260261366224561974e-02
-9.252547696228265173e-02
-9.244840451612687526e-02
-9.237139627025570121e-02
-9.229445217119122691e-02
-9.221757216550001413e-02
-9.214075619979317233e-02
-9.206400422072627543e-02
-9.198731617499937563e-02
-9.191069200935682304e-02
-9.183413167058741833e-02
-9.175763510552426006e-02
-9.168120226104470305e-02
-9.160483308407041392e-02
-9.152852752156724614e-02
-9.145228552054518456e-02
-9.137610702805841478e-02
-9.129999199120519826e-02
-9.122394035712784455e-02
-9.114795207301275293e-02
-9.107202708609028752e-02
-9.099616534363470788e-02
-9.092036679296428003e-02
-9.084463138144110994e-02
-9.076895905647117124e-02
-9.069334976550420813e-02
-9.061780345603380471e-02
-9.054232007559720463e-02
-9.046689957177540820e-02
-9.039154189219306135e-02
-9.031624698451845568e-02
-9.024101479646343127e-02
-9.016584527578341834e-02
-9.009073837027735399e-02
-9.001569402778766826e-02
-8.994071219620022872e-02
-8.986579282344431263e-02
-8.979093585749260698e-02
-8.971614124636105581e-02
-8.964140893810897126e-02
-8.956673888083893642e-02
-8.949213102269670816e-02
-8.941758531187128656e-02
-8.934310169659483158e-02
-8.926868012514257988e-02
-8.919432054583288638e-02
-8.912002290702715490e-02
-8.904578715712979653e-02
-8.897161324458822962e-02
-8.889750111789276876e-02
-8.882345072557663868e-02
-8.874946201621597419e-02
-8.867553493842972312e-02
-8.860166944087964624e-02
-8.852786547227023406e-02
-8.845412298134873452e-02
-8.838044191690506979e-02
-8.830682222777185009e-02
-8.823326386282427658e-02
-8.815976677098016911e-02
-8.808633090119986908e-02
-8.801295620248621165e-02
-8.793964262388458131e-02
-8.786639011448273140e-02
-8.779319862341089520e-02
-8.772006809984161935e-02
-8.764699849298984713e-02
-8.757398975211277969e-02
-8.750104182650986218e-02
-8.742815466552285308e-02
-8.735532821853565777e-02
-8.728256243497434230e-02
-8.720985726430713347e-02
-8.713721265604429389e-02
-8.706462855973817749e-02
-8.699210492498317404e-02
-8.691964170141563972e-02
-8.684723883871392491e-02
-8.677489628659817988e-02
-8.670261399483059073e-02
-8.663039191321508792e-02
-8.655822999159745734e-02
-8.648612817986522927e-02
-8.641408642794773387e-02
-8.634210468581594855e-02
-8.627018290348253959e-02
-8.619832103100184828e-02
-8.612651901846977986e-02
-8.605477681602381745e-02
-8.598309437384299425e-02
-8.591147164214783805e-02
-8.583990857120032958e-02
-8.576840511130387479e-02
-8.569696121280331869e-02
-8.562557682608482046e-02
-8.555425190157589510e-02
-8.548298638974534402e-02
-8.541178024110321343e-02
-8.534063340620079430e-02
-8.526954583563056689e-02
-8.519851748002614522e-02
-8.512754829006229096e-02
-8.505663821645483014e-02
-8.498578720996066704e-02
-8.491499522137768707e-02
-8.484426220154482612e-02
-8.477358810134189016e-02
-8.470297287168965239e-02
-8.463241646354976999e-02
-8.456191882792471470e-02
-8.449147991585780060e-02
-8.442109967843310081e-02
-8.435077806677547529e-02
-8.428051503205044592e-02
-8.421031052546423812e-02
-8.414016449826372535e-02
-8.407007690173638748e-02
-8.400004768721026915e-02
-8.393007680605399368e-02
-8.386016420967663809e-02
-8.379030984952780259e-02
-8.372051367709749947e-02
-8.365077564391618092e-02
-8.358109570155464185e-02
-8.351147380162403377e-02
-8.344190989577580930e-02
-8.337240393570168051e-02
-8.330295587313364669e-02
-8.323356565984388333e-02
-8.316423324764472824e-02
-8.309495858838866766e-02
-8.302574163396829465e-02
-8.295658233631628131e-02
-8.288748064740533716e-02
-8.281843651924816752e-02
-8.274944990389748734e-02
-8.268052075344586860e-02
-8.261164902002589294e-02
-8.254283465580994350e-02
-8.247407761301026041e-02
-8.240537784387889919e-02
-8.233673530070770297e-02
-8.226814993582820534e-02
-8.219962170161168591e-02
-8.213115055046910085e-02
-8.206273643485102742e-02
-8.199437930724767787e-02
-8.192607912018880223e-02
-8.185783582624373000e-02
-8.178964937802124524e-02
-8.172151972816969756e-02
-8.165344682937679399e-02
-8.158543063436968223e-02
-8.151747109591490903e-02
-8.144956816681833689e-02
-8.138172179992515798e-02
-8.131393194811982472e-02
-8.124619856432606368e-02
-8.117852160150679230e-02
-8.111090101266411889e-02
-8.104333675083930100e-02
-8.097582876911268990e-02
-8.090837702060377223e-02
-8.084098145847101735e-02
-8.077364203591198832e-02
-8.070635870616316154e-02
-8.063913142250002386e-02
-8.057196013823694769e-02
-8.050484480672720489e-02
-8.043778538136291123e-02
-8.037078181557505419e-02
-8.030383406283334025e-02
-8.023694207664627820e-02
-8.017010581056110974e-02
-8.010332521816376783e-02
-8.003660025307880732e-02
-7.996993086896947434e-02
-7.990331701953756749e-02
-7.983675865852346565e-02
-7.977025573970608630e-02
-7.970380821690283002e-02
-7.963741604396962215e-02
-7.957107917480073234e-02
-7.950479756332892722e-02
-7.943857116352527614e-02
-7.937239992939924826e-02
-7.930628381499857382e-02
-7.924022277440929962e-02
-7.917421676175569190e-02
-7.910826573120023630e-02
-7.904236963694361018e-02
-7.897652843322462701e-02
-7.891074207432022258e-02
-7.884501051454545495e-02
-7.877933370825335180e-02
-7.871371160983506310e-02
-7.864814417371965294e-02
-7.858263135437421054e-02
-7.851717310630368374e-02
-7.845176938405096223e-02
-7.838642014219682208e-02
-7.832112533535980081e-02
-7.825588491819630843e-02
-7.819069884540047477e-02
-7.812556707170423276e-02
-7.806048955187712413e-02
-7.799546624072646595e-02
-7.793049709309715634e-02
-7.786558206387174386e-02
-7.780072110797033036e-02
-7.773591418035061262e-02
-7.767116123600774358e-02
-7.760646222997440169e-02
-7.754181711732072158e-02
-7.747722585315428012e-02
-7.741268839262001322e-02
-7.734820469090025741e-02
-7.728377470321462495e-02
-7.721939838482008711e-02
-7.715507569101087704e-02
-7.709080657711842033e-02
-7.702659099851141833e-02
-7.696242891059572322e-02
-7.689832026881428251e-02
-7.683426502864725005e-02
-7.677026314561177789e-02
-7.670631457526214114e-02
-7.664241927318959924e-02
-7.657857719502242366e-02
-7.651478829642578694e-02
-7.645105253310190141e-02
-7.638736986078978330e-02
-7.632374023526536377e-02
-7.626016361234140561e-02
-7.619663994786746164e-02
-7.613316919772986080e-02
-7.606975131785170818e-02
-7.600638626419281563e-02
-7.594307399274967396e-02
-7.587981445955539750e-02
-7.581660762067976567e-02
-7.575345343222915362e-02
-7.569035185034644897e-02
-7.562730283121113506e-02
-7.556430633103916605e-02
-7.550136230608295307e-02
-7.543847071263139192e-02
-7.537563150700973824e-02
-7.531284464557964908e-02
-7.525011008473915519e-02
-7.518742778092257772e-02
-7.512479769060054213e-02
-7.506221977027992265e-02
-7.499969397650380065e-02
-7.493722026585153406e-02
-7.487479859493856305e-02
-7.481242892041653492e-02
-7.475011119897313761e-02
-7.468784538733218292e-02
-7.462563144225353717e-02
-7.456346932053305177e-02
-7.450135897900259097e-02
-7.443930037452999027e-02
-7.437729346401894537e-02
-7.431533820440915095e-02
-7.425343455267606474e-02
-7.419158246583110183e-02
-7.412978190092137099e-02
-7.406803281502984115e-02
-7.400633516527517497e-02
-7.394468890881179812e-02
-7.388309400282980222e-02
-7.382155040455494477e-02
-7.376005807124860758e-02
-7.369861696020778286e-02
-7.363722702876504544e-02
-7.357588823428846958e-02
-7.351460053418168439e-02
-7.345336388588377674e-02
-7.339217824686930514e-02
-7.333104357464820255e-02
-7.326995982676590136e-02
-7.320892696080308348e-02
-7.314794493437580536e-02
-7.308701370513545625e-02
-7.302613323076866114e-02
-7.296530346899733621e-02
-7.290452437757856397e-02
-7.284379591430466261e-02
-7.278311803700308891e-02
-7.272249070353636879e-02
-7.266191387180225003e-02
-7.260138749973345240e-02
-7.254091154529779262e-02
-7.248048596649807329e-02
-7.242011072137205518e-02
-7.235978576799252660e-02
-7.229951106446710907e-02
-7.223928656893841005e-02
-7.217911223958382860e-02
-7.211898803461566643e-02
-7.205891391228097520e-02
-7.199888983086159822e-02
-7.193891574867419814e-02
-7.187899162407003495e-02
-7.181911741543518801e-02
-7.175929308119032013e-02
-7.169951857979074694e-02
-7.163979386972640917e-02
-7.158011890952180323e-02
-7.152049365773598122e-02
-7.146091807296252318e-02
-7.140139211382948159e-02
-7.134191573899938132e-02
-7.128248890716919195e-02
-7.122311157707028606e-02
-7.116378370746838378e-02
-7.110450525716359438e-02
-7.104527618499030528e-02
-7.098609644981722366e-02
-7.092696601054730710e-02
-7.086788482611773576e-02
-7.080885285549994024e-02
-7.074987005769946269e-02
-7.069093639175604016e-02
-7.063205181674350741e-02
-7.057321629176978306e-02
-7.051442977597688344e-02
-7.045569222854083935e-02
-7.039700360867166828e-02
-7.033836387561338832e-02
-7.027977298864394873e-02
-7.022123090707525772e-02
-7.016273759025305756e-02
-7.010429299755702170e-02
-7.004589708840060214e-02
-6.998754982223107102e-02
-6.992925115852953455e-02
-6.987100105681075257e-02
-6.981279947662330509e-02
-6.975464637754941188e-02
-6.969654171920496022e-02
-6.963848546123951877e-02
-6.958047756333621270e-02
-6.952251798521179305e-02
-6.946460668661653959e-02
-6.940674362733428859e-02
-6.934892876718233568e-02
-6.929116206601147743e-02
-6.923344348370596979e-02
-6.917577298018343090e-02
-6.911815051539491050e-02
-6.906057604932479277e-02
-6.900304954199082408e-02
-6.894557095344404363e-02
-6.888814024376872791e-02
-6.883075737308247399e-02
-6.877342230153606073e-02
-6.871613498931343489e-02
-6.865889539663178054e-02
-6.860170348374132476e-02
-6.854455921092551807e-02
-6.848746253850078458e-02
-6.843041342681670247e-02
-6.837341183625579577e-02
-6.831645772723361765e-02
-6.825955106019875041e-02
-6.820269179563259732e-02
-6.814587989404963242e-02
-6.808911531599710909e-02
-6.803239802205517106e-02
-6.797572797283681079e-02
-6.791910512898782781e-02
-6.786252945118681490e-02
-6.780600090014508863e-02
-6.774951943660671716e-02
-6.769308502134845085e-02
-6.763669761517970835e-02
-6.758035717894260441e-02
-6.752406367351181105e-02
-6.746781705979461308e-02
-6.741161729873086650e-02
-6.735546435129294296e-02
-6.729935817848575752e-02
-6.724329874134665763e-02
-6.718728600094552028e-02
-6.713131991838459933e-02
-6.707540045479849777e-02
-6.701952757135433425e-02
-6.696370122925142387e-02
-6.690792138972152803e-02
-6.685218801402860456e-02
-6.679650106346894656e-02
-6.674086049937104359e-02
-6.668526628309559556e-02
-6.662971837603552661e-02
-6.657421673961591568e-02
-6.651876133529392721e-02
-6.646335212455888042e-02
-6.640798906893212450e-02
-6.635267212996713571e-02
-6.629740126924933696e-02
-6.624217644839619501e-02
-6.618699762905715100e-02
-6.613186477291355114e-02
-6.607677784167871604e-02
-6.602173679709778809e-02
-6.596674160094787021e-02
-6.591179221503781771e-02
-6.585688860120834931e-02
-6.580203072133193609e-02
-6.574721853731282928e-02
-6.569245201108701859e-02
-6.563773110462219063e-02
-6.558305577991771496e-02
-6.552842599900461640e-02
-6.547384172394553337e-02
-6.541930291683471788e-02
-6.536480953979799391e-02
-6.531036155499277129e-02
-6.525595892460789305e-02
-6.520160161086378803e-02
-6.514728957601233217e-02
-6.509302278233677908e-02
-6.503880119215191269e-02
-6.498462476780379748e-02
-6.493049347166994500e-02
-6.487640726615917508e-02
-6.482236611371160195e-02
-6.476836997679867591e-02
-6.471441881792304451e-02
-6.466051259961864972e-02
-6.460665128445058913e-02
-6.455283483501518538e-02
-6.449906321393991671e-02
-6.444533638388333374e-02
-6.439165430753518438e-02
-6.433801694761620560e-02
-6.428442426687827616e-02
-6.423087622810422226e-02
-6.417737279410788698e-02
-6.412391392773413024e-02
-6.407049959185873167e-02
-6.401712974938843226e-02
-6.396380436326079555e-02
-6.391052339644429092e-02
-6.385728681193829359e-02
-6.380409457277290419e-02
-6.375094664200911532e-02
-6.369784298273858947e-02
-6.364478355808382559e-02
-6.359176833119796479e-02
-6.353879726526488747e-02
-6.348587032349914394e-02
-6.343298746914588504e-02
-6.338014866548093151e-02
-6.332735387581066300e-02
-6.327460306347197638e-02
-6.322189619183245235e-02
-6.316923322429000842e-02
-6.311661412427320428e-02
-6.306403885524096420e-02
-6.301150738068266033e-02
-6.295901966411815431e-02
-6.290657566909760301e-02
-6.285417535920156951e-02
-6.280181869804095374e-02
-6.274950564925695085e-02
-6.269723617652106507e-02
-6.264501024353504033e-02
-6.259282781403087415e-02
-6.254068885177074821e-02
-6.248859332054707005e-02
-6.243654118418238280e-02
-6.238453240652935133e-02
-6.233256695147078308e-02
-6.228064478291953782e-02
-6.222876586481856931e-02
-6.217693016114084203e-02
-6.212513763588933119e-02
-6.207338825309700880e-02
-6.202168197682679518e-02
-6.197001877117156582e-02
-6.191839860025408204e-02
-6.186682142822700486e-02
-6.181528721927285336e-02
-6.176379593760397690e-02
-6.171234754746253437e-02
-6.166094201312047329e-02
-6.160957929887952989e-02
-6.155825936907112494e-02
-6.150698218805640549e-02
-6.145574772022625171e-02
-6.140455593000113815e-02
-6.135340678183123786e-02
-6.130230024019626273e-02
-6.125123626960561618e-02
-6.120021483459817113e-02
-6.114923589974235324e-02
-6.109829942963616173e-02
-6.104740538890701673e-02
-6.099655374221185644e-02
-6.094574445423703302e-02
-6.089497748969829177e-02
-6.084425281334081975e-02
-6.079357038993911388e-02
-6.074293018429709895e-02
-6.069233216124791247e-02
-6.064177628565405043e-02
-6.059126252240727706e-02
-6.054079083642857628e-02
-6.049036119266817946e-02
-6.043997355610545436e-02
-6.038962789174904394e-02
-6.033932416463665821e-02
-6.028906233983512275e-02
-6.023884238244042733e-02
-6.018866425757756627e-02
-6.013852793040065647e-02
-6.008843336609277774e-02
-6.003838052986603530e-02
-5.998836938696153198e-02
-5.993839990264926421e-02
-5.988847204222824683e-02
-5.983858577102632581e-02
-5.978874105440026843e-02
-5.973893785773567999e-02
-5.968917614644698999e-02
-5.963945588597747982e-02
-5.958977704179916485e-02
-5.954013957941287072e-02
-5.949054346434812235e-02
-5.944098866216315780e-02
-5.939147513844494214e-02
-5.934200285880905645e-02
-5.929257178889977414e-02
-5.924318189438995685e-02
-5.919383314098103366e-02
-5.914452549440309126e-02
-5.909525892041465195e-02
-5.904603338480284708e-02
-5.899684885338325746e-02
-5.894770529199997583e-02
-5.889860266652551662e-02
-5.884954094286081600e-02
-5.880052008693525956e-02
-5.875154006470655749e-02
-5.870260084216083474e-02
-5.865370238531250613e-02
-5.860484466020426941e-02
-5.855602763290720936e-02
-5.850725126952055488e-02
-5.845851553617188723e-02
-5.840982039901690404e-02
-5.836116582423953036e-02
-5.831255177805189094e-02
-5.826397822669420606e-02
-5.821544513643486796e-02
-5.816695247357031584e-02
-5.811850020442510534e-02
-5.807008829535181826e-02
-5.802171671273105569e-02
-5.797338542297147262e-02
-5.792509439250963926e-02
-5.787684358781012423e-02
-5.782863297536544600e-02
-5.778046252169596886e-02
-5.773233219335002775e-02
-5.768424195690374789e-02
-5.763619177896115581e-02
-5.758818162615404745e-02
-5.754021146514207152e-02
-5.749228126261257676e-02
-5.744439098528071608e-02
-5.739654059988934937e-02
-5.734873007320903660e-02
-5.730095937203802392e-02
-5.725322846320221593e-02
-5.720553731355513399e-02
-5.715788588997793712e-02
-5.711027415937933865e-02
-5.706270208869566180e-02
-5.701516964489072165e-02
-5.696767679495587378e-02
-5.692022350591000035e-02
-5.687280974479937135e-02
-5.682543547869781803e-02
-5.677810067470651090e-02
-5.673080529995408461e-02
-5.668354932159648529e-02
-5.663633270681708853e-02
-5.658915542282658140e-02
-5.654201743686292775e-02
-5.649491871619144456e-02
-5.644785922810467010e-02
-5.640083893992240555e-02
-5.635385781899167335e-02
-5.630691583268668948e-02
-5.626001294840885653e-02
-5.621314913358670812e-02
-5.616632435567595755e-02
-5.611953858215937285e-02
-5.607279178054683233e-02
-5.602608391837528290e-02
-5.597941496320869847e-02
-5.593278488263810078e-02
-5.588619364428146913e-02
-5.583964121578377515e-02
-5.579312756481696195e-02
-5.574665265907985390e-02
-5.570021646629822604e-02
-5.565381895422472081e-02
-5.560746009063882722e-02
-5.556113984334690864e-02
-5.551485818018210561e-02
-5.546861506900438443e-02
-5.542241047770046086e-02
-5.537624437418382783e-02
-5.533011672639468609e-02
-5.528402750229991641e-02
-5.523797666989315597e-02
-5.519196419719462482e-02
-5.514599005225123002e-02
-5.510005420313648927e-02
-5.505415661795046850e-02
-5.500829726481988591e-02
-5.496247611189793159e-02
-5.491669312736439240e-02
-5.487094827942550629e-02
-5.482524153631399694e-02
-5.477957286628912237e-02
-5.473394223763647370e-02
-5.468834961866814171e-02
-5.464279497772256411e-02
-5.459727828316460890e-02
-5.455179950338542860e-02
-5.450635860680252270e-02
-5.446095556185973768e-02
-5.441559033702716985e-02
-5.437026290080119312e-02
-5.432497322170441040e-02
-5.427972126828566751e-02
-5.423450700911998379e-02
-5.418933041280855900e-02
-5.414419144797877337e-02
-5.409909008328411123e-02
-5.405402628740418186e-02
-5.400900002904468478e-02
-5.396401127693736810e-02
-5.391905999984006326e-02
-5.387414616653657395e-02
-5.382926974583677332e-02
-5.378443070657645819e-02
-5.373962901761739769e-02
-5.369486464784731933e-02
-5.365013756617984658e-02
-5.360544774155451275e-02
-5.356079514293670546e-02
-5.351617973931767358e-02
-5.347160149971450643e-02
-5.342706039317007133e-02
-5.338255638875306908e-02
-5.333808945555791603e-02
-5.329365956270482041e-02
-5.324926667933968516e-02
-5.320491077463407326e-02
-5.316059181778531872e-02
-5.311630977801634623e-02
-5.307206462457575435e-02
-5.302785632673773231e-02
-5.298368485380205301e-02
-5.293955017509410776e-02
-5.289545225996479527e-02
-5.285139107779057016e-02
-5.280736659797337362e-02
-5.276337878994067504e-02
-5.271942762314535402e-02
-5.267551306706578368e-02
-5.263163509120574735e-02
-5.258779366509439696e-02
-5.254398875828633630e-02
-5.250022034036146146e-02
-5.245648838092503707e-02
-5.241279284960766172e-02
-5.236913371606519846e-02
-5.232551094997881652e-02
-5.228192452105491494e-02
-5.223837439902513646e-02
-5.219486055364636057e-02
-5.215138295470061330e-02
-5.210794157199512278e-02
-5.206453637536226364e-02
-5.202116733465953630e-02
-5.197783441976955299e-02
-5.193453760059999619e-02
-5.189127684708364635e-02
-5.184805212917830558e-02
-5.180486341686679763e-02
-5.176171068015697485e-02
-5.171859388908163491e-02
-5.167551301369858324e-02
-5.163246802409052899e-02
-5.158945889036514049e-02
-5.154648558265493424e-02
-5.150354807111732353e-02
-5.146064632593463917e-02
-5.141778031731394916e-02
-5.137495001548722517e-02
-5.133215539071117606e-02
-5.128939641326733107e-02
-5.124667305346194968e-02
-5.120398528162600771e-02
-5.116133306811525977e-02
-5.111871638331007273e-02
-5.107613519761553672e-02
-5.103358948146139579e-02
-5.099107920530199234e-02
-5.094860433961632268e-02
-5.090616485490791210e-02
-5.086376072170494672e-02
-5.082139191056005839e-02
-5.077905839205049121e-02
-5.073676013677796970e-02
-5.069449711536867798e-02
-5.065226929847332221e-02
-5.061007665676700573e-02
-5.056791916094929840e-02
-5.052579678174415334e-02
-5.048370948989990004e-02
-5.044165725618927898e-02
-5.039964005140932374e-02
-5.035765784638144421e-02
-5.031571061195130867e-02
-5.027379831898889928e-02
-5.023192093838844269e-02
-5.019007844106844474e-02
-5.014827079797160719e-02
-5.010649798006482775e-02
-5.006475995833922776e-02
-5.002305670381004821e-02
-4.998138818751669127e-02
-4.993975438052271343e-02
-4.989815525391571444e-02
-4.985659077880743445e-02
-4.981506092633364302e-02
-4.977356566765415297e-02
-4.973210497395283425e-02
-4.969067881643751683e-02
-4.964928716634004618e-02
-4.960792999491620003e-02
-4.956660727344575079e-02
-4.952531897323234067e-02
-4.948406506560353718e-02
-4.944284552191079846e-02
-4.940166031352943160e-02
-4.936050941185860658e-02
-4.931939278832130069e-02
-4.927831041436429860e-02
-4.923726226145817841e-02
-4.919624830109727009e-02
-4.915526850479966237e-02
-4.911432284410716109e-02
-4.907341129058526846e-02
-4.903253381582320380e-02
-4.899169039143379256e-02
-4.895088098905358426e-02
-4.891010558034267902e-02
-4.886936413698485943e-02
-4.882865663068742396e-02
-4.878798303318127028e-02
-4.874734331622085359e-02
-4.870673745158413809e-02
-4.866616541107262467e-02
-4.862562716651126771e-02
-4.858512268974848891e-02
-4.854465195265621896e-02
-4.850421492712973792e-02
-4.846381158508780707e-02
-4.842344189847253705e-02
-4.838310583924940872e-02
-4.834280337940729394e-02
-4.830253449095834456e-02
-4.826229914593807568e-02
-4.822209731640525465e-02
-4.818192897444196349e-02
-4.814179409215350869e-02
-4.810169264166842817e-02
-4.806162459513851903e-02
-4.802158992473871263e-02
-4.798158860266719256e-02
-4.794162060114523505e-02
-4.790168589241727837e-02
-4.786178444875091587e-02
-4.782191624243676414e-02
-4.778208124578860877e-02
-4.774227943114323081e-02
-4.770251077086049007e-02
-4.766277523732326271e-02
-4.762307280293740647e-02
-4.758340344013181622e-02
-4.754376712135828520e-02
-4.750416381909162988e-02
-4.746459350582953041e-02
-4.742505615409259995e-02
-4.738555173642435697e-02
-4.734608022539116279e-02
-4.730664159358224929e-02
-4.726723581360968429e-02
-4.722786285810832291e-02
-4.718852269973586311e-02
-4.714921531117270692e-02
-4.710994066512209227e-02
-4.707069873430993340e-02
-4.703148949148491104e-02
-4.699231290941836836e-02
-4.695316896090433872e-02
-4.691405761875953179e-02
-4.687497885582328494e-02
-4.683593264495758413e-02
-4.679691895904699445e-02
-4.675793777099865323e-02
-4.671898905374233246e-02
-4.668007278023026535e-02
-4.664118892343729894e-02
-4.660233745636072067e-02
-4.656351835202038325e-02
-4.652473158345854509e-02
-4.648597712373993968e-02
-4.644725494595176862e-02
-4.640856502320361843e-02
-4.636990732862749515e-02
-4.633128183537776890e-02
-4.629268851663116691e-02
-4.625412734558679434e-02
-4.621559829546603715e-02
-4.617710133951263840e-02
-4.613863645099257338e-02
-4.610020360319411203e-02
-4.606180276942779123e-02
-4.602343392302635228e-02
-4.598509703734476872e-02
-4.594679208576019080e-02
-4.590851904167198017e-02
-4.587027787850160576e-02
-4.583206856969270632e-02
-4.579389108871104869e-02
-4.575574540904448623e-02
-4.571763150420296573e-02
-4.567954934771850661e-02
-4.564149891314513152e-02
-4.560348017405895654e-02
-4.556549310405805936e-02
-4.552753767676254865e-02
-4.548961386581448080e-02
-4.545172164487785299e-02
-4.541386098763865869e-02
-4.537603186780472808e-02
-4.533823425910588067e-02
-4.530046813529375188e-02
-4.526273347014187626e-02
-4.522503023744561812e-02
-4.518735841102217154e-02
-4.514971796471055343e-02
-4.511210887237154799e-02
-4.507453110788774836e-02
-4.503698464516348032e-02
-4.499946945812478144e-02
-4.496198552071947740e-02
-4.492453280691702244e-02
-4.488711129070861727e-02
-4.484972094610706339e-02
-4.481236174714686715e-02
-4.477503366788413569e-02
-4.473773668239656998e-02
-4.470047076478350645e-02
-4.466323588916581988e-02
-4.462603202968596500e-02
-4.458885916050793485e-02
-4.455171725581720532e-02
-4.451460628982081835e-02
-4.447752623674725014e-02
-4.444047707084647358e-02
-4.440345876638988887e-02
-4.436647129767033737e-02
-4.432951463900208777e-02
-4.429258876472078055e-02
-4.425569364918345572e-02
-4.421882926676849040e-02
-4.418199559187564046e-02
-4.414519259892595027e-02
-4.410842026236176661e-02
-4.407167855664677336e-02
-4.403496745626587355e-02
-4.399828693572526567e-02
-4.396163696955235345e-02
-4.392501753229575284e-02
-4.388842859852532668e-02
-4.385187014283207368e-02
-4.381534213982819087e-02
-4.377884456414699033e-02
-4.374237739044295470e-02
-4.370594059339164006e-02
-4.366953414768970365e-02
-4.363315802805491084e-02
-4.359681220922605183e-02
-4.356049666596298331e-02
-4.352421137304657989e-02
-4.348795630527869938e-02
-4.345173143748223832e-02
-4.341553674450100014e-02
-4.337937220119982007e-02
-4.334323778246440551e-02
-4.330713346320141932e-02
-4.327105921833840352e-02
-4.323501502282380698e-02
-4.319900085162694386e-02
-4.316301667973795192e-02
-4.312706248216784805e-02
-4.309113823394841725e-02
-4.305524391013226815e-02
-4.301937948579278442e-02
-4.298354493602411092e-02
-4.294774023594116752e-02
-4.291196536067954509e-02
-4.287622028539558872e-02
-4.284050498526634221e-02
-4.280481943548949259e-02
-4.276916361128342559e-02
-4.273353748788713546e-02
-4.269794104056025968e-02
-4.266237424458305116e-02
-4.262683707525632970e-02
-4.259132950790151667e-02
-4.255585151786056564e-02
-4.252040308049600398e-02
-4.248498417119084269e-02
-4.244959476534861109e-02
-4.241423483839334985e-02
-4.237890436576952774e-02
-4.234360332294212492e-02
-4.230833168539650108e-02
-4.227308942863846480e-02
-4.223787652819423893e-02
-4.220269295961039807e-02
-4.216753869845393798e-02
-4.213241372031213683e-02
-4.209731800079268005e-02
-4.206225151552353547e-02
-4.202721424015294638e-02
-4.199220615034950782e-02
-4.195722722180201397e-02
-4.192227743021956221e-02
-4.188735675133146291e-02
-4.185246516088722557e-02
-4.181760263465658656e-02
-4.178276914842946055e-02
-4.174796467801592664e-02
-4.171318919924620755e-02
-4.167844268797065571e-02
-4.164372512005976024e-02
-4.160903647140409833e-02
-4.157437671791432143e-02
-4.153974583552115518e-02
-4.150514380017538557e-02
-4.147057058784781036e-02
-4.143602617452923909e-02
-4.140151053623053468e-02
-4.136702364898245388e-02
-4.133256548883580683e-02
-4.129813603186130444e-02
-4.126373525414957916e-02
-4.122936313181121970e-02
-4.119501964097668778e-02
-4.116070475779635279e-02
-4.112641845844041549e-02
-4.109216071909894963e-02
-4.105793151598186030e-02
-4.102373082531884929e-02
-4.098955862335946360e-02
-4.095541488637298444e-02
-4.092129959064849665e-02
-4.088721271249480538e-02
-4.085315422824047082e-02
-4.081912411423378045e-02
-4.078512234684268656e-02
-4.075114890245487564e-02
-4.071720375747765741e-02
-4.068328688833800638e-02
-4.064939827148256885e-02
-4.061553788337755183e-02
-4.058170570050881332e-02
-4.054790169938177202e-02
-4.051412585652143517e-02
-4.048037814847235683e-02
-4.044665855179860325e-02
-4.041296704308380838e-02
-4.037930359893107668e-02
-4.034566819596303866e-02
-4.031206081082175374e-02
-4.027848142016875188e-02
-4.024493000068503357e-02
-4.021140652907097962e-02
-4.017791098204642058e-02
-4.014444333635053958e-02
-4.011100356874192085e-02
-4.007759165599850820e-02
-4.004420757491757021e-02
-4.001085130231573500e-02
-3.997752281502889998e-02
-3.994422208991230128e-02
-3.991094910384043043e-02
-3.987770383370703442e-02
-3.984448625642512259e-02
-3.981129634892693892e-02
-3.977813408816392726e-02
-3.974499945110675225e-02
-3.971189241474522291e-02
-3.967881295608836900e-02
-3.964576105216431612e-02
-3.961273668002037590e-02
-3.957973981672293501e-02
-3.954677043935752451e-02
-3.951382852502872273e-02
-3.948091405086021077e-02
-3.944802699399470314e-02
-3.941516733159397545e-02
-3.938233504083881592e-02
-3.934953009892901143e-02
-3.931675248308336146e-02
-3.928400217053962251e-02
-3.925127913855452205e-02
-3.921858336440374460e-02
-3.918591482538187620e-02
-3.915327349880243224e-02
-3.912065936199782268e-02
-3.908807239231933822e-02
-3.905551256713715030e-02
-3.902297986384025558e-02
-3.899047425983650367e-02
-3.895799573255255555e-02
-3.892554425943386964e-02
-3.889311981794471573e-02
-3.886072238556809166e-02
-3.882835193980581356e-02
-3.879600845817838400e-02
-3.876369191822504751e-02
-3.873140229750377667e-02
-3.869913957359120971e-02
-3.866690372408268517e-02
-3.863469472659217252e-02
-3.860251255875234849e-02
-3.857035719821445136e-02
-3.853822862264838500e-02
-3.850612680974263569e-02
-3.847405173720426508e-02
-3.844200338275893802e-02
-3.840998172415083234e-02
-3.837798673914268044e-02
-3.834601840551576241e-02
-3.831407670106982272e-02
-3.828216160362314657e-02
-3.825027309101244888e-02
-3.821841114109292975e-02
-3.818657573173824676e-02
-3.815476684084045944e-02
-3.812298444631007782e-02
-3.809122852607597226e-02
-3.805949905808543587e-02
-3.802779602030411515e-02
-3.799611939071598221e-02
-3.796446914732341804e-02
-3.793284526814705293e-02
-3.790124773122587748e-02
-3.786967651461715240e-02
-3.783813159639640850e-02
-3.780661295465746752e-02
-3.777512056751236580e-02
-3.774365441309140978e-02
-3.771221446954309275e-02
-3.768080071503410178e-02
-3.764941312774935933e-02
-3.761805168589190534e-02
-3.758671636768296659e-02
-3.755540715136190810e-02
-3.752412401518621238e-02
-3.749286693743148630e-02
-3.746163589639140562e-02
-3.743043087037777050e-02
-3.739925183772039446e-02
-3.736809877676720154e-02
-3.733697166588410832e-02
-3.730587048345504475e-02
-3.727479520788199580e-02
-3.724374581758488345e-02
-3.721272229100165696e-02
-3.718172460658816791e-02
-3.715075274281827433e-02
-3.711980667818372270e-02
-3.708888639119417574e-02
-3.705799186037723320e-02
-3.702712306427834860e-02
-3.699627998146085700e-02
-3.696546259050595418e-02
-3.693467087001266885e-02
-3.690390479859785577e-02
-3.687316435489618877e-02
-3.684244951756015379e-02
-3.681176026525997264e-02
-3.678109657668367921e-02
-3.675045843053705019e-02
-3.671984580554357031e-02
-3.668925868044450173e-02
-3.665869703399875917e-02
-3.662816084498299318e-02
-3.659765009219151377e-02
-3.656716475443627656e-02
-3.653670481054693137e-02
-3.650627023937071808e-02
-3.647586101977254303e-02
-3.644547713063486793e-02
-3.641511855085777238e-02
-3.638478525935891911e-02
-3.635447723507350543e-02
-3.632419445695430488e-02
-3.629393690397159089e-02
-3.626370455511320617e-02
-3.623349738938443088e-02
-3.620331538580807279e-02
-3.617315852342441879e-02
-3.614302678129118623e-02
-3.611292013848356464e-02
-3.608283857409416012e-02
-3.605278206723298157e-02
-3.602275059702747528e-02
-3.599274414262243482e-02
-3.596276268318005648e-02
-3.593280619787988378e-02
-3.590287466591877280e-02
-3.587296806651096848e-02
-3.584308637888797971e-02
-3.581322958229864878e-02
-3.578339765600906802e-02
-3.575359057930263540e-02
-3.572380833147999202e-02
-3.569405089185900132e-02
-3.566431823977479765e-02
-3.563461035457968218e-02
-3.560492721564319923e-02
-3.557526880235205302e-02
-3.554563509411010069e-02
-3.551602607033840092e-02
-3.548644171047511675e-02
-3.545688199397556417e-02
-3.542734690031214967e-02
-3.539783640897439104e-02
-3.536835049946891046e-02
-3.533888915131935121e-02
-3.530945234406645400e-02
-3.528004005726800146e-02
-3.525065227049877653e-02
-3.522128896335061099e-02
-3.519195011543229529e-02
-3.516263570636964791e-02
-3.513334571580543214e-02
-3.510408012339937683e-02
-3.507483890882814870e-02
-3.504562205178534534e-02
-3.501642953198149527e-02
-3.498726132914400239e-02
-3.495811742301716679e-02
-3.492899779336217092e-02
-3.489990241995705178e-02
-3.487083128259668013e-02
-3.484178436109276050e-02
-3.481276163527383116e-02
-3.478376308498520864e-02
-3.475478869008902932e-02
-3.472583843046416624e-02
-3.469691228600626370e-02
-3.466801023662773734e-02
-3.463913226225771164e-02
-3.461027834284204768e-02
-3.458144845834328074e-02
-3.455264258874066186e-02
-3.452386071403013013e-02
-3.449510281422425023e-02
-3.446636886935227490e-02
-3.443765885946006161e-02
-3.440897276461010734e-02
-3.438031056488151382e-02
-3.435167224036996675e-02
-3.432305777118774964e-02
-3.429446713746369529e-02
-3.426590031934319963e-02
-3.423735729698819397e-02
-3.420883805057711724e-02
-3.418034256030496459e-02
-3.415187080638317635e-02
-3.412342276903972127e-02
-3.409499842851899248e-02
-3.406659776508188381e-02
-3.403822075900570648e-02
-3.400986739058419611e-02
-3.398153764012751960e-02
-3.395323148796223350e-02
-3.392494891443129795e-02
-3.389668989989402109e-02
-3.386845442472609380e-02
-3.384024246931954111e-02
-3.381205401408273609e-02
-3.378388903944035127e-02
-3.375574752583338639e-02
-3.372762945371909904e-02
-3.369953480357108094e-02
-3.367146355587913309e-02
-3.364341569114934899e-02
-3.361539118990402447e-02
-3.358739003268172707e-02
-3.355941220003718500e-02
-3.353145767254133575e-02
-3.350352643078135378e-02
-3.347561845536049796e-02
-3.344773372689826413e-02
-3.341987222603023250e-02
-3.339203393340813703e-02
-3.336421882969985153e-02
-3.333642689558930644e-02
-3.330865811177656510e-02
-3.328091245897773359e-02
-3.325318991792500234e-02
-3.322549046936661837e-02
-3.319781409406682288e-02
-3.317016077280593445e-02
-3.314253048638024501e-02
-3.311492321560206148e-02
-3.308733894129967101e-02
-3.305977764431730637e-02
-3.303223930551520138e-02
-3.300472390576948689e-02
-3.297723142597226709e-02
-3.294976184703152233e-02
-3.292231514987116470e-02
-3.289489131543098244e-02
-3.286749032466664694e-02
-3.284011215854969190e-02
-3.281275679806749251e-02
-3.278542422422328628e-02
-3.275811441803611057e-02
-3.273082736054080955e-02
-3.270356303278806193e-02
-3.267632141584427691e-02
-3.264910249079168436e-02
-3.262190623872823769e-02
-3.259473264076766241e-02
-3.256758167803939369e-02
-3.254045333168859716e-02
-3.251334758287615506e-02
-3.248626441277861071e-02
-3.245920380258821014e-02
-3.243216573351287435e-02
-3.240515018677615072e-02
-3.237815714361725467e-02
-3.235118658529100716e-02
-3.232423849306785557e-02
-3.229731284823383897e-02
-3.227040963209060198e-02
-3.224352882595535319e-02
-3.221667041116085817e-02
-3.218983436905544643e-02
-3.216302068100298367e-02
-3.213622932838282320e-02
-3.210946029258988921e-02
-3.208271355503455186e-02
-3.205598909714270361e-02
-3.202928690035566905e-02
-3.200260694613028811e-02
-3.197594921593878425e-02
-3.194931369126884774e-02
-3.192270035362360786e-02
-3.189610918452154970e-02
-3.186954016549660429e-02
-3.184299327809805152e-02
-3.181646850389054787e-02
-3.178996582445413333e-02
-3.176348522138413427e-02
-3.173702667629127450e-02
-3.171059017080154335e-02
-3.168417568655625821e-02
-3.165778320521202976e-02
-3.163141270844074121e-02
-3.160506417792956213e-02
-3.157873759538087216e-02
-3.155243294251234426e-02
-3.152615020105685451e-02
-3.149988935276248209e-02
-3.147365037939255095e-02
-3.144743326272552569e-02
-3.142123798455508793e-02
-3.139506452669007380e-02
-3.136891287095446013e-02
-3.134278299918737826e-02
-3.131667489324307940e-02
-3.129058853499094850e-02
-3.126452390631544176e-02
-3.123848098911612137e-02
-3.121245976530763813e-02
-3.118646021681968639e-02
-3.116048232559702827e-02
-3.113452607359946250e-02
-3.110859144280181052e-02
-3.108267841519390950e-02
-3.105678697278059855e-02
-3.103091709758171168e-02
-3.100506877163205707e-02
-3.097924197698141008e-02
-3.095343669569449244e-02
-3.092765290985096185e-02
-3.090189060154542589e-02
-3.087614975288737254e-02
-3.085043034600122927e-02
-3.082473236302628317e-02
-3.079905578611671912e-02
-3.077340059744158862e-02
-3.074776677918476114e-02
-3.072215431354499357e-02
-3.069656318273583651e-02
-3.067099336898569673e-02
-3.064544485453772962e-02
-3.061991762164991901e-02
-3.059441165259502854e-02
-3.056892692966055661e-02
-3.054346343514880574e-02
-3.051802115137677851e-02
-3.049260006067621223e-02
-3.046720014539358590e-02
-3.044182138789006120e-02
-3.041646377054151029e-02
-3.039112727573844985e-02
-3.036581188588612090e-02
-3.034051758340437777e-02
-3.031524435072772278e-02
-3.028999217030531321e-02
-3.026476102460090231e-02
-3.023955089609287050e-02
-3.021436176727417336e-02
-3.018919362065235548e-02
-3.016404643874955396e-02
-3.013892020410242206e-02
-3.011381489926220900e-02
-3.008873050679465935e-02
-3.006366700928006508e-02
-3.003862438931321349e-02
-3.001360262950339072e-02
-2.998860171247437825e-02
-2.996362162086442515e-02
-2.993866233732625157e-02
-2.991372384452701400e-02
-2.988880612514831225e-02
-2.986390916188617906e-02
-2.983903293745104532e-02
-2.981417743456777486e-02
-2.978934263597558113e-02
-2.976452852442807578e-02
-2.973973508269325480e-02
-2.971496229355342217e-02
-2.969021013980527313e-02
-2.966547860425980052e-02
-2.964076766974232946e-02
-2.961607731909249308e-02
-2.959140753516420128e-02
-2.956675830082566847e-02
-2.954212959895935464e-02
-2.951752141246201736e-02
-2.949293372424462503e-02
-2.946836651723238817e-02
-2.944381977436475589e-02
-2.941929347859536040e-02
-2.939478761289207598e-02
-2.937030216023692186e-02
-2.934583710362611078e-02
-2.932139242607003163e-02
-2.929696811059319395e-02
-2.927256414023428691e-02
-2.924818049804608910e-02
-2.922381716709553101e-02
-2.919947413046362211e-02
-2.917515137124547520e-02
-2.915084887255028900e-02
-2.912656661750132048e-02
-2.910230458923590557e-02
-2.907806277090539682e-02
-2.905384114567519799e-02
-2.902963969672474678e-02
-2.900545840724746971e-02
-2.898129726045081331e-02
-2.895715623955618864e-02
-2.893303532779901294e-02
-2.890893450842864365e-02
-2.888485376470839583e-02
-2.886079307991553863e-02
-2.883675243734125371e-02
-2.881273182029065599e-02
-2.878873121208275904e-02
-2.876475059605047152e-02
-2.874078995554058685e-02
-2.871684927391376582e-02
-2.869292853454455047e-02
-2.866902772082129472e-02
-2.864514681614621638e-02
-2.862128580393536598e-02
-2.859744466761857812e-02
-2.857362339063952011e-02
-2.854982195645562604e-02
-2.852604034853813142e-02
-2.850227855037202468e-02
-2.847853654545604712e-02
-2.845481431730272071e-02
-2.843111184943824046e-02
-2.840742912540258902e-02
-2.838376612874941168e-02
-2.836012284304607889e-02
-2.833649925187363416e-02
-2.831289533882680454e-02
-2.828931108751399706e-02
-2.826574648155723637e-02
-2.824220150459223755e-02
-2.821867614026830201e-02
-2.819517037224836958e-02
-2.817168418420900114e-02
-2.814821755984033350e-02
-2.812477048284610717e-02
-2.810134293694362476e-02
-2.807793490586375090e-02
-2.805454637335091581e-02
-2.803117732316307009e-02
-2.800782773907172993e-02
-2.798449760486187987e-02
-2.796118690433204226e-02
-2.793789562129424600e-02
-2.791462373957396409e-02
-2.789137124301018997e-02
-2.786813811545533343e-02
-2.784492434077529693e-02
-2.782172990284939237e-02
-2.779855478557036880e-02
-2.777539897284440201e-02
-2.775226244859104949e-02
-2.772914519674329892e-02
-2.770604720124749884e-02
-2.768296844606335516e-02
-2.765990891516397973e-02
-2.763686859253578626e-02
-2.761384746217856664e-02
-2.759084550810541117e-02
-2.756786271434274668e-02
-2.754489906493030188e-02
-2.752195454392107957e-02
-2.749902913538140869e-02
-2.747612282339084722e-02
-2.745323559204224800e-02
-2.743036742544168946e-02
-2.740751830770848940e-02
-2.738468822297522587e-02
-2.736187715538765386e-02
-2.733908508910477125e-02
-2.731631200829874595e-02
-2.729355789715492628e-02
-2.727082273987185834e-02
-2.724810652066122704e-02
-2.722540922374789424e-02
-2.720273083336983283e-02
-2.718007133377816839e-02
-2.715743070923713753e-02
-2.713480894402407056e-02
-2.711220602242942618e-02
-2.708962192875670819e-02
-2.706705664732254185e-02
-2.704451016245656633e-02
-2.702198245850153183e-02
-2.699947351981316079e-02
-2.697698333076026939e-02
-2.695451187572466337e-02
-2.693205913910117280e-02
-2.690962510529760349e-02
-2.688720975873477165e-02
-2.686481308384647271e-02
-2.684243506507943966e-02
-2.682007568689339858e-02
-2.679773493376099922e-02
-2.677541279016781850e-02
-2.675310924061236745e-02
-2.673082426960608077e-02
-2.670855786167328910e-02
-2.668631000135118433e-02
-2.666408067318987163e-02
-2.664186986175233821e-02
-2.661967755161437355e-02
-2.659750372736467000e-02
-2.657534837360473606e-02
-2.655321147494892065e-02
-2.653109301602434369e-02
-2.650899298147098640e-02
-2.648691135594161139e-02
-2.646484812410173151e-02
-2.644280327062966882e-02
-2.642077678021650597e-02
-2.639876863756604464e-02
-2.637677882739486446e-02
-2.635480733443226753e-02
-2.633285414342027841e-02
-2.631091923911359556e-02
-2.628900260627967111e-02
-2.626710422969862416e-02
-2.624522409416322338e-02
-2.622336218447893913e-02
-2.620151848546389828e-02
-2.617969298194886690e-02
-2.615788565877722599e-02
-2.613609650080500613e-02
-2.611432549290087016e-02
-2.609257261994602645e-02
-2.607083786683432949e-02
-2.604912121847220013e-02
-2.602742265977863942e-02
-2.600574217568518351e-02
-2.598407975113595225e-02
-2.596243537108760061e-02
-2.594080902050928741e-02
-2.591920068438273439e-02
-2.589761034770214632e-02
-2.587603799547421798e-02
-2.585448361271816195e-02
-2.583294718446564955e-02
-2.581142869576084908e-02
-2.578992813166032863e-02
-2.576844547723316711e-02
-2.574698071756084672e-02
-2.572553383773727720e-02
-2.570410482286879239e-02
-2.568269365807413634e-02
-2.566130032848444945e-02
-2.563992481924323719e-02
-2.561856711550639792e-02
-2.559722720244220900e-02
-2.557590506523126431e-02
-2.555460068906652629e-02
-2.553331405915330865e-02
-2.551204516070920345e-02
-2.549079397896415050e-02
-2.546956049916038189e-02
-2.544834470655243930e-02
-2.542714658640711847e-02
-2.540596612400349355e-02
-2.538480330463293785e-02
-2.536365811359901981e-02
-2.534253053621758622e-02
-2.532142055781671022e-02
-2.530032816373669821e-02
-2.527925333933002394e-02
-2.525819606996140831e-02
-2.523715634100775693e-02
-2.521613413785812191e-02
-2.519512944591376091e-02
-2.517414225058809546e-02
-2.515317253730666239e-02
-2.513222029150716935e-02
-2.511128549863944279e-02
-2.509036814416544525e-02
-2.506946821355920604e-02
-2.504858569230690446e-02
-2.502772056590679695e-02
-2.500687281986918586e-02
-2.498604243971648542e-02
-2.496522941098314879e-02
-2.494443371921569244e-02
-2.492365534997264750e-02
