-4.000000000000000222e-01
-3.335011672300722818e-01
-2.780575713595515031e-01
-2.318313115139238045e-01
-1.932900324759301847e-01
-1.611561286116532099e-01
-1.343643924956649804e-01
-1.120267043286595626e-01
-9.340259163636535633e-02
-7.787468333260405551e-02
-6.492824447273927435e-02
-5.413411329464508370e-02
-4.513447492682276518e-02
-3.763100017602954983e-02
-3.137495620685226694e-02
-2.615896129194408490e-02
-2.181011031097406655e-02
-1.818424311531621415e-02
-1.516116576038340283e-02
-1.264066619414117715e-02
-1.053919232577949470e-02
-8.787082355774199910e-03
-7.326255555493672161e-03
-6.108286947957353337e-03
-5.092802067299982867e-03
-4.246138584790669877e-03
-3.540230435620838560e-03
-2.951677456357442494e-03
-2.460969692454744503e-03
-2.051840662378723139e-03
-1.710728139683571902e-03
-1.426324578494502166e-03
-1.189202279442143351e-03
-9.915008706665433963e-04
-8.266667441923129063e-04
-6.892358102460497890e-04
-5.746523680345550205e-04
-4.791180887276229078e-04
-3.994661045792589492e-04
-3.330560303650824416e-04
-2.776864371994234985e-04
-2.315218773249197383e-04
-1.930320408178956581e-04
-1.609410273139278964e-04
-1.341850511610047576e-04
-1.118771779675551076e-04
-9.327792359646538847e-05
-7.777074099054676276e-05
-6.484158224173744683e-05
-5.406185840666039938e-05
-4.507423220312026637e-05
-3.758077262934980423e-05
-3.133307884324028580e-05
-2.612404591783129391e-05
-2.178099951592185005e-05
-1.815997190499394099e-05
-1.514092956795199680e-05
-1.262379420965076251e-05
-1.052512525947689191e-05
-8.775353898195652043e-06
-7.316476919763036059e-06
-6.100133981882130359e-06
-5.086004508043798309e-06
-4.240471099925040211e-06
-3.535505153575973324e-06
-2.947737738663807919e-06
-2.457684941331284007e-06
-2.049101991544387355e-06
-1.708444764883797341e-06
-1.424420808092131944e-06
-1.187615005313821871e-06
-9.901774762302702404e-07
-8.255633602193040839e-07
-6.883158606387964377e-07
-5.738853573650259416e-07
-4.784785913437081869e-07
-3.989329217693186215e-07
-3.326114876414271932e-07
-2.773157984063667580e-07
-2.312128561496568526e-07
-1.927743935112733742e-07
-1.607262131201973744e-07
-1.340059492001379665e-07
-1.117278511850492450e-07
-9.315342195580434464e-08
-7.766693738434047157e-08
-6.475503568215621827e-08
-5.398969996006019230e-08
-4.501406988770365188e-08
-3.753061212331297132e-08
-3.129125737495999687e-08
-2.608917714661437186e-08
-2.175192757617008650e-08
-1.813573309039176815e-08
-1.512072038554677945e-08
-1.260694474484847606e-08
-1.051107696902999922e-08
-8.763641095041571369e-09
-7.306711335954495022e-09
-6.091991897885052158e-09
-5.079216021752010947e-09
-4.234811179669957483e-09
-3.530786178547218872e-09
-2.943803279463264669e-09
-2.454404574491779336e-09
-2.046366976119596511e-09
-1.706164437792394282e-09
-1.422519578725511499e-09
-1.186029849781469885e-09
-9.888558481795704341e-10
-8.244614489754231893e-10
-6.873971389237495173e-10
-5.731193704542075293e-10
-4.778399475216051304e-10
-3.984004506190302565e-10
-3.321675382660828217e-10
-2.769456543191962765e-10
-2.309042474368697549e-10
-1.925170900964440750e-10
-1.605116856472524216e-10
-1.338270862935630417e-10
-1.115787237147569933e-10
-9.302908649228284450e-11
-7.756327232880933745e-11
-6.466860463960457767e-11
-5.391763782612058620e-11
-4.495398787324869665e-11
-3.748051856843745508e-11
-3.124949172740566594e-11
-2.605435491609073728e-11
-2.172289443985704578e-11
-1.811152662826996224e-11
-1.510053817711639284e-11
-1.259011776967643804e-11
-1.049704742937793590e-11
-8.751943925417411785e-12
-7.296958786647130892e-12
-6.083860681441365163e-12
-5.072436596314604418e-12
-4.229158813928631236e-12
-3.526073502116372839e-12
-2.939874071737091969e-12
-2.451128586084368300e-12
-2.043635611225330282e-12
-1.703887154341471272e-12
-1.420620887003019918e-12
-1.184446810017317401e-12
-9.875359841567792682e-13
-8.233610084949587038e-13
-6.864796434619966684e-13
-5.723544059356483439e-13
-4.772021561220341485e-13
-3.978686901785132109e-13
-3.317241814470859940e-13
-2.765760042776081612e-13
-2.305960506360290267e-13
-1.922601301144016637e-13
-1.602974445123960452e-13
-1.336484621222047806e-13
-1.114297952906482942e-13
-9.290491698409821003e-14
-7.745974563902415430e-14
-6.458228895989775640e-14
-5.384567187628918137e-14
-4.489398605257487862e-14
-3.743049187536070053e-14
-3.120778182607126809e-14
-2.601957916414055973e-14
-2.169390005519032309e-14
-1.808735247544628967e-14
-1.508038290665765569e-14
-1.257331325411691853e-14
-1.048303661549330930e-14
-8.740262368456528282e-15
-7.287219254443306626e-15
-6.075740318045760735e-15
-5.065666219637670688e-15
-4.223513992617784372e-15
-3.521367115876416175e-15
-2.935950108475950600e-15
-2.447856970264971333e-15
-2.040907891989094087e-15
-1.701612910468563778e-15
-1.418724729537568794e-15
-1.182865883197371561e-15
-9.862178818073861071e-16
-8.222620368148274670e-16
-6.855633726168052788e-16
-5.715904624447248129e-16
-4.765652160072287908e-16
-3.973376394991564461e-16
-3.312814163935264600e-16
-2.762068476221821604e-16
-2.302882651973399725e-16
-1.920035131067535955e-16
-1.600834893334423074e-16
-1.334700763674148100e-16
-1.112810656470487226e-16
-9.278091320974278783e-17
-7.735635713030326183e-17
-6.449608848905580929e-17
-5.377380198218544249e-17
-4.483406431864413552e-17
-3.738053195483995240e-17
-3.116612759655018128e-17
-2.598484982872717413e-17
-2.166494437044668011e-17
-1.806321058879641121e-17
-1.506025453821542801e-17
-1.255653116819211961e-17
-1.046904450238215593e-17
-8.728596403320003220e-18
-7.277492721968592002e-18
-6.067630793212214950e-18
-5.058904879643515540e-18
-4.217876705667530037e-18
-3.516667011431639012e-18
-2.932031382679859212e-18
-2.444589721197343736e-18
-2.038183813544866657e-18
-1.699341702116635625e-18
-1.416831102946591884e-18
-1.181287066501391481e-18
-9.849015387800067971e-19
-8.211645319745680113e-19
-6.846483247536373160e-19
-5.708275386186260426e-19
-4.759291260409531373e-19
-3.968072976336158656e-19
-3.308392423155545496e-19
-2.758381836943739357e-19
-2.299808905717423959e-19
-1.917472386157193603e-19
-1.598698197287131504e-19
-1.332919287109679340e-19
-1.111325345186386491e-19
-9.265707494800587851e-20
-7.725310661821021486e-20
-6.441000307330593516e-20
-5.370202801560027767e-20
-4.477422256456191025e-20
-3.733063871775089805e-20
-3.112452896453518885e-20
-2.595016684789674035e-20
-2.163602733397160712e-20
-1.803910092525323269e-20
-1.504015303588259827e-20
-1.253977148196442727e-20
-1.045507106508371784e-20
-8.716946009196952487e-21
-7.267779171871772658e-21
-6.059532092474121475e-21
-5.052152564270478113e-21
-4.212246943021524696e-21
-3.511973180397461841e-21
-2.928117887358141139e-21
-2.441326833052987887e-21
-2.035463371033172147e-21
-1.697073525234054036e-21
-1.414940003852018729e-21
-1.179710357112930326e-21
-9.835869527264209015e-22
-8.200684920163295415e-22
-6.837344982401242907e-22
-5.700656330963740618e-22
-4.752938850884780194e-22
-3.962776636358060392e-22
-3.303976584243688259e-22
-2.754700118365247718e-22
-2.296739262109074653e-22
-1.914913061841268222e-22
-1.596564353170439393e-22
-1.331140188350669574e-22
-1.109842016404518237e-22
-9.253340197797046869e-23
-7.714999391855671752e-23
-6.432403255907922155e-23
-5.363034984849494086e-23
-4.471446068357556114e-23
-3.728081207508912822e-23
-3.108298585581804955e-23
-2.591553015977772846e-23
-2.160714889418007190e-23
-1.801502344180758398e-23
-1.502007836379988351e-23
-1.252303416553597038e-23
-1.044111627867081986e-23
-8.705311165304081938e-24
-7.258078586824692404e-24
-6.051444201384080906e-24
-5.045409261473118173e-24
-4.206624694636762392e-24
-3.507285614400497689e-24
-2.924209615529522884e-24
-2.438068300011246398e-24
-2.032746559600975273e-24
-1.694808375774588415e-24
-1.413051428880322954e-24
-1.178135752219275030e-24
-9.822741213015132190e-25
-8.189739149848721220e-25
-6.828218914460933496e-25
-5.693047445187956076e-25
-4.746594920165885058e-25
-3.957487365609143143e-25
-3.299566639322288175e-25
-2.751023313918480252e-25
-2.293673715672374487e-25
-1.912357153554187529e-25
-1.594433357177753308e-25
-1.329363464223351399e-25
-1.108360667478752407e-25
-9.240989407901664272e-26
-7.704701884739862713e-26
-6.423817679301170377e-26
-5.355876735300295155e-26
-4.465477856907602075e-26
-3.723105193796823678e-26
-3.104149819628946691e-26
-2.588093970258184295e-26
-2.157830899955545001e-26
-1.799097809550719296e-26
-1.500003048615580333e-26
-1.250631918904909420e-26
-1.042718011824932994e-26
-8.693691850885839888e-27
-7.248390949522500886e-27
-6.043367105514124962e-27
-5.038674959221968976e-27
-4.201009950483636520e-27
-3.502604305078608302e-27
-2.920306560221985357e-27
-2.434814116259160502e-27
-2.030033374401721251e-27
-1.692546249697443666e-27
-1.411165374662449475e-27
-1.176563249011466702e-27
-9.809630421633277256e-28
-8.178807989275823446e-28
-6.819105027435330507e-28
-5.685448715285311935e-28
-4.740259456935923717e-28
-3.952205154653805416e-28
-3.295162580524363179e-28
-2.747351417044335119e-28
-2.290612260938700947e-28
-1.909804656736432636e-28
-1.592305205507561085e-28
-1.327589111558231862e-28
-1.106881295766514375e-28
-9.228655103081700931e-29
-7.694418122103734674e-29
-6.415243562194552155e-29
-5.348728040142695420e-29
-4.459517611459553916e-29
-3.718135821762043303e-29
-3.100006591193947095e-29
-2.584639541460270217e-29
-2.154950759864985802e-29
-1.796696484345775606e-29
-1.498000936718700847e-29
-1.248962652268564239e-29
-1.041326255895841827e-29
-8.682088045214558425e-30
-7.238716242683240396e-30
-6.035300790455412957e-30
-5.031949645503618321e-30
-4.195402700545990449e-30
-3.497929244080743826e-30
-2.916408714472815873e-30
-2.431564275991618260e-30
-2.027323810595364917e-30
-1.690287142967171174e-30
-1.409281837833851835e-30
-1.174992844684321228e-30
-9.796537129730051309e-31
-8.167891418944358920e-31
-6.810003305066049374e-31
-5.677860127700413923e-31
-4.733932449892980707e-31
-3.946929994069040695e-31
-3.290764399993547497e-31
-2.743684421192526614e-31
-2.287554892446669583e-31
-1.907255566834583879e-31
-1.590179894363458912e-31
-1.325817127190009356e-31
-1.105403898628733171e-31
-9.216337261333824086e-32
-7.684148085602053810e-32
-6.406680889292582980e-32
-5.341588886624155762e-32
-4.453565321380885349e-32
-3.713173082539723348e-32
-3.095868892885691615e-32
-2.581189723421647039e-32
-2.152074464008455353e-32
-1.794298364282120496e-32
-1.496001497117754880e-32
-1.247295613666760362e-32
-1.039936357597029243e-32
-8.670499727590054241e-33
-7.229054449048228324e-33
-6.027245241818381186e-33
-5.025233308320796382e-33
-4.189802934821036387e-33
-3.493260423067025913e-33
-2.912516071328657658e-33
-2.428318773411116427e-33
-2.024617863348280013e-33
-1.688031051553756897e-33
-1.407400815034452789e-33
-1.173424536436373076e-33
-9.783461313948370282e-34
-8.156989419380168575e-34
-6.800913731116553173e-34
-5.670281668895960668e-34
-4.727613887750254548e-34
-3.941661874444503330e-34
-3.286372089883773517e-34
-2.740022319821450869e-34
-2.284501604742248402e-34
-1.904709879301272512e-34
-1.588057419954075060e-34
-1.324047507957645938e-34
-1.103928473429868007e-34
-9.204035860684270644e-35
-7.673891756914077664e-35
-6.398129645320243476e-35
-5.334459262009045684e-35
-4.447620976053193019e-35
-3.708216967276765568e-35
-3.091736717322883794e-35
-2.577744509988120659e-35
-2.149202007254891561e-35
-1.791903445081791948e-35
-1.494004726245926458e-35
-1.245630800125646050e-35
-1.038548314449074015e-35
-8.658926877339835815e-36
-7.219405551381660927e-36
-6.019200445232587296e-36
-5.018525935692139895e-36
-4.184210643319276134e-36
-3.488597833708656982e-36
-2.908628623845372586e-36
-2.425077602728063631e-36
-2.021915527833304854e-36
-1.685777971432528038e-36
-1.405522302908721158e-36
-1.171858321469904749e-36
-9.770402950962111161e-37
-8.146101971134973394e-37
-6.791836289371825715e-37
-5.662713325352636957e-37
-4.721303759235946460e-37
-3.936400786382324882e-37
-3.281985642359682012e-37
-2.736365106398255764e-37
-2.281452392378635825e-37
-1.902167589595279577e-37
-1.585937778493110804e-37
-1.322280250704293902e-37
-1.102455017537880524e-37
-9.191750879188405941e-38
-7.663649117743400685e-38
-6.389589815022810552e-38
-5.327339153578768642e-38
-4.441684564872437817e-38
-3.703267467131917631e-38
-3.087610057134102754e-38
-2.574303895013819707e-38
-2.146333384480095150e-38
-1.789511722472448395e-38
-1.492010620541138950e-38
-1.243968208675346480e-38
-1.037162123975820036e-38
-8.647369473818876575e-39
-7.209769532470791328e-39
-6.011166386347021930e-39
-5.011827515652313346e-39
-4.178625816064576907e-39
-3.483941467688106224e-39
-2.904746365088111764e-39
-2.421840758160474366e-39
-2.019216799229692813e-39
-1.683527898584197805e-39
-1.403646298105544118e-39
-1.170294196990916067e-39
-9.757362017476353596e-40
-8.135229054786797814e-40
-6.782770963638547812e-40
-5.655155083569214153e-40
-4.715002053093499381e-40
-3.931146720497207845e-40
-3.277605049596206039e-40
-2.732712774398769673e-40
-2.278407249916317487e-40
-1.899628693181366978e-40
-1.583820966199298578e-40
-1.320515352277328957e-40
-1.100983528324292263e-40
-9.179482294930952617e-41
-7.653420149818095891e-41
-6.381061383166190393e-41
-5.320228548631707968e-41
-4.435756077248546052e-41
-3.698324573275671504e-41
-3.083488904957766366e-41
-2.570867872360967501e-41
-2.143468590566676538e-41
-1.787123192187477051e-41
-1.490019176446132754e-41
-1.242307836349951823e-41
-1.035777783704430952e-41
-8.635827496410080030e-42
-7.200146375125850003e-42
-6.003143050829579722e-42
-5.005138036251878177e-42
-4.173048443094120163e-42
-3.479291316698793791e-42
-2.900869288131241296e-42
-2.418608233934116207e-42
-2.016521672723217678e-42
-1.681280828994842322e-42
-1.401772797278301150e-42
-1.168732160209186056e-42
-9.744338490227270747e-43
-8.124370650939244679e-43
-6.773717737744913840e-43
-5.647606930062483532e-43
-4.708708758081183609e-43
-3.925899667416326353e-43
-3.273230303778771686e-43
-2.729065317307646829e-43
-2.275366171923039522e-43
-1.897093185530377270e-43
-1.581706979296484086e-43
-1.318752809528334601e-43
-1.099514003164085899e-43
-9.167230086025751814e-44
-7.643204834890628225e-44
-6.372544334536357636e-44
-5.313127434483119912e-44
-4.429835502605639277e-44
-3.693388276890466819e-44
-3.079373253442117319e-44
-2.567436435900014407e-44
-2.140607620404167519e-44
-1.784737849965959143e-44
-1.488030390408334498e-44
-1.240649680187492653e-44
-1.034395291165370828e-44
-8.624300924523494527e-45
-7.190536062179903859e-45
-5.995130424367367532e-45
-4.998457485557562740e-45
-4.167478514458384801e-45
-3.474647372445278991e-45
-2.896997386058495015e-45
-2.415380024282462045e-45
-2.013830143505992927e-45
-1.679036758655872489e-45
-1.399901797084839133e-45
-1.167172208338167733e-45
-9.731332345981950661e-46
-8.113526740221916716e-46
-6.764676595540995882e-46
-5.640068851367233866e-46
-4.702423862972338838e-46
-3.920659617779530295e-46
-3.268861397103235059e-46
-2.725422728618119574e-46
-2.272329152973766639e-46
-1.894561062119197972e-46
-1.579595814013486661e-46
-1.316992619313078021e-46
-1.098046439435763975e-46
-9.154994230616255496e-47
-7.633003154737814115e-47
-6.364038653939678352e-47
-5.306035798465424269e-47
-4.423922830381957585e-47
-3.688458569170350357e-47
-3.075263095245168691e-47
-2.564009579509594656e-47
-2.137750468888829964e-47
-1.782355691552638455e-47
-1.486044258879932111e-47
-1.238993737230005936e-47
-1.033014643892400266e-47
-8.612789737596777677e-48
-7.180938576489244655e-48
-5.987128492666595607e-48
-4.991785851651805680e-48
-4.161916020221071577e-48
-3.470009626643191935e-48
-2.893130651962714044e-48
-2.412156123446649852e-48
-2.011142206776578056e-48
-1.676795683564121296e-48
-1.398033294187465905e-48
-1.165614338595050990e-48
-9.718343561538904221e-49
-8.102697303290277165e-49
-6.755647520898129726e-49
-5.632540834036145943e-49
-4.696147356555290351e-49
-3.915426562238997847e-49
-3.264498321775820317e-49
-2.721785001832144705e-49
-2.269296187650799896e-49
-1.892032318430753691e-49
-1.577487466584181872e-49
-1.315234778491578886e-49
-1.096580834521327452e-49
-9.142774706874686292e-50
-7.622815091160684064e-50
-6.355544326202801583e-50
-5.298953627927715200e-50
-4.418018050029774603e-50
-3.683535441321176920e-50
-3.071158423034863659e-50
-2.560587297076510380e-50
-2.134897130923768720e-50
-1.779976712698013820e-50
-1.484060778317849682e-50
-1.237340004523424503e-50
-1.031635839422556770e-50
-8.601293915095029251e-51
-7.171353900932738100e-51
-5.979137241452469228e-51
-4.985123122633026019e-51
-4.156360950459320233e-51
-3.465378071019220691e-51
-2.889269078946000168e-51
-2.408936525675604531e-51
-2.008457857739940548e-51
-1.674557599721692691e-51
-1.396167285252924111e-51
-1.164058548200739230e-51
-9.705372113727194590e-52
-8.091882320825490248e-52
-6.746630497709276828e-52
-5.625022864640087818e-52
-4.689879227633328076e-52
-3.910200491459440623e-52
-3.260141070013297108e-52
-2.718152130460352076e-52
-2.266267270543575663e-52
-1.889506949953971326e-52
-1.575381933247472021e-52
-1.313479283927992117e-52
-1.095117185806256579e-52
-9.130571493002542986e-53
-7.612640625984888317e-53
-6.347061336172626932e-53
-5.291880910236054999e-53
-4.412121151015630790e-53
-3.678618884560539647e-53
-3.067059229488800173e-53
-2.557169582495688770e-53
-2.132047601418890681e-53
-1.777600909158180339e-53
-1.482079945183719400e-53
-1.235688479117640733e-53
-1.030258875296209363e-53
-8.589813436510758223e-54
-7.161782018412203537e-54
-5.971156656469499840e-54
-4.978469286615529070e-54
-4.150813295263338459e-54
-3.460752697311046360e-54
-2.885412660119663175e-54
-2.405721225225825753e-54
-2.005777091607420727e-54
-1.672322503136050835e-54
-1.394303766952465444e-54
-1.162504834379844909e-54
-9.692417979406953611e-55
-8.081081773534849840e-55
-6.737625509888897800e-55
-5.617514929767615386e-55
-4.683619465024618431e-55
-3.904981396118026520e-55
-3.255789634042680611e-55
-2.714524108021994965e-55
-2.263242396248785585e-55
-1.886984952183879206e-55
-1.573279210247278650e-55
-1.311726132490677175e-55
-1.093655490679567286e-55
-9.118384567230409899e-56
-7.602479741060007050e-56
-6.338589668716191007e-56
-5.284817632773364684e-56
-4.406232122819937947e-56
-3.673708890117701420e-56
-3.062965507294393674e-56
-2.553756429670313567e-56
-2.129201875290897858e-56
-1.775228276694923341e-56
-1.480101755943958932e-56
-1.234039158066485406e-56
-1.028883749056965925e-56
-8.578348281363727655e-57
-7.152222911852181544e-57
-5.963186723481058970e-57
-4.971824331729482304e-57
-4.145273044736619275e-57
-3.456133497267526288e-57
-2.881561388604164311e-57
-2.402510216361478865e-57
-2.003099903596862996e-57
-1.670090389819988863e-57
-1.392442735961724356e-57
-1.160953194360669762e-57
-9.679481135469056401e-58
-8.070295642151175082e-58
-6.728632541372921777e-58
-5.610017016025262312e-58
-4.677368057562454795e-58
-3.899769266904315361e-58
-3.251444006101364066e-58
-2.710900928045130848e-58
-2.260221559370330896e-58
-1.884466320621438671e-58
-1.571179293832515162e-58
-1.309975321052154030e-58
-1.092195746533730414e-58
-9.106213907817932915e-59
-7.592332418259955532e-59
-6.330129308720998215e-59
-5.277763782939330036e-59
-4.400350954937147377e-59
-3.668805449233838911e-59
-3.058877249148821248e-59
-2.550347832511597881e-59
-2.126359947463245424e-59
-1.772858811075659394e-59
-1.478126207069660479e-59
-1.232392038427721705e-59
-1.027510458251727543e-59
-8.566898429201394460e-60
-7.142676564200307299e-60
-5.955227428269179977e-60
-4.965188246120896911e-60
-4.139740188995864409e-60
-3.451520462648383858e-60
-2.877715257529271897e-60
-2.399303493354488002e-60
-2.000426288932325626e-60
-1.667861255791622105e-60
-1.390584188960792813e-60
-1.159403625375263129e-60
-9.666561558835640905e-61
-8.059523907432540140e-61
-6.719651576118718209e-61
-5.602529110037438800e-61
-4.671124994094834821e-61
-3.894564094520458529e-61
-3.247104178437239441e-61
-2.707282584066222669e-61
-2.257204754519316733e-61
-1.881951050773642202e-61
-1.569082180257168231e-61
-1.308226846489173902e-61
-1.090737950764634183e-61
-9.094059493053776758e-62
-7.582198639482843823e-62
-6.321680241094452459e-62
-5.270719348150683568e-62
-4.394477636875922381e-62
-3.663908553161509693e-62
-3.054794447759005400e-62
-2.546943784938917468e-62
-2.123521812866256627e-62
-1.770492508073529781e-62
-1.476153295036542964e-62
-1.230747117263039244e-62
-1.026139000430669935e-62
-8.555463859598157580e-63
-7.133142958426673274e-63
-5.947278756635635163e-63
-4.958561017951606689e-63
-4.134214718170968524e-63
-3.446913585224387238e-63
-2.873874260033801031e-63
-2.396101050484319269e-63
-1.997756242844296570e-63
-1.665635097074379771e-63
-1.388728122634193520e-63
-1.157856124659320198e-63
-9.653659226459232476e-64
-8.048766550163733828e-64
-6.710682598105072939e-64
-5.595051198446410479e-64
-4.664890263484705818e-64
-3.889365869680851846e-64
-3.242770143308405217e-64
-2.703669069630440739e-64
-2.254191976314040889e-64
-1.879439138153480210e-64
-1.566987865780158226e-64
-1.306480705682599575e-64
-1.089282100771782908e-64
-9.081921301255580033e-65
-7.572078386650941485e-65
-6.313242450764195204e-65
-5.263684315840725373e-65
-4.388612158158741332e-65
-3.659018193165048057e-65
-3.050717095841604038e-65
-2.543544280879764757e-65
-2.120687466436929625e-65
-1.768129363467242430e-65
-1.474183016325217369e-65
-1.229104391638050025e-65
-1.024769373147238490e-65
-8.544044552155791824e-66
-7.123622077524203744e-66
-5.939340694400554447e-66
-4.951942635399105662e-66
-4.128696622405000666e-66
-3.442312856777293071e-66
-2.870038389265764540e-66
-2.392902882038109868e-66
-1.995089760569773218e-66
-1.663411909697000157e-66
-1.386874533670875469e-66
-1.156310689452241626e-66
-9.640774115323255352e-67
-8.038023551154389892e-67
-6.701725591331962106e-67
-5.587583267912268902e-67
-4.658663854609883431e-67
-3.884174583112338590e-67
-3.238441892983343329e-67
-2.700060378291760220e-67
-2.251183219379983372e-67
-1.876930578279930888e-67
-1.564896346665420471e-67
-1.304736895517476950e-67
-1.087828193958042641e-67
-9.069799310769669661e-68
-7.561971641710648428e-68
-6.304815922677983439e-68
-5.256658673459604727e-68
-4.382754508322129913e-68
-3.654134360520709695e-68
-3.046645186122996617e-68
-2.540149314269736943e-68
-2.117856903119050989e-68
-1.765769373041164711e-68
-1.472215367420845586e-68
-1.227463858622247668e-68
-1.023401573958143616e-68
-8.532640486503306293e-69
-7.114113904508522741e-69
-5.931413227403166552e-69
-4.945333086657088735e-69
-4.123185891854183806e-69
-3.437718269099823548e-69
-2.866207638382321722e-69
-2.389708982310620235e-69
-1.992426837351939407e-69
-1.661191689693473891e-69
-1.385023418764205934e-69
-1.154767316997113601e-69
-9.627906202441855273e-70
-8.027294891239985780e-70
-6.692780539821292597e-70
-5.580125305112914990e-70
-4.652445756363025265e-70
-3.878990225554142780e-70
-3.234119419740852693e-70
-2.696456503612531596e-70
-2.248178478349735363e-70
-1.874425366677954623e-70
-1.562807619181876781e-70
-1.302995412883008517e-70
-1.086376227729777447e-70
-9.057693499972042720e-71
-7.551878386632461134e-71
-6.296400641803667350e-71
-5.249642408474221110e-71
-4.376904676916578516e-71
-3.649257046516083573e-71
-3.042578711339183610e-71
-2.536758879052526106e-71
-2.115030117863156327e-71
-1.763412532585290665e-71
-1.470250344813322674e-71
-1.225825515289142006e-71
-1.022035600423357784e-71
-8.521251642296894213e-72
-7.104618422417922723e-72
-5.923496341501599021e-72
-4.938732359934588799e-72
-4.117682516687764832e-72
-3.433129813995657065e-72
-2.862382000549765870e-72
-2.386519345604227913e-72
-1.989767468440385461e-72
-1.658974433103227380e-72
-1.383174774611966509e-72
-1.153226004540701297e-72
-9.615055464859860191e-73
-8.016580551281578616e-73
-6.683847427615720947e-73
-5.572677296743868298e-73
-4.646235957651617007e-73
-3.873812787757846218e-73
-3.229802715870038149e-73
-2.692857439163773794e-73
-2.245177747863242609e-73
-1.871923498878484194e-73
-1.560721679603429760e-73
-1.301256254672549764e-73
-1.084926199496813247e-73
-9.045603847266788660e-74
-7.541798603410724496e-74
-6.287996593129160046e-74
-5.242635508368203786e-74
-4.371062653506524992e-74
-3.644386242450488125e-74
-3.038517664236121335e-74
-2.533372969179906713e-74
-2.112207105626520615e-74
-1.761058837895233482e-74
-1.468287944997229696e-74
-1.224189358716044244e-74
-1.020671450106080601e-74
-8.509877999219904898e-75
-7.095135614313338891e-75
-5.915590022572853885e-75
-4.932140443456514411e-75
-4.112186487088462612e-75
-3.428547483279411444e-75
-2.858561468943511168e-75
-2.383333966228914039e-75
-1.987111649091041042e-75
-1.656760135970831173e-75
-1.381328597916306169e-75
-1.151686749333444667e-75
-9.602221879652737112e-76
-8.005880512165772550e-76
-6.674926238779399224e-76
-5.565239229518884997e-76
-4.640034447397947815e-76
-3.868642260487376508e-76
-3.225491773670296180e-76
-2.689263178525085673e-76
-2.242181022567413787e-76
-1.869424970418363752e-76
-1.558638524208955036e-76
-1.299519417783602554e-76
-1.083478106672432683e-76
-9.033530331087079581e-77
-7.531732274064464522e-77
-6.279603761662408277e-77
-5.235637960641886916e-77
-4.365228427670337732e-77
-3.639521939634857755e-77
-3.034462037569188138e-77
-2.529991578611655749e-77
-2.109387861373149503e-77
-1.758708284772218638e-77
-1.466328164471825294e-77
-1.222555385984201363e-77
-1.019309120572851255e-77
-8.498519536982806839e-78
-7.085665463278310373e-78
-5.907694256512786608e-78
-4.925557325463494599e-78
-4.106697793251749405e-78
-3.423971268776532813e-78
-2.854746036748079063e-78
-2.380152838502254930e-78
-1.984459374566168920e-78
-1.654548794346182622e-78
-1.379484885383894393e-78
-1.150149548629454742e-78
-9.589405423926545594e-79
-7.995194754804679598e-79
-6.666016957397745111e-79
-5.557811090168977496e-79
-4.633841214538961144e-79
-3.863478634518988292e-79
-3.221186585451303470e-79
-2.685673715284637426e-79
-2.239188297116366402e-79
-1.866929776840555376e-79
-1.556558149282294753e-79
-1.297784899117809112e-79
-1.082031946673371578e-79
-9.021472929894870931e-80
-7.521679380636057850e-80
-6.271222132431197790e-80
-5.228649752812288828e-80
-4.359401989000295386e-80
-3.634664129391722997e-80
-3.030411824103518867e-80
-2.526614701315826970e-80
-2.106572380073770371e-80
-1.756360869023075492e-80
-1.464370999741041397e-80
-1.220923594178756404e-80
-1.017948609393370434e-80
-8.487176235322902994e-81
-7.076207952418960610e-81
-5.899809029236076042e-81
-4.918982994211850619e-81
-4.101216425386298959e-81
-3.419401162323669719e-81
-2.850935697157090456e-81
-2.376975956749410642e-81
-1.981810640134355076e-81
-1.652340404284451596e-81
-1.377643633725678062e-81
-1.148614399686473246e-81
-9.576606074817911716e-82
-7.984523260135894049e-82
-6.657119567577420464e-82
-5.550392865443030299e-82
-4.627656248026765155e-82
-3.858321900641246734e-82
-3.216887143532999579e-82
-2.682089043039156794e-82
-2.236199566171353785e-82
-1.864437913693809453e-82
-1.554480551112207213e-82
-1.296052695580947694e-82
-1.080587716919813374e-82
-9.009431622180869105e-83
-7.511639905192067950e-83
-6.262851690483827151e-83
-5.221670872413089411e-83
-4.353583327102564187e-83
-3.629812803055197842e-83
-3.026367016613906280e-83
-2.523242331268309763e-83
-2.103760656705763888e-83
-1.754016586460229558e-83
-1.462416447313475747e-83
-1.219293980388742792e-83
-1.016589914140610967e-83
-8.475848074005272515e-84
-7.066763064863959443e-84
-5.891934326676202835e-84
-4.912417437973582113e-84
-4.095742373713855441e-84
-3.414837155768076357e-84
-2.847130443373168550e-84
-2.373803315303116890e-84
-1.979165441070501326e-84
-1.650134961846073961e-84
-1.375804839657033715e-84
-1.147081299766001890e-84
-9.563823809493972496e-85
-7.973866009122447012e-85
-6.648234053446299584e-85
-5.542984542107609336e-85
-4.621479536827814265e-85
-3.853172049654904052e-85
-3.212593440245575627e-85
-2.678509155393917882e-85
-2.233214824400754736e-85
-1.861949376532871620e-85
-1.552405725992537004e-85
-1.294322804082926748e-85
-1.079145414835384898e-85
-8.997406386464487238e-86
-7.501613829822993943e-86
-6.254492420888019262e-86
-5.214701306994458992e-86
-4.347772431597189103e-86
-3.624967951970961089e-86
-3.022327607884784500e-86
-2.519874462453105967e-86
-2.100952686253393141e-86
-1.751675432901696587e-86
-1.460464503702387199e-86
-1.217666541707079298e-86
-1.015233032390785759e-86
-8.464535032821274073e-87
-7.057330783764295079e-87
-5.884070134785419916e-87
-4.905860645036339289e-87
-4.090275628469213199e-87
-3.410279240967982588e-87
-2.843330268608252371e-87
-2.370634908503672304e-87
-1.976523772655815325e-87
-1.647932463096742553e-87
-1.373968499897721655e-87
-1.145550246133097895e-87
-9.551058605152068291e-88
-7.963222982752784346e-88
-6.639360399153443471e-88
-5.535586106946950467e-88
-4.615311069923424564e-88
-3.848029072373319240e-88
-3.208305467929459271e-88
-2.674934045962730388e-88
-2.230234066480064313e-88
-1.859464160918420327e-88
-1.550333670221942035e-88
-1.292595221537742091e-88
-1.077705037847151917e-88
-8.985397201293811730e-89
-7.491601136643237580e-89
-6.246144308731606565e-89
-5.207741044123630636e-89
-4.341969292118065787e-89
-3.620129567496245140e-89
-3.018293590710219941e-89
-2.516511088862247629e-89
-2.098148463707438070e-89
-1.749337404171024395e-89
-1.458515165425686941e-89
-1.216041275230564975e-89
-1.013877961723342185e-89
-8.453237091589482723e-90
-7.047911092294047019e-90
-5.876216439534732183e-90
-4.899312603703404532e-90
-4.084816179900203633e-90
-3.405727409792488719e-90
-2.839535166083099259e-90
-2.367470730698864047e-90
-1.973885630177803735e-90
-1.645732904107401973e-90
-1.372134611171880787e-90
-1.144021236056502770e-90
-9.538310439020791851e-91
-7.952594162040727056e-91
-6.630498588869068159e-91
-5.528197546762922985e-91
-4.609150836309617660e-91
-3.842892959621782858e-91
-3.204023218935211953e-91
-2.671363708367928378e-91
-2.227257287091884078e-91
-1.856982262417058845e-91
-1.548264380104065397e-91
-1.290869944863618685e-91
-1.076266583385614473e-91
-8.973404045245559607e-92
-7.481601807791076076e-92
-6.237807339122323400e-92
-5.200790071383987804e-92
-4.336173898312804002e-92
-3.615297640999816011e-92
-3.014264957893897117e-92
-2.513152204495785173e-92
-2.095347984065423135e-92
-1.747002496097484265e-92
-1.456568429005935457e-92
-1.214418178059873926e-92
-1.012524699720958921e-92
-8.441954230155411041e-93
-7.038503973649151298e-93
-5.868373226913702944e-93
-4.892773302293677314e-93
-4.079364018267670726e-93
-3.401181654121546867e-93
-2.835745129027594184e-93
-2.364310776244223857e-93
-1.971251008930262380e-93
-1.643536280954241823e-93
-1.370303170208021962e-93
-1.142494266808603036e-93
-9.525579288358318441e-94
-7.941979528025208634e-94
-6.621648606784516366e-94
-5.520818848375016149e-94
-4.602998824997103166e-94
-3.837763702237942721e-94
-3.199746685623876393e-94
-2.667798136240356300e-94
-2.224284480925913550e-94
-1.854503676601309143e-94
-1.546197851947484446e-94
-1.289146970982784479e-94
-1.074830048884671253e-94
-8.961426896925044011e-95
-7.471615825428627105e-95
-6.229481497187785065e-95
-5.193848376375633662e-95
-4.330386239843200760e-95
-3.610472163861960869e-95
-3.010241702249105983e-95
-2.509797803361777651e-95
-2.092551242331549758e-95
-1.744670704515764540e-95
-1.454624290970292465e-95
-1.212797247299550156e-95
-1.011173243969540953e-95
-8.430686428391469291e-96
-7.029109411048172009e-96
-5.860540482931097420e-96
-4.886242729141643770e-96
-4.073919133845458373e-96
-3.396641965845945531e-96
-2.831960150680660288e-96
-2.361155039502616322e-96
-1.968619904213214063e-96
-1.641342589718688011e-96
-1.368474173739022818e-96
-1.140969335665426028e-96
-9.512865130453443253e-97
-7.931379061771149407e-97
-6.612810437112237760e-97
-5.513449998620309286e-97
-4.596855025011259193e-97
-3.832641291071674904e-97
-3.195475860366420114e-97
-2.664237323219286876e-97
-2.221315642678940100e-97
-1.852028399049601981e-97
-1.544134082065702513e-97
-1.287426296821613231e-97
-1.073395431781738060e-97
-8.949465734966132764e-98
-7.461643171741814729e-98
-6.221166768075451562e-98
-5.186915946715220254e-98
-4.324606306384480990e-98
-3.605653127474370798e-98
-3.006223816598727586e-98
-2.506447879476282391e-98
-2.089758233516688081e-98
-1.742342025266164259e-98
-1.452682747850676929e-98
-1.211178480058001706e-98
-1.009823592058215613e-98
-8.419433666196937026e-99
-7.019727387732074541e-99
-5.852718193613850685e-99
-4.879720872597223211e-99
-4.068481516920395253e-99
-3.392108336867299846e-99
-2.828180224290243744e-99
-2.358003514844497403e-99
-1.965992311333121767e-99
-1.639151826487396979e-99
-1.366647618502122372e-99
-1.139446439906634851e-99
-9.500167942625277111e-100
-7.920792744368067809e-100
-6.603984064085560238e-100
-5.506090984353453696e-100
-4.590719425392111489e-100
-3.827525716985069749e-100
-3.191210735544082947e-100
-2.660681262952708779e-100
-2.218350767054829046e-100
-1.849556425346269402e-100
-1.542073066777144117e-100
-1.285707919310579841e-100
-1.071962729517559284e-100
-8.937520538030958588e-101
-7.451683828940343422e-101
-6.212863136952613017e-101
-5.179992770035934658e-101
-4.318834087625775412e-101
-3.600840523240532492e-101
-3.002211293775223690e-101
-2.503102426863342693e-101
-2.086968952638367433e-101
-1.740016454194533259e-101
-1.450743796183513225e-101
-1.209561873447462790e-101
-1.008475741579327857e-101
-8.408195923497919192e-102
-7.010357886964191175e-102
-5.844906345007721652e-102
-4.873207721026300699e-102
-4.063051157792273066e-102
-3.387580759098030926e-102
-2.824405343113303969e-102
-2.354856196647836753e-102
-1.963368225602544699e-102
-1.636963987352202621e-102
-1.364823501238913664e-102
-1.137925576815523021e-102
-9.487487702223205335e-103
-7.910220556930946854e-103
-6.595169471959422605e-103
-5.498741792446643626e-103
-4.584592015194314473e-103
-3.822416970852412081e-103
-3.186951303548274687e-103
-2.657129949096860480e-103
-2.215389848764452281e-103
-1.847087751081537946e-103
-1.540014802405147115e-103
-1.283991835384257139e-103
-1.070531939536325841e-103
-8.925591284810898014e-104
-7.441737779257659070e-104
-6.204570589006354218e-104
-5.173078833987462701e-104
-4.313069573269977866e-104
-3.596034342575099205e-104
-2.998204126620536724e-104
-2.499761439554979140e-104
-2.084183394720767051e-104
-1.737693987152266550e-104
-1.448807432509889653e-104
-1.207947424584124694e-104
-1.007129690128436354e-104
-8.396973180247318770e-105
-7.001000892030194487e-105
-5.837104923177086677e-105
-4.866703262809873462e-105
-4.057628046773713225e-105
-3.383059224461357529e-105
-2.820635500415799244e-105
-2.351713079298108087e-105
-1.960747642340355718e-105
-1.634779068410293544e-105
-1.363001818695339071e-105
-1.136406743679011413e-105
-9.474824386626845404e-106
-7.899662480599974483e-106
-6.586366645009213420e-106
-5.491402409789440974e-106
-4.578472783487130786e-106
-3.817315043560169561e-106
-3.182697556780560334e-106
-2.653583375316525840e-106
-2.212432882525929324e-106
-1.844622371851519348e-106
-1.537959285277957327e-106
-1.282278041981309234e-106
-1.069103059285639919e-106
-8.913677954025003954e-107
-7.431805004950714411e-107
-6.196289109443533248e-107
-5.166174126235980877e-107
-4.307312753033723359e-107
-3.591234576904287637e-107
-2.994202307986420631e-107
-2.496424911591176666e-107
-2.081401554794707394e-107
-1.735374619996296347e-107
-1.446873653375512257e-107
-1.206335130587924369e-107
-1.005785435304280725e-107
-8.385765416424792989e-108
-6.991656386238065604e-108
-5.829313914204929085e-108
-4.860207486344587155e-108
-4.052212174190616348e-108
-3.378543724891277367e-108
-2.816870689472677727e-108
-2.348574157188278819e-108
-1.958130556871674852e-108
-1.632597065763928942e-108
-1.361182567621646157e-108
-1.134889937787640648e-108
-9.462177973246004888e-109
-7.889118496540514609e-109
-6.577575567531500976e-109
-5.484072823289372580e-109
-4.572361719354414682e-109
-3.812219926006973485e-109
-3.178449487652646259e-109
-2.650041535284942794e-109
-2.209479863064241251e-109
-1.842160283258151702e-109
-1.535906511728721167e-109
-1.280566536044486197e-109
-1.067676086216510604e-109
-8.901780524420992946e-110
-7.421885488300775225e-110
-6.188018683490750399e-110
-5.159278634464124205e-110
-4.301563616647373817e-110
-3.586441217665756672e-110
-2.990205830733913082e-110
-2.493092837019806613e-110
-2.078623427897642612e-110
-1.733058348589084980e-110
-1.444942455330695697e-110
-1.204724988582677662e-110
-1.004442974708890713e-110
-8.374572612036720200e-111
-6.982324352918066401e-111
-5.821533304192804075e-111
-4.853720380042572842e-111
-4.046803530381448902e-111
-3.374034252332457432e-111
-2.813110903567862341e-111
-2.345439424718800970e-111
-1.955516964527862979e-111
-1.630417975520616578e-111
-1.359365744772535440e-111
-1.133375156435568741e-111
-9.449548439520648034e-112
-7.878588585943068625e-112
-6.568796223843809809e-112
-5.476753019870975794e-112
-4.566258811894459349e-112
-3.807131609103600989e-112
-3.174207088586368621e-112
-2.646504422683794480e-112
-2.206530785111473164e-112
-1.839701480909400557e-112
-1.533856478095435592e-112
-1.278857314520582225e-112
-1.066251017783318749e-112
-8.889898974775193003e-113
-7.411979211612333789e-113
-6.179759296394327902e-113
-5.152392346370969077e-113
-4.295822153854999524e-113
-3.581654256308594595e-113
-2.986214687733665578e-113
-2.489765209896895337e-113
-2.075849009073589922e-113
-1.730745168798568715e-113
-1.443013834930320007e-113
-1.203116995696073414e-113
-1.003102305947440538e-113
-8.363394747116166820e-114
-6.973004775422704717e-114
-5.813763079260819818e-114
-4.847241932331430152e-114
-4.041402105697685955e-114
-3.369530798740607077e-114
-2.809356135994161096e-114
-2.342308876297533579e-114
-1.952906860646455290e-114
-1.628241793793106319e-114
-1.357551346906961802e-114
-1.131862396920565253e-114
-9.436935762920845750e-115
-7.868072730023245747e-115
-6.560028598284599192e-115
-5.469442986476393287e-115
-4.560164050220499117e-115
-3.802050083772855763e-115
-3.169970352013586883e-115
-2.642972031203121451e-115
-2.203585643406803638e-115
-1.837245960418987303e-115
-1.531809180721160331e-115
-1.277150374360612536e-115
-1.064827851443964397e-115
-8.878033283891255640e-116
-7.402086157212874092e-116
-6.171510933420101752e-116
-5.145515249671863834e-116
-4.290088354414236333e-116
-3.576873684293199931e-116
-2.982228871865931477e-116
-2.486442024286261406e-116
-2.073078293373418847e-116
-1.728435076498394187e-116
-1.441087788734026544e-116
-1.201511149059497775e-116
-1.001763426628214304e-116
-8.352231801722614097e-117
-6.963697637126515877e-117
-5.806003225547442483e-117
-4.840772131654065875e-117
-4.036007890503798179e-117
-3.365033356081977725e-117
-2.805606380053653297e-117
-2.339182506340064948e-117
-1.950300240571433883e-117
-1.626068516699150837e-117
-1.355739370788090553e-117
-1.130351656543973843e-117
-9.424339920946475962e-118
-7.857570910021500362e-118
-6.551272675213044614e-118
-5.462142710065352679e-118
-4.554077423460038507e-118
-3.796975340950087637e-118
-3.165739270376622446e-118
-2.639444354541688703e-118
-2.200644432696183015e-118
-1.834793717406333147e-118
-1.529764615953530619e-118
-1.275445712519407509e-118
-1.063406584659528303e-118
-8.866183430602385853e-119
-7.392206307454937526e-119
-6.163273579854277909e-119
-5.138647332099141763e-119
-4.284362208096878737e-119
-3.572099493091777504e-119
-2.978248376020128034e-119
-2.483123274259435921e-119
-2.070311275854190897e-119
-1.726128067567372827e-119
-1.439164313305762053e-119
-1.199907445808336281e-119
-1.000426334362888846e-119
-8.341083755943105430e-120
-6.954402921427014635e-120
-5.798253729210303804e-120
-4.834310966469363384e-120
-4.030620875176657066e-120
-3.360541916333258894e-120
-2.801861629056799395e-120
-2.336060309268973368e-120
-1.947697099652605076e-120
-1.623898140361916821e-120
-1.353929813183677481e-120
-1.128842932610869328e-120
-9.411760891128517911e-121
-7.847083107204221982e-121
-6.542528439009941753e-121
-5.454852177614367323e-121
-4.547998920754707795e-121
-3.791907371581989766e-121
-3.161513836127255825e-121
-2.635921386406143845e-121
-2.197707147732886974e-121
-1.832344747497070811e-121
-1.527722780145404754e-121
-1.273743325956152305e-121
-1.061987214894722358e-121
-8.854349393770038896e-122
-7.382339644712938369e-122
-6.155047221001472259e-122
-5.131788581400481650e-122
-4.278643704687520845e-122
-3.567331674187203126e-122
-2.974273193095584124e-122
-2.479808953896356460e-122
-2.067547951580037536e-122
-1.723824137890209393e-122
-1.437243405214386967e-122
-1.198305883081798275e-122
-9.990910267661002605e-123
-8.329950589889601295e-123
-6.945120611742489692e-123
-5.790514576424354124e-123
-4.827858425250648570e-123
-4.025241050106553427e-123
-3.356056471482516589e-123
-2.798121876323627475e-123
-2.332942279514811929e-123
-1.945097433246428076e-123
-1.621730660909744604e-123
-1.352122670865483784e-123
-1.127336222429698061e-123
-9.399198651026067224e-124
-7.836609302861242803e-124
-6.533795874075635332e-124
-5.447571376118106507e-124
-4.541928531261533702e-124
-3.786846166628202562e-124
-3.157294041728059517e-124
-2.632403120512136442e-124
-2.194773783277193846e-124
-1.829899046322254698e-124
-1.525683669654161823e-124
-1.272043211633800793e-124
-1.060569739617400359e-124
-8.842531152282373808e-125
-7.372486151386079556e-125
-6.146831842187319314e-125
-5.124938985341088060e-125
-4.272932833985365363e-125
-3.562570219074530853e-125
-2.970303316001110173e-125
-2.476499057284298297e-125
-2.064788315621206161e-125
-1.721523283356708777e-125
-1.435325061033014541e-125
-1.196706458022706165e-125
-9.977575014558397024e-126
-8.318832283702506269e-126
-6.935850691514947055e-126
-5.782785753384315652e-126
-4.821414496487729823e-126
-4.019868405696601760e-126
-3.351577013527747994e-126
-2.794387115182444004e-126
-2.329828411515036290e-126
-1.942501236715114161e-126
-1.619566074475864995e-126
-1.350317940609810657e-126
-1.125831523312756234e-126
-9.386653178230313302e-127
-7.826149478309150749e-127
-6.525074964832772518e-127
-5.440300292588602503e-127
-4.535866244150982597e-127
-3.781791717059571373e-127
-3.153079879650948688e-127
-2.628889550583104012e-127
-2.191844334096001466e-127
-1.827456609519083011e-127
-1.523647280842389928e-127
-1.270345366519650102e-127
-1.059154156299037472e-127
-8.830728685057739945e-128
-7.362645809897054111e-128
-6.138627428755638317e-128
-5.118098531701329444e-128
-4.267229585802258353e-128
-3.557815119259358305e-128
-2.966338737654471243e-128
-2.473193578518850163e-128
-2.062032363054996019e-128
-1.719225499862554048e-128
-1.433409277339658187e-128
-1.195109167777969429e-128
-9.964257560532773858e-129
-8.307728817546837407e-129
-6.926593144206908778e-129
-5.775067246302019942e-129
-4.814979168684682175e-129
-4.014502932362039941e-129
-3.347103534478202380e-129
-2.790657338971096170e-129
-2.326718699715057757e-129
-1.939908505427509523e-129
-1.617404377199039872e-129
-1.348515619197262393e-129
-1.124328832575670716e-129
-9.374124450360217032e-130
-7.815703614887687983e-130
-6.516365695723313962e-130
-5.433038914054289193e-130
-4.529812048608749921e-130
-3.776744013859852111e-130
-3.148871342378605771e-130
-2.625380670351459794e-130
-2.188918794963692276e-130
-1.825017432730576561e-130
-1.521613610077184762e-130
-1.268649787584756473e-130
-1.057740462414243087e-130
-8.818941971040614313e-131
-7.352818602690759300e-131
-6.130433966070859708e-131
-5.111267208279046216e-131
-4.261533949964614263e-131
-3.553066366259429012e-131
-2.962379450983561715e-131
-2.469892511703483162e-131
-2.059280088964805394e-131
-1.716930783308515288e-131
-1.431496050716572696e-131
-1.193514009498032942e-131
-9.950957881825886216e-132
-8.296640171615506627e-132
-6.917347953304553290e-132
-5.767359041409018334e-132
-4.808552430362020321e-132
-4.009144620531815402e-132
-3.342636026353796381e-132
-2.786932541035689718e-132
-2.323613138567171920e-132
-1.937319234758198424e-132
-1.615245565222815313e-132
-1.346715703412509631e-132
-1.122828147537843474e-132
-9.361612445066747513e-133
-7.805271693963286584e-133
-6.507668051211464438e-133
-5.425787227562153925e-133
-4.523765933834966105e-133
-3.771703048023977890e-133
-3.144668422403028200e-133
-2.621876473557385703e-133
-2.185997160661122828e-133
-1.822581511605261179e-133
-1.519582653730752237e-133
-1.266956471804506592e-133
-1.056328655441237192e-133
-8.807170989205588724e-134
-7.343004512237195836e-134
-6.122251439516948717e-134
-5.104445002887204384e-134
-4.255845916311457627e-134
-3.548323951603000350e-134
-2.958425448925042109e-134
-2.466595850949117171e-134
-2.056531488440948907e-134
-1.714639129601224057e-134
-1.429585377750900807e-134
-1.191920980337416635e-134
-9.937675954713459739e-135
-8.285566326127860456e-135
-6.908115102314520943e-135
-5.759661124953925949e-135
-4.802134270054488616e-135
-4.003793460646735778e-135
-3.338174481184524911e-135
-2.783212714731685107e-135
-2.320511722531607205e-135
-1.934733420088381275e-135
-1.613089634696253602e-135
-1.344918190044821467e-135
-1.121329465522254343e-135
-9.349117140028573035e-136
-7.794853696925469070e-136
-6.498982015780685016e-136
-5.418545220175237630e-136
-4.517727889043402629e-136
-3.766668810559542205e-136
-3.140471112226950416e-136
-2.618376953950014124e-136
-2.183079425976615849e-136
-1.820148841797883904e-136
-1.517554408180138233e-136
-1.265265416158037257e-136
-1.054918732861365949e-136
-8.795415718553311643e-137
-7.333203521028096108e-137
-6.114079834496331983e-137
-5.097631903355907072e-137
-4.250165474696344328e-137
-3.543587866830443612e-137
-2.954476724425671239e-137
-2.463303590375092192e-137
-2.053786556580291504e-137
-1.712350534652386140e-137
-1.427677255034015334e-137
-1.190330077454167618e-137
-9.924411755500628955e-138
-8.274507261328232102e-138
-6.898894574766649164e-138
-5.751973483205022311e-138
-4.795724676313222851e-138
-3.998449443161279727e-138
-3.333718891011780561e-138
-2.779497853423412461e-138
-2.317414446075458534e-138
-1.932151056804981773e-138
-1.610936581773188962e-138
-1.343123075887446067e-138
-1.119832783855264673e-138
-9.336638512955749817e-139
-7.784449605190372830e-139
-6.490307573936626528e-139
-5.411312878975081280e-139
-4.511697903463256469e-139
-3.761641292486145356e-139
-3.136279404362400613e-139
-2.614882105286227561e-139
-2.180165585704952206e-139
-1.817719418968579852e-139
-1.515528869806967264e-139
-1.263576617628732914e-139
-1.053510692159576944e-139
-8.783676138114460108e-140
-7.323415611580225538e-140
-6.105919136432315187e-140
-5.090827897531503182e-140
-4.244492614985404716e-140
-3.538858103492616613e-140
-2.950533270440952995e-140
-2.460015724108037941e-140
-2.051045288485894275e-140
-1.710064994379455971e-140
-1.425771679162162336e-140
-1.188741298010396950e-140
-9.911165260526409387e-141
-8.263462957489209880e-141
-6.889686354212753887e-141
-5.744296102447605589e-141
-4.789323637703553203e-141
-3.993112558541755578e-141
-3.329269247886821633e-141
-2.775787950483585138e-141
-2.314321303673601817e-141
-1.929572140301521303e-141
-1.608786402612956966e-141
-1.341330357738217913e-141
-1.118338099867059327e-141
-9.324176541588085491e-142
-7.774059400197170898e-142
-6.481644710204145220e-142
-5.404090191059236307e-142
-4.505675966337075541e-142
-3.756620484834726195e-142
-3.132093291331936459e-142
-2.611391921331833449e-142
-2.177255634648357467e-142
-1.815293238783687627e-142
-1.513506034998037205e-142
-1.261890073204003386e-142
-1.052104530823935447e-142
-8.771952226945704372e-143
-7.313640766432021642e-143
-6.097769330766266836e-143
-5.084032973275690241e-143
-4.238827327059020407e-143
-3.534134653152458346e-143
-2.946595079936463278e-143
-2.456732246282983766e-143
-2.048307679267820072e-143
-1.707782504705337177e-143
-1.423868646735808231e-143
-1.187154639171732313e-143
-9.897936446159148415e-144
-8.252433394907829050e-144
-6.880490424225436654e-144
-5.736628968986264824e-144
-4.782931142807159853e-144
-3.987782797268107105e-144
-3.324825543872273253e-144
-2.772082999294392504e-144
-2.311232289808286204e-144
-1.926996665977230286e-144
-1.606639093379651545e-144
-1.339540032398939854e-144
-1.116845410891132344e-144
-9.311731203693508178e-145
-7.763683063411135955e-145
-6.472993409130226467e-145
-5.396877143543708777e-145
-4.499662066922788928e-145
-3.751606378649054369e-145
-3.127912765668093684e-145
-2.607906395860368130e-145
-2.174349567615497631e-145
-1.812870296914918884e-145
-1.511485900144624804e-145
-1.260205779875065368e-145
-1.050700246346039016e-145
-8.760243964133663319e-146
-7.303878968146890294e-146
-6.089630402960377949e-146
-5.077247118467526193e-146
-4.233169600811080041e-146
-3.529417507383367119e-146
-2.942662145886497190e-146
-2.453453151042226688e-146
-2.045573724042192606e-146
-1.705503061558083481e-146
-1.421968154360199115e-146
-1.185570098107855990e-146
-9.884725288800978963e-147
-8.241418553909306414e-147
-6.871306768400783013e-147
-5.728972069143862127e-147
-4.776547180219875502e-147
-3.982460149832075678e-147
-3.320387771040596844e-147
-2.768382993246227530e-147
-2.308147398968733203e-147
-1.924424629237809530e-147
-1.604494650242853833e-147
-1.337752096675988598e-147
-1.115354714264790929e-147
-9.299302477071737548e-148
-7.753320576322277561e-148
-6.464353655281004086e-148
-5.389673723560469573e-148
-4.493656194491643044e-148
-3.746598964983998284e-148
-3.123737819912844245e-148
-2.604425522654122963e-148
-2.171447379422464577e-148
-1.810450589040174238e-148
-1.509468461643166928e-148
-1.258523734637437581e-148
-1.049297836220832566e-148
-8.748551328790872874e-149
-7.294130199309851877e-149
-6.081502338494855981e-149
-5.070470321001094130e-149
-4.227519426148237787e-149
-3.524706657770587611e-149
-2.938734461275396396e-149
-2.450178432536442957e-149
-2.042843417932120247e-149
-1.703226660871572308e-149
-1.420070198645111983e-149
-1.183987671991957339e-149
-9.871531764883289303e-150
-8.230418414843236809e-150
-6.862135370355216030e-150
-5.721325389260540367e-150
-4.770171738553570456e-150
-3.977144606739001425e-150
-3.315955921475592188e-150
-2.764687925738934532e-150
-2.305066625652042979e-150
-1.921856025495090861e-150
-1.602353069376892112e-150
-1.335966547379699180e-150
-1.113866007328642352e-150
-9.286890339550012232e-151
-7.742971920443987775e-151
-6.455725433244325752e-151
-5.382479918259893838e-151
-4.487658338330222882e-151
-3.741598234907219354e-151
-3.119568446618822679e-151
-2.600949295503688639e-151
-2.168549064891774086e-151
-1.808034110842711223e-151
-1.507453715894567358e-151
-1.256843934490363038e-151
-1.047897297946425954e-151
-8.736874300059250106e-152
-7.284394442530827472e-152
-6.073385122870673016e-152
-5.063702568787786888e-152
-4.221876792991583011e-152
-3.520002095910599008e-152
-2.934812019096198443e-152
-2.446908084923555620e-152
-2.040116756066755296e-152
-1.700953298584719700e-152
-1.418174776204606847e-152
-1.182407358001200772e-152
-9.858355850871168346e-153
-8.219432958087324065e-153
-6.852976213728583922e-153
-5.713688915695979988e-153
-4.763804806435312128e-153
-3.971836158505992150e-153
-3.311529987270868804e-153
-2.760997790180538412e-153
-2.301989964362136970e-153
-1.919290850166702720e-153
-1.600214346961474077e-153
-1.334183381324967368e-153
-1.112379287427097185e-153
-9.274494768987275700e-154
-7.732637077316098598e-154
-6.447108727628599086e-154
-5.375295714808280849e-154
-4.481668487738394745e-154
-3.736604179497449376e-154
-3.115404638347897276e-154
-2.597477708207498876e-154
-2.165654618853223226e-154
-1.805620858011961038e-154
-1.505441659304875785e-154
-1.255166376437375776e-154
-1.046498629024507108e-154
-8.725212857108542473e-155
-7.274671680441292071e-155
-6.065278741606773766e-155
-5.056943849753980489e-155
-4.216241691274696791e-155
-3.515303813410494572e-155
-2.930894812351794884e-155
-2.443642102369844161e-155
-2.037393733582215953e-155
-1.698682970642250675e-155
-1.416281883657585518e-155
-1.180829153316519122e-155
-9.845197523258874096e-156
-8.208462164043583937e-156
-6.843829282181014764e-156
-5.706062634826759529e-156
-4.757446372506539730e-156
-3.966534795663489842e-156
-3.307109960531345255e-156
-2.757312579988490216e-156
-2.298917409610796394e-156
-1.916729098676826440e-156
-1.598078479181406517e-156
-1.332402595330637429e-156
-1.110894551907857306e-156
-9.262115743269913701e-157
-7.722316028501320521e-157
-6.438503523061681005e-157
-5.368121100389979993e-157
-4.475686632031326393e-157
-3.731616789846175591e-157
-3.111246387672570294e-157
-2.594010754572857182e-157
-2.162764036143509137e-157
-1.803210826242696717e-157
-1.503432288284597928e-157
-1.253491057485723064e-157
-1.045101826959860333e-157
-8.713566979134813089e-158
-7.264961895697148800e-158
-6.057183180242807166e-158
-5.050194151843316054e-158
-4.210614110945554052e-158
-3.510611801889369998e-158
-2.926982834054414726e-158
-2.440380479048817499e-158
-2.034674345620647911e-158
-1.696415672993915145e-158
-1.414391517627140830e-158
-1.179253055122405607e-158
-9.832056758573722073e-159
-8.197506013142066135e-159
-6.834694559396002091e-159
-5.698446533048948189e-159
-4.751096425424930837e-159
-3.961240508754575443e-159
-3.302695833371723283e-159
-2.753632288588400033e-159
-2.295848955916604342e-159
-1.914170766455315653e-159
-1.595945462226316007e-159
-1.330624186220026847e-159
-1.109411798122417220e-159
-9.249753240315935941e-160
-7.712008755588729683e-160
-6.429909804193411784e-160
-5.360956062206443053e-160
-4.469712760537427583e-160
-3.726636057055931292e-160
-3.107093687174551411e-160
-2.590548428414741622e-160
-2.159877311605852631e-160
-1.800804011235746138e-160
-1.501425599249371116e-160
-1.251817974646933471e-160
-1.043706889260837714e-160
-8.701936645363882498e-161
-7.255265070977446641e-161
-6.049098424336347237e-161
-5.043453463014380165e-161
-4.204994041964592486e-161
-3.505926052976709391e-161
-2.923076077225116300e-161
-2.437123209142179856e-161
-2.031958587331145949e-161
-1.694151401595255709e-161
-1.412503674741194294e-161
-1.177679060607380364e-161
-9.818933533374356684e-162
-8.186564485837070469e-162
-6.825572029077263099e-162
-5.690840596775469637e-162
-4.744754953862225647e-162
-3.955953288334278107e-162
-3.298287597917793834e-162
-2.749956909415280433e-162
-2.292784597805983248e-162
-1.911615848938557834e-162
-1.593815292291278026e-162
-1.328848150820692887e-162
-1.107931023425554611e-162
-9.237407238070725693e-163
-7.701715240190221777e-163
-6.421327555692654512e-163
-5.353800587475288909e-163
-4.463746862600115534e-163
-3.721661972241970566e-163
-3.102946529446158703e-163
-2.587090723556975152e-163
-2.156994440090847281e-163
-1.798400408697675059e-163
-1.499421588619275815e-163
-1.250147124936237874e-163
-1.042313813438880167e-163
-8.690321835047312601e-164
-7.245581188983116400e-164
-6.041024459465279150e-164
-5.036721771242976569e-164
-4.199381474306602358e-164
-3.501246558313965587e-164
-2.919174534894936100e-164
-2.433870286839398650e-164
-2.029246453868814636e-164
-1.691890152406827623e-164
-1.410618351631847346e-164
-1.176107166963447784e-164
-9.805827824249030203e-165
-8.175637562610386350e-165
-6.816461674951818198e-165
-5.683244812438681599e-165
-4.738421946506358940e-165
-3.950673124971132726e-165
-3.293885246305857526e-165
-2.746286435912279240e-165
-2.289724329812138444e-165
-1.909064341568597956e-165
-1.591687965576083389e-165
-1.327074485964200321e-165
-1.106452225175766440e-165
-9.225077714511197007e-166
-7.691435463943987670e-166
-6.412756762250196828e-166
-5.346654663432421273e-166
-4.457788927577030323e-166
-3.716694526530559529e-166
-3.098804907088889899e-166
-2.583637633831037162e-166
-2.154115416455470806e-166
-1.796000014340472257e-166
-1.497420252819427017e-166
-1.248478505373136541e-166
-1.040922597008987055e-166
-8.678722527466337563e-167
-7.235910232439827790e-167
-6.032961271226733346e-167
-5.029999064519813634e-167
-4.193776397958801296e-167
-3.496573309552952414e-167
-2.915278200103550270e-167
-2.430621706337282611e-167
-2.026537940395573672e-167
-1.689631921394963096e-167
-1.408735544936017223e-167
-1.174537371386627938e-167
-9.792739607819480709e-168
-8.164725223969848437e-168
-6.807363480766858757e-168
-5.675659166487756781e-168
-4.732097392059290013e-168
-3.945400009245364491e-168
-3.289488770682150338e-168
-2.742620861531766525e-168
-2.286668146476094469e-168
-1.906516239793998322e-168
-1.589563478285958500e-168
-1.325303188486644888e-168
-1.104975400735075496e-168
-9.212764647641564676e-169
-7.681169408510977968e-169
-6.404197408575802629e-169
-5.339518277329557463e-169
-4.451838944839256780e-169
-3.711733711060443970e-169
-3.094668812714824037e-169
-2.580189153077225676e-169
-2.151240235564054412e-169
-1.793602823882259832e-169
-1.495421588279710542e-169
-1.246812112980823418e-169
-1.039533237489237838e-169
-8.667138701927872811e-170
-7.226252184094658729e-170
-6.024908845236037570e-170
-5.023285330852487416e-170
-4.188178802922726665e-170
-3.491906298357421426e-170
-2.911387065900587278e-170
-2.427377461840939862e-170
-2.023833042079798310e-170
-1.687376704530992993e-170
-1.406855251294789852e-170
-1.172969671076416341e-170
-9.779668860736418385e-171
-8.153827450447923316e-171
-6.798277430292430387e-171
-5.668083645391246358e-171
-4.725781279239133730e-171
-3.940133931750667569e-171
-3.285098163204136068e-171
-2.738960179734850077e-171
-2.283616042345640308e-171
-1.903971539068962956e-171
-1.587441826630832288e-171
-1.323534255228044380e-171
-1.103500547468837095e-171
-9.200468015496974968e-172
-7.670917055578365688e-172
-6.395649479401100181e-172
-5.332391416436649456e-172
-4.445896903773078588e-172
-3.706779516982195597e-172
-3.090538238945197864e-172
-2.576745275143474930e-172
-2.148368892287294865e-172
-1.791208833046466378e-172
-1.493425591434522477e-172
-1.245147944786679042e-172
-1.038145732401261159e-172
-8.655570337768424144e-173
-7.216607026719363366e-173
-6.016867167129089468e-173
-5.016580558264598649e-173
-4.182588679212305335e-173
-3.487245516401456744e-173
-2.907501125344289324e-173
-2.424137547562660278e-173
-2.021131754095969536e-173
-1.685124497791913627e-173
-1.404977467354053998e-173
-1.171404063236313169e-173
-9.766615559683942759e-174
-8.142944222604908131e-174
-6.789203507320240063e-174
-5.660518235634471418e-174
-4.719473596777987979e-174
-3.934874883092395352e-174
-3.280713416039002721e-174
-2.735304383990898374e-174
-2.280568011976234061e-174
-1.901430234854196447e-174
-1.585323006826054040e-174
-1.321767683032935055e-174
-1.102027662746174219e-174
-9.188187796141889565e-175
-7.660678386856022954e-175
-6.387112959476643388e-175
-5.325274068039426718e-175
-4.439962793777936222e-175
-3.701831935457566130e-175
-3.086413178411623245e-175
-2.573305993886516944e-175
-2.145501381503224948e-175
-1.788818037562635781e-175
-1.491432258723357841e-175
-1.243485997822050723e-175
-1.036760079269757009e-175
-8.644017414350109556e-176
-7.206974743107044099e-176
-6.008836222559591603e-176
-5.009884734794878947e-176
-4.177006016855510654e-176
-3.482590955371048363e-176
-2.903620371502827625e-176
-2.420901957723009807e-176
-2.018434071625466588e-176
-1.682875297160092032e-176
-1.403102189763856148e-176
-1.169840545073284667e-176
-9.753579681375059387e-177
-8.132075521025202528e-177
-6.780141695662471404e-177
-5.652962923721759752e-177
-4.713174333424064698e-177
-3.929622853889337416e-177
-3.276334521365136779e-177
-2.731653467778619040e-177
-2.277524049930597798e-177
-1.898892322616029410e-177
-1.583207015091663639e-177
-1.320003468749764147e-177
-1.100556743939470513e-177
-9.175923967668481323e-178
-7.650453384079545486e-178
-6.378587833574789988e-178
-5.318166219441798689e-178
-4.434036604268427375e-178
-3.696890957660947047e-178
-3.082293623755547095e-178
-2.569871303170696339e-178
-2.142637698096224300e-178
-1.786430433165605578e-178
-1.489441586590124778e-178
-1.241826269122036911e-178
-1.035376275622907210e-178
-8.632479911064559402e-179
-7.197355316075414946e-179
-6.000815997201759931e-179
-5.003197848499165703e-179
-4.171430805893622373e-179
-3.477942606962492053e-179
-2.899744797452963313e-179
-2.417670686549719313e-179
-2.015739989855643028e-179
-1.680629098622968784e-179
-1.401229415178953059e-179
-1.168279113798291398e-179
-9.740561202556063664e-180
-8.121221326320965047e-180
-6.771091979154457715e-180
-5.645417696175449506e-180
-4.706883477939519985e-180
-3.924377834771909831e-180
-3.271961471370621094e-180
-2.728007424584802638e-180
-2.274484150778325378e-180
-1.896357797827167916e-180
-1.581093847653106186e-180
-1.318241609231485450e-180
-1.099087788424867058e-180
-9.163676508200249898e-181
-7.640242029008899840e-181
-6.370074086486775120e-181
-5.311067857963411288e-181
-4.428118324672269937e-181
-3.691956574777666136e-181
-3.078179567627711834e-181
-2.566441196868988574e-181
-2.139777836957989066e-181
-1.784046015596312118e-181
-1.487453571483816663e-181
-1.240168755725974575e-181
-1.033994318992191953e-181
-8.620957807328946475e-182
-7.187748728463481995e-182
-5.992806476747566124e-182
-4.996519887448098490e-182
-4.165863036380503391e-182
-3.473300462883758900e-182
-2.895874396281358669e-182
-2.414443728278772292e-182
-2.013049503980734320e-182
-1.678385898173723392e-182
-1.399359140258567499e-182
-1.166719766625750432e-182
-9.727560100002081414e-183
-8.110381619128388480e-183
-6.762054341651565833e-183
-5.637882539534907604e-183
-4.700601019102314678e-183
-3.919139816383925064e-183
-3.267594258254707728e-183
-2.724366247905553504e-183
-2.271448309096774418e-183
-1.893826655966360460e-183
-1.578983500740505926e-183
-1.316482101334954002e-183
-1.097620793581757784e-183
-9.151445395887812388e-184
-7.630044303427099137e-184
-6.361571703025219891e-184
-5.303978970942047660e-184
-4.422207944432302621e-184
-3.687028778005658959e-184
-3.074071002689369410e-184
-2.563015668862544447e-184
-2.136921792986546312e-184
-1.781664780600970577e-184
-1.485468209857827862e-184
-1.238513454676872225e-184
-1.032614206912209954e-184
-8.609451082589387426e-185
-7.178154963134795820e-185
-5.984807646909444095e-185
-4.989850839729378100e-185
-4.160302698384237384e-185
-3.468664514853887960e-185
-2.892009161083244755e-185
-2.411221077153297710e-185
-2.010362609200931741e-185
-1.676145691810501668e-185
-1.397491361666141017e-185
-1.165162500773996440e-185
-9.714576350521447450e-186
-8.099556380111352738e-186
-6.753028767032251604e-186
-5.630357440358748843e-186
-4.694326945705386823e-186
-3.913908789380795775e-186
-3.263232874226318845e-186
-2.720729931245038118e-186
-2.268416519470024192e-186
-1.891298892518067546e-186
-1.576875970589287726e-186
-1.314724941921519152e-186
-1.096155756793283223e-186
-9.139230608913030198e-187
-7.619860189143209564e-187
-6.353080668023015325e-187
-5.296899545731178713e-187
-4.416305453004445519e-187
-3.682107558553770072e-187
-3.069967921610868560e-187
-2.559594713040245344e-187
-2.134069561087098136e-187
-1.779286723931879708e-187
-1.483485498170625343e-187
-1.236860363021965244e-187
-1.031235936921085385e-187
-8.597959716319432491e-188
-7.168574002974142508e-188
-5.976819493417536957e-188
-4.983190693445468935e-188
-4.154749781985220378e-188
-3.464034754602380206e-188
-2.888149084963561352e-188
-2.408002727424656407e-188
-2.007679300723290436e-188
-1.673908475537172697e-188
-1.395626076069887478e-188
-1.163607313465076627e-188
-9.701609930951240107e-189
-8.088745589957704223e-189
-6.744015239194949198e-189
-5.622842385222246775e-189
-4.688061246555832459e-189
-3.908684744431073088e-189
-3.258877311505517304e-189
-2.717098468116710430e-189
-2.265388776489898498e-189
-1.888774502973205756e-189
-1.574771253439901145e-189
-1.312970127856420425e-189
-1.094692675445827763e-189
-9.127032125484806086e-190
-7.609689667988837431e-190
-6.344600966332211314e-190
-5.289829569702063776e-190
-4.410410839859701137e-190
-3.677192907643414092e-190
-3.065870317073038947e-190
-2.556178323299712220e-190
-2.131221136171645816e-190
-1.776911841346602369e-190
-1.481505432885064341e-190
-1.235209477812149619e-190
-1.029859506559994438e-190
-8.586483688018563827e-191
-7.159005830890379161e-191
-5.968842002022394712e-191
-4.976539436715848489e-191
-4.149204277278032650e-191
-3.459411173870562681e-191
-2.884294161036452033e-191
-2.404788673351334240e-191
-2.004999573760806962e-191
-1.671674245362557403e-191
-1.393763280142150236e-191
-1.162054201924547176e-191
-9.688660818161113222e-192
-8.077949229382911464e-192
-6.735013742061123569e-192
-5.615337360719874635e-192
-4.681803910476753760e-192
-3.903467672215764127e-192
-3.254527562322009343e-192
-2.713471852042065217e-192
-2.262365074754924734e-192
-1.886253482828282700e-192
-1.572669345537544993e-192
-1.311217656009305726e-192
-1.093231546929513572e-192
-9.114849923843209879e-193
-7.599532721821573816e-193
-6.336132582826523127e-193
-5.282769030242817184e-193
-4.404524094482117494e-193
-3.672284816506889345e-193
-3.061778181765782002e-193
-2.552766493546128097e-193
-2.128376513158619882e-193
-1.774540128608667886e-193
-1.479528010469059544e-193
-1.233560796102538405e-193
-1.028484913373628801e-193
-8.575022977215579088e-194
-7.149450429815174844e-194
-5.960875158492224284e-194
-4.969897057674720659e-194
-4.143666174369530695e-194
-3.454793764409998468e-194
-2.880444382424759069e-194
-2.401578909199891897e-194
-2.002323423533322373e-194
-1.669442997301184764e-194
-1.391902970560031028e-194
-1.160503163381932175e-194
-9.675728989051589631e-195
-8.067167279126338144e-195
-6.726024259572163188e-195
-5.607842353462718229e-195
-4.675554926305105277e-195
-3.898257563427647043e-195
-3.250183618916427576e-195
-2.709850076551861699e-195
-2.259345408871354716e-195
-1.883735827586244179e-195
-1.570570243132788003e-195
-1.309467523254000943e-195
-1.091772368637697096e-195
-9.102683982255269351e-196
-7.589389332521496378e-196
-6.327675502398412347e-196
-5.275717914757483385e-196
-4.398645206370534893e-196
-3.667383276389028446e-196
-3.057691508389452728e-196
-2.549359217693393573e-196
-2.125535686973715233e-196
-1.772171581487259478e-196
-1.477553227394902616e-196
-1.231914314951894401e-196
-1.027112154909723768e-196
-8.563577563464646346e-197
-7.139907782701756041e-197
-5.952918948615250228e-197
-4.963263544473257781e-197
-4.138135463380720720e-197
-3.450182517984047721e-197
-2.876599742261159268e-197
-2.398373429244541108e-197
-1.999650845266603494e-197
-1.667214727372523329e-197
-1.390045144004750545e-197
-1.158954195070189352e-197
-9.662814420552374848e-198
-8.056399719954436512e-198
-6.717046775692424881e-198
-5.600357350081013719e-198
-4.669314282893806977e-198
-3.893054408772810004e-198
-3.245845473539760494e-198
-2.706233135184877899e-198
-2.256329773452124697e-198
-1.881221532755610164e-198
