-1.600000000000000089e+00
-9.704490555402135454e-01
-5.886071058743077566e-01
-3.570082562374877200e-01
-2.165364531785803348e-01
-1.313359977982380966e-01
-7.965930938858231669e-02
-4.831581347570960278e-02
-2.930502222197468865e-02
-1.777439446118769112e-02
-1.078071519853674755e-02
-6.538834301542506555e-03
-3.966003482666173585e-03
-2.405502708764115875e-03
-1.459011144887225990e-03
-8.849349922365338031e-04
-5.367402046440190302e-04
-3.255493904170306914e-04
-1.974556865386873088e-04
-1.197629278203209623e-04
-7.263988761997576397e-05
-4.405831895959545433e-05
-2.672272126439305550e-05
-1.620814975780913823e-05
-9.830739765325136029e-06
-5.962645075325873501e-06
-3.616527051169686953e-06
-2.193534538214535207e-06
-1.330445950565708773e-06
-8.069562601086208647e-07
-4.894437128029212574e-07
-2.968626180185565795e-07
-1.800562795508146075e-07
-1.092096540213579213e-07
-6.623900350056266930e-08
-4.017598649190371422e-08
-2.436796759154020863e-08
-1.477991945915295097e-08
-8.964474300059628852e-09
-5.437228511192113705e-09
-3.297845795901692757e-09
-2.000244586218788351e-09
-1.213209668465905221e-09
-7.358488605843707248e-10
-4.463148948590279732e-10
-2.707036676184208894e-10
-1.641900741072302481e-10
-9.958631396652452433e-11
-6.040215270846557137e-11
-3.663575753032884773e-11
-2.222071018394243537e-11
-1.347754200714983689e-11
-8.174542444901321129e-12
-4.958110621954920894e-12
-3.007246106462533424e-12
-1.823986964870968681e-12
-1.106304017110432645e-12
-6.710073053407272101e-13
-4.069865035803076604e-13
-2.468497925107020275e-13
-1.497219675014428021e-13
-9.081096372212356630e-14
-5.507963373551963306e-14
-3.340748658633493908e-14
-2.026266487855068275e-14
-1.228992749632335377e-14
-7.454217832165436064e-15
-4.521211659384977666e-15
-2.742253490467221115e-15
-1.663260818672355165e-15
-1.008818681623518276e-15
-6.118794604955417068e-16
-3.711236528389711513e-16
-2.250978739913834869e-16
-1.365287620119050578e-16
-8.280888009282991020e-17
-5.022612467276847846e-17
-3.046368453258323849e-17
-1.847715867682525964e-17
-1.120696324186983348e-17
-6.797366808466542502e-18
-4.122811374647969823e-18
-2.500611502935982148e-18
-1.516697544560761177e-18
-9.199235622869695835e-19
-5.579618451191114639e-19
-3.384209660145728935e-19
-2.052626917774055873e-19
-1.244981158581407554e-19
-7.551192434441797021e-20
-4.580029728879030093e-20
-2.777928452960471889e-20
-1.684898777208609878e-20
-1.021942766889347753e-20
-6.198396205899499154e-21
-3.759517339924507206e-21
-2.280262532385496247e-21
-1.383049138085775329e-21
-8.388617061381542801e-22
-5.087953440316399283e-22
-3.085999756742268701e-22
-1.871753468329914448e-22
-1.135275865965552586e-22
-6.885796199399179646e-23
-4.176446511468327944e-23
-2.533142857855411493e-23
-1.536428808721388206e-23
-9.318911789552790683e-24
-5.652205715521291818e-24
-3.428236061466646200e-24
-2.079330280012005212e-24
-1.261177566496136240e-24
-7.649428614216750114e-25
-4.639612983805581289e-25
-2.814067523878898939e-25
-1.706818231734165433e-25
-1.035237588103273718e-25
-6.279033372715941453e-26
-3.808426253911041529e-26
-2.309927288251576746e-26
-1.401041722031443321e-26
-8.497747599486553197e-27
-5.154144457588025919e-27
-3.126146638115078573e-27
-1.896103782774369487e-27
-1.150045078249758292e-27
-6.975376000100930083e-28
-4.230779407084887430e-28
-2.566097424877820862e-28
-1.556416763998034370e-28
-9.440144866555298134e-29
-5.725737293694614558e-29
-3.472835218085823370e-29
-2.106381035898861411e-29
-1.277584679309916776e-29
-7.748942783805969731e-30
-4.699971378737284912e-30
-2.850676740976020501e-30
-1.729022844331645791e-30
-1.048705366430686850e-30
-6.360719577453835647e-31
-3.857971441560137720e-31
-2.339977963601969734e-31
-1.419268377976527297e-31
-8.608297856033821410e-32
-5.221196577623041839e-32
-3.166815804715047205e-32
-1.920770879222211990e-32
-1.165006428531463063e-32
-7.066121176666471214e-33
-4.285819138892924784e-33
-2.599480709721756027e-33
-1.576664749777801332e-33
-9.562955108283838856e-34
-5.800225470629695036e-34
-3.518014581183048623e-34
-2.133783704803618274e-34
-1.294205238158605735e-34
-7.849751569038849748e-35
-4.761114997749412393e-35
-2.887762220552664371e-35
-1.751516324725026749e-35
-1.062348351932917570e-35
-6.443468467425013669e-36
-3.908161180384844464e-36
-2.370419579002124120e-36
-1.437732151047900992e-36
-8.720286300651469309e-37
-5.289121002817175607e-37
-3.208014051138646848e-37
-1.945758878804521171e-37
-1.180162416403020209e-37
-7.158046889889793578e-38
-4.341574902378820016e-38
-2.633298289731637816e-38
-1.597176148891079819e-38
-9.687363032641897466e-39
-5.875682691064067842e-39
-3.563781698873190282e-39
-2.161542864889365431e-39
-1.311042019838482416e-39
-7.951871812036182366e-40
-4.823054056104599645e-40
-2.925330158478815106e-40
-1.774302430899418421e-40
-1.076168823943153347e-40
-6.527293867484096946e-41
-3.959003855583355615e-41
-2.401257220331831889e-41
-1.456436125987590444e-41
-8.833731643245652430e-42
-5.357929081302150966e-42
-3.249748260375697871e-42
-1.971071956265654565e-42
-1.195515573974878571e-42
-7.251168497797106777e-43
-4.398056012656343595e-43
-2.667555814809566326e-43
-1.617954388176717700e-43
-9.813389424457749143e-44
-5.952121561633337991e-44
-3.610144217467257969e-44
-2.189663153878164662e-44
-1.328097837270168939e-44
-8.055320574023971708e-45
-4.885798901959508649e-45
-2.963386831228760571e-45
-1.797384969728910576e-45
-1.090169091447247830e-45
-6.612209782338215005e-46
-4.010507961439925426e-46
-2.432496039634926526e-46
-1.475383427668140143e-46
-8.948652837126433458e-47
-5.427632308841624987e-47
-3.292025404959314463e-47
-1.996714340660722272e-47
-1.211068466298623499e-47
-7.345501558212713304e-48
-4.455271906022934061e-48
-2.702259008359251891e-48
-1.639002939054543653e-48
-9.941055338956975590e-49
-6.029554852977371183e-49
-3.657109882749874517e-49
-2.218149269825873264e-49
-1.345375539968582907e-49
-8.160115138183849595e-50
-4.949360018093698012e-50
-3.001938596929701463e-50
-1.820767797612589243e-50
-1.104351493469482327e-50
-6.698230398886770763e-51
-4.062682102744008607e-51
-2.464141255980032324e-51
-1.494577221614686112e-51
-9.065069082174302650e-52
-5.498242330751776405e-52
-3.334852548130802224e-52
-2.022690316062132377e-52
-1.226823691795520069e-52
-7.441061831358251365e-53
-4.513232141536216884e-53
-2.737413668242222920e-53
-1.660325318105335384e-53
-1.007038210528017000e-53
-6.107995501873880072e-54
-3.704686541273362088e-54
-2.247005971907046154e-54
-1.362878014519007940e-54
-8.266273012540577639e-55
-5.013748023660974511e-55
-3.040991896424002820e-55
-1.844454821118822716e-55
-1.118718399463346743e-55
-6.785370088591651333e-56
-4.115534996227863699e-56
-2.496198156332516662e-56
-1.514020714533820682e-56
-9.182999828047908981e-57
-5.569770943846897423e-57
-3.378236845019715514e-57
-2.049004222275333403e-57
-1.242783882690629414e-57
-7.537865282485754684e-58
-4.571946402611040343e-58
-2.773025667746475453e-58
-1.681925087658335517e-58
-1.020139133004639152e-58
-6.187456613399776183e-59
-3.752882141668662897e-59
-2.276238081210054938e-59
-1.380608185059353543e-59
-8.373811932887110819e-60
-5.078973675963542091e-60
-3.080553254345265866e-60
-1.868449997637933928e-60
-1.133272209707404439e-60
-6.873643409878259103e-61
-4.169075472022855642e-61
-2.528672096437780983e-61
-1.533717154849335000e-61
-9.302464777433503691e-62
-5.642230098410278437e-62
-3.422185543839263032e-62
-2.075660455563865056e-62
-1.258951705452576480e-62
-7.635928084544960567e-63
-4.631424498637280791e-63
-2.809100956567722415e-63
-1.703805856386410238e-63
-1.033410490096297871e-63
-6.267951463120632906e-64
-3.801704735973323696e-64
-2.305850481542542969e-64
-1.398569013768691837e-64
-8.482749865747718499e-65
-5.145047872249215862e-65
-3.120629280208397823e-65
-1.892757336043360070e-65
-1.148015355706305816e-65
-6.963065110567791225e-66
-4.223312475134703179e-66
-2.561568501716046669e-66
-1.553669833244935436e-66
-9.423483889336678407e-67
-5.715631900190748368e-67
-3.466705987097267381e-67
-2.102663469383841891e-67
-1.275329861239035939e-67
-7.735266620885337702e-68
-4.691676366618696982e-68
-2.845645561803409096e-68
-1.725971279908948944e-68
-1.046854499048233129e-68
-6.349493499308631917e-69
-3.851162480976742109e-69
-2.335848120247365434e-69
-1.416763501362149413e-69
-8.593105011379648370e-70
-5.211981651532034067e-70
-3.161226669513865743e-70
-1.917380897361415947e-70
-1.162950300597020529e-70
-7.053650130341162660e-71
-4.278255066937928116e-71
-2.594892868168778192e-71
-1.573882083214016660e-71
-9.546077382416911652e-72
-5.789988612425179362e-72
-3.511805612822878378e-72
-2.130017775127989482e-72
-1.291921086348015260e-72
-7.835897487993236717e-73
-4.752712072833105477e-73
-2.882665588959660705e-73
-1.748425061402609997e-73
-1.060473405950626530e-73
-6.432096345189368844e-74
-3.901263639582926244e-74
-2.366236009029141554e-74
-1.435194687592234132e-74
-8.704895806813845624e-75
-5.279786196436538035e-75
-3.202352204866309020e-75
-1.942324795449768424e-75
-1.178079539560353982e-75
-7.145413603234968624e-76
-4.333912426689730734e-76
-2.628650763296902319e-76
-1.594357281616587498e-76
-9.670265738365497225e-77
-5.865312657887301176e-77
-3.557491955809244137e-77
-2.157727942879367696e-77
-1.308728152675006078e-77
-7.937837498264675678e-78
-4.814541814514152534e-78
-2.920167222971328577e-78
-1.771170952220008588e-78
-1.074269486113854971e-78
-6.515773801217881405e-79
-3.952016582190975070e-79
-2.397019224791558657e-79
-1.453865651756689199e-79
-8.818140928935225447e-80
-5.348472835066055839e-80
-3.244012757107713786e-80
-1.967593197684740248e-80
-1.193405600237815652e-80
-7.238370860169936048e-81
-4.390293853063573546e-81
-2.662847827030968186e-81
-1.615098849243445518e-81
-9.796069705327420511e-82
-5.941616620963182882e-82
-3.603772648872347642e-82
-2.185798602174889151e-82
-1.325753868176087394e-82
-8.041103682814180351e-83
-4.877175921554971169e-83
-2.958156729235307551e-83
-1.794212752516456920e-83
-1.088245044448626436e-83
-6.600539847384295845e-84
-4.003429788093521617e-84
-2.428202910485571825e-84
-1.472779513212950515e-84
-8.932859297603018945e-85
-5.418053042895290572e-85
-3.286215286465321451e-85
-1.993190325657551975e-85
-1.208931043153913800e-85
-7.332537431512254699e-86
-4.447408765702705954e-86
-2.697489772673411085e-86
-1.636110251387685280e-86
-9.923510301367753846e-87
-6.018913249753697996e-87
-3.650655424126220404e-87
-2.214234442778780187e-87
-1.343001077337048953e-87
-8.145713294320177213e-88
-4.940624858233984570e-88
-2.996640454657295032e-88
-1.817554311884854875e-88
-1.102402415851062536e-88
-6.686408645549456887e-89
-4.055511846893368739e-89
-2.459792275968635169e-89
-1.491939431899296295e-89
-9.049070078811716879e-90
-5.488538444687523147e-90
-3.328966843714474083e-90
-2.019120455879623175e-90
-1.224658462143940970e-90
-7.427929049668235382e-91
-4.505266706793909501e-91
-2.732582387853073447e-91
-1.657394998423647589e-91
-1.005260881798314069e-91
-6.097215458204349510e-92
-3.698148114274751058e-92
-2.243040215466095794e-92
-1.360472661648618747e-92
-8.251683809907389144e-93
-5.004899224963185563e-93
-3.035624828712168796e-93
-1.841199529998841266e-93
-1.116743965592787967e-93
-6.773394541810960334e-94
-4.108271459938552664e-94
-2.491792598875114026e-94
-1.511348608862779969e-94
-9.166792687893127948e-95
-5.559940816436762845e-95
-3.372274571356587716e-95
-2.045387920497049224e-95
-1.240590484787326787e-95
-7.524561651712730000e-96
-4.563877342661704113e-96
-2.768131535492144136e-96
-1.678956646393394909e-96
-1.018338682365896600e-96
-6.176536328262810051e-97
-3.746258653920289174e-97
-2.272220732816434839e-97
-1.378171540087875673e-97
-8.359032934066752322e-98
-5.070009760059136724e-98
-3.075116364518158874e-98
-1.865152357264313491e-98
-1.131272089716097497e-98
-6.861512068899940948e-99
-4.161717441776077045e-99
-2.524209225498017429e-99
-1.531010286794027899e-99
-9.286046792760098463e-100
-5.632272087335166048e-100
-3.416145704812448975e-100
-2.071997108014373863e-100
-1.256729772846626660e-100
-7.622451382051725501e-101
-4.623250465383307073e-101
-2.804143154785676470e-101
-1.700798797600821539e-101
-1.031586616747280009e-101
-6.256889112064513831e-102
-3.794995080889282134e-102
-2.301780870017975126e-102
-1.396100669605921685e-102
-8.467778601613289178e-103
-5.135967341537028556e-103
-3.115121659924993909e-103
-1.889416795479420420e-103
-1.145989215434262545e-103
-6.950775948609066200e-104
-4.215858721624562185e-104
-2.557047571682205188e-104
-1.550927750568994879e-104
-9.406852317192432348e-105
-5.705544341766040036e-105
-3.460587573631038899e-105
-2.098952464027775627e-105
-1.273079022712224133e-105
-7.721614595119598594e-106
-4.683395994424588626e-106
-2.840623262193851167e-106
-1.722925101213489344e-106
-1.045006898274473309e-106
-6.338287234146691485e-107
-3.844365537575155391e-107
-2.331725565681971634e-107
-1.414263045621899611e-107
-8.577938980682488504e-108
-5.202782988928064609e-108
-3.155647398616205844e-108
-1.913996898503142903e-108
-1.160897801537045520e-108
-7.041201094252099242e-109
-4.270704344866042416e-109
-2.590313123729210657e-109
-1.571104327797770530e-109
-9.529229444165550738e-110
-5.779769821322782786e-110
-3.505607602714077211e-110
-2.126258491967792529e-110
-1.289640965852814083e-110
-7.822067858111451916e-111
-4.744323978297324238e-111
-2.877577952447141856e-111
-1.745339253872293655e-111
-1.058601769073517792e-111
-6.420744293691214977e-112
-3.894378272298658924e-112
-2.362059822667851468e-112
-1.432661702523437838e-112
-8.689532475765652363e-113
-5.270467865120494502e-113
-3.196700351225767860e-113
-1.938896772932572061e-113
-1.176000338801489019e-113
-7.132802613155475076e-114
-4.326263474557186503e-114
-2.624011439313839677e-114
-1.591543389380520062e-114
-9.653198619222474238e-115
-5.854960926854089140e-115
-3.551213313556502256e-115
-2.153919753851712579e-115
-1.306418369271752046e-115
-7.923827953750985129e-116
-4.806044596237991100e-116
-2.915013399564565660e-116
-1.768045000309062401e-116
-1.072373500439078852e-116
-6.504274066796603346e-117
-3.945041640685917328e-117
-2.392788708919039226e-117
-1.451299714173605374e-117
-8.802577730784732059e-118
-5.339033278224598741e-118
-3.238287376469269926e-118
-1.964120578788999282e-118
-1.191299350408051213e-118
-7.225595809182268184e-119
-4.382545392960160146e-119
-2.658148148412688440e-119
-1.612248350070662826e-119
-9.778780553889639880e-120
-5.931130220535754006e-120
-3.597412325503087984e-120
-2.181940871045746929e-120
-1.323414035969334673e-120
-8.026911883094394731e-121
-4.868568159908419147e-121
-2.952935857885175347e-121
-1.791046133972186702e-121
-1.086324393213912040e-121
-6.588890508779602395e-122
-3.996364107064401042e-122
-2.423917358309660480e-122
-1.470180194424461854e-122
-8.917093632207165156e-123
-5.408490683461935134e-123
-3.280415422289798845e-123
-1.989672530212928816e-123
-1.206797392362152105e-123
-7.319596185289018794e-124
-4.439559503093423747e-124
-2.692728954244745480e-124
-1.633222669045374915e-124
-9.905996229137193188e-125
-6.008290427969439775e-125
-3.644212357021404996e-125
-2.210326525037123719e-125
-1.340630805411099198e-125
-8.131336868370730238e-126
-4.931905115118557262e-126
-2.991351663112970100e-126
-1.814346497660393039e-126
-1.100456778173264032e-126
-6.674607756506689189e-127
-4.048354245877062657e-127
-2.455450971502255327e-127
-1.489306297637289582e-127
-9.033099312201247340e-128
-5.478851685079158804e-128
-3.323091527018734963e-128
-2.015556896168135925e-128
-1.222497053921207212e-128
-7.414819446115806687e-129
-4.497315330302682865e-129
-2.727759634224226082e-129
-1.654469850483511678e-129
-1.003486689888426152e-129
-6.086454440308739050e-130
-3.691621226991346363e-130
-2.239081458216222733e-130
-1.358071554002210937e-130
-8.237120355859221576e-131
-4.996066043571655961e-131
-3.030267233375403116e-131
-1.837949984164759569e-131
-1.114773016414275887e-131
-6.761440130755930571e-132
-4.101020743114869247e-132
-2.487394816816655770e-132
-1.508681219209591156e-132
-9.150614151832534932e-133
-5.550128038286746425e-133
-3.366322820551644032e-133
-2.041778001154881753e-133
-1.238400958027212549e-133
-7.511281500610024494e-134
-4.555822523852296703e-134
-2.763246040925808377e-134
-1.675993444151053037e-134
-1.016541409354986849e-134
-6.165635316412902519e-135
-3.739646856011429214e-135
-2.268210474668887453e-135
-1.375739195568025745e-135
-8.344280018804024234e-136
-5.061061664632149027e-136
-3.069689070295656010e-136
-1.861860536919084774e-136
-1.129275499750450403e-136
-6.849402138609544562e-137
-4.154372397767969236e-137
-2.519754231110161048e-137
-1.528308196108945523e-137
-9.269657784301834136e-138
-5.622331651222938882e-138
-3.410116525539468597e-138
-2.068340225932407485e-138
-1.254511761744960245e-138
-7.608998464684287775e-139
-4.615090858537376109e-139
-2.799194103062418486e-139
-1.697797045994161886e-139
-1.029765962364999291e-139
-6.245846285028578657e-140
-3.788297267722083971e-140
-2.297718440979042236e-140
-1.393636681840902258e-140
-8.452833760366878139e-141
-5.126902837116542293e-141
-3.109623760078868359e-141
-1.886082150658716043e-141
-1.143966651111253269e-141
-6.938508475877605602e-142
-4.208418123295741787e-142
-2.552534620669169393e-142
-1.548190507413807741e-142
-9.390250098225333871e-143
-5.695474586943232925e-143
-3.454479958595217919e-143
-2.095248008250827801e-143
-1.270832156705955733e-143
-7.707986663908921142e-144
-4.675130236316858115e-144
-2.835609826475743874e-144
-1.719884298739959032e-144
-1.043162558344147252e-144
-6.327100746999939906e-145
-3.837580590146169870e-145
-2.327610287041753464e-145
-1.411767002953346847e-145
-8.562799716618206925e-146
-5.193600561107591421e-146
-3.150077974612490883e-146
-1.910618872087950201e-146
-1.158848924946911854e-146
-7.028774029553265624e-147
-4.263166949115967132e-147
-2.585741462112401634e-147
-1.568331474861344724e-147
-9.512411240957386218e-148
-5.769569065435754258e-148
-3.499420531516349150e-148
-2.122505843592545828e-148
-1.287364869558106502e-148
-7.808262636239464940e-149
-4.735950687967829354e-149
-2.872499295139627668e-149
-1.742258892505112754e-149
-1.056733435461328031e-149
-6.409412277507568448e-150
-3.887505057046917883e-150
-2.357891006886865490e-150
-1.430133187937576150e-150
-8.674196259567096346e-151
-5.261165979792088663e-151
-3.191058472580958307e-151
-1.935474800556117475e-151
-1.173924807638479377e-151
-7.120213880299932594e-152
-4.318628022113366886e-152
-2.619380303305885900e-152
-1.588734463402396860e-152
-9.636161621956523950e-153
-5.844627465662850714e-153
-3.544945752523064992e-153
-2.150118285923312340e-153
-1.304112662421263291e-153
-7.909843134779676538e-154
-4.797562374761361461e-154
-2.909868672176516829e-154
-1.764924565412347356e-154
-1.070480861002583960e-154
-6.492794628336451402e-155
-3.938079009303549638e-155
-2.388565659513355982e-155
-1.448738305231577169e-155
-8.787042000230709159e-156
-5.329610381322549717e-156
-3.232572100594866227e-156
-1.960654088742457361e-156
-1.189196817913234797e-156
-7.212843304970786866e-157
-4.374810608167783085e-157
-2.653456764289832587e-157
-1.609402881763661716e-157
-9.761521916195269995e-158
-5.920662327629246872e-158
-3.591063227512703159e-158
-2.178089948453058424e-158
-1.321078333348689313e-158
-8.012745130580467738e-159
-4.859975590160161964e-159
-2.947724200887137669e-159
-1.787885104214971033e-159
-1.084407131749896722e-159
-6.577261730173494589e-160
-3.989310896304786278e-160
-2.419639369734538895e-160
-1.467585463191750527e-160
-8.901355791743632400e-161
-5.398945200703134800e-161
-3.274625794334828187e-161
-1.986160943349909724e-161
-1.204667507265487117e-161
-7.306677779161094735e-162
-4.431724093702218443e-162
-2.687976538217578997e-162
-1.630340183017188590e-162
-9.888513067614310475e-163
-5.997686354477103259e-163
-3.637780661330457467e-163
-2.206425504406622173e-163
-1.338264716794528447e-163
-8.116985815475258545e-164
-4.923200761538296751e-164
-2.986072205793561928e-164
-1.811144344929527876e-164
-1.098514574364911696e-164
-6.662827694934926369e-165
-4.041209277360485633e-165
-2.451117329034270270e-165
-1.486677810612223812e-165
-9.017156732507655557e-166
-5.469182021700082015e-166
-3.317226579710225645e-166
-2.011999625807925454e-166
-1.220339460382852522e-166
-7.401732979793707600e-167
-4.489377987251033186e-167
-2.722945392306743503e-167
-1.651549865157284415e-167
-1.001715629262158546e-167
-6.075712414608327432e-168
-3.685105859056625870e-168
-2.235129687804506291e-168
-1.355674684087359583e-168
-8.222582604952219859e-169
-4.987248451923293672e-169
-3.024919093695845491e-169
-1.834706173476682142e-169
-1.112805545777653218e-169
-6.749506818123971971e-170
-4.093782823131649779e-170
-2.483004796434286480e-170
-1.506018537250920783e-170
-9.134464169382561231e-171
-5.540332578777017509e-171
-3.360381574033019975e-171
-2.038174452984425147e-171
-1.236215295578079146e-171
-7.498024787738204724e-172
-4.547781921048531509e-172
-2.758369168802752897e-172
-1.673035471684922134e-172
-1.014747308363692637e-172
-6.154753543834495628e-173
-3.733046727310604875e-173
-2.264207294253788567e-173
-1.373311143909907034e-173
-8.329553141063872521e-174
-5.052129361760908301e-174
-3.064271354742409182e-174
-1.858574526330438607e-174
-1.127282433580296046e-174
-6.837313581219197431e-175
-4.147040317079028034e-175
-2.515307099372831616e-175
-1.525610874362473976e-175
-9.253297700918387737e-176
-5.612408759055424590e-176
-3.404097987206848704e-176
-2.064689797907017686e-176
-1.252297665226487173e-176
-7.595569290464117641e-177
-4.606945652638220067e-177
-2.794253785954908496e-177
-1.694800592199754252e-177
-1.027948521268278536e-177
-6.234822947554751258e-178
-3.781611275571848620e-178
-2.293663181749326423e-178
-1.391177042784996821e-178
-8.437915295374546230e-179
-5.117854330702843152e-179
-3.104135563514353259e-179
-1.882753391175807994e-179
-1.141947656426060614e-179
-6.926262654093941217e-180
-4.200990656930573731e-180
-2.548029634594710048e-180
-1.545458095238069716e-180
-9.373677180629764439e-181
-5.685422604300628653e-181
-3.448383122931578590e-181
-2.091550090493601333e-181
-1.268589256209102277e-181
-7.694382784728657812e-182
-4.666879066503001727e-182
-2.830605239005144649e-182
-1.716848862999826805e-182
-1.041321473502169595e-182
-6.315934002962023704e-183
-3.830807617518009642e-183
-2.323502271485380332e-183
-1.409275365567829828e-183
-8.547687171946185247e-184
-5.184434339417733748e-184
-3.144518380123868528e-184
-1.907246807575031489e-184
-1.156803664433297902e-184
-7.016368897467200085e-185
-4.255642856167982608e-185
-2.581177869052922073e-185
-1.565563515752318310e-185
-9.495622720312833951e-186
-5.759386312933614041e-186
-3.493244379923536131e-186
-2.118759818292471485e-186
-1.285092790361552207e-186
-7.794481779299411676e-187
-4.727592175716573261e-187
-2.867429601189657003e-187
-1.739183967689095777e-187
-1.054868399284102663e-187
-6.398100261277964015e-188
-3.880643972380496043e-188
-2.353729548677796327e-188
-1.427609135944662814e-188
-8.658887110362988542e-189
-5.251880511425681699e-189
-3.185426551326941501e-189
-1.932058867642468627e-189
-1.171852939594829971e-189
-7.107647365386409477e-190
-4.311006045532579489e-190
-2.614757340822026715e-190
-1.585930494917235000e-190
-9.619154693405336959e-191
-5.834312242069013610e-191
-3.538689253151612114e-191
-2.146323527232053429e-191
-1.301811024928803737e-191
-7.895882997712467689e-192
-4.789095123616308883e-192
-2.904733024753555658e-192
-1.761809637792846998e-192
-1.068591561898571416e-192
-6.481335450016938197e-193
-3.931128666317650972e-193
-2.384350063396889713e-193
-1.446181416937974969e-193
-8.771533688795409719e-194
-5.320204114956668115e-194
-3.226866911650535258e-194
-1.957193716728266945e-194
-1.187097996192616870e-194
-7.200113307742530246e-195
-4.367089474550788384e-195
-2.648773660023387046e-195
-1.606562435443431659e-195
-9.744293738390396668e-196
-5.910212909579610464e-196
-3.584725335089443461e-196
-2.174245822380391421e-196
-1.318746753025815828e-196
-7.998603381066413974e-197
-4.851398185497911485e-197
-2.942521741978721223e-197
-1.784729653381120940e-197
-1.082493254073951159e-197
-6.565653475279488592e-198
-3.982270133805811995e-198
-2.415368931411156174e-198
-1.464995311418206945e-198
-8.885645727103999347e-199
-5.389416564833131382e-199
-3.268846384534433640e-199
-1.982655554110926604e-199
-1.202541381217817105e-199
-7.293782172817839742e-200
-4.423902513079449029e-200
-2.683232509762455336e-200
-1.627462784308607141e-200
-9.871060762244586988e-201
-5.987100996187699613e-201
-3.631360316983890210e-201
-2.202531368714516761e-201
-1.335902804104185217e-201
-8.102660090852682999e-202
-4.914511770332104278e-202
-2.980802066225033347e-202
-1.807947843700250105e-202
-1.096575798365545810e-202
-6.651068424075622422e-203
-4.034076919048452147e-203
-2.446791335041965244e-203
-1.484053962622158335e-203
-9.001242289983655497e-204
-5.459529424377041884e-204
-3.311371983487940828e-204
-2.008448633698872297e-204
-1.218185674796314194e-204
-7.388669609866880447e-205
-4.481454652871244910e-205
-2.718139647078246556e-205
-1.648635033333433315e-205
-9.999476943930866973e-206
-6.064989347583656331e-206
-3.678601990140009546e-206
-2.231184891899825932e-206
-1.353282044424862381e-206
-8.208070511822729544e-207
-4.978446422503653158e-207
-3.019580392985140470e-207
-1.831468087812610323e-207
-1.110841547543617678e-207
-6.737594566678330717e-208
-4.086557677403663030e-208
-2.478622524029370531e-208
-1.503360554678126754e-208
-9.118342690148746871e-209
-5.530554407341788481e-209
-3.354450813261627175e-209
-2.034577264741154544e-209
-1.234033490619777495e-209
-7.484791471730974835e-210
-4.539755509160481087e-210
-2.753500903905168340e-210
-1.670082719764934241e-210
-1.012956373793694743e-210
-6.143890976572064643e-211
-3.726458247222750852e-211
-2.260211179079598442e-211
-1.370887377537017993e-211
-8.314852254892494292e-212
-5.043212823573021543e-212
-3.058863200952957683e-212
-1.855294315244695038e-212
-1.125292884986463441e-212
-6.825246359007720654e-213
-4.139721176830202709e-213
-2.510867816409182105e-213
-1.522918313137880413e-213
-9.236966491559695165e-214
-5.602503379869190970e-214
-3.398090071034318789e-214
-2.061045812547394899e-214
-1.250087476382331992e-214
-7.582163817486768967e-215
-4.598814822269508787e-215
-2.789322188047362410e-215
-1.691809426867452820e-215
-1.026134287785968456e-215
-6.223819065245765907e-216
-3.774937083575580444e-216
-2.289615079674781199e-216
-1.388721744763138620e-216
-8.423023160084658244e-217
-5.108821794060938640e-217
-3.098657053106060446e-217
-1.879430506643623435e-217
-1.139932225078605763e-217
-6.914038445046168494e-218
-4.193576299352362724e-218
-2.543532599401452431e-218
-1.542730505515552359e-218
-9.357133512691523176e-219
-5.675388362471981125e-219
-3.442297047615532849e-219
-2.087858699217099639e-219
-1.266350314222907997e-219
-7.680802915129210559e-220
-4.658642459236038401e-220
-2.825609484165719096e-220
-1.713818784521307658e-220
-1.039483638003612267e-220
-6.304786967188191248e-221
-3.824046598556266724e-221
-2.319401506194184152e-221
-1.406788125690434281e-221
-8.532601299509181824e-222
-5.175284295256177993e-222
-3.138968597802160343e-222
-1.903880694442184281e-222
-1.154762013614164671e-222
-7.003985659284882508e-223
-4.248132042543883898e-223
-2.576622330310518487e-223
-1.562800441833541825e-223
-9.478863829844929338e-224
-5.749221532042064732e-224
-3.487079128663550698e-224
-2.115020404378458288e-224
-1.282824721173347152e-224
-7.780725244289452018e-225
-4.719248415461621651e-225
-2.862368854777737909e-225
-1.736114469829236306e-225
-1.053006654722175561e-225
-6.386808209704342688e-226
-3.873794996890038212e-226
-2.349575435055213676e-226
-1.425089538668636295e-226
-8.643604980382605029e-227
-5.242611431046864586e-227
-3.179804569889848187e-227
-1.928648963532536248e-227
-1.169784728205475772e-227
-7.095103029202308959e-228
-4.303397521031180362e-228
-2.610142537436752956e-228
-1.583131475175520894e-228
-9.602177780500430691e-229
-5.824015223884916812e-229
-3.532443795919338977e-229
-2.142535465936755934e-229
-1.299513449612334973e-229
-7.881947498988094983e-230
-4.780642816381590770e-230
-2.899606441270387931e-230
-1.758700207730729603e-230
-1.066705597231664849e-230
-6.469896496080802834e-231
-3.924190590040344762e-231
-2.380141907415278625e-231
-1.443629041314274505e-231
-8.756052748086636304e-232
-5.310814449775604110e-232
-3.221171791833783441e-232
-1.953739451948670007e-232
-1.185002878697025609e-232
-7.187405777774767319e-233
-4.359381968016123077e-233
-2.644098821000177149e-233
-1.603727002246633757e-233
-9.727095966716147100e-234
-5.899781933780440726e-234
-3.578398628456526374e-234
-2.170408480832519694e-234
-1.316419287725242750e-234
-7.984486590424264108e-235
-4.842835919156704677e-235
-2.937328464926153147e-235
-1.781579771624356505e-235
-1.080582754214003824e-235
-6.554065707875142013e-236
-3.975241797597457527e-236
-2.411106030014020444e-236
-1.462409731021512208e-236
-8.869963389266526119e-237
-5.379904746118732604e-237
-3.263077174854522502e-237
-1.979156351557749629e-237
-1.200419007584770519e-237
-7.280909326019756245e-238
-4.416094736818627395e-238
-2.678496854076090258e-238
-1.624590463940984413e-238
-9.853639258569784750e-239
-5.976534320070634980e-239
-3.624951303947637698e-239
-2.198644105809531325e-239
-1.333545059969948080e-239
-8.088359649800959078e-240
-4.905838114386819852e-240
-2.975541227962419599e-240
-1.804756983998185670e-240
-1.094640444125402177e-240
-6.639329907235102330e-241
-4.026957148685124020e-241
-2.442472976026493621e-241
-1.481434745479628164e-241
-8.985355934969761351e-242
-5.449893862990035666e-242
-3.305527720083177909e-242
-2.004903908760447285e-242
-1.216035690440911488e-242
-7.375629295572337631e-243
-4.473545302439315180e-243
-2.713342383542869776e-243
-1.645725345916506264e-243
-9.981828797645403556e-244
-6.054285205774429044e-244
-3.672109599946800929e-244
-2.227247058192827711e-244
-1.350893627548717787e-244
-8.193584031187161899e-245
-4.969659927846848009e-245
-3.014251114584387102e-245
-1.828235717068408979e-245
-1.108881015583701586e-245
-6.725703339247974065e-246
-4.079345283385535666e-246
-2.474247985927448405e-246
-1.500707263197229744e-246
-9.102249663825563569e-247
-5.520793493469215001e-247
-3.348530519731097101e-247
-2.030986425200389654e-247
-1.231855536344195375e-247
-7.471581511295047286e-248
-4.531743263142499010e-248
-2.748641231042102080e-248
-1.667135179177311286e-248
-1.011168600056553842e-248
-6.133047580730016346e-249
-3.719881395189146669e-249
-2.256222116676824492e-249
-1.368467888886228650e-249
-8.300177314417189554e-250
-5.034312022245291609e-250
-3.053464592051678069e-250
-1.852019893426271777e-250
-1.123306847760757622e-250
-6.813200434320509522e-251
-4.132414954182819081e-251
-2.506436368366857461e-251
-1.520230504033286948e-251
-9.220664105265788921e-252
-5.592615482755457582e-252
-3.392092758274755497e-252
-2.057408258482833777e-252
-1.247881188315813512e-252
-7.568782003921753044e-253
-4.590698342059767752e-253
-2.784399293951203640e-253
-1.688823540663614059e-253
-1.024323256256927280e-253
-6.212834603765069571e-254
-3.768274670907105204e-254
-2.285574122123693580e-254
-1.386270780113806692e-254
-8.408157308027741569e-255
-5.099805199005665405e-255
-3.093188211758824471e-255
-1.876113486693420789e-255
-1.137920350779929104e-255
-6.901835810589817784e-256
-4.186175027425319937e-256
-2.539043501056830528e-256
-1.540007729735073797e-256
-9.340619042787693067e-257
-5.665371830146406527e-257
-3.436221713656068748e-257
-2.084173822902691267e-257
-1.264115323760970572e-257
-7.667247012735906125e-258
-4.650420388814427509e-258
-2.820622546368695845e-258
-1.710794053849333071e-258
-1.037649046113686518e-258
-6.293659604895190887e-259
-3.817297512163832145e-259
-2.315307978372123048e-259
-1.404305275559967511e-259
-8.517542052233185278e-260
-5.166150400071091416e-260
-3.133428610329803798e-260
-1.900520522185776224e-260
-1.152723966118737402e-260
-6.991624276365611919e-261
-4.240634484806897024e-261
-2.572074831670070957e-261
-1.560042244483108694e-261
-9.462134517259173698e-262
-5.739074691042886136e-262
-3.480924758498319893e-262
-2.111287590182025089e-262
-1.280560654916199631e-262
-7.766992988283644469e-263
-4.710919381167077692e-263
-2.857317040112298055e-263
-1.733050389347461184e-263
-1.051148195966151952e-263
-6.375536087550946055e-264
-3.866958109203977225e-264
-2.345428653056605735e-264
-1.422574388247336295e-264
-8.628349821939527396e-265
-5.233358709732364978e-265
-3.174192510726827290e-265
-1.925245077586042825e-265
-1.167720167016762552e-265
-7.082580832604235586e-266
-4.295802424867499091e-266
-2.605535878750014858e-266
-1.580337395443182492e-266
-9.585230830266984440e-267
-5.813736378979706629e-267
-3.526209361337898178e-267
-2.138754090217139078e-267
-1.297219929302494393e-267
-7.868036595122176632e-268
-4.772205426682595512e-268
-2.894488905730004131e-268
-1.755596265523317802e-268
-1.064822961116893517e-268
-6.458477730833892259e-269
-3.917264758822032335e-269
-2.375941178437377288e-269
-1.441081170396033973e-269
-8.740599129797604680e-270
-5.301441356479810525e-270
-3.215486723373537646e-270
-1.950291283624965754e-270
-1.182911458888849141e-270
-7.174720675414873111e-271
-4.351688064513254045e-271
-2.639432232632816873e-271
-1.600896573325571299e-271
-9.709928547508529934e-272
-5.889369367682880965e-272
-3.572083087872072761e-272
-2.166577911835388967e-272
-1.314095930184338155e-272
-7.970394714603933294e-273
-4.834288764418810572e-273
-2.932144353524312204e-273
-1.778435449115774157e-273
-1.078675626208524102e-273
-6.542498391801941359e-274
-3.968225865748474475e-274
-2.406850652241158138e-274
-1.459828713933611734e-274
-8.854308729295986628e-275
-5.370409714879223921e-275
-3.257318147292831700e-275
-1.975663324771453866e-275
-1.198300379743684717e-275
-7.268059198598361987e-276
-4.408300740556338698e-276
-2.673769556381326321e-276
-1.621723212951520997e-276
-9.836248502227775706e-277
-5.965986293153615695e-277
-3.618553602222990627e-277
-2.194763703561836603e-277
-1.331191477034703503e-277
-8.074084447696936000e-278
-4.897179766637136152e-278
-2.970289674589782531e-278
-1.801571755866563741e-278
-1.092708505605394286e-278
-6.627612107784456236e-279
-4.019849944053943362e-279
-2.438162238512830652e-279
-1.478820151011618306e-279
-8.969497617894130742e-280
-5.440275307472221308e-280
-3.299693771259475648e-280
-2.001365439931677094e-280
-1.213889500607824985e-280
-7.362611996219032157e-281
-4.465649911274878519e-281
-2.708553586731214609e-281
-1.642820793827103235e-281
-9.964211798695851065e-282
-6.043599955779399577e-282
-3.665628668218121793e-282
-2.223316174395879236e-282
-1.348509426006101094e-282
-8.179123117841850304e-283
-4.960888940535468445e-283
-3.008931241864084818e-283
-1.825009051157776741e-283
-1.106923943780253504e-283
-6.713833098727471720e-284
-4.072145618571686961e-284
-2.469881168478194942e-284
-1.498058654528889499e-284
-9.086185040196274088e-285
-5.511049806701306616e-285
-3.342620674967724083e-285
-2.027401923157262026e-285
-1.229681425955235780e-285
-7.458394865210010179e-286
-4.523745157993144435e-286
-2.743790135049413152e-286
-1.664192840724536063e-286
-1.009383981573694443e-286
-6.122223322472574281e-287
-3.713316150687360903e-287
-2.252240094597981397e-287
-1.366052670407757657e-287
-8.285528273846219180e-288
-5.025426930003624467e-288
-3.048075511192731736e-288
-1.848751250657650102e-288
-1.121324315705940681e-288
-6.801175769569413930e-289
-4.125121626338514597e-289
-2.502012741417950430e-289
-1.517547438661643939e-289
-9.204390491166639422e-290
-5.582745036859992307e-290
-3.386106030214120827e-290
-2.053777124362697076e-290
-1.245678794142421844e-290
-7.555423808012408919e-291
-4.582596186682302770e-291
-2.779485088305015172e-291
-1.685842924271068184e-291
-1.022515421030006096e-291
-6.201869528836707260e-292
-3.761624016777006932e-292
-2.281540296486644037e-292
-1.383824141189001409e-292
-8.393317692816333933e-293
-5.090804517401610258e-293
-3.087729022407653110e-293
-1.872802320974758068e-293
-1.135912027252171165e-293
-6.889654712647741938e-294
-4.178786818054488882e-294
-2.534562325553045605e-294
-1.537289759400474845e-294
-9.324133719386455457e-295
-5.655372976068277162e-295
-3.430157102095691483e-295
-2.080495450052074848e-295
-1.261884277849216967e-295
-7.653715035248856435e-296
-4.642212829581990049e-296
-2.815644410052815166e-296
-1.707774661545522660e-296
-1.035817692107725032e-296
-6.282551881361158827e-297
-3.810560337280829883e-297
-2.311221675245736755e-297
-1.401826807428934539e-297
-8.502509383127262964e-298
-5.157032625361035423e-298
-3.127898400419802353e-298
-1.897166280320713699e-298
-1.150689515587485280e-298
-6.979284710136880028e-299
-4.233150159561618019e-299
-2.567535358941547436e-299
-1.557288915094329736e-299
-9.445434730353350140e-300
-5.728945758273836804e-300
-3.474781250223723843e-300
-2.107561364055284221e-300
-1.278300584525308962e-300
-7.753284968431806322e-301
-4.702605046842988380e-301
-2.852274141429636629e-301
-1.729991716682602786e-301
-1.049293017216890119e-301
-6.364283859644201150e-302
-3.860133287988461686e-302
-2.341289189742338368e-302
-1.420063676832477734e-302
-8.613121587431504431e-303
-5.224122318609954891e-303
-3.168590356325988248e-303
-1.921847199181489778e-303
-1.165659249586425805e-303
-7.070080736517881247e-304
-4.288220733341771272e-304
-2.600937350387177530e-304
-1.577548247001563445e-304
-9.568313789823666794e-305
-5.803475675279236632e-305
-3.519985929953335767e-305
-2.134979388273784344e-305
-1.294930456842572742e-305
-7.854150242707075046e-306
-4.763782928191262034e-306
-2.889380402163626914e-306
-1.752497801485058533e-306
-1.062943647679672431e-306
-6.447079118645046157e-307
-3.910351151051322980e-307
-2.371747863355214616e-307
-1.438537796232867133e-307
-8.725172785706787345e-308
-5.292084805821452718e-308
-3.209811688530089560e-308
-1.946849200997476882e-308
-1.180823730242013310e-308
-7.162057961080208624e-309
-4.344007740034095842e-309
-2.634773880359666795e-309
-1.598071139848165474e-309
-9.692791427198304324e-310
-5.878975178795556700e-310
-3.565778693629009874e-310
-2.162754103436055621e-310
-1.311776673153273148e-310
-7.956327709632935814e-311
-4.825756694613936566e-311
-2.926969391596205337e-311
-1.775296676044077833e-311
-1.076771864106653855e-311
-6.530951490969664547e-312
-3.961222316362626262e-312
-2.402602784810180213e-312
-1.457252252099046098e-312
-8.838681698388897192e-313
-5.360931441472288571e-313
-3.251569283869375865e-313
-1.972176462847620731e-313
-1.196185491089367948e-313
-7.255231750658379501e-314
-4.400520500370484137e-314
-2.669050601821968894e-314
-1.618861022275808453e-314
-9.818888443808732311e-315
-5.955456885007227968e-315
-3.612167192081318712e-315
-2.190890144521840846e-315
-1.328842044024246755e-315
-8.059834479822352976e-316
-4.888536732334203582e-316
-2.965047375677233482e-316
-1.798392132756224812e-316
-1.090779951272537162e-316
-6.615915475836422256e-317
-4.012755227417541196e-317
-2.433859267624106948e-317
-1.476210344093081248e-317
-8.953670082162781610e-318
-5.430675706614272177e-318
-3.293866491633172936e-318
-1.997833489462415001e-318
-1.211750343646699687e-318
-7.349621734405215342e-319
-4.457756696167231069e-319
-2.703774246866221713e-319
-1.639902691676265529e-319
-9.947023647721816674e-320
-6.033035601367461551e-320
-3.659050173100271906e-320
-2.219836946764720723e-320
-1.346328884917396833e-320
-8.166905125755805375e-321
-4.950537771329290373e-321
-3.003919126714778989e-321
-1.818161576695787283e-321
-1.106707046684392259e-321
-6.719292783440953001e-322
-4.051338295898221662e-322
-2.470328229206232721e-322
-1.482196937523739633e-322
-8.893181625142437795e-323
-5.434722104253711986e-323
-2.964393875047479265e-323
-2.470328229206232721e-323
-1.482196937523739633e-323
-9.881312916824930884e-324
-9.881312916824930884e-324
0.000000000000000000e+00
0.000000000000000000e+00
0.000000000000000000e+00
0.000000000000000000e+00
0.000000000000000000e+00
0.000000000000000000e+00
0.000000000000000000e+00
0.000000000000000000e+00
0.000000000000000000e+00
0.000000000000000000e+00
0.000000000000000000e+00
0.000000000000000000e+00
0.000000000000000000e+00
0.000000000000000000e+00
0.000000000000000000e+00
0.000000000000000000e+00
0.000000000000000000e+00
0.000000000000000000e+00
0.000000000000000000e+00
0.000000000000000000e+00
0.000000000000000000e+00
0.000000000000000000e+00
0.000000000000000000e+00
0.000000000000000000e+00
0.000000000000000000e+00
0.000000000000000000e+00
0.000000000000000000e+00
0.000000000000000000e+00
0.000000000000000000e+00
0.000000000000000000e+00
0.000000000000000000e+00
0.000000000000000000e+00
0.000000000000000000e+00
0.000000000000000000e+00
0.000000000000000000e+00
0.000000000000000000e+00
0.000000000000000000e+00
0.000000000000000000e+00
0.000000000000000000e+00
0.000000000000000000e+00
0.000000000000000000e+00
0.000000000000000000e+00
0.000000000000000000e+00
0.000000000000000000e+00
0.000000000000000000e+00
0.000000000000000000e+00
0.000000000000000000e+00
0.000000000000000000e+00
0.000000000000000000e+00
0.000000000000000000e+00
0.000000000000000000e+00
0.000000000000000000e+00
0.000000000000000000e+00
0.000000000000000000e+00
0.000000000000000000e+00
0.000000000000000000e+00
0.000000000000000000e+00
0.000000000000000000e+00
0.000000000000000000e+00
0.000000000000000000e+00
0.000000000000000000e+00
0.000000000000000000e+00
0.000000000000000000e+00
0.000000000000000000e+00
0.000000000000000000e+00
0.000000000000000000e+00
0.000000000000000000e+00
0.000000000000000000e+00
0.000000000000000000e+00
0.000000000000000000e+00
0.000000000000000000e+00
0.000000000000000000e+00
0.000000000000000000e+00
0.000000000000000000e+00
0.000000000000000000e+00
0.000000000000000000e+00
0.000000000000000000e+00
0.000000000000000000e+00
0.000000000000000000e+00
0.000000000000000000e+00
0.000000000000000000e+00
0.000000000000000000e+00
0.000000000000000000e+00
0.000000000000000000e+00
0.000000000000000000e+00
0.000000000000000000e+00
0.000000000000000000e+00
0.000000000000000000e+00
0.000000000000000000e+00
0.000000000000000000e+00
0.000000000000000000e+00
0.000000000000000000e+00
0.000000000000000000e+00
0.000000000000000000e+00
0.000000000000000000e+00
0.000000000000000000e+00
0.000000000000000000e+00
0.000000000000000000e+00
0.000000000000000000e+00
0.000000000000000000e+00
0.000000000000000000e+00
0.000000000000000000e+00
0.000000000000000000e+00
0.000000000000000000e+00
0.000000000000000000e+00
0.000000000000000000e+00
0.000000000000000000e+00
0.000000000000000000e+00
0.000000000000000000e+00
0.000000000000000000e+00
0.000000000000000000e+00
0.000000000000000000e+00
0.000000000000000000e+00
0.000000000000000000e+00
0.000000000000000000e+00
0.000000000000000000e+00
0.000000000000000000e+00
0.000000000000000000e+00
0.000000000000000000e+00
0.000000000000000000e+00
0.000000000000000000e+00
0.000000000000000000e+00
0.000000000000000000e+00
0.000000000000000000e+00
0.000000000000000000e+00
0.000000000000000000e+00
0.000000000000000000e+00
0.000000000000000000e+00
0.000000000000000000e+00
0.000000000000000000e+00
0.000000000000000000e+00
0.000000000000000000e+00
0.000000000000000000e+00
0.000000000000000000e+00
0.000000000000000000e+00
0.000000000000000000e+00
0.000000000000000000e+00
0.000000000000000000e+00
0.000000000000000000e+00
0.000000000000000000e+00
0.000000000000000000e+00
0.000000000000000000e+00
0.000000000000000000e+00
0.000000000000000000e+00
0.000000000000000000e+00
0.000000000000000000e+00
0.000000000000000000e+00
0.000000000000000000e+00
0.000000000000000000e+00
0.000000000000000000e+00
0.000000000000000000e+00
0.000000000000000000e+00
0.000000000000000000e+00
0.000000000000000000e+00
0.000000000000000000e+00
0.000000000000000000e+00
0.000000000000000000e+00
0.000000000000000000e+00
0.000000000000000000e+00
0.000000000000000000e+00
0.000000000000000000e+00
0.000000000000000000e+00
0.000000000000000000e+00
0.000000000000000000e+00
0.000000000000000000e+00
0.000000000000000000e+00
0.000000000000000000e+00
0.000000000000000000e+00
0.000000000000000000e+00
0.000000000000000000e+00
0.000000000000000000e+00
0.000000000000000000e+00
0.000000000000000000e+00
0.000000000000000000e+00
0.000000000000000000e+00
0.000000000000000000e+00
0.000000000000000000e+00
0.000000000000000000e+00
0.000000000000000000e+00
0.000000000000000000e+00
0.000000000000000000e+00
0.000000000000000000e+00
0.000000000000000000e+00
0.000000000000000000e+00
0.000000000000000000e+00
0.000000000000000000e+00
0.000000000000000000e+00
0.000000000000000000e+00
0.000000000000000000e+00
0.000000000000000000e+00
0.000000000000000000e+00
0.000000000000000000e+00
0.000000000000000000e+00
0.000000000000000000e+00
0.000000000000000000e+00
0.000000000000000000e+00
0.000000000000000000e+00
0.000000000000000000e+00
0.000000000000000000e+00
0.000000000000000000e+00
0.000000000000000000e+00
0.000000000000000000e+00
0.000000000000000000e+00
0.000000000000000000e+00
0.000000000000000000e+00
0.000000000000000000e+00
0.000000000000000000e+00
0.000000000000000000e+00
0.000000000000000000e+00
0.000000000000000000e+00
0.000000000000000000e+00
0.000000000000000000e+00
0.000000000000000000e+00
0.000000000000000000e+00
0.000000000000000000e+00
0.000000000000000000e+00
0.000000000000000000e+00
0.000000000000000000e+00
0.000000000000000000e+00
0.000000000000000000e+00
0.000000000000000000e+00
0.000000000000000000e+00
0.000000000000000000e+00
0.000000000000000000e+00
0.000000000000000000e+00
0.000000000000000000e+00
0.000000000000000000e+00
0.000000000000000000e+00
0.000000000000000000e+00
0.000000000000000000e+00
0.000000000000000000e+00
0.000000000000000000e+00
0.000000000000000000e+00
0.000000000000000000e+00
0.000000000000000000e+00
0.000000000000000000e+00
0.000000000000000000e+00
0.000000000000000000e+00
0.000000000000000000e+00
0.000000000000000000e+00
0.000000000000000000e+00
0.000000000000000000e+00
0.000000000000000000e+00
0.000000000000000000e+00
0.000000000000000000e+00
0.000000000000000000e+00
0.000000000000000000e+00
0.000000000000000000e+00
0.000000000000000000e+00
0.000000000000000000e+00
0.000000000000000000e+00
0.000000000000000000e+00
0.000000000000000000e+00
0.000000000000000000e+00
0.000000000000000000e+00
0.000000000000000000e+00
0.000000000000000000e+00
0.000000000000000000e+00
0.000000000000000000e+00
0.000000000000000000e+00
0.000000000000000000e+00
0.000000000000000000e+00
0.000000000000000000e+00
0.000000000000000000e+00
0.000000000000000000e+00
0.000000000000000000e+00
0.000000000000000000e+00
0.000000000000000000e+00
0.000000000000000000e+00
0.000000000000000000e+00
0.000000000000000000e+00
0.000000000000000000e+00
0.000000000000000000e+00
0.000000000000000000e+00
0.000000000000000000e+00
0.000000000000000000e+00
0.000000000000000000e+00
0.000000000000000000e+00
0.000000000000000000e+00
0.000000000000000000e+00
0.000000000000000000e+00
0.000000000000000000e+00
0.000000000000000000e+00
0.000000000000000000e+00
0.000000000000000000e+00
0.000000000000000000e+00
0.000000000000000000e+00
0.000000000000000000e+00
0.000000000000000000e+00
0.000000000000000000e+00
0.000000000000000000e+00
0.000000000000000000e+00
0.000000000000000000e+00
0.000000000000000000e+00
0.000000000000000000e+00
0.000000000000000000e+00
0.000000000000000000e+00
0.000000000000000000e+00
0.000000000000000000e+00
0.000000000000000000e+00
0.000000000000000000e+00
0.000000000000000000e+00
0.000000000000000000e+00
0.000000000000000000e+00
0.000000000000000000e+00
0.000000000000000000e+00
0.000000000000000000e+00
0.000000000000000000e+00
0.000000000000000000e+00
0.000000000000000000e+00
0.000000000000000000e+00
0.000000000000000000e+00
0.000000000000000000e+00
0.000000000000000000e+00
0.000000000000000000e+00
0.000000000000000000e+00
0.000000000000000000e+00
0.000000000000000000e+00
0.000000000000000000e+00
0.000000000000000000e+00
0.000000000000000000e+00
0.000000000000000000e+00
0.000000000000000000e+00
0.000000000000000000e+00
0.000000000000000000e+00
0.000000000000000000e+00
0.000000000000000000e+00
0.000000000000000000e+00
0.000000000000000000e+00
0.000000000000000000e+00
0.000000000000000000e+00
0.000000000000000000e+00
0.000000000000000000e+00
0.000000000000000000e+00
0.000000000000000000e+00
0.000000000000000000e+00
0.000000000000000000e+00
0.000000000000000000e+00
0.000000000000000000e+00
0.000000000000000000e+00
0.000000000000000000e+00
0.000000000000000000e+00
0.000000000000000000e+00
0.000000000000000000e+00
0.000000000000000000e+00
0.000000000000000000e+00
0.000000000000000000e+00
0.000000000000000000e+00
0.000000000000000000e+00
0.000000000000000000e+00
0.000000000000000000e+00
0.000000000000000000e+00
0.000000000000000000e+00
0.000000000000000000e+00
0.000000000000000000e+00
0.000000000000000000e+00
0.000000000000000000e+00
0.000000000000000000e+00
0.000000000000000000e+00
0.000000000000000000e+00
0.000000000000000000e+00
0.000000000000000000e+00
0.000000000000000000e+00
0.000000000000000000e+00
0.000000000000000000e+00
0.000000000000000000e+00
0.000000000000000000e+00
0.000000000000000000e+00
0.000000000000000000e+00
0.000000000000000000e+00
0.000000000000000000e+00
0.000000000000000000e+00
0.000000000000000000e+00
0.000000000000000000e+00
0.000000000000000000e+00
0.000000000000000000e+00
0.000000000000000000e+00
0.000000000000000000e+00
0.000000000000000000e+00
0.000000000000000000e+00
0.000000000000000000e+00
0.000000000000000000e+00
0.000000000000000000e+00
0.000000000000000000e+00
0.000000000000000000e+00
0.000000000000000000e+00
0.000000000000000000e+00
0.000000000000000000e+00
0.000000000000000000e+00
0.000000000000000000e+00
0.000000000000000000e+00
0.000000000000000000e+00
0.000000000000000000e+00
0.000000000000000000e+00
0.000000000000000000e+00
0.000000000000000000e+00
0.000000000000000000e+00
0.000000000000000000e+00
0.000000000000000000e+00
0.000000000000000000e+00
0.000000000000000000e+00
0.000000000000000000e+00
0.000000000000000000e+00
0.000000000000000000e+00
0.000000000000000000e+00
0.000000000000000000e+00
0.000000000000000000e+00
0.000000000000000000e+00
0.000000000000000000e+00
0.000000000000000000e+00
0.000000000000000000e+00
0.000000000000000000e+00
0.000000000000000000e+00
0.000000000000000000e+00
0.000000000000000000e+00
0.000000000000000000e+00
0.000000000000000000e+00
0.000000000000000000e+00
0.000000000000000000e+00
0.000000000000000000e+00
0.000000000000000000e+00
0.000000000000000000e+00
0.000000000000000000e+00
0.000000000000000000e+00
0.000000000000000000e+00
0.000000000000000000e+00
0.000000000000000000e+00
0.000000000000000000e+00
0.000000000000000000e+00
0.000000000000000000e+00
0.000000000000000000e+00
0.000000000000000000e+00
0.000000000000000000e+00
0.000000000000000000e+00
0.000000000000000000e+00
0.000000000000000000e+00
0.000000000000000000e+00
0.000000000000000000e+00
0.000000000000000000e+00
0.000000000000000000e+00
0.000000000000000000e+00
0.000000000000000000e+00
0.000000000000000000e+00
0.000000000000000000e+00
0.000000000000000000e+00
0.000000000000000000e+00
0.000000000000000000e+00
0.000000000000000000e+00
0.000000000000000000e+00
0.000000000000000000e+00
0.000000000000000000e+00
0.000000000000000000e+00
0.000000000000000000e+00
0.000000000000000000e+00
0.000000000000000000e+00
0.000000000000000000e+00
0.000000000000000000e+00
0.000000000000000000e+00
0.000000000000000000e+00
0.000000000000000000e+00
0.000000000000000000e+00
0.000000000000000000e+00
0.000000000000000000e+00
0.000000000000000000e+00
0.000000000000000000e+00
0.000000000000000000e+00
0.000000000000000000e+00
0.000000000000000000e+00
0.000000000000000000e+00
0.000000000000000000e+00
0.000000000000000000e+00
0.000000000000000000e+00
0.000000000000000000e+00
0.000000000000000000e+00
0.000000000000000000e+00
0.000000000000000000e+00
0.000000000000000000e+00
0.000000000000000000e+00
0.000000000000000000e+00
0.000000000000000000e+00
0.000000000000000000e+00
0.000000000000000000e+00
0.000000000000000000e+00
0.000000000000000000e+00
0.000000000000000000e+00
0.000000000000000000e+00
0.000000000000000000e+00
0.000000000000000000e+00
0.000000000000000000e+00
0.000000000000000000e+00
0.000000000000000000e+00
0.000000000000000000e+00
0.000000000000000000e+00
0.000000000000000000e+00
0.000000000000000000e+00
0.000000000000000000e+00
0.000000000000000000e+00
0.000000000000000000e+00
0.000000000000000000e+00
0.000000000000000000e+00
0.000000000000000000e+00
0.000000000000000000e+00
0.000000000000000000e+00
0.000000000000000000e+00
0.000000000000000000e+00
0.000000000000000000e+00
0.000000000000000000e+00
0.000000000000000000e+00
0.000000000000000000e+00
0.000000000000000000e+00
0.000000000000000000e+00
0.000000000000000000e+00
0.000000000000000000e+00
0.000000000000000000e+00
0.000000000000000000e+00
0.000000000000000000e+00
0.000000000000000000e+00
0.000000000000000000e+00
0.000000000000000000e+00
0.000000000000000000e+00
0.000000000000000000e+00
0.000000000000000000e+00
0.000000000000000000e+00
0.000000000000000000e+00
0.000000000000000000e+00
0.000000000000000000e+00
0.000000000000000000e+00
0.000000000000000000e+00
0.000000000000000000e+00
0.000000000000000000e+00
0.000000000000000000e+00
0.000000000000000000e+00
0.000000000000000000e+00
0.000000000000000000e+00
0.000000000000000000e+00
0.000000000000000000e+00
0.000000000000000000e+00
0.000000000000000000e+00
0.000000000000000000e+00
0.000000000000000000e+00
0.000000000000000000e+00
0.000000000000000000e+00
0.000000000000000000e+00
0.000000000000000000e+00
0.000000000000000000e+00
0.000000000000000000e+00
0.000000000000000000e+00
0.000000000000000000e+00
0.000000000000000000e+00
0.000000000000000000e+00
0.000000000000000000e+00
0.000000000000000000e+00
0.000000000000000000e+00
0.000000000000000000e+00
0.000000000000000000e+00
0.000000000000000000e+00
0.000000000000000000e+00
0.000000000000000000e+00
0.000000000000000000e+00
0.000000000000000000e+00
0.000000000000000000e+00
0.000000000000000000e+00
0.000000000000000000e+00
0.000000000000000000e+00
0.000000000000000000e+00
0.000000000000000000e+00
0.000000000000000000e+00
0.000000000000000000e+00
0.000000000000000000e+00
0.000000000000000000e+00
0.000000000000000000e+00
0.000000000000000000e+00
0.000000000000000000e+00
0.000000000000000000e+00
0.000000000000000000e+00
0.000000000000000000e+00
0.000000000000000000e+00
0.000000000000000000e+00
0.000000000000000000e+00
0.000000000000000000e+00
0.000000000000000000e+00
0.000000000000000000e+00
0.000000000000000000e+00
0.000000000000000000e+00
0.000000000000000000e+00
0.000000000000000000e+00
0.000000000000000000e+00
0.000000000000000000e+00
0.000000000000000000e+00
0.000000000000000000e+00
0.000000000000000000e+00
0.000000000000000000e+00
0.000000000000000000e+00
0.000000000000000000e+00
0.000000000000000000e+00
0.000000000000000000e+00
0.000000000000000000e+00
0.000000000000000000e+00
0.000000000000000000e+00
0.000000000000000000e+00
0.000000000000000000e+00
0.000000000000000000e+00
0.000000000000000000e+00
0.000000000000000000e+00
0.000000000000000000e+00
0.000000000000000000e+00
0.000000000000000000e+00
0.000000000000000000e+00
0.000000000000000000e+00
0.000000000000000000e+00
0.000000000000000000e+00
0.000000000000000000e+00
0.000000000000000000e+00
0.000000000000000000e+00
0.000000000000000000e+00
0.000000000000000000e+00
0.000000000000000000e+00
0.000000000000000000e+00
0.000000000000000000e+00
0.000000000000000000e+00
0.000000000000000000e+00
0.000000000000000000e+00
0.000000000000000000e+00
0.000000000000000000e+00
0.000000000000000000e+00
0.000000000000000000e+00
0.000000000000000000e+00
0.000000000000000000e+00
0.000000000000000000e+00
0.000000000000000000e+00
0.000000000000000000e+00
0.000000000000000000e+00
0.000000000000000000e+00
0.000000000000000000e+00
0.000000000000000000e+00
0.000000000000000000e+00
0.000000000000000000e+00
0.000000000000000000e+00
0.000000000000000000e+00
0.000000000000000000e+00
0.000000000000000000e+00
0.000000000000000000e+00
0.000000000000000000e+00
0.000000000000000000e+00
0.000000000000000000e+00
0.000000000000000000e+00
0.000000000000000000e+00
0.000000000000000000e+00
0.000000000000000000e+00
0.000000000000000000e+00
0.000000000000000000e+00
0.000000000000000000e+00
0.000000000000000000e+00
0.000000000000000000e+00
0.000000000000000000e+00
0.000000000000000000e+00
0.000000000000000000e+00
0.000000000000000000e+00
0.000000000000000000e+00
0.000000000000000000e+00
0.000000000000000000e+00
0.000000000000000000e+00
0.000000000000000000e+00
0.000000000000000000e+00
0.000000000000000000e+00
0.000000000000000000e+00
0.000000000000000000e+00
0.000000000000000000e+00
0.000000000000000000e+00
0.000000000000000000e+00
0.000000000000000000e+00
0.000000000000000000e+00
0.000000000000000000e+00
0.000000000000000000e+00
0.000000000000000000e+00
0.000000000000000000e+00
0.000000000000000000e+00
0.000000000000000000e+00
0.000000000000000000e+00
0.000000000000000000e+00
0.000000000000000000e+00
0.000000000000000000e+00
0.000000000000000000e+00
0.000000000000000000e+00
0.000000000000000000e+00
0.000000000000000000e+00
0.000000000000000000e+00
0.000000000000000000e+00
0.000000000000000000e+00
0.000000000000000000e+00
0.000000000000000000e+00
0.000000000000000000e+00
0.000000000000000000e+00
0.000000000000000000e+00
0.000000000000000000e+00
0.000000000000000000e+00
0.000000000000000000e+00
0.000000000000000000e+00
0.000000000000000000e+00
0.000000000000000000e+00
0.000000000000000000e+00
0.000000000000000000e+00
0.000000000000000000e+00
0.000000000000000000e+00
0.000000000000000000e+00
0.000000000000000000e+00
0.000000000000000000e+00
0.000000000000000000e+00
0.000000000000000000e+00
0.000000000000000000e+00
0.000000000000000000e+00
0.000000000000000000e+00
0.000000000000000000e+00
0.000000000000000000e+00
0.000000000000000000e+00
0.000000000000000000e+00
0.000000000000000000e+00
0.000000000000000000e+00
0.000000000000000000e+00
0.000000000000000000e+00
0.000000000000000000e+00
0.000000000000000000e+00
0.000000000000000000e+00
0.000000000000000000e+00
0.000000000000000000e+00
0.000000000000000000e+00
0.000000000000000000e+00
0.000000000000000000e+00
0.000000000000000000e+00
0.000000000000000000e+00
0.000000000000000000e+00
0.000000000000000000e+00
0.000000000000000000e+00
0.000000000000000000e+00
0.000000000000000000e+00
0.000000000000000000e+00
0.000000000000000000e+00
0.000000000000000000e+00
0.000000000000000000e+00
0.000000000000000000e+00
0.000000000000000000e+00
0.000000000000000000e+00
0.000000000000000000e+00
0.000000000000000000e+00
0.000000000000000000e+00
0.000000000000000000e+00
0.000000000000000000e+00
0.000000000000000000e+00
0.000000000000000000e+00
0.000000000000000000e+00
0.000000000000000000e+00
0.000000000000000000e+00
0.000000000000000000e+00
0.000000000000000000e+00
0.000000000000000000e+00
0.000000000000000000e+00
0.000000000000000000e+00
0.000000000000000000e+00
0.000000000000000000e+00
0.000000000000000000e+00
0.000000000000000000e+00
0.000000000000000000e+00
0.000000000000000000e+00
0.000000000000000000e+00
0.000000000000000000e+00
0.000000000000000000e+00
0.000000000000000000e+00
0.000000000000000000e+00
0.000000000000000000e+00
0.000000000000000000e+00
0.000000000000000000e+00
0.000000000000000000e+00
0.000000000000000000e+00
0.000000000000000000e+00
0.000000000000000000e+00
0.000000000000000000e+00
0.000000000000000000e+00
0.000000000000000000e+00
0.000000000000000000e+00
0.000000000000000000e+00
0.000000000000000000e+00
0.000000000000000000e+00
0.000000000000000000e+00
0.000000000000000000e+00
0.000000000000000000e+00
0.000000000000000000e+00
0.000000000000000000e+00
0.000000000000000000e+00
0.000000000000000000e+00
0.000000000000000000e+00
0.000000000000000000e+00
0.000000000000000000e+00
0.000000000000000000e+00
0.000000000000000000e+00
0.000000000000000000e+00
0.000000000000000000e+00
0.000000000000000000e+00
0.000000000000000000e+00
0.000000000000000000e+00
0.000000000000000000e+00
0.000000000000000000e+00
0.000000000000000000e+00
0.000000000000000000e+00
0.000000000000000000e+00
0.000000000000000000e+00
0.000000000000000000e+00
0.000000000000000000e+00
0.000000000000000000e+00
0.000000000000000000e+00
0.000000000000000000e+00
0.000000000000000000e+00
0.000000000000000000e+00
0.000000000000000000e+00
0.000000000000000000e+00
0.000000000000000000e+00
0.000000000000000000e+00
0.000000000000000000e+00
0.000000000000000000e+00
0.000000000000000000e+00
0.000000000000000000e+00
0.000000000000000000e+00
0.000000000000000000e+00
0.000000000000000000e+00
0.000000000000000000e+00
0.000000000000000000e+00
0.000000000000000000e+00
0.000000000000000000e+00
0.000000000000000000e+00
0.000000000000000000e+00
0.000000000000000000e+00
0.000000000000000000e+00
0.000000000000000000e+00
0.000000000000000000e+00
0.000000000000000000e+00
0.000000000000000000e+00
0.000000000000000000e+00
0.000000000000000000e+00
0.000000000000000000e+00
0.000000000000000000e+00
0.000000000000000000e+00
0.000000000000000000e+00
0.000000000000000000e+00
0.000000000000000000e+00
0.000000000000000000e+00
0.000000000000000000e+00
0.000000000000000000e+00
0.000000000000000000e+00
0.000000000000000000e+00
0.000000000000000000e+00
0.000000000000000000e+00
0.000000000000000000e+00
0.000000000000000000e+00
0.000000000000000000e+00
0.000000000000000000e+00
0.000000000000000000e+00
0.000000000000000000e+00
0.000000000000000000e+00
0.000000000000000000e+00
0.000000000000000000e+00
0.000000000000000000e+00
0.000000000000000000e+00
0.000000000000000000e+00
0.000000000000000000e+00
0.000000000000000000e+00
0.000000000000000000e+00
0.000000000000000000e+00
0.000000000000000000e+00
0.000000000000000000e+00
0.000000000000000000e+00
0.000000000000000000e+00
0.000000000000000000e+00
0.000000000000000000e+00
0.000000000000000000e+00
0.000000000000000000e+00
0.000000000000000000e+00
0.000000000000000000e+00
0.000000000000000000e+00
0.000000000000000000e+00
0.000000000000000000e+00
0.000000000000000000e+00
0.000000000000000000e+00
0.000000000000000000e+00
0.000000000000000000e+00
0.000000000000000000e+00
0.000000000000000000e+00
0.000000000000000000e+00
0.000000000000000000e+00
0.000000000000000000e+00
0.000000000000000000e+00
0.000000000000000000e+00
0.000000000000000000e+00
0.000000000000000000e+00
0.000000000000000000e+00
0.000000000000000000e+00
0.000000000000000000e+00
0.000000000000000000e+00
0.000000000000000000e+00
0.000000000000000000e+00
0.000000000000000000e+00
0.000000000000000000e+00
0.000000000000000000e+00
0.000000000000000000e+00
0.000000000000000000e+00
0.000000000000000000e+00
0.000000000000000000e+00
0.000000000000000000e+00
0.000000000000000000e+00
0.000000000000000000e+00
0.000000000000000000e+00
0.000000000000000000e+00
0.000000000000000000e+00
0.000000000000000000e+00
0.000000000000000000e+00
0.000000000000000000e+00
0.000000000000000000e+00
0.000000000000000000e+00
0.000000000000000000e+00
0.000000000000000000e+00
0.000000000000000000e+00
0.000000000000000000e+00
0.000000000000000000e+00
0.000000000000000000e+00
0.000000000000000000e+00
0.000000000000000000e+00
0.000000000000000000e+00
0.000000000000000000e+00
0.000000000000000000e+00
0.000000000000000000e+00
0.000000000000000000e+00
0.000000000000000000e+00
0.000000000000000000e+00
0.000000000000000000e+00
0.000000000000000000e+00
0.000000000000000000e+00
0.000000000000000000e+00
0.000000000000000000e+00
0.000000000000000000e+00
0.000000000000000000e+00
0.000000000000000000e+00
0.000000000000000000e+00
0.000000000000000000e+00
0.000000000000000000e+00
0.000000000000000000e+00
0.000000000000000000e+00
0.000000000000000000e+00
0.000000000000000000e+00
0.000000000000000000e+00
0.000000000000000000e+00
0.000000000000000000e+00
0.000000000000000000e+00
0.000000000000000000e+00
0.000000000000000000e+00
0.000000000000000000e+00
0.000000000000000000e+00
0.000000000000000000e+00
0.000000000000000000e+00
0.000000000000000000e+00
0.000000000000000000e+00
0.000000000000000000e+00
0.000000000000000000e+00
0.000000000000000000e+00
0.000000000000000000e+00
0.000000000000000000e+00
0.000000000000000000e+00
0.000000000000000000e+00
0.000000000000000000e+00
0.000000000000000000e+00
0.000000000000000000e+00
0.000000000000000000e+00
0.000000000000000000e+00
0.000000000000000000e+00
0.000000000000000000e+00
0.000000000000000000e+00
0.000000000000000000e+00
0.000000000000000000e+00
0.000000000000000000e+00
0.000000000000000000e+00
0.000000000000000000e+00
0.000000000000000000e+00
0.000000000000000000e+00
0.000000000000000000e+00
0.000000000000000000e+00
0.000000000000000000e+00
0.000000000000000000e+00
0.000000000000000000e+00
0.000000000000000000e+00
0.000000000000000000e+00
0.000000000000000000e+00
0.000000000000000000e+00
0.000000000000000000e+00
0.000000000000000000e+00
0.000000000000000000e+00
0.000000000000000000e+00
0.000000000000000000e+00
0.000000000000000000e+00
0.000000000000000000e+00
0.000000000000000000e+00
0.000000000000000000e+00
0.000000000000000000e+00
0.000000000000000000e+00
0.000000000000000000e+00
0.000000000000000000e+00
0.000000000000000000e+00
0.000000000000000000e+00
0.000000000000000000e+00
0.000000000000000000e+00
0.000000000000000000e+00
0.000000000000000000e+00
0.000000000000000000e+00
