-1.500000000000000000e+00
-1.269722587335921249e+00
-1.074796965860683962e+00
-9.097959895689501364e-01
-7.701256785488880263e-01
-6.518973127606173534e-01
-5.518191617571635010e-01
-4.671048358718965510e-01
-3.953957071735901829e-01
-3.346952402226447409e-01
-2.833134042563427712e-01
-2.398196191195408611e-01
-2.030029248549190535e-01
-1.718382659890315967e-01
-1.454579517966075874e-01
-1.231274979358482069e-01
-1.042251768342023210e-01
-8.822470746364483030e-02
-7.468060255179591322e-02
-6.321576526391460560e-02
-5.351099002087859186e-02
-4.529607513347774783e-02
-3.834229980976110175e-02
-3.245605607923963271e-02
-2.747345833310126800e-02
-2.325578039851397202e-02
-1.968559310541145163e-02
-1.666349480736345826e-02
-1.410534382724280833e-02
-1.193991577305967416e-02
-1.010692049862819963e-02
-8.555323497011102507e-03
-7.241924990747161672e-03
-6.130157157696099895e-03
-5.189066004697137635e-03
-4.392449542227283565e-03
-3.718128264999537736e-03
-3.147327627121354089e-03
-2.664155318601568821e-03
-2.255158789466358768e-03
-1.908950702009711833e-03
-1.615891882968330338e-03
-1.367822948331774311e-03
-1.157837128648845151e-03
-9.800879698010709750e-04
-8.296265552217504946e-04
-7.022637174791653350e-04
-5.944534028998590871e-04
-5.031939418537678069e-04
-4.259444758548849418e-04
-3.605542146292710793e-04
-3.052025535159662664e-04
-2.583483839412152334e-04
-2.186871856612622586e-04
-1.851147061300193418e-04
-1.566962157475579808e-04
-1.326404829898245171e-04
-1.122777448315508971e-04
-9.504105911183947410e-05
-8.045051965242059895e-05
-6.809989464372727787e-05
-5.764531628289139178e-05
-4.879570675900685151e-05
-4.130467402462074055e-05
-3.496365171440552242e-05
-2.959609221168463055e-05
-2.505255118536848889e-05
-2.120652674030112971e-05
-1.795093733406901080e-05
-1.519514039794606582e-05
-1.286240865400844590e-05
-1.088779386369301657e-05
-9.216318529992314286e-06
-7.801445206409228134e-06
-6.603780794960888349e-06
-5.589979758118006407e-06
-4.731815707755350597e-06
-4.005395522165246250e-06
-3.390494110471581359e-06
-2.869991302863454002e-06
-2.429395188468914790e-06
-2.056438629576126571e-06
-1.740737718295291080e-06
-1.473502666364748152e-06
-1.247293078655351922e-06
-1.055810796664307299e-06
-8.937245443185351085e-07
-7.565214938518320408e-07
-6.403816190325232768e-07
-5.420713374668938403e-07
-4.588534807527386788e-07
-3.884110858596406492e-07
-3.287828859251046554e-07
-2.783087043923967668e-07
-2.355832321461481438e-07
-1.994169007023771894e-07
-1.688027620788886681e-07
-1.428884532108374632e-07
-1.209524643408617801e-07
-1.023840506450230487e-07
-8.666622779128700198e-08
-7.336137799053166619e-08
-6.209906578177750578e-08
-5.256572431705466971e-08
-4.449592499002503837e-08
-3.766498733615972836e-08
-3.188272344829558479e-08
-2.698814273872373314e-08
-2.284496961706894538e-08
-1.933784928653016853e-08
-1.636913601973682344e-08
-1.385617449295589154e-08
-1.172899848518262090e-08
-9.928382868976807113e-09
-8.404194656305902566e-09
-7.113997188986292780e-09
-6.021868611400110949e-09
-5.097401729242606392e-09
-4.314857408229676293e-09
-3.652447941575308878e-09
-3.091730433657836598e-09
-2.617093310379488717e-09
-2.215321659569722265e-09
-1.875229299580113743e-09
-1.587347332073991191e-09
-1.343660507654509405e-09
-1.137384064186785989e-09
-9.627748245159263194e-10
-8.149712941375015757e-10
-6.898583067978475222e-10
-5.839524494683597397e-10
-4.943050766800774471e-10
-4.184202139303386958e-10
-3.541850644168523844e-10
-2.998111842580712343e-10
-2.537846883922695644e-10
-2.148241007811150820e-10
-1.818446753772738265e-10
-1.539281944755283592e-10
-1.302974035689429794e-10
-1.102943709218075837e-10
-9.336216934361673914e-11
-7.902937014551422278e-11
-6.689691755779383373e-11
-5.662701816418646589e-11
-4.793373601103264521e-11
-4.057503153907034616e-11
-3.434602268468329475e-11
-2.907328052526283885e-11
-2.461000064725324168e-11
-2.083191579744602973e-11
-1.763383601699812783e-11
-1.492671992810684473e-11
-1.263519563170297006e-11
-1.069546219265426963e-11
-9.053513285340358791e-12
-7.663633542094988458e-12
-6.487125739642123550e-12
-5.491233385674578950e-12
-4.648228708082738742e-12
-3.934640654503941744e-12
-3.330601408049239172e-12
-2.819293224808624858e-12
-2.386480191908423787e-12
-2.020111869263931223e-12
-1.709987779566532961e-12
-1.447473405189348304e-12
-1.225259784757973262e-12
-1.037160016041030554e-12
-8.779369993659873439e-13
-7.431576255686127360e-13
-6.290693487569317090e-13
-5.324957074115821563e-13
-4.507478849066048705e-13
-3.815498471065384127e-13
-3.229749727104923323e-13
-2.733924119964772165e-13
-2.314216804787831729e-13
-1.958942232687646980e-13
-1.658208800086514058e-13
-1.403643445326026286e-13
-1.188158524730977393e-13
-1.005754477457767604e-13
-8.513527848949083789e-14
-7.206545738482690403e-14
-6.100209267213947510e-14
-5.163715662704965126e-14
-4.370990941011174020e-14
-3.699963951228395776e-14
-3.131951867468900105e-14
-2.651140019049451560e-14
-2.244141576251520499e-14
-1.899624832364126331e-14
-1.607997704744632982e-14
-1.361140670732378843e-14
-1.152180702780314298e-14
-9.752999086751626083e-15
-8.255735489810061566e-15
-6.988329217655096606e-15
-5.915492970264174986e-15
-5.007356693047497456e-15
-4.238635930673416364e-15
-3.587927853779775258e-15
-3.037115358450569092e-15
-2.570862647313019500e-15
-2.176188248154380125e-15
-1.842103581984394834e-15
-1.559307017505332931e-15
-1.319924893811956411e-15
-1.117292300840000034e-15
-9.457675140220483833e-16
-8.005749166148933436e-16
-6.776720363203313411e-16
-5.736369942145703809e-16
-4.855732323238178066e-16
-4.110288672581741985e-16
-3.479284245365354451e-16
-2.945150529401610197e-16
-2.493016100190368744e-16
-2.110292568669220004e-16
-1.786324093550970302e-16
-1.512090699922680938e-16
-1.279957143861609932e-16
-1.083460330922041923e-16
-9.171293697694411667e-17
-7.763332508702803156e-17
-6.571519092866141905e-17
-5.562670816880909924e-17
-4.708699188072044085e-17
-3.985827810710267900e-17
-3.373930400326991628e-17
-2.855970424929678339e-17
-2.417526771531059923e-17
-2.046392231534839431e-17
-1.732233625952367918e-17
-1.466304107609686605e-17
-1.241199630223634364e-17
-1.050652803925296725e-17
-8.893583977278475085e-18
-7.528256305546175791e-18
-6.372531382937383306e-18
-5.394231356948419692e-18
-4.566118263488713996e-18
-3.865135663732471950e-18
-3.271766703572498391e-18
-2.769490722679713904e-18
-2.344323284002483191e-18
-1.984426817143655639e-18
-1.679781035094945007e-18
-1.421903948025713495e-18
-1.203615706553582816e-18
-1.018838699388907111e-18
-8.624283396440339845e-19
-7.300298285364319549e-19
-6.179569084811153092e-19
-5.230892297991669312e-19
-4.427854735121027041e-19
-3.748098113750302752e-19
-3.172696556386620456e-19
-2.685629653604664636e-19
-2.273336421600648276e-19
-1.924337735413177336e-19
-1.628916725544648228e-19
-1.378848239542198305e-19
-1.167169836170069492e-19
-9.879879361615381767e-20
-8.363137323731327497e-20
-7.079242907289184707e-20
-5.992449747081809149e-20
-5.072499198230109850e-20
-4.293777870824090787e-20
-3.634604498392332790e-20
-3.076626285094312352e-20
-2.604307924650442058e-20
-2.204499064204406929e-20
-1.866068170387482001e-20
-1.579592603633071611e-20
-1.337096271747782075e-20
-1.131827558453866286e-20
-9.580713439587633683e-21
-8.109898838024847404e-21
-6.864881157099627453e-21
-5.810996443030780174e-21
-4.918902292429929986e-21
-4.163760897064463332e-21
-3.524547506179226023e-21
-2.983465052489510593e-21
-2.525448643782175061e-21
-2.137746124111402826e-21
-1.809563026516049459e-21
-1.531762031983578120e-21
-1.296608566955414300e-21
-1.097555456264368929e-21
-9.290606357817633536e-22
-7.864328495045196317e-22
-6.657010349592281127e-22
-5.635037603337516256e-22
-4.769956350296624092e-22
-4.037680879052034496e-22
-3.417823075057800876e-22
-2.893124771945876613e-22
-2.448977247280516020e-22
-2.073014484495869368e-22
-1.754768876559294663e-22
-1.485379785414280277e-22
-1.257346842875124391e-22
-1.064321124342705608e-22
-9.009283811711332728e-23
-7.626194100966459492e-23
-6.455433936936730330e-23
-5.464406853855623974e-23
-4.625520539155780473e-23
-3.915418604501556823e-23
-3.314330294007287323e-23
-2.805520024128491277e-23
-2.374821429239448165e-23
-2.010242939729805910e-23
-1.701633911071656827e-23
-1.440402008176301407e-23
-1.219273976416982911e-23
-1.032093138671680773e-23
-8.736479802705740898e-24
-7.395270492866386016e-24
-6.259961322834169691e-24
-5.298942858301210666e-24
-4.485458290791619904e-24
-3.796858470914178209e-24
-3.213971307624980491e-24
-2.720567976227342348e-24
-2.302911073199077012e-24
-1.949372137511254679e-24
-1.650107889414234077e-24
-1.396786172486964880e-24
-1.182353968590127634e-24
-1.000841026763436524e-24
-8.471936386760030261e-25
-7.171339325828203232e-25
-6.070407682302966117e-25
-5.138489165705025274e-25
-4.349637172317731713e-25
-3.681888376271855323e-25
-3.116651223601288006e-25
-2.638188303636467526e-25
-2.233178185848445403e-25
-1.890344522745075522e-25
-1.600142092250780122e-25
-1.354491038318519323e-25
-1.146551910464733753e-25
-9.705352388468189816e-26
-8.215403430461814580e-26
-6.954188866489552725e-26
-5.886593786921193965e-26
-4.982894062483436169e-26
-4.217928760958158282e-26
-3.570399613041601146e-26
-3.022278022996242538e-26
-2.558303114004842250e-26
-2.165556832735853289e-26
-1.833104283122904548e-26
-1.551689275482241316e-26
-1.313476614404478149e-26
-1.111833950164589293e-26
-9.411471199272620091e-27
-7.966638374518643532e-27
-6.743613792842314079e-27
-5.708345835361272110e-27
-4.832010428988773896e-27
-4.090208522619863382e-27
-3.462286765389535954e-27
-2.930762473232885982e-27
-2.480836873586861317e-27
-2.099983075926034729e-27
-1.777597296350971461e-27
-1.504703625576066072e-27
-1.273704120426783019e-27
-1.078167260859148421e-27
-9.126488826926426274e-28
-7.725406004411562570e-28
-6.539415000094621281e-28
-5.535495289055662977e-28
-4.685695600403683940e-28
-3.966355694142081461e-28
-3.357447609507106328e-28
-2.842018043725430554e-28
-2.405716335822956890e-28
-2.036394913544934434e-28
-1.723771078976005445e-28
-1.459140716248157151e-28
-1.235135950347860357e-28
-1.045520009724874481e-28
-8.850135812395591371e-29
-7.491478227992780472e-29
-6.341399412411870010e-29
-5.367878712838700868e-29
-4.543811231847291972e-29
-3.846253169111478073e-29
-3.255783016955459059e-29
-2.755960824062011392e-29
-2.332870472082991912e-29
-1.974732221155182555e-29
-1.671574736760504565e-29
-1.414957466456619497e-29
-1.197735636853046873e-29
-1.013861327846320439e-29
-8.582150855952496998e-30
-7.264633859818096623e-30
-6.149379800357551790e-30
-5.205337620414210817e-30
-4.406223167566204211e-30
-3.729787387134408300e-30
-3.157196860936820264e-30
-2.672509444665019329e-30
-2.262230404506491991e-30
-1.914936694906665170e-30
-1.620958916560917820e-30
-1.372112099667300009e-30
-1.161467816869669402e-30
-9.831612810287689216e-31
-8.322280570108941748e-31
-7.044658412009526154e-31
-5.963174603862969824e-31
-5.047718324501806847e-31
-4.272801314086291192e-31
-3.616848226462628784e-31
-3.061595925403629838e-31
-2.591584999853764844e-31
-2.193729340876846270e-31
-1.856951796408574061e-31
-1.571875759662669173e-31
-1.330564104352994286e-31
-1.126298198130252193e-31
-9.533908414944954785e-32
-8.070279240031707914e-32
-6.831343891450921701e-32
-5.782607760556390411e-32
-4.894871791521601313e-32
-4.143419517205595843e-32
-3.507328899869661543e-32
-2.968889816920356481e-32
-2.513110973236911294e-32
-2.127302511467130564e-32
-1.800722699270823467e-32
-1.524278856528441971e-32
-1.290274195688500692e-32
-1.092193526748246519e-32
-9.245218604362144949e-33
-7.825908591211337801e-33
-6.624488603124817020e-33
-5.607508539291283093e-33
-4.746653500678178512e-33
-4.017955442712117071e-33
-3.401125853680567263e-33
-2.878990879193616337e-33
-2.437013165364146104e-33
-2.062887107798568026e-33
-1.746196237263958377e-33
-1.478123202916688706e-33
-1.251204278405752037e-33
-1.059121555775426981e-33
-8.965270414016098606e-34
-7.588937564167102034e-34
-6.423896959403403152e-34
-5.437711378715339363e-34
-4.602923307312257219e-34
-3.896290460712926397e-34
-3.298138669859107923e-34
-2.791814110190760131e-34
-2.363219623568251761e-34
-2.000422223253392051e-34
-1.693320854049040530e-34
-1.433365157328693074e-34
-1.213317410773692810e-34
-1.027051014711524155e-34
-8.693799144836748089e-35
-7.359142095973921773e-35
-6.229379295115103735e-35
-5.273055730726961313e-35
-4.463545310390073450e-35
-3.778309533466383683e-35
-3.198269971059305429e-35
-2.707277081768123082e-35
-2.291660573931897786e-35
-1.939848795485705668e-35
-1.642046554429712343e-35
-1.389962399744346041e-35
-1.176577769668702443e-35
-9.959515799371102887e-36
-8.430548112926934064e-36
-7.136304908403769273e-36
-6.040751688210949563e-36
-5.113385908672669333e-36
-4.328387724004642696e-36
-3.663901106610791393e-36
-3.101425328552517656e-36
-2.625299861732599765e-36
-2.222268355314490945e-36
-1.881109550576429391e-36
-1.592324857080159186e-36
-1.347873891607407149e-36
-1.140950616702857180e-36
-9.657938460416535067e-37
-8.175268406860752373e-37
-6.920215302483199000e-37
-5.857835785860455959e-37
-4.958550940141101088e-37
-4.197322752768595485e-37
-3.552957003686215202e-37
-3.007513172942480898e-37
-2.545804938263583037e-37
-2.154977355376421492e-37
-1.824148948879238363e-37
-1.544108748704690963e-37
-1.307059837022247001e-37
-1.106402265377831433e-37
-9.365492980199051265e-38
-7.927718652329906257e-38
-6.710668959271680566e-38
-5.680458635814167888e-38
-4.808404424213806575e-38
-4.070226470980143308e-38
-3.445372323850692898e-38
-2.916444707583545608e-38
-2.468717146623410681e-38
-2.089723948540809793e-38
-1.768913132506066169e-38
-1.497352639585387265e-38
-1.267481645125746575e-38
-1.072900049233245273e-38
-9.081902843101778629e-39
-7.687664783917729847e-39
-6.507467746671570856e-39
-5.508452522872563357e-39
-4.662804393039199075e-39
-3.946978705447392111e-39
-3.341045342693615971e-39
-2.828133824621031152e-39
-2.393963598086722388e-39
-2.026446435833780051e-39
-1.715349874403007173e-39
-1.452012320475569514e-39
-1.229101893598577203e-39
-1.040412290959638675e-39
-8.806899906489188539e-40
-7.454879823783919541e-40
-6.310419532088820491e-40
-5.341654810306017670e-40
-4.521613177598062065e-40
-3.827462921861319903e-40
-3.239877416052070121e-40
-2.742497023573889085e-40
-2.321473611022189738e-40
-1.965084986546124258e-40
-1.663408528968204591e-40
-1.408044920798758020e-40
-1.191884293281212042e-40
-1.008908272446706276e-40
-8.540224147170934263e-41
-7.229143667049793897e-41
-6.119338000766340504e-41
-5.179907786077349040e-41
-4.384697277533118126e-41
-3.711566114609395538e-41
-3.141772886740101124e-41
-2.659453332382349822e-41
-2.251178644061092204e-41
-1.905581581661738331e-41
-1.613039984164827953e-41
-1.365408868113365930e-41
-1.155793653861537490e-41
-9.783582057383488467e-42
-8.281623415542798675e-42
-7.010242873683133946e-42
-5.934042479617490527e-42
-5.023058513720766372e-42
-4.251927234920818362e-42
-3.599178699925188138e-42
-3.046638994102216077e-42
-2.578924230846637315e-42
-2.183012231289282292e-42
-1.847879958999051075e-42
-1.564196615084306461e-42
-1.324063848804636425e-42
-1.120795850601448601e-42
-9.487332048673527066e-43
-8.030853197171245712e-43
-6.797970466684786906e-43
-5.754357766394763641e-43
-4.870958687735587413e-43
-4.123177511865322121e-43
-3.490194412273932017e-43
-2.954385786305248699e-43
-2.500833576383968431e-43
-2.116909919401854597e-43
-1.791925560013349753e-43
-1.516832238915672943e-43
-1.283970769967024750e-43
-1.086857792070827095e-43
-9.200052585429138204e-44
-7.787676381598374771e-44
-6.592125736385349987e-44
-5.580113964031254429e-44
-4.723464493359354824e-44
-3.998326371798435529e-44
-3.384510203875554003e-44
-2.864926035286449673e-44
-2.425107532033324822e-44
-2.052809206760779371e-44
-1.737665478210189626e-44
-1.470902071278249149e-44
-1.245091722440783381e-44
-1.053947388858694962e-44
-8.921472036650753101e-45
-7.551863038147473787e-45
-6.392514050668717023e-45
-5.411146319997592716e-45
-4.580436470587038698e-45
-3.877255764374375258e-45
-3.282026147269728306e-45
-2.778175154276963307e-45
-2.351674496640600522e-45
-1.990649484297620899e-45
-1.685048409120853665e-45
-1.426362683876798511e-45
-1.207389944967649758e-45
-1.022033523231794714e-45
-8.651326996412769251e-46
-7.323190198516287634e-46
-6.198946670942075595e-46
-5.247295070523953632e-46
-4.441739382307174341e-46
-3.759851213849929455e-46
-3.182645340831742301e-46
-2.694051117822355094e-46
-2.280465037157743545e-46
-1.930371978206015735e-46
-1.634024601792350834e-46
-1.383171963438881445e-46
-1.170829789432076011e-46
-9.910860197117874905e-47
-8.389362034806031002e-47
-7.101441645954406455e-47
-6.011240573677585511e-47
-5.088405289539022210e-47
-4.307242086431495806e-47
-3.646001710844015013e-47
-3.086273817149357066e-47
-2.612474384225314937e-47
-2.211411822991610445e-47
-1.871919694369426948e-47
-1.584545811746535996e-47
-1.341289071895418790e-47
-1.135376687154959576e-47
-9.610756165435168132e-48
-8.135329456420741485e-48
-6.886407710824419330e-48
-5.829218277358652048e-48
-4.934326742182491833e-48
-4.176817411896500151e-48
-3.535599607375283643e-48
-2.992820454173636170e-48
-2.533367820336798647e-48
-2.144449562341058192e-48
-1.815237364471398599e-48
-1.536565255363634618e-48
-1.300674407767190110e-48
-1.100997116207859474e-48
-9.319739380272163476e-49
-7.888989066143725086e-49
-6.677885072352599973e-49
-5.652707674666285437e-49
-4.784913742753905995e-49
-4.050342038419169151e-49
-3.428540515078007360e-49
-2.902196889060572546e-49
-2.456656628624190843e-49
-2.079514940461755805e-49
-1.760271393737861701e-49
-1.490037565646844365e-49
-1.261289568720546345e-49
-1.067658569717101779e-49
-9.037534676883869536e-50
-7.650107942047358521e-50
-6.475676566383603722e-50
-5.481541869746174155e-50
-4.640025016962841768e-50
-3.927696379894287534e-50
-3.324723206499569044e-50
-2.814317434621595151e-50
-2.382268276448204637e-50
-2.016546559800085492e-50
-1.706969810261802356e-50
-1.444918749326607670e-50
-1.223097315256787309e-50
-1.035329525127639592e-50
-8.763875222602205441e-51
-7.418460215154500427e-51
-6.279590998956347442e-51
-5.315559020404117674e-51
-4.499523568349583067e-51
-3.808764471322508218e-51
-3.224049519387149678e-51
-2.729098998303615045e-51
-2.310132427481280304e-51
-1.955484881940086449e-51
-1.655282215862178754e-51
-1.401166145263768322e-51
-1.186061535501201662e-51
-1.003979414397477033e-51
-8.498502264538408828e-52
-7.193826855873228030e-52
-6.089442965524050737e-52
-5.154602185079790380e-52
-4.363276548751248200e-52
-3.693433859161757884e-52
-3.126424263872626899e-52
-2.646461003622757562e-52
-2.240180875202358189e-52
-1.896272171308248825e-52
-1.605159738431068762e-52
-1.358738384112110897e-52
-1.150147211058300053e-52
-9.735785950947543586e-53
-8.241164884923961805e-53
-6.975995466898360481e-53
-5.905052675649201205e-53
-4.998519174453519296e-53
-4.231155132690202575e-53
-3.581595494999361239e-53
-3.031755132467540872e-53
-2.566325313977083814e-53
-2.172347478405758488e-53
-1.838852440582699944e-53
-1.556554985723751835e-53
-1.317595349202520465e-53
-1.115320383900810847e-53
-9.440983223700158358e-54
-7.991619763861023648e-54
-6.764760082383064973e-54
-5.726245783006762133e-54
-4.847162407547145884e-54
-4.103034395565489185e-54
-3.473143632443776631e-54
-2.939952612783846856e-54
-2.488616158765961722e-54
-2.106568098662855661e-54
-1.783171397755666992e-54
-1.509422000547838393e-54
-1.277698138611569907e-54
-1.081548124261443296e-54
-9.155107217770434672e-55
-7.749630949256791537e-55
-6.559920973192545380e-55
-5.552853220534193959e-55
-4.700388772182163423e-55
-3.978793195533215005e-55
-3.367975727138025474e-55
-2.850929902897502553e-55
-2.413260061746897469e-55
-2.042780539677162844e-55
-1.729176394798896273e-55
-1.463716217309496253e-55
-1.239009028378518894e-55
-1.048798499496887572e-55
-8.877887629168089327e-56
-7.514969633723320719e-56
-6.361284458054672163e-56
-5.384711040573948231e-56
-4.558059489662612881e-56
-3.858314058963621991e-56
-3.265992339801264623e-56
-2.764602829274454328e-56
-2.340185771561734257e-56
-1.980924488476068023e-56
-1.676816377883247742e-56
-1.419394419875456762e-56
-1.201491436836300560e-56
-1.017040543894474603e-56
-8.609062338794913821e-57
-7.287413938234011853e-57
-6.168662720428112619e-57
-5.221660259856465698e-57
-4.420039983556115042e-57
-3.741483069365990813e-57
-3.167097042205983082e-57
-2.680889767182507776e-57
-2.269324194366202998e-57
-1.920941458383124817e-57
-1.626041839106054916e-57
-1.376414700710773497e-57
-1.165109890022465023e-57
-9.862442293933389623e-58
-8.348377164602723384e-58
-7.066748702330395105e-58
-5.981873630917197938e-58
-5.063546709176374045e-58
-4.286199752447850676e-58
-3.628189759677814110e-58
-3.071196326002480148e-58
-2.599711563512320361e-58
-2.200608328500005129e-58
-1.862774733717300440e-58
-1.576804769679689613e-58
-1.334736421254223732e-58
-1.129829988137579111e-58
-9.563804371918491170e-59
-8.095585621258037342e-59
-6.852765280682026402e-59
-5.800740575062290061e-59
-4.910220887621747143e-59
-4.156412246547899166e-59
-3.518327007814371245e-59
-2.978199514303970259e-59
-2.520991461936365811e-59
-2.133973201134426228e-59
-1.806369316166631404e-59
-1.529058614538180450e-59
-1.294320173493143726e-59
-1.095618373019205567e-59
-9.274209302151277682e-60
-7.850448687081665978e-60
-6.645261345806208262e-60
-5.625092286346855524e-60
-4.761537821215820365e-60
-4.030554748034701833e-60
-3.411790935382404334e-60
-2.888018675948686577e-60
-2.444655030333374788e-60
-2.069355806839072063e-60
-1.751671872785562954e-60
-1.482758228317909650e-60
-1.255127742702271304e-60
-1.062442696600691653e-60
-8.993383264159972965e-61
-7.612734578048370068e-61
-6.444040696760866787e-61
-5.454762684259505093e-61
-4.617356925840854132e-61
-3.908508255021426301e-61
-3.308480809459772348e-61
-2.800568542358950001e-61
-2.370630090410419370e-61
-2.006695048008223134e-61
-1.698630685567422039e-61
-1.437859832671251444e-61
-1.217122071310502228e-61
-1.030271590325331344e-61
-8.721060728843907875e-62
-7.382218528627657672e-62
-6.248913073632072773e-62
-5.289590717259635549e-62
-4.477541874311359885e-62
-3.790157369036960920e-62
-3.208298947349308985e-62
-2.715766426917009796e-62
-2.298846649456686625e-62
-1.945931677091123193e-62
-1.647195602543395313e-62
-1.394320974873141170e-62
-1.180267223861790315e-62
-9.990746354863941401e-63
-8.456984207409684811e-63
-7.158682579260899992e-63
-6.059693977637214532e-63
-5.129420210499518762e-63
-4.341960467472450438e-63
-3.675390185912971864e-63
-3.111150624217588025e-63
-2.633532146782239764e-63
-2.229236834163133077e-63
-1.887008240572064868e-63
-1.597317990362259413e-63
-1.352100487680667731e-63
-1.144528353037350349e-63
-9.688223344652790856e-64
-8.200904007907287598e-64
-6.941915370275578793e-64
-5.876204496675592506e-64
-4.974099718155985983e-64
-4.210484509202516156e-64
-3.564098189974990670e-64
-3.016943983529574253e-64
-2.553787947076425714e-64
-2.161734826446133780e-64
-1.829869024646252762e-64
-1.548950688306436260e-64
-1.311158450408148586e-64
-1.109871666706404732e-64
-9.394860828408405289e-65
-7.952577999138485039e-65
-6.731711942037957721e-65
-5.698271136162926940e-65
-4.823482380233639712e-65
-4.082989685199694361e-65
-3.456176151438357762e-65
-2.925589950195372933e-65
-2.476458427364048242e-65
-2.096276801214977265e-65
-1.774460002540649881e-65
-1.502047963700026905e-65
-1.271456151181209307e-65
-1.076264395974661676e-65
-9.110381423429950521e-66
-7.711771381716245794e-66
-6.527873541157303878e-66
-5.525725654986687447e-66
-4.677425783705361002e-66
-3.959355445438783769e-66
-3.351522026910099164e-66
-2.837002146347694243e-66
-2.401470470358793588e-66
-2.032800866023204710e-66
-1.720728783430423948e-66
-1.456565468667126922e-66
-1.232956050333467033e-66
-1.043674764200572181e-66
-8.834516146253135101e-67
-7.478256466054405465e-67
-6.330207432560001191e-67
-5.358404906428826431e-67
-4.535791827856246377e-67
-3.839464890188433345e-67
-3.250036862903687634e-67
-2.751096809668819854e-67
-2.328753172789484246e-67
-1.971247002547351361e-67
-1.668624562901750798e-67
-1.412460198199893897e-67
-1.195621744911596214e-67
-1.012071956949503435e-67
-8.567004158320186511e-68
-7.251812457080003066e-68
-6.138526717252382125e-68
-5.196150683906816239e-68
-4.398446593705028524e-68
-3.723204659478712892e-68
-3.151624702276252789e-68
-2.667792714190695976e-68
-2.258237778358774525e-68
-1.911557009838247419e-68
-1.618098074914639558e-68
-1.369690449495939243e-68
-1.159417934255501152e-68
-9.814260928577185452e-69
-8.307592519348654325e-69
-7.032225245466477737e-69
-5.952650155601841907e-69
-5.038809571384277973e-69
-4.265260217380618238e-69
-3.610464825915695534e-69
-3.056192493498037394e-69
-2.587011093493916610e-69
-2.189857612731904998e-69
-1.853674449290162818e-69
-1.569101545220766404e-69
-1.328215782527014946e-69
-1.124310386620414860e-69
-9.517081953788640238e-70
-8.056035948168419783e-70
-6.819287205186462179e-70
-5.772401995970621668e-70
-4.886232798311282019e-70
-4.136106767331665268e-70
-3.501138790742583062e-70
-2.963650002669248892e-70
-2.508675566231562491e-70
-2.123548020494590659e-70
-1.797544591276327330e-70
-1.521588646191393514e-70
-1.287996981802040799e-70
-1.090265906809706826e-70
-9.228901653857188729e-71
-7.812096590802725272e-71
-6.612796997194839541e-71
-5.597611808537014854e-71
-4.738276098958391214e-71
-4.010864125254307358e-71
-3.395123183047182358e-71
-2.873909728201836487e-71
-2.432712063908229480e-71
-2.059246304019263584e-71
-1.743114363400814874e-71
-1.475514453013140506e-71
-1.248996019287605969e-71
-1.057252304788063287e-71
-8.949447546015855050e-72
-7.575543795569645062e-72
-6.412559379058061595e-72
-5.428114324148605150e-72
-4.594799576008804283e-72
-3.889413870626521259e-72
-3.292317762021448480e-72
-2.786886818083948341e-72
-2.359048760846571081e-72
-1.996891664182489998e-72
-1.690332300316898983e-72
-1.430835401210541147e-72
-1.211176018451264102e-72
-1.025238365244781943e-72
-8.678455398364199955e-73
-7.346153894993658637e-73
-6.218385020346194186e-73
-5.263749278056503242e-73
-4.455667568281035834e-73
-3.771641168737735100e-73
-3.192625322181508556e-73
-2.702498989649681558e-73
-2.287616006273826140e-73
-1.936425142878009422e-73
-1.639148495064946676e-73
-1.387509245454443571e-73
-1.174501219393929410e-73
-9.941938180787123815e-74
-8.415668980028618120e-74
-7.123709994322924282e-74
-6.030090323615032456e-74
-5.104361258379902359e-74
-4.320748522458163663e-74
-3.657434662108993108e-74
-3.095951601456769591e-74
-2.620666451778936051e-74
-2.218346258464819790e-74
-1.877789567269958475e-74
-1.589514551884244335e-74
-1.345495019617719425e-74
-1.138936945037748434e-74
-9.640893097771814414e-75
-8.160839818887979536e-75
-6.908001766448369062e-75
-5.847497250810512701e-75
-4.949799559159254101e-75
-4.189914868699966335e-75
-3.546686365201910778e-75
-3.002205192062164215e-75
-2.541311829452362383e-75
-2.151174020879717257e-75
-1.820929495734158020e-75
-1.541383540453260827e-75
-1.304752998040853097e-75
-1.104449568337831720e-75
-9.348963756613109371e-76
-7.913726966637548693e-76
-6.698825253032782548e-76
-5.670433154928048510e-76
-4.799918037860329719e-76
-4.063042900021622486e-76
-3.439291562314898250e-76
-2.911297454069994544e-76
-2.464360090590845848e-76
-2.086035780234949226e-76
-1.765791165436784018e-76
-1.494709951515550857e-76
-1.265244657970061523e-76
-1.071006480487112472e-76
-9.065874129717653361e-77
-7.674096770964667001e-77
-6.495982671663539813e-77
-5.498730616769344181e-77
-4.654574977191788773e-77
-3.940012655325921892e-77
-3.335148708571166043e-77
-2.823142431598051315e-77
-2.389738475110955901e-77
-2.022869946449406832e-77
-1.712322441499894379e-77
-1.449449653849710597e-77
-1.226932643132818102e-77
-1.038576060083678004e-77
-8.791356547697132200e-78
-7.441722654623133928e-78
-6.299282228843008443e-78
-5.332227286643720941e-78
-4.513632951107018420e-78
-3.820707805976218074e-78
-3.234159333905721515e-78
-2.737656771535620242e-78
-2.317376426127963712e-78
-1.961616794409608519e-78
-1.660472767706258082e-78
-1.405559852541898583e-78
-1.189780728416640811e-78
-1.007127643231739095e-78
-8.525151446278294774e-79
-7.216384901199227357e-79
-6.108537938641763143e-79
-5.170765730861284982e-79
-4.376958694864653974e-79
-3.705015545804038978e-79
-3.136227949958772170e-79
-2.654759644731205832e-79
-2.247205523242086390e-79
-1.902218407497693847e-79
-1.610193118697294697e-79
-1.362999048521896124e-79
-1.153753785617091382e-79
-9.766314945482127657e-80
-8.267007120876773763e-80
-6.997870447362826128e-80
-5.923569446844626364e-80
-5.014193282874427021e-80
-4.244422979022515689e-80
-3.592826484448270383e-80
-3.041261959788481206e-80
-2.574372669565987629e-80
-2.179159417845431127e-80
-1.844618622829443959e-80
-1.561435953618031716e-80
-1.321726999324787325e-80
-1.118817750222952198e-80
-9.470587790469696469e-81
-8.016679488604625838e-81
-6.785972681409314518e-81
-5.744201860419996693e-81
-4.862361898928100892e-81
-4.115900487247099673e-81
-3.484034543923076977e-81
-2.949171570318434150e-81
-2.496419837841532499e-81
-2.113173770387267809e-81
-1.788762978150983083e-81
-1.514155171165730056e-81
-1.281704681040422484e-81
-1.084939589207450500e-81
-9.183815348744456143e-82
-7.773931857482178150e-82
-6.580491247903484706e-82
-5.570265582152984025e-82
-4.715128018079723419e-82
-3.991269697824110737e-82
-3.378536858317825695e-82
-2.859869707435416223e-82
-2.420827442912301244e-82
-2.049186189538958579e-82
-1.734598660342979027e-82
-1.468306066000045508e-82
-1.242894251415081987e-82
-1.052087269794477170e-82
-8.905726468710690151e-83
-7.538534702638293348e-83
-6.381231858237076328e-83
-5.401596150287355627e-83
-4.572352426457785060e-83
-3.870412768755807187e-83
-3.276233676535011248e-83
-2.773271933658100646e-83
-2.347524009993659925e-83
-1.987136173201526704e-83
-1.682074455484178340e-83
-1.423845286472701317e-83
-1.205259014070759919e-83
-1.020229729170587375e-83
-8.636058209330108532e-84
-7.310265449289361389e-84
-6.188006106922777011e-84
-5.238034083021695163e-84
-4.433900125631946221e-84
-3.753215426337676488e-84
-3.177028267972407804e-84
-2.689296368299472958e-84
-2.276440228580223415e-84
-1.926965051298989483e-84
-1.631140700427468406e-84
-1.380730793637141036e-84
-1.168763383807564502e-84
-9.893368451143994012e-85
-8.374555591502829975e-85
-7.088908262287719010e-85
-6.000631293452521515e-85
-5.079424727714333983e-85
-4.299640204967708105e-85
-3.639566857110030268e-85
-3.080826831061238503e-85
-2.607863610046026642e-85
-2.207508886911182464e-85
-1.868615930303954923e-85
-1.581749235841786370e-85
-1.338921821499740591e-85
-1.133372852956794205e-85
-9.593794075150724394e-86
-8.120971356978785353e-86
-6.874253842042738602e-86
-5.818930249548323262e-86
-4.925618114655742123e-86
-4.169445717846286519e-86
-3.529359603080342538e-86
-2.987538404574644825e-86
-2.528896661881322691e-86
-2.140664808419438354e-86
-1.812033639443487614e-86
-1.533853360675955106e-86
-1.298378838474260196e-86
-1.099053958753142763e-86
-9.303290907532269007e-87
-7.875065734567156383e-87
-6.666099226623251289e-87
-5.642731171644091146e-87
-4.776468815267371094e-87
-4.043193561633675290e-87
-3.422489460118331629e-87
-2.897074781620939243e-87
-2.452320858283545432e-87
-2.075844790105106565e-87
-1.757164678533381605e-87
-1.487407788001770263e-87
-1.259063510003483337e-87
-1.065774251694589468e-87
-9.021584269184224445e-88
-7.636606213425165510e-88
-6.464247599850575766e-88
-5.471867458441424450e-88
-4.631835804594360151e-88
-3.920764361283177013e-88
-3.318855379428567284e-88
-2.809350426241214127e-88
-2.378063794626866790e-88
-2.012987542775631099e-88
-1.703957167392051463e-88
-1.442368602193762082e-88
-1.220938662313016646e-88
-1.033502264860371172e-88
-8.748407798373713632e-89
-7.405367323213739800e-89
-6.268508105202616093e-89
-5.306177553382755877e-89
-4.491582327963208251e-89
-3.802042356462532321e-89
-3.218359372005610072e-89
-2.724282392533130705e-89
-2.306055258720595122e-89
-1.952033633094899214e-89
-1.652360796786631174e-89
-1.398693217405590146e-89
-1.183968247262297984e-89
-1.002207484158287892e-89
-8.483503198885985446e-90
-7.181130420908117858e-90
-6.078695665354649710e-90
-5.145504791894552024e-90
-4.355575771675862343e-90
-3.686915292099881300e-90
-3.120906415982319426e-90
-2.641790246222922937e-90
-2.236227164421937613e-90
-1.892925427387146454e-90
-1.602326780863989927e-90
-1.356340337304149221e-90
-1.148117308259944496e-90
-9.718603194726558771e-91
-8.226619995799414470e-91
-6.963683484063970262e-91
-5.894630807182806590e-91
-4.989697253257360436e-91
-4.223687537619290123e-91
-3.575274312243000965e-91
-3.026404366784501853e-91
-2.561795988612256050e-91
-2.168513487258378647e-91
-1.835607037142998347e-91
-1.553807811022169683e-91
-1.315269916022567819e-91
-1.113351947211495299e-91
-9.424320766859193631e-92
-7.977515298653481253e-92
-6.752820910345332286e-92
-5.716139492066577537e-92
-4.838607616959920997e-92
-4.095792921673020167e-92
-3.467013857132578691e-92
-2.934763870005274191e-92
-2.484223982828670950e-92
-2.102850201999464807e-92
-1.780024266175099940e-92
-1.506758011179019697e-92
-1.275443120295580033e-92
-1.079639292467679703e-92
-9.138949305477063460e-93
-7.735953571788178068e-93
-6.548343323121024999e-93
-5.543052951331316096e-93
-4.692093023402985720e-93
-3.971770995797413917e-93
-3.362031563393043160e-93
-2.845898276917657927e-93
-2.409000882308508670e-93
-2.039175222119478886e-93
-1.726124559373913647e-93
-1.461132894394895547e-93
-1.236822292741783173e-93
-1.046947467743238586e-93
-8.862218983651655790e-94
-7.501706411639657174e-94
-6.350057382947774714e-94
-5.375207526672063044e-94
-4.550014938822292877e-94
-3.851504493692392990e-94
-3.260228167244718756e-94
-2.759723562546222638e-94
-2.336055561445419200e-94
-1.977428341092648962e-94
-1.673856953015659169e-94
-1.416889320808856304e-94
-1.199370916257382738e-94
-1.015245561977166442e-94
-8.593868144899806536e-95
-7.274552330777359709e-95
-6.157775604763338448e-95
-5.212444515409465167e-95
-4.412239024300466551e-95
-3.734879699919467991e-95
-3.161507410646800901e-95
-2.676158246218788240e-95
-2.265319048339477893e-95
-1.917551175465983377e-95
-1.623172026574485690e-95
-1.373985456848938251e-95
-1.163053579488118738e-95
-9.845036001053149475e-96
-8.333643055781505306e-96
-7.054276548480683856e-96
-5.971316180613392902e-96
-5.054610020432762592e-96
-4.278635008745347034e-96
-3.621786342380163533e-96
-3.065775950283171023e-96
-2.595123314523884998e-96
-2.196724459582046480e-96
-1.859487109656377379e-96
-1.574021855993807468e-96
-1.332380735677176655e-96
-1.127835943347020435e-96
-9.546925147180279460e-97
-8.081297665986819354e-97
-6.840670787658885538e-97
-5.790502807746383968e-97
-4.901554804685150022e-97
-4.149076565715684040e-97
-3.512117488050270646e-97
-2.972943269303311934e-97
-2.516542146601761172e-97
-2.130206937015407792e-97
-1.803181242418770982e-97
-1.526359968373012764e-97
-1.292035818832383232e-97
-1.093684708545703107e-97
-9.257841185762378436e-98
-7.836593375687579409e-98
-6.633533077918444808e-98
-5.615164521915243971e-98
-4.753134150055440557e-98
-4.023441193975450379e-98
-3.405769441872226651e-98
-2.882921591735773701e-98
-2.440340441696915397e-98
-2.065703586407888957e-98
-1.748580334935293735e-98
-1.480141298025849623e-98
-1.252912559034729614e-98
-1.060567584108841424e-98
-8.977510779595320650e-99
-7.599298809935782961e-99
-6.432667564593694334e-99
-5.445135535725227447e-99
-4.609207720543781709e-99
-3.901610101665072078e-99
-3.302641648708125301e-99
-2.795625799493982693e-99
-2.366446148904391137e-99
-2.003153417985358809e-99
-1.695632760476743622e-99
-1.435322143869401143e-99
-1.214973964116276239e-99
-1.028453256842313110e-99
-8.705668868212591421e-100
-7.369189599891185396e-100
-6.237884323561745483e-100
-5.280255081876717979e-100
-4.469639429569477045e-100
-3.783468093980999700e-100
-3.202636598261670565e-100
-2.710973351894373611e-100
-2.294789399043995655e-100
-1.942497288763475306e-100
-1.644288455587863346e-100
-1.391860128103712156e-100
-1.178184162043712573e-100
-9.973113617255739340e-101
-8.442058417264550786e-101
-7.146048170673491626e-101
-6.048999181663171057e-101
-5.120367261156057343e-101
-4.334297311296850262e-101
-3.668903464255343113e-101
-3.105659732879953476e-101
-2.628884207611571353e-101
-2.225302438596759807e-101
-1.883677846626639271e-101
-1.594498872750770272e-101
-1.349714156142224490e-101
-1.142508367000528045e-101
-9.671124532005749191e-102
-8.186430175484237949e-102
-6.929663535640338687e-102
-5.865833542560481122e-102
-4.965320895027863904e-102
-4.203053395858514119e-102
-3.557807888333701703e-102
-3.011619358146173927e-102
-2.549280748997488952e-102
-2.157919565641851730e-102
-1.826639476099736382e-102
-1.546216934482163066e-102
-1.308844377755551592e-102
-1.107912846495912164e-102
-9.378279773303122004e-103
-7.938542439012458047e-103
-6.719831096892672072e-103
-5.688214217871189012e-103
-4.814969382690963962e-103
-4.075783588355781344e-103
-3.450076322152192652e-103
-2.920426556179681913e-103
-2.472087708691356547e-103
-2.092577067733905540e-103
-1.771328245761956473e-103
-1.499396988820060861e-103
-1.269212149392173859e-103
-1.074364889469621182e-103
-9.094302448001674531e-104
-7.698160822861245537e-104
-6.516352451820998943e-104
-5.515973263412673087e-104
-4.669170562463980789e-104
-3.952367551523026584e-104
-3.345606902414936477e-104
-2.831995101562085503e-104
-2.397232098452067132e-104
-2.029213161660871282e-104
-1.717691857253398241e-104
-1.453994766158432699e-104
-1.230779997639726889e-104
-1.041832775362922249e-104
-8.818924047367903777e-105
-7.465058039295370753e-105
-6.319035205511170737e-105
-5.348947820405661953e-105
-4.527786577366917569e-105
-3.832688591946046532e-105
-3.244300850279098895e-105
-2.746241379808363393e-105
-2.324643140146119718e-105
-1.967767935026039360e-105
-1.665679595825299381e-105
-1.409967337389273459e-105
-1.193511583792709968e-105
-1.010285744125791373e-105
-8.551884193199811938e-106
-7.239013682924622654e-106
-6.127692788828850266e-106
-5.186979961487524325e-106
-4.390683744773052079e-106
-3.716633549724709337e-106
-3.146062377957237977e-106
-2.663084308306735197e-106
-2.254252198824634283e-106
-1.908183289599499976e-106
-1.615242282387645957e-106
-1.367273073311759965e-106
-1.157371669493407644e-106
-9.796939671323186588e-107
-8.292930391631015692e-107
-7.019814022305485946e-107
-5.942144282012523343e-107
-5.029916541386907047e-107
-4.257732430008940654e-107
-3.604092691476707764e-107
-3.050798598146888347e-107
-2.582445259653196341e-107
-2.185992717826848085e-107
-1.850402886384409302e-107
-1.566332227009216188e-107
-1.325871605270530772e-107
-1.122326083412896871e-107
-9.500285189770582238e-108
-8.041817794389832594e-108
-6.807251797851205246e-108
-5.762214243609712434e-108
-4.877609052120060098e-108
-4.128806923780701142e-108
-3.494959606582131435e-108
-2.958419436202692577e-108
-2.504247987306797201e-108
-2.119800155849265999e-108
-1.794372092346696306e-108
-1.518903183825225880e-108
-1.285723786986198616e-108
-1.088341688940980116e-108
-9.212613501251338204e-109
-7.798308967289644096e-109
-6.601126025861343039e-109
-5.587732544591486746e-109
-4.729913482573133274e-109
-4.003785323311914352e-109
-3.389131106568825941e-109
-2.868837544968761668e-109
-2.428418553496134843e-109
-2.055611925919797733e-109
-1.740037928758274541e-109
-1.472910307310409636e-109
-1.246791657541291925e-109
-1.055386352854760629e-109
-8.933652603905203373e-110
-7.562173665727273629e-110
-6.401241808487079812e-110
-5.418534207490108788e-110
-4.586690182335066971e-110
-3.882549417081759738e-110
-3.286507127544447053e-110
-2.781968222189146837e-110
-2.354885259309499813e-110
-1.993367336219805459e-110
-1.687349021103965543e-110
-1.428310109876546803e-110
-1.209038405487013249e-110
-1.023428914935654326e-110
-8.663138732176457908e-111
-7.333188616979485525e-111
-6.207410149449069627e-111
-5.254459250409053816e-111
-4.447803729653741058e-111
-3.764984573052240963e-111
-3.186990635583753147e-111
-2.697729330419195397e-111
-2.283578576901263306e-111
-1.933007532698598482e-111
-1.636255550505275255e-111
-1.385060420753559775e-111
-1.172428334037170743e-111
-9.924391585064227915e-112
-8.400816107414902924e-112
-7.111137309093691701e-112
-6.019447775335513925e-112
-5.095352535754879232e-112
-4.313122803391717771e-112
-3.650979630279992886e-112
-3.090487534979845855e-112
-2.616041219362780970e-112
-2.214431083751110809e-112
-1.874475443424996498e-112
-1.586709206615549681e-112
-1.343120346115722814e-112
-1.136926827315694051e-112
-9.623877818606385703e-113
-8.146436696030298297e-113
-6.895809786167792300e-113
-5.837176962313110739e-113
-4.941063623550462947e-113
-4.182520058857184244e-113
-3.540426793811156589e-113
-2.996906579274157549e-113
-2.536826650559970540e-113
-2.147377398914564001e-113
-1.817715724624286001e-113
-1.538663141940728923e-113
-1.302450230415649596e-113
-1.102500317626395775e-113
-9.332463705568237696e-114
-7.899759974968754287e-114
-6.687002449833258335e-114
-5.660425368082510770e-114
-4.791446629189253889e-114
-4.055872007397361625e-114
-3.433221532757211225e-114
-2.906159284980032235e-114
-2.460010724356724674e-114
-2.082354121202849877e-114
-1.762674708348933864e-114
-1.492071927544237456e-114
-1.263011618888485398e-114
-1.069116253713652547e-114
-9.049873705521069824e-115
-7.660552704291542598e-115
-6.484517866744408317e-115
-5.489025868925708794e-115
-4.646360085497347077e-115
-3.933058899634844781e-115
-3.329262481459220696e-115
-2.818159847919153876e-115
-2.385520809084166153e-115
-2.019299769235980289e-115
-1.709300351734059137e-115
-1.446891510092034427e-115
-1.224767221192267599e-115
-1.036743069984295083e-115
-8.775840621487301761e-116
-7.428588706641548699e-116
-6.288164581900754360e-116
-5.322816401683619660e-116
-4.505666808973116339e-116
-3.813964612241880208e-116
-3.228451343642391295e-116
-2.732825062091780553e-116
-2.313286472383705817e-116
-1.958154723309557289e-116
-1.657542187789745755e-116
-1.403079170199199627e-116
-1.187680876148354973e-116
-1.005350156661636442e-116
-8.510105347299748256e-117
-7.203648653383402656e-117
-6.097756937621815901e-117
-5.161639810521725622e-117
-4.369233770074658564e-117
-3.698476538143047495e-117
-3.130692799474734475e-117
-2.650074241002098928e-117
-2.243239414611599164e-117
-1.898861169023001832e-117
-1.607351277682459305e-117
-1.360593482037754972e-117
-1.151717517550223532e-117
-9.749078308426862952e-118
-8.252416622610686085e-118
-6.985519857223335773e-118
-5.913114898000270568e-118
-5.005343698335561099e-118
-4.236931967437371204e-118
-3.586485480040705067e-118
-3.035894415439940445e-118
-2.569829141367334411e-118
-2.175313404258869576e-118
-1.841363042614686551e-118
-1.558680164462279645e-118
-1.319394274166866488e-118
-1.116843141007547792e-118
-9.453873084323024558e-119
-8.002530795315006847e-119
-6.773996071108376560e-119
-5.734063878673952444e-119
-4.853780282653076562e-119
-4.108636305900150137e-119
-3.477885547166493936e-119
-2.943966556937742905e-119
-2.492013889136895688e-119
-2.109444215327926522e-119
-1.785605977951379169e-119
-1.511482828191246537e-119
-1.279442591549845869e-119
-1.083024771793671955e-119
-9.167606769271536871e-120
-7.760211591171692968e-120
-6.568877293211401060e-120
-5.560434581752269467e-120
-4.706806255902991264e-120
-3.984225478222848505e-120
-3.372574055159144727e-120
-2.854822303532391810e-120
-2.416554907750386615e-120
-2.045569566605387402e-120
-1.731537255123841140e-120
-1.465714642429643928e-120
-1.240700658721251224e-120
-1.050230433667265845e-120
-8.890008690233185311e-121
-7.525229890400994845e-121
-6.369969577824919384e-121
-5.392062835738178242e-121
-4.564282649914142574e-121
-3.863581850387553041e-121
-3.270451428972250277e-121
-2.768377366767351834e-121
-2.343380848569319501e-121
-1.983629062772663590e-121
-1.679105750598924845e-121
-1.421332332040700227e-121
-1.203131844068656444e-121
-1.018429118638042457e-121
-8.620816370235415565e-122
-7.297363511042395546e-122
-6.177084851980877111e-122
-5.228789440300356609e-122
-4.426074704515442403e-122
-3.746591350372875775e-122
-3.171421108723826365e-122
-2.684550010467150181e-122
-2.272422523415306365e-122
-1.923564137300833961e-122
-1.628261888880197654e-122
-1.378293932272932938e-122
-1.166700625196637423e-122
-9.875907576474448417e-123
-8.359775280194217166e-123
-7.076396998876583086e-123
-5.990040737620042458e-123
-5.070460015745564147e-123
-4.292051740117113426e-123
-3.633143360294233880e-123
-3.075389458396686585e-123
-2.603260973453989054e-123
-2.203612839149835295e-123
-1.865317997074620513e-123
-1.578957595633200327e-123
-1.336558749080778744e-123
-1.131372555339517609e-123
-9.576861921376784520e-124
-8.106638598246567869e-124
-6.862121423708454962e-124
-5.808660379149459250e-124
-4.916924857046388842e-124
-4.162087034150084028e-124
-3.523130611812156966e-124
-2.982265677301791968e-124
-2.524433394604448861e-124
-2.136886734236201462e-124
-1.808835568692199256e-124
-1.531146252230038943e-124
-1.296087320647457985e-124
-1.097114230790556348e-124
-9.286871464816117433e-125
-7.861166976374821336e-125
-6.654334181815143935e-125
-5.632772276221349461e-125
-4.768038792291787998e-125
-4.036057701244665715e-125
-3.416449084707566921e-125
-2.891961714224166189e-125
-2.447992740174181801e-125
-2.072181117222303388e-125
-1.754063446392061683e-125
-1.484782651669583795e-125
-1.256841380072905399e-125
-1.063893259317992604e-125
-9.005662012470259433e-126
-7.623128314097558778e-126
-6.452838804379658936e-126
-5.462210121572588410e-126
-4.623661045423646859e-126
-3.913844577039674860e-126
-3.312997908526445416e-126
-2.804392184168409223e-126
-2.373866733324586869e-126
-2.009434807085119955e-126
-1.700949841556618310e-126
-1.439822955833235672e-126
-1.218783819190865931e-126
-1.031678229537434989e-126
-8.732967672709262422e-127
-7.392297539009188593e-127
-6.257444771725021525e-127
-5.296812643777450696e-127
-4.483655103127319995e-127
-3.795332105509745882e-127
-3.212679267204554854e-127
-2.719474287623728891e-127
-2.301985285783364497e-127
-1.948588475382678179e-127
-1.649444533743963979e-127
-1.396224654034958766e-127
-1.181878653482290342e-127
-1.000438681211123487e-127
-8.468530605188668805e-128
-7.168456393968925226e-128
-6.067967333170196255e-128
-5.136423454761710546e-128
-4.347888585755217532e-128
-3.680408229702428913e-128
-3.115398306580064284e-128
-2.637127732275140778e-128
-2.232280431573219414e-128
-1.889584590157627253e-128
-1.599498823203322125e-128
-1.353946522825706836e-128
-1.146090988051131713e-128
-9.701450764470915803e-129
-8.212100777051019036e-129
-6.951393230733567488e-129
-5.884227332344176752e-129
-4.980890901931384951e-129
-4.216233122158765506e-129
-3.568964285785823144e-129
-3.021063044705096298e-129
-2.557274657085211772e-129
-2.164686262748502905e-129
-1.832367361538439138e-129
-1.551065484828291938e-129
-1.312948587015724391e-129
-1.111386984629807019e-129
-9.407687717703994374e-130
-7.963435726514173019e-130
-6.740902809835510961e-130
-5.706051037789442459e-130
-4.830067924781794504e-130
-4.088564228308277092e-130
-3.460894900304387215e-130
-2.929584284874732424e-130
-2.479839558673293438e-130
-2.099138867077708637e-130
-1.776882688988834719e-130
-1.504098723503598524e-130
-1.273192081877072728e-130
-1.077733829584356092e-130
-9.122819910395673053e-131
-7.722300333618019727e-131
-6.536786106524223058e-131
-5.533269978691835117e-131
-4.683811915848426900e-131
-3.964761189590513309e-131
-3.356097890544067767e-131
-2.840875531289440265e-131
-2.404749219925379177e-131
-2.035576267611870856e-131
-1.723078110154461877e-131
-1.458554130804781048e-131
-1.234639416490008191e-131
-1.045099702888383550e-131
-8.846577991836103786e-132
-7.488466597909054220e-132
-6.338850122583683894e-132
-5.365720785587616036e-132
-4.541984585865798457e-132
-3.844706946670189293e-132
-3.254474167916246222e-132
-2.754852907269794432e-132
-2.331932640765614823e-132
-1.973938364083964455e-132
-1.670902751257614783e-132
-1.414388643008991494e-132
-1.197254138199923433e-132
-1.013453748035935256e-132
-8.578700767342999934e-133
-7.261713422860799843e-133
-6.146907703844767804e-133
-5.203245035893824529e-133
-4.404451833011846086e-133
-3.728287984805635410e-133
-3.155927644267166329e-133
-2.671435075949192902e-133
-2.261320971022846879e-133
-1.914166876082701497e-133
-1.620307278994932927e-133
-1.371560500376500338e-133
-1.161000898150511570e-133
-9.827660428659785546e-134
-8.318934951291482238e-134
-7.041826406821897902e-134
-5.960777363226761232e-134
-5.045689104113306796e-134
-4.271083616111527976e-134
-3.615394226518059370e-134
-3.060365141022690134e-134
-2.590543163367945048e-134
-2.192847445331244451e-134
-1.856205287946038736e-134
-1.571243853891612085e-134
-1.330029207665922632e-134
-1.125845417859989473e-134
-9.530075712703001634e-135
-8.067034927626830645e-135
-6.828597640290649169e-135
-5.780283109137096111e-135
-4.892904016578358149e-135
-4.141753831677618966e-135
-3.505918927510714659e-135
-2.967696301085865213e-135
-2.512100683894753534e-135
-2.126447320002081720e-135
-1.799998795324351804e-135
-1.523666085067242641e-135
-1.289755495845024003e-135
-1.091754456810024420e-135
-9.241501957576000692e-136
-7.822762517628772242e-136
-6.621825509331919888e-136
-5.605254279064164996e-136
-4.744745310592639904e-136
-4.016340194677033967e-136
-3.399758575737849300e-136
-2.877833503402177509e-136
-2.436033467907827861e-136
-2.062057811805960912e-136
-1.745494253361641975e-136
-1.477528986372189361e-136
-1.250701284960258666e-136
-1.058695781016047181e-136
-8.961666308488623825e-137
-7.585886754703840981e-137
-6.421314504946447669e-137
-5.435525378212085689e-137
-4.601072897835848140e-137
-3.894724122907471069e-137
-3.296812793531737788e-137
-2.790691780110294957e-137
-2.362269591665775803e-137
-1.999618038609854689e-137
-1.692640126444920460e-137
-1.432788933852136278e-137
-1.212829648131317342e-137
-1.026638132548712846e-137
-8.690304172782969204e-138
-7.356183666001289017e-138
-6.226875038209168073e-138
-5.270935923021505202e-138
-4.461750931907060325e-138
-3.776790624873136495e-138
-3.196984242693251959e-138
-2.706188736203046659e-138
-2.290739309300792399e-138
-1.939068961811632111e-138
-1.641386439476131155e-138
-1.389403624499871829e-138
-1.176104776635900230e-138
-9.955511999788284203e-139
-8.427158969750313493e-139
-7.133436060641519044e-139
-6.038323261008626133e-139
-5.111330289425893140e-139
-4.326647679878790009e-139
-3.662428191057702152e-139
-3.100178532454652283e-139
-2.624244471621017191e-139
-2.221374986872374847e-139
-1.880353330516664310e-139
-1.591684730619526769e-139
-1.347332036256843647e-139
-1.140491946051119711e-139
-9.654055897171866841e-140
-8.171981888028292181e-140
-6.917433324353308791e-140
-5.855480892214291966e-140
-4.956557565705491373e-140
-4.195635397738167341e-140
-3.551528688489453402e-140
-3.006304130230996069e-140
-2.544781505703807214e-140
-2.154111038417852300e-140
-1.823415627405820932e-140
-1.543488005479038908e-140
-1.306534389225845575e-140
-1.105957483420777767e-140
-9.361727982217381681e-141
-7.924531650343948401e-141
-6.707971220333281868e-141
-5.678175049104529495e-141
-4.806471409796758400e-141
-4.068590209602104804e-141
-3.443987258497184869e-141
-2.915272275073939050e-141
-2.467724703930326066e-141
-2.088883863938201417e-141
-1.768202016242545980e-141
-1.496750692664023810e-141
-1.266972108057512235e-141
-1.072468735416799913e-141
-9.078251850468512150e-142
-7.684574285376285940e-142
-6.504851696135254069e-142
-5.506238083902102486e-142
-4.660929910920017892e-142
-3.945391990589758108e-142
-3.339702217563968585e-142
-2.826996893744663807e-142
-2.393001206877346010e-142
-2.025631789262818609e-142
-1.714660290968516501e-142
-1.451428600700444654e-142
-1.228607785476459424e-142
-1.039994037464190412e-142
-8.803359467086251415e-143
-7.451882906531144459e-143
-6.307882696403605360e-143
-5.339507425259280469e-143
-4.519795455399631845e-143
-3.825924253239583594e-143
-3.238574961183016230e-143
-2.741394519329701517e-143
-2.320540361327969007e-143
-1.964295007735151092e-143
-1.662739826341641223e-143
-1.407478876246045861e-143
-1.191405146911833557e-143
-1.008502683801465288e-143
-8.536790913411101679e-144
-7.226237497414613855e-144
-6.116877981280639459e-144
-5.177825424540049473e-144
-4.382934596547054660e-144
-3.710074037367828329e-144
-3.140509870623122519e-144
-2.658384212321009775e-144
-2.250273653467422250e-144
-1.904815523663079688e-144
-1.612391530068711380e-144
-1.364859963571553433e-144
-1.155329016198232959e-144
-9.779648984476380222e-145
-8.278294141204151058e-145
-7.007424703798619407e-145
-5.931656950312444018e-145
-5.021039206759781907e-145
-4.250217928481582147e-145
-3.597731803262034475e-145
-3.045414222519008243e-145
-2.577887484084396404e-145
-2.182134644101643961e-145
-1.847137097482690776e-145
-1.563567796386649775e-145
-1.323531565268762569e-145
-1.120345282315855394e-145
-9.483518070478231370e-146
-8.027624734329568103e-146
-6.795237631889721757e-146
-5.752044471683841793e-146
-4.869000526038366790e-146
-4.121519963774185904e-146
-3.488791328106805945e-146
-2.953198101199209925e-146
-2.499828222646746352e-146
-2.116058905836335849e-146
-1.791205192582453341e-146
-1.516222461050190650e-146
-1.283454604147705992e-146
-1.086420867137729849e-146
-9.196354095718848468e-147
-7.784545677649249917e-147
-6.589475652706185341e-147
-5.577870716627331269e-147
-4.721565625427728552e-147
-3.996719014796218873e-147
-3.383149605547754773e-147
-2.863774313667172626e-147
-2.424132620730376775e-147
-2.051983962159415236e-147
-1.736966923736644197e-147
-1.470310757682510401e-147
-1.244591186288293563e-147
-1.053523694153010201e-147
-8.917885538397548885e-148
-7.548827132919676568e-148
-6.389944212375158909e-148
-5.408970998846019096e-148
-4.578595100986398913e-148
-3.875697078658829346e-148
-3.280706748296577154e-148
-2.777058307158311872e-148
-2.350729105965265486e-148
-1.989849228368011345e-148
-1.684371007101180162e-148
-1.425789275446801781e-148
-1.206904565210724748e-148
-1.021622658137911359e-148
-8.647849098479461766e-149
-7.320246221474497730e-149
-6.196454648177616134e-149
-5.245185618796049945e-149
-4.439953769969839966e-149
-3.758339725638583049e-149
-3.181365893683585812e-149
-2.692968089193400911e-149
-2.279548273215767398e-149
-1.929595954283177043e-149
-1.633367711723543084e-149
-1.382615918000353867e-149
-1.170359107130203704e-149
-9.906875957449951238e-150
-8.385989448739428465e-150
-7.098586813483710463e-150
-6.008824010163344945e-150
-5.086359712687109657e-150
-4.305510543009675572e-150
-3.644535990981485651e-150
-3.085033112071872910e-150
-2.611424150051357005e-150
-2.210522818956436532e-150
-1.871167168700271403e-150
-1.583908812520152606e-150
-1.340749863691477539e-150
-1.134920257264395999e-150
-9.606892569825019161e-151
-8.132058993344152824e-151
-6.883639323598057881e-151
-5.826874888164364798e-151
-4.932343106055082867e-151
-4.175138300165755809e-151
-3.534178269981309556e-151
-2.991617318044648243e-151
-2.532349387591018543e-151
-2.143587477633816993e-151
-1.814507625521359964e-151
-1.535947544678463936e-151
-1.300151526960979047e-151
-1.100554507161074416e-151
-9.315992775578282413e-152
-7.885817633740302317e-152
-6.675200512781186595e-152
-5.650435244049622522e-152
-4.782990171766023441e-152
-4.048713770731282038e-152
-3.427162216236932336e-152
-2.901030184280287932e-152
-2.455669034349267899e-152
-2.078678959956397721e-152
-1.759563751517785651e-152
-1.489438559439747043e-152
-1.260782520913124551e-152
-1.067229363014518808e-152
-9.033901520584240011e-153
-7.647032541635943576e-153
-6.473073296138895158e-153
-5.479338249058922015e-153
-4.638159692322425205e-153
-3.926117416675354844e-153
-3.323386642990373463e-153
-2.813186058036865425e-153
-2.381310586845363058e-153
-2.015735893053105186e-153
-1.706283595675482663e-153
-1.444337881219996403e-153
-1.222605621019934120e-153
-1.034913314941894852e-153
-8.760352079443116232e-154
-7.415477938855945596e-154
-6.277066556570957860e-154
-5.313422126059572818e-154
-4.497714726338776700e-154
-3.807233319617091500e-154
-3.222753427450615971e-154
-2.728001880165484299e-154
-2.309203737027273762e-154
-1.954698762442772704e-154
-1.654616780074075439e-154
-1.400602866030031007e-154
-1.185584729923883078e-154
-1.003575807189922348e-154
-8.495085803285997614e-155
-7.190934883859571718e-155
-6.086994964065422568e-155
-5.152529996582482313e-155
-4.361522479057934752e-155
-3.691949071222077579e-155
-3.125167418016306005e-155
-2.645397106574489541e-155
-2.239280305793771052e-155
-1.895509855761857546e-155
-1.604514452252516824e-155
-1.358192161154603609e-155
-1.149684843307037840e-155
-9.731872092431737011e-156
-8.237851875216289448e-156
-6.973191064726332653e-156
-5.902678800461587221e-156
-4.996509732489890101e-156
-4.229454176790702783e-156
-3.580155666915742466e-156
-3.030536344307687023e-156
-2.565293632073218009e-156
-2.171474178528328382e-156
-1.838113208196053582e-156
-1.555929239017986690e-156
-1.317065666051735637e-156
-1.114872016793657525e-156
-9.437187878077552246e-157
-7.988407073152182023e-157
-6.762040598410112364e-157
-5.723943789522444030e-157
-4.845213812132059645e-157
-4.101384945157295833e-157
-3.471747402817079177e-157
-2.938770729921222111e-157
-2.487615716521718030e-157
-2.105721242586264568e-157
-1.782454549563295904e-157
-1.508815201653432839e-157
-1.277184494436753308e-157
-1.081113333854410805e-157
-9.151426796433064811e-158
-7.746515539854701384e-158
-6.557283836068401822e-158
-5.550620932152419347e-158
-4.698499180862239148e-158
-3.977193691013555717e-158
-3.366621775793159262e-158
-2.849783807827641291e-158
-2.412289913215375835e-158
-2.041959326674742197e-158
-1.728481253000079971e-158
-1.463127792480653066e-158
-1.238510937514396218e-158
-1.048376874683057855e-158
-8.874318652171794113e-159
-7.511948559919188125e-159
-6.358727174289837273e-159
-5.382546346601885866e-159
-4.556227115775152094e-159
-3.856762987954664916e-159
-3.264679386538266701e-159
-2.763491438331691565e-159
-2.339244999439410137e-159
-1.980128142067290630e-159
-1.676142285201535375e-159
-1.418823812739464178e-159
-1.201008428323624649e-159
-1.016631686015528106e-159
-8.605601431568611563e-160
-7.284484343515611952e-160
-6.166182872037651572e-160
-5.219561113513292524e-160
-4.418263094538872810e-160
-3.739978965285737333e-160
-3.165823845589624528e-160
-2.679812029514643982e-160
-2.268411909126130372e-160
-1.920169225599461318e-160
-1.625388158167368074e-160
-1.375861371742265862e-160
-1.164641507162737620e-160
-9.858477518623560603e-161
-8.345021054759654585e-161
-7.063907816681308970e-161
-5.979468873132912914e-161
-5.061511125659188184e-161
-4.284476668200942040e-161
-3.626731200352462978e-161
-3.069961682188901352e-161
-2.598666460087303207e-161
-2.199723667550169850e-161
-1.862025884390540465e-161
-1.576170882409845921e-161
-1.334199847264698052e-161
-1.129375788061394086e-161
-9.559959651278874199e-162
-8.092331135499520899e-162
-6.850010417963526808e-162
-5.798408634116332263e-162
-4.908246942227608945e-162
-4.154741337845829697e-162
-3.516912614134008298e-162
-2.977002255901826957e-162
-2.519978004578980032e-162
-2.133115328002382512e-162
-1.805643142238133147e-162
-1.528443921578614303e-162
-1.293799847136415586e-162
-1.095177926267287233e-162
-9.270481000888416071e-163
-7.847292748197544226e-163
-6.642589901216115189e-163
-5.622830957322284229e-163
-4.759623647522419639e-163
-4.028934434985087284e-163
-3.410419369997303567e-163
-2.886857670915623720e-163
-2.443672260790450907e-163
-2.068523910381208306e-163
-1.750967687636929911e-163
-1.482162148458694565e-163
-1.254623171994870255e-163
-1.062015586717931231e-163
-8.989767857057461176e-164
-7.609674202008054211e-164
-6.441450144371263287e-164
-5.452569829004488645e-164
-4.615500713942152674e-164
-3.906937005571540395e-164
-3.307150775515293465e-164
-2.799442692931464500e-164
-2.369677079445006863e-164
-2.005888341642438030e-164
-1.697947823371432143e-164
-1.437281802301686521e-164
-1.216632779166268184e-164
-1.029857413467104667e-164
-8.717554797430046323e-165
-7.379250821757313139e-165
-6.246400964001493471e-165
-5.287464262366278515e-165
-4.475741869105455765e-165
-3.788633697525455432e-165
-3.207009187259991860e-165
-2.714674668571986602e-165
-2.297922495969628439e-165
-1.945149398053279235e-165
-1.646533417634141686e-165
-1.393760447448959628e-165
-1.179792747640887245e-165
-9.986730000365329679e-166
-8.453584436725926181e-166
-7.155804735508077847e-166
-6.057257935493531425e-166
-5.127358145343827417e-166
-4.340214967002500272e-166
-3.673912651664475891e-166
-3.109899918478336354e-166
-2.632473447230671874e-166
-2.228340664340644683e-166
-1.886249649194929793e-166
-1.596675856624809647e-166
-1.351556933207019024e-166
-1.144068244108924182e-166
-9.684328606658799548e-167
-8.197607183372368069e-167
-6.939124668556600781e-167
-5.873842218670690258e-167
-4.972100092995865061e-167
-4.208791863047843283e-167
-3.562665395938251996e-167
-3.015731149562027976e-167
-2.552761305287571963e-167
-2.160865792933798484e-167
-1.829133403659795469e-167
-1.548327998584954233e-167
-1.310631354938599517e-167
-1.109425490024190477e-167
-9.391084024332736017e-168
-7.949381003509713426e-168
-6.729005743663837743e-168
-5.695980388695306556e-168
-4.821543304365823005e-168
-4.081348292914527090e-168
-3.454786742865586342e-168
-2.924413841230032913e-168
-2.475462872618478348e-168
-2.095434082316724265e-168
-1.773746656394008178e-168
-1.501444129223416266e-168
-1.270945016331899491e-168
-1.075831729665735415e-168
-9.106718982195391623e-169
-7.708671192142705677e-169
-6.525249287339420960e-169
-5.523504272088532298e-169
-4.675545423678087487e-169
-3.957763755039369610e-169
-3.350174690075406597e-169
-2.835861650339854633e-169
-2.400505061330778028e-169
-2.031983664924003469e-169
-1.720037037634389655e-169
-1.455979918492472256e-169
-1.232460392811650490e-169
-1.043255199166549864e-169
-8.830964604915854967e-170
-7.475250151217417579e-170
-6.327662641991223815e-170
-5.356250787718528445e-170
-4.533968405734863180e-170
-3.837921396685921254e-170
-3.248730323861231662e-170
-2.749990848246603382e-170
-2.327816996657143185e-170
-1.970454546559990470e-170
-1.667953763390716386e-170
-1.411892378672738326e-170
-1.195141096058788745e-170
-1.011665096479540948e-170
-8.563560158796151154e-171
-7.248897174422170426e-171
-6.136058983759809743e-171
-5.194061792603452938e-171
-4.396678385391323255e-171
-3.721707903455468536e-171
-3.150357725655955652e-171
-2.666720241635674968e-171
-2.257329949940566713e-171
-1.910788549672898489e-171
-1.617447587428318972e-171
-1.369139823726537790e-171
-1.158951839604449070e-171
-9.810315522535058794e-172
-8.304252805236955937e-172
-7.029398238504565492e-172
-5.950257145872277005e-172
-5.036783932380858093e-172
-4.263545550982998470e-172
-3.609013392145723545e-172
-3.054963881336953923e-172
-2.585971095752580733e-172
-2.188977273649874582e-172
-1.852929258345569898e-172
-1.568470754704614536e-172
-1.327681829882820062e-172
-1.123858405465178978e-172
-9.513256015909618115e-173
-8.052797361673032845e-173
-6.816545800903832906e-173
-5.770081447344839652e-173
-4.884268496307697442e-173
-4.134444021583582339e-173
-3.499731306853692205e-173
-2.962458593279140117e-173
-2.507667059956043907e-173
-2.122694338362926827e-173
-1.796821964952956895e-173
-1.520976956214779139e-173
-1.287479197415537721e-173
-1.089827611789067378e-173
-9.225191566606630475e-174
-7.808956069747380152e-174
-6.610138603514667248e-174
-5.595361526869342358e-174
-4.736371276650850859e-174
-4.009251727981696353e-174
-3.393758318222750181e-174
-2.872754395071008636e-174
-2.431734095526754001e-174
-2.058418471656881877e-174
-1.742413618434786110e-174
-1.474921285205546010e-174
-1.248493913578719203e-174
-1.056827281481527445e-174
-8.945849801399248938e-175
-7.572498370501081071e-175
-6.409981482392997592e-175
-5.425932181732816951e-175
-4.592952432332862040e-175
-3.887850297261588572e-175
-3.290994225742414236e-175
-2.785766468811595078e-175
-2.358100405662029342e-175
-1.996088898850013546e-175
-1.689652774133629935e-175
-1.430260194714819423e-175
-1.210689116664562813e-175
-1.024826211780551758e-175
-8.674966594610988591e-176
-7.343200686374626242e-176
-6.215885183220570202e-176
-5.261633211614459940e-176
-4.453876356709064829e-176
-3.770124940876755983e-176
-3.191341863006420266e-176
-2.701412564913249197e-176
-2.286696367589032196e-176
-1.935646685537828730e-176
-1.638489545152830301e-176
-1.386951456396257976e-176
-1.174029061149831669e-176
-9.937941447537988273e-177
-8.412285818374202850e-177
-7.120846209810109521e-177
-6.027666182360739518e-177
-5.102309267109734651e-177
-4.319011549348331532e-177
-3.655964346114790093e-177
-3.094707005837951074e-177
-2.619612924332726578e-177
-2.217454466734870038e-177
-1.877034681868200630e-177
-1.588875555187269460e-177
-1.344954120591426424e-177
-1.138479083897012781e-177
-9.637017386890111683e-178
-8.157559100455425332e-178
-6.905224698250897193e-178
-5.845146513332578414e-178
-4.947809702844026399e-178
-4.188230491694086857e-178
-3.545260570848608115e-178
-3.000998283198556032e-178
-2.540290203155781388e-178
-2.150309232889993333e-178
-1.820197468504900343e-178
-1.540763892781615698e-178
-1.304228477610934520e-178
-1.104005571379542492e-178
-9.345205403502385548e-179
-7.910545589413637262e-179
-6.696132275352568389e-179
-5.668153598536368508e-179
-4.797988435033915541e-179
-4.061409526492650055e-179
-3.437908941472800487e-179
-2.910127090794706137e-179
-2.463369399466761027e-179
-2.085197178303458996e-179
-1.765081304227319802e-179
-1.494109066974488131e-179
-1.264736020187318634e-179
-1.070575927899431612e-179
-9.062229580746635014e-180
-7.671011726865448173e-180
-6.493371238213070319e-180
-5.496520086077597548e-180
-4.652703803359048452e-180
-3.938428740872412337e-180
-3.333807953932386082e-180
-2.822007507298841940e-180
-2.388777782432540777e-180
-2.022056737653835055e-180
-1.711634075115970797e-180
-1.448866964285690319e-180
-1.226439407065555745e-180
-1.038158544766712936e-180
-8.787822356840404496e-181
-7.438731026650424189e-181
-6.296749870436618673e-181
-5.330083691531838760e-181
-4.511818437019116968e-181
-3.819171852961361283e-181
-3.232859177748354493e-181
-2.736556213108827952e-181
-2.316444823532575212e-181
-1.960828209837751383e-181
