-2.900000000000000355e-01
-2.897501561849161744e-01
-2.895006244794919859e-01
-2.892514044938342410e-01
-2.890024958385364329e-01
-2.887538981246789427e-01
-2.885056109638276522e-01
-2.882576339680339439e-01
-2.880099667498335902e-01
-2.877626089222465877e-01
-2.875155600987763238e-01
-2.872688198934088000e-01
-2.870223879206125206e-01
-2.867762637953374938e-01
-2.865304471330146763e-01
-2.862849375495554183e-01
-2.860397346613510194e-01
-2.857948380852720072e-01
-2.855502474386673040e-01
-2.853059623393639499e-01
-2.850619824056664919e-01
-2.848183072563562623e-01
-2.845749365106907680e-01
-2.843318697884031909e-01
-2.840891067097016665e-01
-2.838466468952688393e-01
-2.836044899662611973e-01
-2.833626355443085720e-01
-2.831210832515133058e-01
-2.828798327104499188e-01
-2.826388835441643321e-01
-2.823982353761735342e-01
-2.821578878304646376e-01
-2.819178405314946012e-01
-2.816780931041893976e-01
-2.814386451739436801e-01
-2.811994963666200054e-01
-2.809606463085482786e-01
-2.807220946265253092e-01
-2.804838409478139227e-01
-2.802458849001427943e-01
-2.800082261117055604e-01
-2.797708642111602639e-01
-2.795337988276289098e-01
-2.792970295906967992e-01
-2.790605561304119187e-01
-2.788243780772844405e-01
-2.785884950622861123e-01
-2.783529067168497573e-01
-2.781176126728683862e-01
-2.778826125626951971e-01
-2.776479060191422432e-01
-2.774134926754806552e-01
-2.771793721654395304e-01
-2.769455441232054893e-01
-2.767120081834222312e-01
-2.764787639811896458e-01
-2.762458111520637583e-01
-2.760131493320556739e-01
-2.757807781576313011e-01
-2.755486972657105738e-01
-2.753169062936671185e-01
-2.750854048793273665e-01
-2.748541926609704422e-01
-2.746232692773271644e-01
-2.743926343675796575e-01
-2.741622875713609075e-01
-2.739322285287539849e-01
-2.737024568802914892e-01
-2.734729722669552165e-01
-2.732437743301755484e-01
-2.730148627118305082e-01
-2.727862370542456505e-01
-2.725578970001933943e-01
-2.723298421928923574e-01
-2.721020722760068011e-01
-2.718745868936462973e-01
-2.716473856903647288e-01
-2.714204683111603456e-01
-2.711938344014745983e-01
-2.709674836071919168e-01
-2.707414155746392104e-01
-2.705156299505850903e-01
-2.702901263822395372e-01
-2.700649045172531237e-01
-2.698399640037166813e-01
-2.696153044901605234e-01
-2.693909256255542228e-01
-2.691668270593056134e-01
-2.689430084412608446e-01
-2.687194694217031055e-01
-2.684962096513527907e-01
-2.682732287813662797e-01
-2.680505264633360474e-01
-2.678281023492896096e-01
-2.676059560916893010e-01
-2.673840873434314980e-01
-2.671624957578462856e-01
-2.669411809886966802e-01
-2.667201426901784078e-01
-2.664993805169191265e-01
-2.662788941239776497e-01
-2.660586831668442231e-01
-2.658387473014390268e-01
-2.656190861841122297e-01
-2.653996994716434354e-01
-2.651805868212406270e-01
-2.649617478905403889e-01
-2.647431823376068527e-01
-2.645248898209313082e-01
-2.643068699994315374e-01
-2.640891225324516478e-01
-2.638716470797611846e-01
-2.636544433015546307e-01
-2.634375108584510183e-01
-2.632208494114933739e-01
-2.630044586221482739e-01
-2.627883381523049566e-01
-2.625724876642751004e-01
-2.623569068207923793e-01
-2.621415952850115749e-01
-2.619265527205084654e-01
-2.617117787912789373e-01
-2.614972731617387081e-01
-2.612830354967227153e-01
-2.610690654614845063e-01
-2.608553627216959048e-01
-2.606419269434463448e-01
-2.604287577932422604e-01
-2.602158549380069741e-01
-2.600032180450796426e-01
-2.597908467822150902e-01
-2.595787408175831423e-01
-2.593668998197682929e-01
-2.591553234577688158e-01
-2.589440114009966543e-01
-2.587329633192767542e-01
-2.585221788828463430e-01
-2.583116577623546517e-01
-2.581013996288624712e-01
-2.578914041538414859e-01
-2.576816710091736073e-01
-2.574721998671507528e-01
-2.572629904004742896e-01
-2.570540422822543691e-01
-2.568453551860095385e-01
-2.566369287856661296e-01
-2.564287627555578153e-01
-2.562208567704251649e-01
-2.560132105054150342e-01
-2.558058236360800652e-01
-2.555986958383782981e-01
-2.553918267886724491e-01
-2.551852161637296335e-01
-2.549788636407206432e-01
-2.547727688972196702e-01
-2.545669316112036951e-01
-2.543613514610517656e-01
-2.541560281255449416e-01
-2.539509612838655173e-01
-2.537461506155963553e-01
-2.535415958007208870e-01
-2.533372965196221682e-01
-2.531332524530824912e-01
-2.529294632822829403e-01
-2.527259286888028922e-01
-2.525226483546195722e-01
-2.523196219621073322e-01
-2.521168491940374290e-01
-2.519143297335774134e-01
-2.517120632642905198e-01
-2.515100494701353329e-01
-2.513082880354653437e-01
-2.511067786450282835e-01
-2.509055209839655687e-01
-2.507045147378121897e-01
-2.505037595924957117e-01
-2.503032552343362749e-01
-2.501030013500457616e-01
-2.499029976267274356e-01
-2.497032437518754144e-01
-2.495037394133742537e-01
-2.493044842994983912e-01
-2.491054780989116479e-01
-2.489067205006668115e-01
-2.487082111942050811e-01
-2.485099498693556230e-01
-2.483119362163350996e-01
-2.481141699257471134e-01
-2.479166506885818189e-01
-2.477193781962153396e-01
-2.475223521404093796e-01
-2.473255722133106960e-01
-2.471290381074505993e-01
-2.469327495157445096e-01
-2.467367061314914845e-01
-2.465409076483736361e-01
-2.463453537604558818e-01
-2.461500441621851387e-01
-2.459549785483902129e-01
-2.457601566142809946e-01
-2.455655780554481527e-01
-2.453712425678626907e-01
-2.451771498478753364e-01
-2.449832995922162082e-01
-2.447896914979942051e-01
-2.445963252626966455e-01
-2.444032005841887956e-01
-2.442103171607132583e-01
-2.440176746908896688e-01
-2.438252728737141106e-01
-2.436331114085587279e-01
-2.434411899951711422e-01
-2.432495083336741748e-01
-2.430580661245651530e-01
-2.428668630687155494e-01
-2.426758988673706485e-01
-2.424851732221487699e-01
-2.422946858350410460e-01
-2.421044364084109779e-01
-2.419144246449937141e-01
-2.417246502478958559e-01
-2.415351129205948744e-01
-2.413458123669386668e-01
-2.411567482911451121e-01
-2.409679203978014883e-01
-2.407793283918641947e-01
-2.405909719786581968e-01
-2.404028508638765271e-01
-2.402149647535799792e-01
-2.400273133541963866e-01
-2.398398963725204280e-01
-2.396527135157130450e-01
-2.394657644913009698e-01
-2.392790490071763365e-01
-2.390925667715961545e-01
-2.389063174931818911e-01
-2.387203008809189730e-01
-2.385345166441564801e-01
-2.383489644926064244e-01
-2.381636441363435830e-01
-2.379785552858048325e-01
-2.377936976517888434e-01
-2.376090709454554972e-01
-2.374246748783255534e-01
-2.372405091622800666e-01
-2.370565735095601367e-01
-2.368728676327662153e-01
-2.366893912448578552e-01
-2.365061440591531561e-01
-2.363231257893283477e-01
-2.361403361494173736e-01
-2.359577748538113640e-01
-2.357754416172582745e-01
-2.355933361548623317e-01
-2.354114581820837548e-01
-2.352298074147382012e-01
-2.350483835689962664e-01
-2.348671863613831512e-01
-2.346862155087782176e-01
-2.345054707284144335e-01
-2.343249517378780955e-01
-2.341446582551081901e-01
-2.339645899983961164e-01
-2.337847466863852419e-01
-2.336051280380702921e-01
-2.334257337727971282e-01
-2.332465636102621642e-01
-2.330676172705119786e-01
-2.328888944739428979e-01
-2.327103949413004969e-01
-2.325321183936792380e-01
-2.323540645525219439e-01
-2.321762331396194923e-01
-2.319986238771102327e-01
-2.318212364874796816e-01
-2.316440706935599947e-01
-2.314671262185296063e-01
-2.312904027859126743e-01
-2.311139001195788578e-01
-2.309376179437426790e-01
-2.307615559829632179e-01
-2.305857139621436402e-01
-2.304100916065306981e-01
-2.302346886417144800e-01
-2.300595047936278004e-01
-2.298845397885458386e-01
-2.297097933530857505e-01
-2.295352652142061967e-01
-2.293609550992069535e-01
-2.291868627357284138e-01
-2.290129878517511708e-01
-2.288393301755957676e-01
-2.286658894359220040e-01
-2.284926653617286862e-01
-2.283196576823531831e-01
-2.281468661274709264e-01
-2.279742904270951331e-01
-2.278019303115761673e-01
-2.276297855116013735e-01
-2.274578557581944382e-01
-2.272861407827151126e-01
-2.271146403168586569e-01
-2.269433540926555914e-01
-2.267722818424711684e-01
-2.266014232990049559e-01
-2.264307781952904497e-01
-2.262603462646946006e-01
-2.260901272409175378e-01
-2.259201208579919573e-01
-2.257503268502828730e-01
-2.255807449524871444e-01
-2.254113748996329214e-01
-2.252422164270795890e-01
-2.250732692705169069e-01
-2.249045331659649538e-01
-2.247360078497735447e-01
-2.245676930586217868e-01
-2.243995885295178017e-01
-2.242316939997982539e-01
-2.240640092071278788e-01
-2.238965338894991497e-01
-2.237292677852318890e-01
-2.235622106329727410e-01
-2.233953621716948668e-01
-2.232287221406975553e-01
-2.230622902796056684e-01
-2.228960663283694466e-01
-2.227300500272638706e-01
-2.225642411168884671e-01
-2.223986393381668092e-01
-2.222332444323460443e-01
-2.220680561409965614e-01
-2.219030742060117412e-01
-2.217382983696071508e-01
-2.215737283743205721e-01
-2.214093639630113630e-01
-2.212452048788600689e-01
-2.210812508653681174e-01
-2.209175016663572633e-01
-2.207539570259694495e-01
-2.205906166886660857e-01
-2.204274803992278542e-01
-2.202645479027542930e-01
-2.201018189446632967e-01
-2.199392932706909221e-01
-2.197769706268906942e-01
-2.196148507596334676e-01
-2.194529334156069267e-01
-2.192912183418151972e-01
-2.191297052855784022e-01
-2.189683939945324120e-01
-2.188072842166282894e-01
-2.186463757001319286e-01
-2.184856681936238054e-01
-2.183251614459983392e-01
-2.181648552064637536e-01
-2.180047492245414942e-01
-2.178448432500659782e-01
-2.176851370331840396e-01
-2.175256303243546796e-01
-2.173663228743486497e-01
-2.172072144342480082e-01
-2.170483047554457867e-01
-2.168895935896456573e-01
-2.167310806888612662e-01
-2.165727658054162619e-01
-2.164146486919436008e-01
-2.162567291013851867e-01
-2.160990067869917042e-01
-2.159414815023220080e-01
-2.157841530012427622e-01
-2.156270210379281627e-01
-2.154700853668595206e-01
-2.153133457428247632e-01
-2.151568019209182392e-01
-2.150004536565401636e-01
-2.148443007053963683e-01
-2.146883428234978297e-01
-2.145325797671603085e-01
-2.143770112930040161e-01
-2.142216371579531708e-01
-2.140664571192356647e-01
-2.139114709343826470e-01
-2.137566783612281640e-01
-2.136020791579088252e-01
-2.134476730828632762e-01
-2.132934598948320604e-01
-2.131394393528570352e-01
-2.129856112162810122e-01
-2.128319752447475621e-01
-2.126785311982004045e-01
-2.125252788368832135e-01
-2.123722179213391181e-01
-2.122193482124104524e-01
-2.120666694712382006e-01
-2.119141814592618578e-01
-2.117618839382188201e-01
-2.116097766701442451e-01
-2.114578594173704418e-01
-2.113061319425266760e-01
-2.111545940085387540e-01
-2.110032453786286621e-01
-2.108520858163140388e-01
-2.107011150854081194e-01
-2.105503329500190701e-01
-2.103997391745497936e-01
-2.102493335236974292e-01
-2.100991157624531869e-01
-2.099490856561017638e-01
-2.097992429702210948e-01
-2.096495874706819085e-01
-2.095001189236475048e-01
-2.093508370955732278e-01
-2.092017417532061885e-01
-2.090528326635848755e-01
-2.089041095940388781e-01
-2.087555723121882756e-01
-2.086072205859435813e-01
-2.084590541835051603e-01
-2.083110728733630346e-01
-2.081632764242963285e-01
-2.080156646053730463e-01
-2.078682371859497391e-01
-2.077209939356710333e-01
-2.075739346244692973e-01
-2.074270590225643363e-01
-2.072803669004629756e-01
-2.071338580289587561e-01
-2.069875321791315725e-01
-2.068413891223471746e-01
-2.066954286302570554e-01
-2.065496504747979245e-01
-2.064040544281913747e-01
-2.062586402629435767e-01
-2.061134077518448071e-01
-2.059683566679692823e-01
-2.058234867846746585e-01
-2.056787978756016710e-01
-2.055342897146739123e-01
-2.053899620760973321e-01
-2.052458147343599881e-01
-2.051018474642316014e-01
-2.049580600407633069e-01
-2.048144522392871814e-01
-2.046710238354160771e-01
-2.045277746050430390e-01
-2.043847043243411377e-01
-2.042418127697629704e-01
-2.040990997180405220e-01
-2.039565649461846097e-01
-2.038142082314845782e-01
-2.036720293515081048e-01
-2.035300280841005893e-01
-2.033882042073850427e-01
-2.032465574997616709e-01
-2.031050877399074306e-01
-2.029637947067757797e-01
-2.028226781795963163e-01
-2.026817379378745010e-01
-2.025409737613911298e-01
-2.024003854302021677e-01
-2.022599727246383039e-01
-2.021197354253046474e-01
-2.019796733130804212e-01
-2.018397861691184902e-01
-2.017000737748452233e-01
-2.015605359119599926e-01
-2.014211723624347861e-01
-2.012819829085140677e-01
-2.011429673327142786e-01
-2.010041254178235592e-01
-2.008654569469014162e-01
-2.007269617032782782e-01
-2.005886394705553299e-01
-2.004504900326040673e-01
-2.003125131735659648e-01
-2.001747086778521145e-01
-2.000370763301430044e-01
-1.998996159153880181e-01
-1.997623272188052967e-01
-1.996252100258811835e-01
-1.994882641223700015e-01
-1.993514892942938044e-01
-1.992148853279418763e-01
-1.990784520098705102e-01
-1.989421891269025910e-01
-1.988060964661273466e-01
-1.986701738148999585e-01
-1.985344209608412847e-01
-1.983988376918374152e-01
-1.982634237960395063e-01
-1.981281790618633076e-01
-1.979931032779889133e-01
-1.978581962333603173e-01
-1.977234577171853025e-01
-1.975888875189348859e-01
-1.974544854283431239e-01
-1.973202512354066684e-01
-1.971861847303846282e-01
-1.970522857037980691e-01
-1.969185539464296530e-01
-1.967849892493235275e-01
-1.966515914037848534e-01
-1.965183602013794439e-01
-1.963852954339335155e-01
-1.962523968935333540e-01
-1.961196643725249267e-01
-1.959870976635137152e-01
-1.958546965593641331e-01
-1.957224608531994703e-01
-1.955903903384013931e-01
-1.954584848086097226e-01
-1.953267440577219904e-01
-1.951951678798933276e-01
-1.950637560695358264e-01
-1.949325084213185955e-01
-1.948014247301670943e-01
-1.946705047912630493e-01
-1.945397484000440658e-01
-1.944091553522032112e-01
-1.942787254436888489e-01
-1.941484584707041938e-01
-1.940183542297070907e-01
-1.938884125174096251e-01
-1.937586331307778742e-01
-1.936290158670314898e-01
-1.934995605236434768e-01
-1.933702668983398321e-01
-1.932411347890992670e-01
-1.931121639941528190e-01
-1.929833543119835737e-01
-1.928547055413263878e-01
-1.927262174811675555e-01
-1.925978899307444481e-01
-1.924697226895452085e-01
-1.923417155573085013e-01
-1.922138683340232079e-01
-1.920861808199279541e-01
-1.919586528155110272e-01
-1.918312841215098485e-01
-1.917040745389108070e-01
-1.915770238689489535e-01
-1.914501319131075574e-01
-1.913233984731179116e-01
-1.911968233509589998e-01
-1.910704063488571913e-01
-1.909441472692858244e-01
-1.908180459149650954e-01
-1.906921020888616702e-01
-1.905663155941881848e-01
-1.904406862344033280e-01
-1.903152138132111204e-01
-1.901898981345608863e-01
-1.900647390026468930e-01
-1.899397362219079621e-01
-1.898148895970271921e-01
-1.896901989329317362e-01
-1.895656640347923860e-01
-1.894412847080233497e-01
-1.893170607582819187e-01
-1.891929919914681069e-01
-1.890690782137244563e-01
-1.889453192314356766e-01
-1.888217148512283394e-01
-1.886982648799705453e-01
-1.885749691247717297e-01
-1.884518273929822185e-01
-1.883288394921930342e-01
-1.882060052302355346e-01
-1.880833244151812189e-01
-1.879607968553412556e-01
-1.878384223592663160e-01
-1.877162007357461859e-01
-1.875941317938096264e-01
-1.874722153427238192e-01
-1.873504511919943383e-01
-1.872288391513646233e-01
-1.871073790308158957e-01
-1.869860706405666317e-01
-1.868649137910725067e-01
-1.867439082930258676e-01
-1.866230539573556224e-01
-1.865023505952268235e-01
-1.863817980180405010e-01
-1.862613960374331634e-01
-1.861411444652767144e-01
-1.860210431136780640e-01
-1.859010917949788233e-01
-1.857812903217549994e-01
-1.856616385068168285e-01
-1.855421361632082489e-01
-1.854227831042068730e-01
-1.853035791433235158e-01
-1.851845240943019721e-01
-1.850656177711186845e-01
-1.849468599879824926e-01
-1.848282505593343561e-01
-1.847097892998469937e-01
-1.845914760244247166e-01
-1.844733105482029289e-01
-1.843552926865481278e-01
-1.842374222550573482e-01
-1.841196990695579960e-01
-1.840021229461075991e-01
-1.838846937009934179e-01
-1.837674111507322516e-01
-1.836502751120701049e-01
-1.835332854019818549e-01
-1.834164418376710848e-01
-1.832997442365696672e-01
-1.831831924163376257e-01
-1.830667861948626907e-01
-1.829505253902601047e-01
-1.828344098208723734e-01
-1.827184393052688482e-01
-1.826026136622456164e-01
-1.824869327108250561e-01
-1.823713962702556979e-01
-1.822560041600118086e-01
-1.821407561997931690e-01
-1.820256522095248242e-01
-1.819106920093568336e-01
-1.817958754196637439e-01
-1.816812022610446997e-01
-1.815666723543228611e-01
-1.814522855205451812e-01
-1.813380415809822399e-01
-1.812239403571278551e-01
-1.811099816706988330e-01
-1.809961653436347184e-01
-1.808824911980974615e-01
-1.807689590564711679e-01
-1.806555687413618771e-01
-1.805423200755972013e-01
-1.804292128822260755e-01
-1.803162469845184523e-01
-1.802034222059651358e-01
-1.800907383702773368e-01
-1.799781953013865898e-01
-1.798657928234443093e-01
-1.797535307608216226e-01
-1.796414089381089818e-01
-1.795294271801160524e-01
-1.794175853118712971e-01
-1.793058831586217816e-01
-1.791943205458328969e-01
-1.790828972991879708e-01
-1.789716132445882124e-01
-1.788604682081522679e-01
-1.787494620162159709e-01
-1.786385944953321481e-01
-1.785278654722702307e-01
-1.784172747740161158e-01
-1.783068222277718329e-01
-1.781965076609552667e-01
-1.780863309011998519e-01
-1.779762917763543784e-01
-1.778663901144827419e-01
-1.777566257438635000e-01
-1.776469984929898438e-01
-1.775375081905691821e-01
-1.774281546655228636e-01
-1.773189377469859829e-01
-1.772098572643071301e-01
-1.771009130470479753e-01
-1.769921049249831846e-01
-1.768834327281000318e-01
-1.767748962865981766e-01
-1.766664954308894420e-01
-1.765582299915974540e-01
-1.764500997995574472e-01
-1.763421046858159591e-01
-1.762342444816305809e-01
-1.761265190184697627e-01
-1.760189281280124529e-01
-1.759114716421478208e-01
-1.758041493929751453e-01
-1.756969612128033154e-01
-1.755899069341508301e-01
-1.754829863897453546e-01
-1.753761994125234702e-01
-1.752695458356305636e-01
-1.751630254924203545e-01
-1.750566382164548407e-01
-1.749503838415037982e-01
-1.748442622015448089e-01
-1.747382731307627890e-01
-1.746324164635497667e-01
-1.745266920345046879e-01
-1.744210996784331114e-01
-1.743156392303469304e-01
-1.742103105254642348e-01
-1.741051133992088662e-01
-1.740000476872102797e-01
-1.738951132253032938e-01
-1.737903098495278131e-01
-1.736856373961284949e-01
-1.735810957015546385e-01
-1.734766846024598241e-01
-1.733724039357016911e-01
-1.732682535383416600e-01
-1.731642332476447388e-01
-1.730603429010791616e-01
-1.729565823363162780e-01
-1.728529513912301641e-01
-1.727494499038974840e-01
-1.726460777125970736e-01
-1.725428346558099402e-01
-1.724397205722187354e-01
-1.723367353007076996e-01
-1.722338786803623012e-01
-1.721311505504690975e-01
-1.720285507505153189e-01
-1.719260791201888128e-01
-1.718237354993775723e-01
-1.717215197281696804e-01
-1.716194316468530323e-01
-1.715174710959149196e-01
-1.714156379160419741e-01
-1.713139319481198353e-01
-1.712123530332329002e-01
-1.711109010126641294e-01
-1.710095757278946582e-01
-1.709083770206037689e-01
-1.708073047326684191e-01
-1.707063587061631582e-01
-1.706055387833598225e-01
-1.705048448067272016e-01
-1.704042766189309832e-01
-1.703038340628333369e-01
-1.702035169814927473e-01
-1.701033252181637645e-01
-1.700032586162967263e-01
-1.699033170195375642e-01
-1.698035002717274977e-01
-1.697038082169028406e-01
-1.696042406992947227e-01
-1.695047975633289239e-01
-1.694054786536254853e-01
-1.693062838149985705e-01
-1.692072128924562713e-01
-1.691082657312002469e-01
-1.690094421766255017e-01
-1.689107420743202193e-01
-1.688121652700655118e-01
-1.687137116098350598e-01
-1.686153809397950010e-01
-1.685171731063036804e-01
-1.684190879559112897e-01
-1.683211253353598114e-01
-1.682232850915825750e-01
-1.681255670717042294e-01
-1.680279711230402984e-01
-1.679304970930971530e-01
-1.678331448295715678e-01
-1.677359141803506093e-01
-1.676388049935113589e-01
-1.675418171173207182e-01
-1.674449504002351041e-01
-1.673482046909002541e-01
-1.672515798381509489e-01
-1.671550756910108737e-01
-1.670586920986922574e-01
-1.669624289105957060e-01
-1.668662859763100081e-01
-1.667702631456117746e-01
-1.666743602684653269e-01
-1.665785771950224203e-01
-1.664829137756219102e-01
-1.663873698607897800e-01
-1.662919453012385862e-01
-1.661966399478674583e-01
-1.661014536517617102e-01
-1.660063862641928123e-01
-1.659114376366179200e-01
-1.658166076206797623e-01
-1.657218960682064479e-01
-1.656273028312111317e-01
-1.655328277618918764e-01
-1.654384707126314025e-01
-1.653442315359967274e-01
-1.652501100847391657e-01
-1.651561062117939127e-01
-1.650622197702799054e-01
-1.649684506134995732e-01
-1.648747985949385597e-01
-1.647812635682656124e-01
-1.646878453873321657e-01
-1.645945439061723692e-01
-1.645013589790025876e-01
-1.644082904602213735e-01
-1.643153382044091337e-01
-1.642225020663279633e-01
-1.641297819009213677e-01
-1.640371775633140961e-01
-1.639446889088118087e-01
-1.638523157929009932e-01
-1.637600580712486043e-01
-1.636679155997019519e-01
-1.635758882342884801e-01
-1.634839758312152669e-01
-1.633921782468693018e-01
-1.633004953378167645e-01
-1.632089269608030802e-01
-1.631174729727526418e-01
-1.630261332307686439e-01
-1.629349075921326939e-01
-1.628437959143046454e-01
-1.627527980549225706e-01
-1.626619138718022328e-01
-1.625711432229371423e-01
-1.624804859664980561e-01
-1.623899419608330619e-01
-1.622995110644671057e-01
-1.622091931361018813e-01
-1.621189880346156631e-01
-1.620288956190628904e-01
-1.619389157486741948e-01
-1.618490482828559562e-01
-1.617592930811903029e-01
-1.616696500034346951e-01
-1.615801189095217860e-01
-1.614906996595592559e-01
-1.614013921138294783e-01
-1.613121961327894094e-01
-1.612231115770702827e-01
-1.611341383074775258e-01
-1.610452761849903158e-01
-1.609565250707615802e-01
-1.608678848261177463e-01
-1.607793553125583252e-01
-1.606909363917560229e-01
-1.606026279255561851e-01
-1.605144297759768801e-01
-1.604263418052084278e-01
-1.603383638756133989e-01
-1.602504958497261711e-01
-1.601627375902530681e-01
-1.600750889600716653e-01
-1.599875498222310677e-01
-1.599001200399512990e-01
-1.598127994766233018e-01
-1.597255879958086877e-01
-1.596384854612395154e-01
-1.595514917368180408e-01
-1.594646066866165501e-01
-1.593778301748771109e-01
-1.592911620660114602e-01
-1.592046022246006443e-01
-1.591181505153949072e-01
-1.590318068033133581e-01
-1.589455709534440264e-01
-1.588594428310433349e-01
-1.587734223015360713e-01
-1.586875092305151114e-01
-1.586017034837413076e-01
-1.585160049271431837e-01
-1.584304134268166853e-01
-1.583449288490250961e-01
-1.582595510601987332e-01
-1.581742799269347799e-01
-1.580891153159971196e-01
-1.580040570943159195e-01
-1.579191051289878245e-01
-1.578342592872752914e-01
-1.577495194366067000e-01
-1.576648854445760195e-01
-1.575803571789425872e-01
-1.574959345076310524e-01
-1.574116172987308770e-01
-1.573274054204964190e-01
-1.572432987413466543e-01
-1.571592971298648722e-01
-1.570754004547985083e-01
-1.569916085850590060e-01
-1.569079213897215386e-01
-1.568243387380248433e-01
-1.567408604993710264e-01
-1.566574865433253416e-01
-1.565742167396159124e-01
-1.564910509581337039e-01
-1.564079890689321073e-01
-1.563250309422269946e-01
-1.562421764483961917e-01
-1.561594254579795615e-01
-1.560767778416787266e-01
-1.559942334703566524e-01
-1.559117922150378144e-01
-1.558294539469077256e-01
-1.557472185373128259e-01
-1.556650858577602603e-01
-1.555830557799177116e-01
-1.555011281756131791e-01
-1.554193029168347007e-01
-1.553375798757303805e-01
-1.552559589246078897e-01
-1.551744399359344939e-01
-1.550930227823367757e-01
-1.550117073366003850e-01
-1.549304934716699278e-01
-1.548493810606487719e-01
-1.547683699767986587e-01
-1.546874600935398414e-01
-1.546066512844505858e-01
-1.545259434232670870e-01
-1.544453363838833304e-01
-1.543648300403507867e-01
-1.542844242668782728e-01
-1.542041189378317578e-01
-1.541239139277341130e-01
-1.540438091112650842e-01
-1.539638043632607922e-01
-1.538838995587137881e-01
-1.538040945727728870e-01
-1.537243892807427514e-01
-1.536447835580838084e-01
-1.535652772804121380e-01
-1.534858703234991406e-01
-1.534065625632714536e-01
-1.533273538758106458e-01
-1.532482441373531623e-01
-1.531692332242899912e-01
-1.530903210131666081e-01
-1.530115073806826431e-01
-1.529327922036917975e-01
-1.528541753592015662e-01
-1.527756567243730990e-01
-1.526972361765210617e-01
-1.526189135931133034e-01
-1.525406888517707449e-01
-1.524625618302672680e-01
-1.523845324065293549e-01
-1.523066004586360045e-01
-1.522287658648185660e-01
-1.521510285034604615e-01
-1.520733882530970194e-01
-1.519958449924153354e-01
-1.519183986002540787e-01
-1.518410489556032417e-01
-1.517637959376039736e-01
-1.516866394255484141e-01
-1.516095792988795266e-01
-1.515326154371908207e-01
-1.514557477202262414e-01
-1.513789760278800023e-01
-1.513023002401962525e-01
-1.512257202373691323e-01
-1.511492358997423568e-01
-1.510728471078091051e-01
-1.509965537422118531e-01
-1.509203556837422633e-01
-1.508442528133408234e-01
-1.507682450120967632e-01
-1.506923321612479161e-01
-1.506165141421804132e-01
-1.505407908364285730e-01
-1.504651621256747340e-01
-1.503896278917490337e-01
-1.503141880166292133e-01
-1.502388423824404240e-01
-1.501635908714551160e-01
-1.500884333660927883e-01
-1.500133697489197948e-01
-1.499383999026492609e-01
-1.498635237101407780e-01
-1.497887410544002651e-01
-1.497140518185798297e-01
-1.496394558859774904e-01
-1.495649531400370935e-01
-1.494905434643481190e-01
-1.494162267426454027e-01
-1.493420028588090531e-01
-1.492678716968642572e-01
-1.491938331409810303e-01
-1.491198870754741612e-01
-1.490460333848028507e-01
-1.489722719535707118e-01
-1.488986026665255202e-01
-1.488250254085589641e-01
-1.487515400647065611e-01
-1.486781465201474917e-01
-1.486048446602042661e-01
-1.485316343703427799e-01
-1.484585155361718978e-01
-1.483854880434434254e-01
-1.483125517780518876e-01
-1.482397066260343899e-01
-1.481669524735703125e-01
-1.480942892069813388e-01
-1.480217167127310662e-01
-1.479492348774249511e-01
-1.478768435878101140e-01
-1.478045427307752013e-01
-1.477323321933500244e-01
-1.476602118627056703e-01
-1.475881816261540580e-01
-1.475162413711479659e-01
-1.474443909852807266e-01
-1.473726303562860607e-01
-1.473009593720380206e-01
-1.472293779205506581e-01
-1.471578858899779407e-01
-1.470864831686135576e-01
-1.470151696448907253e-01
-1.469439452073820485e-01
-1.468728097447993819e-01
-1.468017631459934969e-01
-1.467308052999540813e-01
-1.466599360958094900e-01
-1.465891554228265781e-01
-1.465184631704105067e-01
-1.464478592281046598e-01
-1.463773434855903388e-01
-1.463069158326866792e-01
-1.462365761593504843e-01
-1.461663243556759473e-01
-1.460961603118946517e-01
-1.460260839183752934e-01
-1.459560950656234035e-01
-1.458861936442814589e-01
-1.458163795451284661e-01
-1.457466526590798506e-01
-1.456770128771873729e-01
-1.456074600906388239e-01
-1.455379941907579966e-01
-1.454686150690043811e-01
-1.453993226169731090e-01
-1.453301167263946758e-01
-1.452609972891349133e-01
-1.451919641971946284e-01
-1.451230173427096315e-01
-1.450541566179504582e-01
-1.449853819153222034e-01
-1.449166931273643821e-01
-1.448480901467507631e-01
-1.447795728662891190e-01
-1.447111411789212543e-01
-1.446427949777225608e-01
-1.445745341559021846e-01
-1.445063586068025263e-01
-1.444382682238992688e-01
-1.443702629008011828e-01
-1.443023425312499608e-01
-1.442345070091199943e-01
-1.441667562284182358e-01
-1.440990900832841148e-01
-1.440315084679892610e-01
-1.439640112769373648e-01
-1.438965984046640945e-01
-1.438292697458367631e-01
-1.437620251952543837e-01
-1.436948646478473091e-01
-1.436277879986771755e-01
-1.435607951429367091e-01
-1.434938859759495311e-01
-1.434270603931700749e-01
-1.433603182901833639e-01
-1.432936595627048171e-01
-1.432270841065801936e-01
-1.431605918177853154e-01
-1.430941825924259836e-01
-1.430278563267377290e-01
-1.429616129170857841e-01
-1.428954522599648058e-01
-1.428293742519987086e-01
-1.427633787899406648e-01
-1.426974657706727156e-01
-1.426316350912057440e-01
-1.425658866486793075e-01
-1.425002203403614720e-01
-1.424346360636485620e-01
-1.423691337160651882e-01
-1.423037131952639145e-01
-1.422383743990251470e-01
-1.421731172252569952e-01
-1.421079415719951333e-01
-1.420428473374025780e-01
-1.419778344197695497e-01
-1.419129027175133895e-01
-1.418480521291783092e-01
-1.417832825534351970e-01
-1.417185938890816455e-01
-1.416539860350415347e-01
-1.415894588903651441e-01
-1.415250123542287353e-01
-1.414606463259346358e-01
-1.413963607049108784e-01
-1.413321553907111727e-01
-1.412680302830147117e-01
-1.412039852816260044e-01
-1.411400202864747100e-01
-1.410761351976155265e-01
-1.410123299152279963e-01
-1.409486043396163124e-01
-1.408849583712092901e-01
-1.408213919105600620e-01
-1.407579048583460501e-01
-1.406944971153686885e-01
-1.406311685825533675e-01
-1.405679191609492951e-01
-1.405047487517291915e-01
-1.404416572561892895e-01
-1.403786445757490842e-01
-1.403157106119513053e-01
-1.402528552664615846e-01
-1.401900784410684553e-01
-1.401273800376830747e-01
-1.400647599583392244e-01
-1.400022181051929770e-01
-1.399397543805226962e-01
-1.398773686867288146e-01
-1.398150609263336397e-01
-1.397528310019812980e-01
-1.396906788164375135e-01
-1.396286042725894960e-01
-1.395666072734457475e-01
-1.395046877221359505e-01
-1.394428455219108021e-01
-1.393810805761418192e-01
-1.393193927883212835e-01
-1.392577820620620188e-01
-1.391962483010972806e-01
-1.391347914092804783e-01
-1.390734112905852582e-01
-1.390121078491051709e-01
-1.389508809890535879e-01
-1.388897306147634791e-01
-1.388286566306874137e-01
-1.387676589413972816e-01
-1.387067374515841278e-01
-1.386458920660581795e-01
-1.385851226897484856e-01
-1.385244292277028888e-01
-1.384638115850878037e-01
-1.384032696671881890e-01
-1.383428033794072975e-01
-1.382824126272665100e-01
-1.382220973164052513e-01
-1.381618573525808802e-01
-1.381016926416684387e-01
-1.380416030896605140e-01
-1.379815886026671823e-01
-1.379216490869158152e-01
-1.378617844487509125e-01
-1.378019945946339364e-01
-1.377422794311432275e-01
-1.376826388649738386e-01
-1.376230728029373962e-01
-1.375635811519619056e-01
-1.375041638190916404e-01
-1.374448207114869758e-01
-1.373855517364243606e-01
-1.373263568012959568e-01
-1.372672358136096671e-01
-1.372081886809889684e-01
-1.371492153111726897e-01
-1.370903156120149569e-01
-1.370314894914849146e-01
-1.369727368576667825e-01
-1.369140576187595215e-01
-1.368554516830768619e-01
-1.367969189590469981e-01
-1.367384593552125049e-01
-1.366800727802302551e-01
-1.366217591428712519e-01
-1.365635183520203799e-01
-1.365053503166764048e-01
-1.364472549459517792e-01
-1.363892321490724202e-01
-1.363312818353777656e-01
-1.362734039143203846e-01
-1.362155982954660338e-01
-1.361578648884934351e-01
-1.361002036031941087e-01
-1.360426143494722906e-01
-1.359850970373447654e-01
-1.359276515769407279e-01
-1.358702778785015886e-01
-1.358129758523810016e-01
-1.357557454090444760e-01
-1.356985864590694868e-01
-1.356414989131451421e-01
-1.355844826820720994e-01
-1.355275376767625384e-01
-1.354706638082398829e-01
-1.354138609876386623e-01
-1.353571291262044562e-01
-1.353004681352937555e-01
-1.352438779263737123e-01
-1.351873584110221682e-01
-1.351309095009273209e-01
-1.350745311078877520e-01
-1.350182231438122049e-01
-1.349619855207194741e-01
-1.349058181507382659e-01
-1.348497209461070601e-01
-1.347936938191739709e-01
-1.347377366823965805e-01
-1.346818494483418283e-01
-1.346260320296859547e-01
-1.345702843392142245e-01
-1.345146062898208150e-01
-1.344589977945088166e-01
-1.344034587663898717e-01
-1.343479891186843134e-01
-1.342925887647207772e-01
-1.342372576179362009e-01
-1.341819955918756302e-01
-1.341268026001921909e-01
-1.340716785566467562e-01
-1.340166233751080571e-01
-1.339616369695523501e-01
-1.339067192540633333e-01
-1.338518701428320634e-01
-1.337970895501568447e-01
-1.337423773904429514e-01
-1.336877335782026277e-01
-1.336331580280549214e-01
-1.335786506547254893e-01
-1.335242113730465696e-01
-1.334698400979567878e-01
-1.334155367445009899e-01
-1.333613012278302146e-01
-1.333071334632014160e-01
-1.332530333659774635e-01
-1.331990008516269475e-01
-1.331450358357240404e-01
-1.330911382339484139e-01
-1.330373079620850441e-01
-1.329835449360241006e-01
-1.329298490717608916e-01
-1.328762202853955854e-01
-1.328226584931332110e-01
-1.327691636112834361e-01
-1.327157355562604835e-01
-1.326623742445830478e-01
-1.326090795928740462e-01
-1.325558515178605623e-01
-1.325026899363737631e-01
-1.324495947653486216e-01
-1.323965659218239166e-01
-1.323436033229421216e-01
-1.322907068859491275e-01
-1.322378765281942425e-01
-1.321851121671300255e-01
-1.321324137203121474e-01
-1.320797811053992799e-01
-1.320272142401529569e-01
-1.319747130424374082e-01
-1.319222774302195589e-01
-1.318699073215687245e-01
-1.318176026346565832e-01
-1.317653632877570646e-01
-1.317131891992462112e-01
-1.316610802876019282e-01
-1.316090364714040950e-01
-1.315570576693342042e-01
-1.315051438001753892e-01
-1.314532947828122023e-01
-1.314015105362305313e-01
-1.313497909795174889e-01
-1.312981360318613011e-01
-1.312465456125510299e-01
-1.311950196409766844e-01
-1.311435580366289155e-01
-1.310921607190989602e-01
-1.310408276080784473e-01
-1.309895586233594533e-01
-1.309383536848341412e-01
-1.308872127124948159e-01
-1.308361356264336195e-01
-1.307851223468426971e-01
-1.307341727940136977e-01
-1.306832868883379961e-01
-1.306324645503063597e-01
-1.305817057005088100e-01
-1.305310102596347055e-01
-1.304803781484723535e-01
-1.304298092879090931e-01
-1.303793035989310733e-01
-1.303288610026231420e-01
-1.302784814201687347e-01
-1.302281647728497638e-01
-1.301779109820464242e-01
-1.301277199692371656e-01
-1.300775916559984979e-01
-1.300275259640049641e-01
-1.299775228150288897e-01
-1.299275821309403556e-01
-1.298777038337070311e-01
-1.298278878453940355e-01
-1.297781340881639101e-01
-1.297284424842764239e-01
-1.296788129560883518e-01
-1.296292454260536409e-01
-1.295797398167229386e-01
-1.295302960507437595e-01
-1.294809140508602074e-01
-1.294315937399128924e-01
-1.293823350408388195e-01
-1.293331378766712503e-01
-1.292840021705396192e-01
-1.292349278456693673e-01
-1.291859148253818868e-01
-1.291369630330942431e-01
-1.290880723923193418e-01
-1.290392428266654845e-01
-1.289904742598365073e-01
-1.289417666156314757e-01
-1.288931198179447124e-01
-1.288445337907655752e-01
-1.287960084581783737e-01
-1.287475437443623139e-01
-1.286991395735911925e-01
-1.286507958702335641e-01
-1.286025125587523521e-01
-1.285542895637048488e-01
-1.285061268097426324e-01
-1.284580242216113999e-01
-1.284099817241508290e-01
-1.283619992422945222e-01
-1.283140767010698124e-01
-1.282662140255977634e-01
-1.282184111410929195e-01
-1.281706679728632503e-01
-1.281229844463100676e-01
-1.280753604869278306e-01
-1.280277960203041188e-01
-1.279802909721193815e-01
-1.279328452681470496e-01
-1.278854588342531740e-01
-1.278381315963963982e-01
-1.277908634806279586e-01
-1.277436544130914065e-01
-1.276965043200225525e-01
-1.276494131277493560e-01
-1.276023807626918416e-01
-1.275554071513619048e-01
-1.275084922203632842e-01
-1.274616358963913954e-01
-1.274148381062332192e-01
-1.273680987767671913e-01
-1.273214178349631187e-01
-1.272747952078819855e-01
-1.272282308226759806e-01
-1.271817246065881646e-01
-1.271352764869526364e-01
-1.270888863911941724e-01
-1.270425542468282543e-01
-1.269962799814608467e-01
-1.269500635227884811e-01
-1.269039047985978663e-01
-1.268578037367660005e-01
-1.268117602652599762e-01
-1.267657743121368419e-01
-1.267198458055435739e-01
-1.266739746737168271e-01
-1.266281608449829899e-01
-1.265824042477579070e-01
-1.265367048105469350e-01
-1.264910624619446367e-01
-1.264454771306348646e-01
-1.263999487453905113e-01
-1.263544772350735090e-01
-1.263090625286345525e-01
-1.262637045551132098e-01
-1.262184032436375891e-01
-1.261731585234244224e-01
-1.261279703237787875e-01
-1.260828385740941637e-01
-1.260377632038521267e-01
-1.259927441426224315e-01
-1.259477813200627905e-01
-1.259028746659187625e-01
-1.258580241100237251e-01
-1.258132295822986524e-01
-1.257684910127520594e-01
-1.257238083314800026e-01
-1.256791814686656905e-01
-1.256346103545796788e-01
-1.255900949195796201e-01
-1.255456350941100974e-01
-1.255012308087026518e-01
-1.254568819939755608e-01
-1.254125885806338103e-01
-1.253683504994689002e-01
-1.253241676813588446e-01
-1.252800400572680051e-01
-1.252359675582468967e-01
-1.251919501154322989e-01
-1.251479876600468943e-01
-1.251040801233993804e-01
-1.250602274368841915e-01
-1.250164295319814989e-01
-1.249726863402570720e-01
-1.249289977933621676e-01
-1.248853638230334184e-01
-1.248417843610927502e-01
-1.247982593394472428e-01
-1.247547886900890191e-01
-1.247113723450952033e-01
-1.246680102366277409e-01
-1.246247022969333151e-01
-1.245814484583432774e-01
-1.245382486532734811e-01
-1.244951028142242400e-01
-1.244520108737801750e-01
-1.244089727646101040e-01
-1.243659884194669718e-01
-1.243230577711877394e-01
-1.242801807526932589e-01
-1.242373572969881906e-01
-1.241945873371608500e-01
-1.241518708063831800e-01
-1.241092076379105846e-01
-1.240665977650818874e-01
-1.240240411213191229e-01
-1.239815376401275093e-01
-1.239390872550953926e-01
-1.238966898998940247e-01
-1.238543455082775080e-01
-1.238120540140827397e-01
-1.237698153512292454e-01
-1.237276294537190957e-01
-1.236854962556368509e-01
-1.236434156911493387e-01
-1.236013876945057099e-01
-1.235594122000371886e-01
-1.235174891421570442e-01
-1.234756184553604946e-01
-1.234338000742246089e-01
-1.233920339334081406e-01
-1.233503199676514728e-01
-1.233086581117765618e-01
-1.232670483006867157e-01
-1.232254904693666220e-01
-1.231839845528821253e-01
-1.231425304863802417e-01
-1.231011282050890054e-01
-1.230597776443173030e-01
-1.230184787394549006e-01
-1.229772314259722638e-01
-1.229360356394204323e-01
-1.228948913154309791e-01
-1.228537983897159125e-01
-1.228127567980674961e-01
-1.227717664763582628e-01
-1.227308273605408062e-01
-1.226899393866477672e-01
-1.226491024907916810e-01
-1.226083166091648663e-01
-1.225675816780393834e-01
-1.225268976337669236e-01
-1.224862644127786004e-01
-1.224456819515850614e-01
-1.224051501867761405e-01
-1.223646690550210109e-01
-1.223242384930678522e-01
-1.222838584377439197e-01
-1.222435288259553499e-01
-1.222032495946871467e-01
-1.221630206810029873e-01
-1.221228420220451527e-01
-1.220827135550345555e-01
-1.220426352172703927e-01
-1.220026069461302848e-01
-1.219626286790700398e-01
-1.219227003536235976e-01
-1.218828219074029606e-01
-1.218429932780980551e-01
-1.218032144034766062e-01
-1.217634852213841379e-01
-1.217238056697437926e-01
-1.216841756865562618e-01
-1.216445952098996752e-01
-1.216050641779295588e-01
-1.215655825288786407e-01
-1.215261502010568512e-01
-1.214867671328511700e-01
-1.214474332627255293e-01
-1.214081485292207441e-01
-1.213689128709544568e-01
-1.213297262266208876e-01
-1.212905885349909452e-01
-1.212514997349119494e-01
-1.212124597653076313e-01
-1.211734685651780635e-01
-1.211345260735994522e-01
-1.210956322297241788e-01
-1.210567869727805917e-01
-1.210179902420729647e-01
-1.209792419769813998e-01
-1.209405421169617301e-01
-1.209018906015454226e-01
-1.208632873703394534e-01
-1.208247323630262798e-01
-1.207862255193637019e-01
-1.207477667791847509e-01
-1.207093560823976619e-01
-1.206709933689856934e-01
-1.206326785790070993e-01
-1.205944116525950183e-01
-1.205561925299573761e-01
-1.205180211513767752e-01
-1.204798974572104248e-01
-1.204418213878900579e-01
-1.204037928839218063e-01
-1.203658118858861176e-01
-1.203278783344376851e-01
-1.202899921703053099e-01
-1.202521533342918725e-01
-1.202143617672741666e-01
-1.201766174102028711e-01
-1.201389202041024118e-01
-1.201012700900709190e-01
-1.200636670092800617e-01
-1.200261109029750195e-01
-1.199886017124743715e-01
-1.199511393791700131e-01
-1.199137238445270037e-01
-1.198763550500835939e-01
-1.198390329374510455e-01
-1.198017574483135200e-01
-1.197645285244280655e-01
-1.197273461076245049e-01
-1.196902101398052698e-01
-1.196531205629454281e-01
-1.196160773190924898e-01
-1.195790803503663929e-01
-1.195421295989593513e-01
-1.195052250071358263e-01
-1.194683665172323883e-01
-1.194315540716576196e-01
-1.193947876128920726e-01
-1.193580670834881452e-01
-1.193213924260700248e-01
-1.192847635833335362e-01
-1.192481804980460858e-01
-1.192116431130466198e-01
-1.191751513712454719e-01
-1.191387052156242798e-01
-1.191023045892359022e-01
-1.190659494352043768e-01
-1.190296396967247400e-01
-1.189933753170630548e-01
-1.189571562395561888e-01
-1.189209824076118416e-01
-1.188848537647083925e-01
-1.188487702543948310e-01
-1.188127318202906457e-01
-1.187767384060858106e-01
-1.187407899555405766e-01
-1.187048864124854997e-01
-1.186690277208212879e-01
-1.186332138245187184e-01
-1.185974446676185678e-01
-1.185617201942315430e-01
-1.185260403485381281e-01
-1.184904050747885573e-01
-1.184548143173027174e-01
-1.184192680204700365e-01
-1.183837661287494014e-01
-1.183483085866691431e-01
-1.183128953388268012e-01
-1.182775263298891932e-01
-1.182422015045922342e-01
-1.182069208077408673e-01
-1.181716841842089943e-01
-1.181364915789394066e-01
-1.181013429369436180e-01
-1.180662382033018931e-01
-1.180311773231630668e-01
-1.179961602417445160e-01
-1.179611869043320355e-01
-1.179262572562797956e-01
-1.178913712430101901e-01
-1.178565288100138220e-01
-1.178217299028493925e-01
-1.177869744671435903e-01
-1.177522624485910496e-01
-1.177175937929542254e-01
-1.176829684460633518e-01
-1.176483863538163033e-01
-1.176138474621785668e-01
-1.175793517171830893e-01
-1.175448990649302916e-01
-1.175104894515878878e-01
-1.174761228233908439e-01
-1.174417991266413080e-01
-1.174075183077084861e-01
-1.173732803130285995e-01
-1.173390850891047610e-01
-1.173049325825069600e-01
-1.172708227398718550e-01
-1.172367555079028290e-01
-1.172027308333698226e-01
-1.171687486631092928e-01
-1.171348089440240603e-01
-1.171009116230833369e-01
-1.170670566473225316e-01
-1.170332439638432365e-01
-1.169994735198131575e-01
-1.169657452624659338e-01
-1.169320591391011660e-01
-1.168984150970842906e-01
-1.168648130838464694e-01
-1.168312530468845478e-01
-1.167977349337609994e-01
-1.167642586921037173e-01
-1.167308242696060705e-01
-1.166974316140268197e-01
-1.166640806731898683e-01
-1.166307713949844144e-01
-1.165975037273646597e-01
-1.165642776183499207e-01
-1.165310930160243369e-01
-1.164979498685369957e-01
-1.164648481241017247e-01
-1.164317877309970217e-01
-1.163987686375660413e-01
-1.163657907922164142e-01
-1.163328541434202751e-01
-1.162999586397140683e-01
-1.162671042296986174e-01
-1.162342908620388471e-01
-1.162015184854638949e-01
-1.161687870487669028e-01
-1.161360965008050028e-01
-1.161034467904992068e-01
-1.160708378668343227e-01
-1.160382696788589268e-01
-1.160057421756851836e-01
-1.159732553064888871e-01
-1.159408090205092806e-01
-1.159084032670490566e-01
-1.158760379954742181e-01
-1.158437131552139954e-01
-1.158114286957608458e-01
-1.157791845666702735e-01
-1.157469807175608434e-01
-1.157148170981140145e-01
-1.156826936580741261e-01
-1.156506103472483282e-01
-1.156185671155063877e-01
-1.155865639127807987e-01
-1.155546006890665195e-01
-1.155226773944210278e-01
-1.154907939789641402e-01
-1.154589503928780542e-01
-1.154271465864071117e-01
-1.153953825098578967e-01
-1.153636581135990130e-01
-1.153319733480610981e-01
-1.153003281637366984e-01
-1.152687225111801855e-01
-1.152371563410077571e-01
-1.152056296038972277e-01
-1.151741422505880852e-01
-1.151426942318813373e-01
-1.151112854986394429e-01
-1.150799160017862421e-01
-1.150485856923069011e-01
-1.150172945212478010e-01
-1.149860424397164821e-01
-1.149548293988815612e-01
-1.149236553499726476e-01
-1.148925202442802884e-01
-1.148614240331558706e-01
-1.148303666680115659e-01
-1.147993481003202476e-01
-1.147683682816153516e-01
-1.147374271634909598e-01
-1.147065246976015362e-01
-1.146756608356619828e-01
-1.146448355294475002e-01
-1.146140487307935329e-01
-1.145833003915957410e-01
-1.145525904638097919e-01
-1.145219188994514581e-01
-1.144912856505963805e-01
-1.144606906693801246e-01
-1.144301339079979996e-01
-1.143996153187050863e-01
-1.143691348538160707e-01
-1.143386924657052162e-01
-1.143082881068063078e-01
-1.142779217296124861e-01
-1.142475932866763300e-01
-1.142173027306096073e-01
-1.141870500140833300e-01
-1.141568350898276296e-01
-1.141266579106316459e-01
-1.140965184293435825e-01
-1.140664165988704570e-01
-1.140363523721781708e-01
-1.140063257022913418e-01
-1.139763365422933189e-01
-1.139463848453260153e-01
-1.139164705645899084e-01
-1.138865936533439149e-01
-1.138567540649053772e-01
-1.138269517526499242e-01
-1.137971866700114160e-01
-1.137674587704819301e-01
-1.137377680076115949e-01
-1.137081143350086310e-01
-1.136784977063391155e-01
-1.136489180753270933e-01
-1.136193753957543545e-01
-1.135898696214604903e-01
-1.135604007063427123e-01
-1.135309686043558391e-01
-1.135015732695121848e-01
-1.134722146558815453e-01
-1.134428927175911012e-01
-1.134136074088252788e-01
-1.133843586838257922e-01
-1.133551464968915179e-01
-1.133259708023783841e-01
-1.132968315546993843e-01
-1.132677287083244250e-01
-1.132386622177803115e-01
-1.132096320376506371e-01
-1.131806381225757552e-01
-1.131516804272526405e-01
-1.131227589064349032e-01
-1.130938735149326774e-01
-1.130650242076124967e-01
-1.130362109393973497e-01
-1.130074336652664713e-01
-1.129786923402553850e-01
-1.129499869194557499e-01
-1.129213173580153468e-01
-1.128926836111379811e-01
-1.128640856340833998e-01
-1.128355233821672909e-01
-1.128069968107611176e-01
-1.127785058752920899e-01
-1.127500505312431234e-01
-1.127216307341527557e-01
-1.126932464396150080e-01
-1.126648976032794541e-01
-1.126365841808510265e-01
-1.126083061280899744e-01
-1.125800634008118500e-01
-1.125518559548873698e-01
-1.125236837462424283e-01
-1.124955467308579177e-01
-1.124674448647697556e-01
-1.124393781040687462e-01
-1.124113464049005945e-01
-1.123833497234657808e-01
-1.123553880160194363e-01
-1.123274612388714400e-01
-1.122995693483861551e-01
-1.122717123009825263e-01
-1.122438900531338851e-01
-1.122161025613679919e-01
-1.121883497822668552e-01
-1.121606316724667735e-01
-1.121329481886581964e-01
-1.121052992875856552e-01
-1.120776849260477631e-01
-1.120501050608970484e-01
-1.120225596490399822e-01
-1.119950486474368401e-01
-1.119675720131016877e-01
-1.119401297031022841e-01
-1.119127216745599840e-01
-1.118853478846497801e-01
-1.118580082906000944e-01
-1.118307028496928063e-01
-1.118034315192631689e-01
-1.117761942566997124e-01
-1.117489910194442021e-01
-1.117218217649915968e-01
-1.116946864508899101e-01
-1.116675850347402243e-01
-1.116405174741965656e-01
-1.116134837269658481e-01
-1.115864837508078744e-01
-1.115595175035351272e-01
-1.115325849430128802e-01
-1.115056860271589900e-01
-1.114788207139438825e-01
-1.114519889613905246e-01
-1.114251907275742720e-01
-1.113984259706228969e-01
-1.113716946487164489e-01
-1.113449967200872415e-01
-1.113183321430197409e-01
-1.112917008758505522e-01
-1.112651028769683359e-01
-1.112385381048136695e-01
-1.112120065178791306e-01
-1.111855080747090746e-01
-1.111590427338997045e-01
-1.111326104540989040e-01
-1.111062111940062519e-01
-1.110798449123728687e-01
-1.110535115680014451e-01
-1.110272111197461442e-01
-1.110009435265124911e-01
-1.109747087472573723e-01
-1.109485067409889392e-01
-1.109223374667665518e-01
-1.108962008837007102e-01
-1.108700969509530121e-01
-1.108440256277360286e-01
-1.108179868733133316e-01
-1.107919806469993690e-01
-1.107660069081593812e-01
-1.107400656162094293e-01
-1.107141567306162144e-01
-1.106882802108971053e-01
-1.106624360166200416e-01
-1.106366241074034501e-01
-1.106108444429162313e-01
-1.105850969828776342e-01
-1.105593816870572843e-01
-1.105336985152749751e-01
-1.105080474274007934e-01
-1.104824283833548831e-01
-1.104568413431074869e-01
-1.104312862666788631e-01
-1.104057631141391743e-01
-1.103802718456085019e-01
-1.103548124212567483e-01
-1.103293848013035400e-01
-1.103039889460181999e-01
-1.102786248157197474e-01
-1.102532923707766760e-01
-1.102279915716070646e-01
-1.102027223786783972e-01
-1.101774847525075485e-01
-1.101522786536607429e-01
-1.101271040427534292e-01
-1.101019608804502808e-01
-1.100768491274650845e-01
-1.100517687445607407e-01
-1.100267196925491520e-01
-1.100017019322911405e-01
-1.099767154246964751e-01
-1.099517601307237191e-01
-1.099268360113802440e-01
-1.099019430277220766e-01
-1.098770811408539411e-01
-1.098522503119291338e-01
-1.098274505021494818e-01
-1.098026816727652594e-01
-1.097779437850751882e-01
-1.097532368004263126e-01
-1.097285606802139435e-01
-1.097039153858816590e-01
-1.096793008789211654e-01
-1.096547171208723109e-01
-1.096301640733229471e-01
-1.096056416979089426e-01
-1.095811499563140862e-01
-1.095566888102700032e-01
-1.095322582215561835e-01
-1.095078581519998012e-01
-1.094834885634757560e-01
-1.094591494179065483e-01
-1.094348406772622795e-01
-1.094105623035604991e-01
-1.093863142588662740e-01
-1.093620965052920363e-01
-1.093379090049975133e-01
-1.093137517201897557e-01
-1.092896246131229848e-01
-1.092655276460986064e-01
-1.092414607814650718e-01
-1.092174239816179476e-01
-1.091934172089996935e-01
-1.091694404260997314e-01
-1.091454935954543348e-01
-1.091215766796465730e-01
-1.090976896413062835e-01
-1.090738324431099193e-01
-1.090500050477806460e-01
-1.090262074180881197e-01
-1.090024395168485705e-01
-1.089787013069246219e-01
-1.089549927512253324e-01
-1.089313138127060709e-01
-1.089076644543684885e-01
-1.088840446392604633e-01
-1.088604543304760308e-01
-1.088368934911553287e-01
-1.088133620844845412e-01
-1.087898600736958293e-01
-1.087663874220673177e-01
-1.087429440929229690e-01
-1.087195300496325845e-01
-1.086961452556116925e-01
-1.086727896743215765e-01
-1.086494632692691226e-01
-1.086261660040068328e-01
-1.086028978421327007e-01
-1.085796587472902253e-01
-1.085564486831683412e-01
-1.085332676135012803e-01
-1.085101155020686547e-01
-1.084869923126952629e-01
-1.084638980092511168e-01
-1.084408325556513591e-01
-1.084177959158562354e-01
-1.083947880538709690e-01
-1.083718089337457752e-01
-1.083488585195757914e-01
-1.083259367755009667e-01
-1.083030436657060891e-01
-1.082801791544206610e-01
-1.082573432059188850e-01
-1.082345357845195671e-01
-1.082117568545861302e-01
-1.081890063805264895e-01
-1.081662843267930108e-01
-1.081435906578824963e-01
-1.081209253383360741e-01
-1.080982883327391841e-01
-1.080756796057214808e-01
-1.080530991219568610e-01
-1.080305468461632695e-01
-1.080080227431028106e-01
-1.079855267775815392e-01
-1.079630589144495167e-01
-1.079406191186007280e-01
-1.079182073549729282e-01
-1.078958235885477956e-01
-1.078734677843506407e-01
-1.078511399074505439e-01
-1.078288399229601763e-01
-1.078065677960358126e-01
-1.077843234918772625e-01
-1.077621069757277866e-01
-1.077399182128740696e-01
-1.077177571686461777e-01
-1.076956238084174622e-01
-1.076735180976045453e-01
-1.076514400016672507e-01
-1.076293894861085482e-01
-1.076073665164745119e-01
-1.075853710583542372e-01
-1.075634030773798128e-01
-1.075414625392262791e-01
-1.075195494096115312e-01
-1.074976636542962910e-01
-1.074758052390840796e-01
-1.074539741298211060e-01
-1.074321702923962535e-01
-1.074103936927410380e-01
-1.073886442968295107e-01
-1.073669220706782307e-01
-1.073452269803462228e-01
-1.073235589919349087e-01
-1.073019180715880372e-01
-1.072803041854916567e-01
-1.072587172998741012e-01
-1.072371573810058376e-01
-1.072156243951994797e-01
-1.071941183088097466e-01
-1.071726390882333652e-01
-1.071511866999090568e-01
-1.071297611103174535e-01
-1.071083622859810708e-01
-1.070869901934642376e-01
-1.070656447993730692e-01
-1.070443260703553695e-01
-1.070230339731006175e-01
-1.070017684743399117e-01
-1.069805295408459006e-01
-1.069593171394327691e-01
-1.069381312369560993e-01
-1.069169718003129405e-01
-1.068958387964416556e-01
-1.068747321923219362e-01
-1.068536519549747044e-01
-1.068325980514620716e-01
-1.068115704488873247e-01
-1.067905691143948149e-01
-1.067695940151699718e-01
-1.067486451184391921e-01
-1.067277223914698120e-01
-1.067068258015700655e-01
-1.066859553160890428e-01
-1.066651109024165933e-01
-1.066442925279833254e-01
-1.066235001602605093e-01
-1.066027337667600772e-01
-1.065819933150345261e-01
-1.065612787726769178e-01
-1.065405901073207540e-01
-1.065199272866400038e-01
-1.064992902783489931e-01
-1.064786790502024044e-01
-1.064580935699951797e-01
-1.064375338055625203e-01
-1.064169997247797622e-01
-1.063964912955624037e-01
-1.063760084858660498e-01
-1.063555512636862876e-01
-1.063351195970586860e-01
-1.063147134540587957e-01
-1.062943328028019829e-01
-1.062739776114434986e-01
-1.062536478481783397e-01
-1.062333434812412492e-01
-1.062130644789066464e-01
-1.061928108094885997e-01
-1.061725824413407293e-01
-1.061523793428562207e-01
-1.061322014824677140e-01
-1.061120488286473179e-01
-1.060919213499064845e-01
-1.060718190147960371e-01
-1.060517417919060734e-01
-1.060316896498659234e-01
-1.060116625573441079e-01
-1.059916604830482972e-01
-1.059716833957252552e-01
-1.059517312641607562e-01
-1.059318040571796127e-01
-1.059119017436455368e-01
-1.058920242924611677e-01
-1.058721716725680162e-01
-1.058523438529463123e-01
-1.058325408026151160e-01
-1.058127624906321229e-01
-1.057930088860937617e-01
-1.057732799581349858e-01
-1.057535756759293566e-01
-1.057338960086889323e-01
-1.057142409256642129e-01
-1.056946103961441397e-01
-1.056750043894560120e-01
-1.056554228749654184e-01
-1.056358658220762636e-01
-1.056163332002306304e-01
-1.055968249789087932e-01
-1.055773411276291762e-01
-1.055578816159482292e-01
-1.055384464134604683e-01
-1.055190354897984073e-01
-1.054996488146324324e-01
-1.054802863576708993e-01
-1.054609480886599393e-01
-1.054416339773835282e-01
-1.054223439936633477e-01
-1.054030781073587719e-01
-1.053838362883668944e-01
-1.053646185066223484e-01
-1.053454247320973342e-01
-1.053262549348015914e-01
-1.053071090847823021e-01
-1.052879871521240629e-01
-1.052688891069488708e-01
-1.052498149194160126e-01
-1.052307645597220648e-01
-1.052117379981008516e-01
-1.051927352048233344e-01
-1.051737561501976809e-01
-1.051548008045690985e-01
-1.051358691383198485e-01
-1.051169611218692179e-01
-1.050980767256733950e-01
-1.050792159202255521e-01
-1.050603786760556380e-01
-1.050415649637304744e-01
-1.050227747538536316e-01
-1.050040080170653867e-01
-1.049852647240427372e-01
-1.049665448454992489e-01
-1.049478483521851385e-01
-1.049291752148871076e-01
-1.049105254044284119e-01
-1.048918988916686668e-01
-1.048732956475039862e-01
-1.048547156428667748e-01
-1.048361588487257828e-01
-1.048176252360859956e-01
-1.047991147759886749e-01
-1.047806274395111925e-01
-1.047621631977670859e-01
-1.047437220219059884e-01
-1.047253038831135463e-01
-1.047069087526114189e-01
-1.046885366016572089e-01
-1.046701874015444206e-01
-1.046518611236024465e-01
-1.046335577391964422e-01
-1.046152772197273956e-01
-1.045970195366319744e-01
-1.045787846613825400e-01
-1.045605725654871199e-01
-1.045423832204892822e-01
-1.045242165979681920e-01
-1.045060726695384995e-01
-1.044879514068502852e-01
-1.044698527815891009e-01
-1.044517767654758456e-01
-1.044337233302667090e-01
-1.044156924477532139e-01
-1.043976840897621050e-01
-1.043796982281553209e-01
-1.043617348348299390e-01
-1.043437938817181609e-01
-1.043258753407872302e-01
-1.043079791840394455e-01
-1.042901053835120495e-01
-1.042722539112772018e-01
-1.042544247394420198e-01
-1.042366178401483712e-01
-1.042188331855730121e-01
-1.042010707479273934e-01
-1.041833304994577020e-01
-1.041656124124448052e-01
-1.041479164592041817e-01
-1.041302426120859215e-01
-1.041125908434746006e-01
-1.040949611257893509e-01
-1.040773534314837212e-01
-1.040597677330456911e-01
-1.040422040029976014e-01
-1.040246622138961408e-01
-1.040071423383322202e-01
-1.039896443489310707e-01
-1.039721682183520624e-01
-1.039547139192887326e-01
-1.039372814244687304e-01
-1.039198707066538024e-01
-1.039024817386396821e-01
-1.038851144932561033e-01
-1.038677689433667450e-01
-1.038504450618691899e-01
-1.038331428216948682e-01
-1.038158621958090028e-01
-1.037986031572106366e-01
-1.037813656789325079e-01
-1.037641497340410640e-01
-1.037469552956363783e-01
-1.037297823368521360e-01
-1.037126308308555789e-01
-1.036955007508474913e-01
-1.036783920700621170e-01
-1.036613047617671313e-01
-1.036442387992636271e-01
-1.036271941558860044e-01
-1.036101708050020387e-01
-1.035931687200127155e-01
-1.035761878743522851e-01
-1.035592282414881660e-01
-1.035422897949209442e-01
-1.035253725081842768e-01
-1.035084763548449055e-01
-1.034916013085025732e-01
-1.034747473427900522e-01
-1.034579144313729770e-01
-1.034411025479499424e-01
-1.034243116662523915e-01
-1.034075417600445329e-01
-1.033907928031234102e-01
-1.033740647693187631e-01
-1.033573576324930410e-01
-1.033406713665413340e-01
-1.033240059453913451e-01
-1.033073613430033622e-01
-1.032907375333701888e-01
-1.032741344905171166e-01
-1.032575521885018832e-01
-1.032409906014146450e-01
-1.032244497033779074e-01
-1.032079294685465387e-01
-1.031914298711076317e-01
-1.031749508852805863e-01
-1.031584924853169855e-01
-1.031420546455005666e-01
-1.031256373401472082e-01
-1.031092405436048604e-01
-1.030928642302535447e-01
-1.030765083745052296e-01
-1.030601729508039271e-01
-1.030438579336254989e-01
-1.030275632974777533e-01
-1.030112890169003204e-01
-1.029950350664646241e-01
-1.029788014207738550e-01
-1.029625880544629418e-01
-1.029463949421985103e-01
-1.029302220586787997e-01
-1.029140693786336908e-01
-1.028979368768246222e-01
-1.028818245280445354e-01
-1.028657323071179019e-01
-1.028496601889006129e-01
-1.028336081482799924e-01
-1.028175761601747007e-01
-1.028015641995347756e-01
-1.027855722413415079e-01
-1.027696002606074688e-01
-1.027536482323764544e-01
-1.027377161317233750e-01
-1.027218039337543520e-01
-1.027059116136065653e-01
-1.026900391464482670e-01
-1.026741865074786986e-01
-1.026583536719281459e-01
-1.026425406150577729e-01
-1.026267473121596774e-01
-1.026109737385568349e-01
-1.025952198696030160e-01
-1.025794856806828137e-01
-1.025637711472115327e-01
-1.025480762446352445e-01
-1.025324009484306353e-01
-1.025167452341050472e-01
-1.025011090771964506e-01
-1.024854924532733053e-01
-1.024698953379346855e-01
-1.024543177068100580e-01
-1.024387595355593789e-01
-1.024232207998730104e-01
-1.024077014754716658e-01
-1.023922015381063949e-01
-1.023767209635585429e-01
-1.023612597276397362e-01
-1.023458178061917578e-01
-1.023303951750866164e-01
-1.023149918102264355e-01
-1.022996076875434812e-01
-1.022842427830000234e-01
-1.022688970725884189e-01
-1.022535705323309868e-01
-1.022382631382800083e-01
-1.022229748665176713e-01
-1.022077056931560424e-01
-1.021924555943370533e-01
-1.021772245462324036e-01
-1.021620125250435884e-01
-1.021468195070018153e-01
-1.021316454683680042e-01
-1.021164903854326900e-01
-1.021013542345160785e-01
-1.020862369919679213e-01
-1.020711386341675159e-01
-1.020560591375236914e-01
-1.020409984784746982e-01
-1.020259566334883045e-01
-1.020109335790615884e-01
-1.019959292917210214e-01
-1.019809437480224401e-01
-1.019659769245508801e-01
-1.019510287979207008e-01
-1.019360993447754604e-01
-1.019211885417878743e-01
-1.019062963656598014e-01
-1.018914227931222299e-01
-1.018765678009351805e-01
-1.018617313658877477e-01
-1.018469134647979751e-01
-1.018321140745129111e-01
-1.018173331719084973e-01
-1.018025707338895691e-01
-1.017878267373898138e-01
-1.017731011593717289e-01
-1.017583939768265944e-01
-1.017437051667744591e-01
-1.017290347062640155e-01
-1.017143825723726969e-01
-1.016997487422065388e-01
-1.016851331929001651e-01
-1.016705359016167737e-01
-1.016559568455481233e-01
-1.016413960019143942e-01
-1.016268533479642855e-01
-1.016123288609749181e-01
-1.015978225182517514e-01
-1.015833342971286246e-01
-1.015688641749676879e-01
-1.015544121291593882e-01
-1.015399781371223858e-01
-1.015255621763035687e-01
-1.015111642241780104e-01
-1.014967842582488733e-01
-1.014824222560475053e-01
-1.014680781951332322e-01
-1.014537520530934683e-01
-1.014394438075436194e-01
-1.014251534361270551e-01
-1.014108809165150532e-01
-1.013966262264067997e-01
-1.013823893435293610e-01
-1.013681702456375733e-01
-1.013539689105141112e-01
-1.013397853159693773e-01
-1.013256194398415161e-01
-1.013114712599963302e-01
-1.012973407543272808e-01
-1.012832279007554737e-01
-1.012691326772295342e-01
-1.012550550617257183e-01
-1.012409950322477187e-01
-1.012269525668267472e-01
-1.012129276435214387e-01
-1.011989202404178501e-01
-1.011849303356294194e-01
-1.011709579072969239e-01
-1.011570029335884247e-01
-1.011430653926992801e-01
-1.011291452628520771e-01
-1.011152425222966167e-01
-1.011013571493098451e-01
-1.010874891221958949e-01
-1.010736384192859466e-01
-1.010598050189382702e-01
-1.010459888995381972e-01
-1.010321900394980377e-01
-1.010184084172570385e-01
-1.010046440112814387e-01
-1.009908968000643448e-01
-1.009771667621257585e-01
-1.009634538760124378e-01
-1.009497581202980498e-01
-1.009360794735829486e-01
-1.009224179144942446e-01
-1.009087734216857629e-01
-1.008951459738379741e-01
-1.008815355496579802e-01
-1.008679421278794869e-01
-1.008543656872628036e-01
-1.008408062065946909e-01
-1.008272636646884990e-01
-1.008137380403839739e-01
-1.008002293125473403e-01
-1.007867374600712046e-01
-1.007732624618745410e-01
-1.007598042969026775e-01
-1.007463629441271991e-01
-1.007329383825460167e-01
-1.007195305911832428e-01
-1.007061395490892047e-01
-1.006927652353403757e-01
-1.006794076290394163e-01
-1.006660667093150496e-01
-1.006527424553220751e-01
-1.006394348462413546e-01
-1.006261438612797571e-01
-1.006128694796701029e-01
-1.005996116806711638e-01
-1.005863704435676215e-01
-1.005731457476700674e-01
-1.005599375723148919e-01
-1.005467458968643257e-01
-1.005335707007063567e-01
-1.005204119632547577e-01
-1.005072696639489893e-01
-1.004941437822542138e-01
-1.004810342976612397e-01
-1.004679411896864660e-01
-1.004548644378719519e-01
-1.004418040217852359e-01
-1.004287599210194476e-01
-1.004157321151931404e-01
-1.004027205839503889e-01
-1.003897253069606504e-01
-1.003767462639188340e-01
-1.003637834345451618e-01
-1.003508367985852107e-01
-1.003379063358098705e-01
-1.003249920260152750e-01
-1.003120938490228431e-01
-1.002992117846791265e-01
-1.002863458128559204e-01
-1.002734959134501391e-01
-1.002606620663838155e-01
-1.002478442516040735e-01
-1.002350424490830311e-01
-1.002222566388179248e-01
-1.002094868008308742e-01
-1.001967329151690345e-01
-1.001839949619044573e-01
-1.001712729211340774e-01
-1.001585667729796986e-01
-1.001458764975879656e-01
-1.001332020751303370e-01
-1.001205434858030152e-01
-1.001079007098269330e-01
-1.000952737274477811e-01
-1.000826625189358693e-01
-1.000700670645862100e-01
-1.000574873447183655e-01
-1.000449233396765586e-01
-1.000323750298295067e-01
-1.000198423955704907e-01
-1.000073254173172582e-01
-9.999482407551202323e-02
-9.998233835062142472e-02
-9.996986822313654042e-02
-9.995741367357278973e-02
-9.994497468246991978e-02
-9.993255123039201937e-02
-9.992014329792743565e-02
-9.990775086568877417e-02
-9.989537391431285718e-02
-9.988301242446068207e-02
-9.987066637681744907e-02
-9.985833575209243640e-02
-9.984602053101902797e-02
-9.983372069435471341e-02
-9.982143622288097706e-02
-9.980916709740333959e-02
-9.979691329875128858e-02
-9.978467480777826470e-02
-9.977245160536162005e-02
-9.976024367240259039e-02
-9.974805098982628127e-02
-9.973587353858164029e-02
-9.972371129964137382e-02
-9.971156425400198864e-02
-9.969943238268373642e-02
-9.968731566673054434e-02
-9.967521408721005671e-02
-9.966312762521355173e-02
-9.965105626185592758e-02
-9.963899997827567467e-02
-9.962695875563484793e-02
-9.961493257511902510e-02
-9.960292141793733456e-02
-9.959092526532228873e-02
-9.957894409852993678e-02
-9.956697789883967031e-02
-9.955502664755433440e-02
-9.954309032600006102e-02
-9.953116891552638013e-02
-9.951926239750605307e-02
-9.950737075333516979e-02
-9.949549396443302385e-02
-9.948363201224212637e-02
-9.947178487822817827e-02
-9.945995254388002860e-02
-9.944813499070966067e-02
-9.943633220025213659e-02
-9.942454415406558332e-02
-9.941277083373119272e-02
-9.940101222085315213e-02
-9.938926829705860277e-02
-9.937753904399769522e-02
-9.936582444334345066e-02
-9.935412447679178860e-02
-9.934243912606154081e-02
-9.933076837289432637e-02
-9.931911219905457944e-02
-9.930747058632954927e-02
-9.929584351652920304e-02
-9.928423097148625365e-02
-9.927263293305607639e-02
-9.926104938311673676e-02
-9.924948030356894879e-02
-9.923792567633601958e-02
-9.922638548336383535e-02
-9.921485970662084763e-02
-9.920334832809803161e-02
-9.919185132980884445e-02
-9.918036869378922538e-02
-9.916890040209756785e-02
-9.915744643681463633e-02
-9.914600678004364953e-02
-9.913458141391010003e-02
-9.912317032056187915e-02
-9.911177348216913818e-02
-9.910039088092431614e-02
-9.908902249904208426e-02
-9.907766831875937374e-02
-9.906632832233525088e-02
-9.905500249205097252e-02
-9.904369081020994448e-02
-9.903239325913762436e-02
-9.902110982118163263e-02
-9.900984047871155824e-02
-9.899858521411906975e-02
-9.898734400981780424e-02
-9.897611684824339506e-02
-9.896490371185337476e-02
-9.895370458312723050e-02
-9.894251944456632086e-02
-9.893134827869386194e-02
-9.892019106805489959e-02
-9.890904779521630941e-02
-9.889791844276669963e-02
-9.888680299331646661e-02
-9.887570142949772545e-02
-9.886461373396428221e-02
-9.885353988939157843e-02
-9.884247987847677441e-02
-9.883143368393856876e-02
-9.882040128851729555e-02
-9.880938267497482719e-02
-9.879837782609458829e-02
