-1.399999999999999911e+00
-5.150312176400192454e-01
-1.894693965312577721e-01
-6.970189571500952364e-02
-2.564189444422784736e-02
-9.433125798719653454e-03
-3.470253047332901453e-03
-1.276634751776322633e-03
-4.696476790635165837e-04
-1.727737257213513749e-04
-6.355990166747879178e-05
-2.338238110634392229e-05
-8.601897294659492543e-06
-3.164461169773475766e-06
-1.164140206744994859e-06
-4.282632487025560473e-07
-1.575492446069627551e-07
-5.795912806299232902e-08
-2.132197164259767883e-08
-7.843915012552174626e-09
-2.885615071413980852e-09
-1.061558459907666758e-09
-3.905255330016494184e-10
-1.436663148438264445e-10
-5.285188361990736687e-11
-1.944312141094962732e-11
-7.152724639288654978e-12
-2.631340343154716292e-12
-9.680160149716282612e-13
-3.561131906327691650e-13
-1.310067215637624298e-13
-4.819467951857966946e-14
-1.772983176873184386e-14
-6.522440603144756359e-15
-2.399471804158817884e-15
-8.827163464205783925e-16
-3.247331962340997389e-16
-1.194626667604169040e-16
-4.394785908867240940e-17
-1.616751384222209872e-17
-5.947695957408224111e-18
-2.188035065068984235e-18
-8.049331170010982893e-19
-2.961183452627512457e-19
-1.089358513758731429e-19
-4.007526012769150880e-20
-1.474286430057533644e-20
-5.423596680162061195e-21
-1.995229715837309028e-21
-7.340039928708848893e-22
-2.700249787149484996e-22
-9.933663827198583950e-23
-3.654390697534786290e-23
-1.344375207631214607e-23
-4.945680001081129514e-24
-1.819413995010504147e-24
-6.693250037439656350e-25
-2.462309083394036113e-25
-9.058328895903643599e-26
-3.332372972172160764e-26
-1.225911506777512690e-26
-4.509876400389521872e-27
-1.659090809927573436e-27
-6.103454000088312478e-28
-2.245335246768092918e-28
-8.260126758235884607e-29
-3.038730815825095308e-29
-1.117886594396176969e-29
-4.112474956395123509e-30
-1.512894988790189849e-30
-5.565629630272104877e-31
-2.047480718151723244e-31
-7.532260624029593324e-32
-2.770963829125666304e-32
-1.019380624965029975e-32
-3.750091746531308673e-33
-1.379581656055575909e-33
-5.075197286800982836e-34
-1.867060741703165829e-34
-6.868532622908992728e-35
-2.526791942983581258e-35
-9.295548079413028737e-36
-3.419641032836738322e-36
-1.258015632166913306e-36
-4.627980877465027403e-37
-1.702539018953955763e-37
-6.263291028653568598e-38
-2.304136003515183024e-38
-8.476442653561659793e-39
-3.118308986514041008e-39
-1.147161767358671991e-39
-4.220172299091524486e-40
-1.552514627036990965e-40
-5.711382134048584063e-41
-2.101100067790352520e-41
-7.729515187839944921e-42
-2.843529727828735239e-42
-1.046076127228018630e-42
-3.848299011074300646e-43
-1.415710089654627988e-43
-5.208106366429169871e-44
-1.915955259643394079e-44
-7.048405502270974622e-45
-2.592963477325165422e-45
-9.538979550163417537e-46
-3.509194466259934262e-46
-1.290960499209622552e-46
-4.749178270236420405e-47
-1.747125048078131623e-47
-6.427313863436124141e-48
-2.364476632314345404e-48
-8.698423421587351362e-49
-3.199971147406139823e-49
-1.177203597472509972e-49
-4.330690015831985523e-50
-1.593171822911015231e-50
-5.860951599025924121e-51
-2.156123598982528283e-51
-7.931935446902513521e-52
-2.917995979614451946e-52
-1.073470730321079852e-52
-3.949078123844189194e-53
-1.452784653342168287e-53
-5.344496064139644194e-54
-1.966130225418665168e-54
-7.232988885973005434e-55
-2.660867909371001924e-55
-9.788785995304284002e-56
-3.601093121699380284e-56
-1.324768125217092842e-56
-4.873549575866034538e-57
-1.792878694490916515e-57
-6.595632122175034111e-58
-2.426397459278165623e-58
-8.926217413790590815e-59
-3.283771873960080035e-59
-1.208032161926934129e-59
-4.444101966468098639e-60
-1.634893747933191980e-60
-6.014437983643475852e-61
-2.212588084383058101e-61
-8.139656680254313786e-62
-2.994412350859354505e-62
-1.101582742271004366e-62
-4.052496436307620085e-63
-1.490830124338108857e-63
-5.484457530230552781e-64
-2.017619171349724592e-64
-7.422406132529252422e-65
-2.730550620182347621e-65
-1.004513436243017536e-65
-3.695398415742864886e-66
-1.359461104089318408e-66
-5.001177912666903834e-67
-1.839830535710861160e-67
-6.768358293274669254e-68
-2.489939866577982856e-68
-9.159976866672039618e-69
-3.369767170854648960e-69
-1.239668063691880479e-69
-4.560483945090529326e-70
-1.677708285191238712e-70
-6.171943864048516423e-71
-2.270531259647680768e-71
-8.352817709614797444e-72
-3.072829911220018581e-72
-1.130430950554513195e-72
-4.158623063728966821e-73
-1.529871928727283669e-73
-5.628084302040696854e-74
-2.070456507900498418e-74
-7.616783830962113448e-75
-2.802058179258019902e-75
-1.030819597115309581e-75
-3.792173373353514239e-76
-1.395062621414513908e-76
-5.132148575651387954e-77
-1.888011950019446351e-77
-6.945607810981591219e-78
-2.555146320099912385e-78
-9.399858003496230993e-79
-3.458014509417102287e-79
-1.272132445287102899e-79
-4.679913730682798204e-80
-1.721644047974147670e-80
-6.333574502648692988e-81
-2.329991848652096811e-81
-8.571560992161492947e-82
-3.153301067763303748e-82
-1.160034634654076433e-82
-4.267528931360598950e-83
-1.569936158451899759e-83
-5.775472366461258178e-84
-2.124677546674875004e-84
-7.816251885402639862e-85
-2.875438375657156127e-85
-1.057814662759674468e-85
-3.891482669989867085e-86
-1.431596469964224575e-86
-5.266549093534485188e-87
-1.937455137431432496e-87
-7.127499132530153806e-88
-2.622060397825132665e-88
-9.646021138696796671e-89
-3.548572866031696600e-89
-1.305447002911883996e-89
-4.802471139101581773e-90
-1.766730398894669951e-90
-6.499437918459705142e-91
-2.391009589371438926e-91
-8.796032715735246571e-92
-3.235879599990407006e-92
-1.190413578942541148e-92
-4.379286821842786729e-93
-1.611049588748986028e-93
-5.926720224084589094e-94
-2.180318524015724373e-94
-8.020943601906486455e-95
-2.950740249937013753e-95
-1.085516674188910689e-95
-3.993392674828990787e-96
-1.469087065594220234e-96
-5.404469287229957885e-97
-1.988193141214380485e-97
-7.314153817308407795e-98
-2.690726818953388528e-98
-9.898630785015851885e-99
-3.641502761554067110e-99
-1.339634000944774184e-99
-4.928238076418269911e-100
-1.812997469512576750e-100
-6.669644959295259020e-101
-2.453625260437466554e-101
-9.026382896538698293e-102
-3.320620695778121272e-102
-1.221588085905181301e-102
-4.493971423844900358e-103
-1.653239696044492775e-103
-6.081928955032931686e-104
-2.237416625221929075e-104
-8.230995777543376755e-105
-3.028014126927158892e-105
-1.113944144873195996e-105
-4.097971495121514564e-106
-1.507559463561802813e-106
-5.546001329878353990e-107
-2.040259869971724839e-107
-7.505696608097176685e-108
-2.761191473789179688e-108
-1.015785576344914711e-108
-3.736866301757786760e-109
-1.374716286823048978e-109
-5.057298593657434790e-110
-1.860476180471818389e-110
-6.844309375847519134e-111
-2.517880708391248570e-111
-9.262765479393277910e-112
-3.407580988261326386e-112
-1.253578989708008022e-112
-4.611659381980431968e-113
-1.696534676316000229e-113
-6.241202286511040151e-114
-2.296010009399609311e-114
-8.446548791819663606e-115
-3.107311649361939136e-115
-1.143116073112782928e-115
-4.205289021708241579e-116
-1.547039375270429390e-116
-5.691239808447027752e-117
-2.093690120304159102e-117
-7.702255514436639231e-118
-2.833501454410610525e-118
-1.042386931607044592e-118
-3.834727218840140128e-119
-1.410717306311829973e-119
-5.189738942968784239e-120
-1.909198262165028219e-120
-7.023547897707594099e-121
-2.583818875649528322e-121
-9.505338440621728741e-122
-3.496818593681350509e-122
-1.286407670121404021e-122
-4.732429348029192487e-123
-1.740963463936312210e-123
-6.404646662127891130e-124
-2.356137834964151822e-124
-8.667746700495042727e-125
-3.188685812393728847e-125
-1.173051954734711601e-125
-4.315416975728737112e-126
-1.587553185452843581e-126
-5.840281786943353040e-127
-2.148519600064473257e-127
-7.903961898176090269e-128
-2.907705086141393093e-128
-1.069684922181056214e-128
-3.935150914014847506e-129
-1.447661119173072518e-129
-5.325647635270146668e-130
-1.959196275939194541e-130
-7.207480311376818879e-131
-2.651483829203477414e-131
-9.754263893624912134e-132
-3.588393150225509965e-132
-1.320096066808392144e-132
-4.856362033500902633e-133
-1.786555751010521241e-133
-6.572371313033770333e-134
-2.417840285810082208e-134
-8.894737331856133555e-135
-3.272190999010000104e-135
-1.203771796122022413e-135
-4.428428956553130017e-136
-1.629127969804198986e-136
-5.993226871283350776e-137
-2.204784952221390559e-137
-8.110950561264103079e-138
-2.983851959847034724e-138
-1.097697791526840215e-138
-4.038204501220203909e-139
-1.485572415244891464e-139
-5.465115499400005276e-140
-2.010503635856661898e-140
-7.396229540321017498e-141
-2.720920790069009741e-141
-1.000970819722346556e-141
-3.682365857883773700e-142
-1.354666693987081568e-142
-4.983540263575328013e-143
-1.833342007219474155e-143
-6.744488330920305430e-144
-2.481158598166275676e-144
-9.127672385511287922e-145
-3.357883016377898370e-145
-1.235296127584178292e-145
-4.544400490969142160e-146
-1.671791513076956259e-146
-6.150177275859106170e-147
-2.262523779348351361e-147
-8.323359835837712941e-148
-3.061992965076805159e-148
-1.126444260863342994e-148
-4.143956851971849708e-149
-1.524476530941973415e-149
-5.608235742819121442e-150
-2.063154631026007304e-150
-7.589921727121209302e-151
-2.792176163508338179e-151
-1.027184206683669455e-151
-3.778799519349195919e-152
-1.390142655477097014e-152
-5.114049032454993315e-153
-1.881353500182898297e-153
-6.921112742932215978e-154
-2.546135088154452101e-154
-9.366707533772609027e-155
-3.445819133140605520e-155
-1.267646017077629842e-155
-4.663409083657230485e-156
-1.715572327649649803e-156
-6.311237891849437861e-157
-2.321774668753603149e-157
-8.541331676670861245e-158
-3.142180324073614961e-158
-1.155943541680102922e-158
-4.252478641390141213e-159
-1.564399466188099464e-159
-5.755104013901807292e-160
-2.117184448517721533e-160
-7.788686317775676770e-161
-2.865297570042974516e-161
-1.054084068857301055e-161
-3.877758581989440952e-162
-1.426547660140040016e-162
-5.247975560167465198e-163
-1.930622316355794131e-163
-7.102362588540849878e-164
-2.612813180069366687e-164
-9.612002525692976375e-165
-3.536058117690424748e-165
-1.300843084285695685e-165
-4.785534268987571613e-166
-1.760499672581934433e-166
-6.476516357319493208e-167
-2.382577218268400424e-167
-8.765011756043886573e-168
-3.224467626674547284e-168
-1.186215348576439400e-168
-4.363842395432881301e-169
-1.605367901792096874e-169
-5.905818465858474923e-170
-2.172629196880000257e-170
-7.992656148209740158e-171
-2.940333877278891788e-171
-1.081688383630818994e-171
-3.979309180917464855e-172
-1.463906037724306652e-172
-5.385409350855183675e-173
-1.981181382472064727e-173
-7.288358998430887783e-174
-2.681237435399607641e-174
-9.863721293827589562e-175
-3.628660277444149109e-175
-1.334909515067164589e-175
-4.910857664173495990e-176
-1.806603573168640125e-176
-6.646123129156102278e-177
-2.444972062710544660e-177
-8.994549561097436914e-178
-3.308909866125367063e-178
-1.217279912436872082e-178
-4.478122539364987245e-179
-1.647409217278831609e-179
-6.060479822332198565e-180
-2.229525930270371078e-180
-8.201967533051043483e-181
-3.017335232565130932e-181
-1.110015599182964325e-181
-4.083519183190126009e-182
-1.502242755124848204e-182
-5.526442252591769800e-183
-2.033064487549707373e-183
-7.479226275452910523e-184
-2.751453582608384505e-184
-1.012203206379135615e-184
-3.723687499146984782e-185
-1.369868076283278276e-185
-5.039463023816912082e-186
-1.853914841005912243e-186
-6.820171556886984068e-187
-2.509000901040949112e-187
-9.230098493735897347e-188
-3.395563475832933400e-188
-1.249157993951579843e-188
-4.595395447497470888e-189
-1.690551509187159900e-189
-6.219191444713107545e-190
-2.287912673219272939e-190
-8.416760356729668904e-191
-3.096353096507660210e-191
-1.139084646812703212e-191
-4.190458233164270078e-192
-1.541583433068740977e-192
-5.671168518764819827e-193
-2.086306305472278438e-193
-7.675091977695982135e-194
-2.823508547694217666e-194
-1.038710746668539533e-194
-3.821203290231939076e-195
-1.405742131013002559e-195
-5.171436295882157730e-196
-1.902465094582842137e-196
-6.998777958433111039e-197
-2.574706524231380624e-197
-9.471815973147070417e-198
-3.484486367080085124e-198
-1.281870897490931008e-198
-4.715739494228988567e-199
-1.734823609847060430e-199
-6.382059401215609194e-200
-2.347828446042148201e-200
-8.637178166964013614e-201
-3.177440277360903571e-201
-1.168914953591161793e-201
-4.300197799040590903e-202
-1.581954363237718672e-202
-5.819684871066167920e-203
-2.140942418161719270e-203
-7.876087003735698029e-204
-2.897450485551948136e-204
-1.065912465446774765e-204
-3.921272821262338632e-205
-1.442555654166754067e-205
-5.306865679135698874e-206
-1.952286780412347691e-206
-7.182061697844887141e-207
-2.642132843861997652e-207
-9.719863541006652733e-208
-3.575737967728204611e-208
-1.315440485343360693e-208
-4.839235106424064245e-209
-1.780255106648509821e-209
-6.549192537764602474e-210
-2.409313290917021791e-210
-8.863368270694827103e-211
-3.260650966319906363e-211
-1.199526455344890507e-211
-4.412811220626393719e-212
-1.623382525839107862e-212
-5.972090564131756067e-213
-2.197009339358033971e-213
-8.082345680114732033e-214
-2.973328812155028786e-214
-1.093826541834540390e-214
-4.023962969485819802e-215
-1.480333248509021153e-215
-5.445841682090044685e-216
-2.003413194715433469e-216
-7.370145265074074554e-217
-2.711324921467802286e-217
-9.974406969437799925e-218
-3.669379261933316628e-218
-1.349889192326108157e-218
-4.965964817162982541e-219
-1.826876361814962066e-219
-6.720702550738058060e-220
-2.472408298645004012e-220
-9.095481832531606842e-221
-3.346040773736733015e-221
-1.230939609979129935e-221
-4.528373758349154822e-222
-1.665895607636910901e-222
-6.128487451874271043e-223
-2.254544539021703340e-223
-8.294005851114312931e-224
-3.051194237580606141e-224
-1.122471631026678578e-224
-4.129342363528918720e-225
-1.519100161100581318e-225
-5.588457183491298728e-226
-2.055878505673311733e-226
-7.563154357834778463e-227
-2.782328998653617163e-227
-1.023561637179791183e-227
-3.765472830902281938e-228
-1.385240040778580452e-228
-5.096013320899301112e-229
-1.874718532694660893e-229
-6.896704061614582767e-230
-2.537155636111589153e-230
-9.333673975777065716e-231
-3.433666766285301381e-231
-1.263175411149990156e-231
-4.646962643553652792e-232
-1.709522020455086122e-232
-6.288980055552920734e-233
-2.313586468375154503e-233
-8.511208970876627456e-234
-3.131098799899460089e-234
-1.151866876759587302e-234
-4.237481429262115545e-235
-1.558882300171311898e-235
-5.734807494390748280e-236
-2.109717776262267615e-236
-7.761217965608209535e-237
-2.855192527997706712e-237
-1.050366631636674051e-237
-3.864082894716298629e-238
-1.421516655948361148e-238
-5.229467530061805181e-239
-1.923813592583339802e-239
-7.077314693575837995e-240
-2.603598574467116949e-240
-9.578103886097267047e-241
-3.523587505099483518e-241
-1.296255402294674581e-241
-4.768657130116280375e-242
-1.754290920165391062e-242
-6.453675633625793867e-243
-2.374174585600010989e-243
-8.734100197939727136e-244
-3.213095899953450244e-244
-1.182031924105128003e-244
-4.348452436865991703e-245
-1.599706252434857551e-245
-5.884990421841977052e-246
-2.164966987686517164e-246
-7.964468455847368123e-247
-2.929964204764709567e-247
-1.077873594301170834e-247
-3.965275355249686237e-248
-1.458743281780147152e-248
-5.366416633138762814e-249
-1.974194352092221369e-249
-7.262655150115039774e-250
-2.671781518045218233e-250
-9.828934917906628026e-251
-3.615863084909966986e-251
-1.330201691029125861e-251
-4.893538547411025142e-252
-1.800232226172479191e-252
-6.622684253431532096e-253
-2.436349382207302806e-253
-8.962828492248113136e-254
-3.297240337043716770e-254
-1.212986932599580572e-254
-4.462329549129956756e-255
-1.641599300856742924e-255
-6.039106334266089821e-256
-2.221663063424726712e-256
-8.173041662439230694e-257
-3.006693999449059785e-257
-1.106100908290849042e-257
-4.069117840212623377e-258
-1.496944797118166177e-258
-5.506952154283290871e-259
-2.025894481075607342e-259
-7.452849295704035854e-260
-2.741750034038578324e-260
-1.008633470353895226e-260
-3.710555174206034783e-261
-1.365036963922720023e-261
-5.021690354662524664e-262
-1.847376641409271741e-262
-6.796118864748188381e-263
-2.500152410098260269e-263
-9.197546714703826939e-264
-3.383588345553479742e-264
-1.244752589716419120e-264
-4.579188871015818943e-265
-1.684589442887787162e-265
-6.197258228528705449e-266
-2.279843893906262872e-266
-8.387076976483609448e-267
-3.085433191170660583e-267
-1.135067438139682433e-267
-4.175679748347270669e-268
-1.536146732332902774e-268
-5.651168014479654886e-269
-2.078948531132704917e-269
-7.648024238572903675e-270
-2.813550882951844968e-270
-1.035047526527742841e-270
-3.807727056449097092e-271
-1.400784501659874788e-271
-5.153198196722520105e-272
-1.895755672855965346e-272
-6.974095375278440401e-273
-2.565626309333773179e-273
-9.438411729324583586e-274
-3.472197632529914396e-274
-1.277350124691910107e-274
-4.699108500519319969e-275
-1.728705409175021893e-275
-6.359551798773566137e-276
-2.339548361833660280e-276
-8.606717439449302991e-277
-3.166234401945116610e-277
-1.164792542405365284e-277
-4.285032295807493428e-278
-1.576375286383243039e-278
-5.799160594311398326e-279
-2.133391958698726478e-279
-7.848310415657363665e-280
-2.887232049852040825e-280
-1.062153313031846709e-280
-3.907443672365518016e-281
-1.437468194598715140e-281
-5.288149961306973770e-282
-1.945401652596394188e-282
-7.156732728111617582e-283
-2.632814836631074037e-283
-9.685584508077217267e-284
-3.563127416250225867e-284
-1.310801322712778087e-284
-4.822168580863642449e-285
-1.773976682762604179e-285
-6.526095507058758207e-286
-2.400816368168236158e-286
-8.832109838769825497e-287
-3.249151631851440280e-287
-1.195296086606787804e-287
-4.397248563753170589e-288
-1.617657344325443657e-288
-5.951028798373237189e-289
-2.189261148740706114e-289
-8.053841679770808640e-290
-2.962842776437355439e-290
-1.089968944874619007e-290
-4.009771663347014657e-291
-1.475112558737184394e-291
-5.426635837732118296e-292
-1.996347759425813310e-292
-7.344152981214292192e-293
-2.701762894606695915e-293
-9.939230238456497690e-294
-3.656438465797677511e-294
-1.345128539475415490e-294
-4.948451354059742082e-295
-1.820433518795565220e-295
-6.697000655842748158e-296
-2.463688858796212931e-296
-9.063404805942591992e-297
-3.334240295120726147e-297
-1.226598456500317467e-297
-4.512403547190905783e-298
-1.660020495280624487e-298
-6.106874121369770024e-299
-2.246593439073853675e-299
-8.264755389059180378e-300
-3.040433593945757949e-300
-1.118513011459645155e-300
-4.114779415987614003e-301
-1.513742752097277127e-301
-5.568748377188674452e-302
-2.048628041024545683e-302
-7.536481389002565405e-303
-2.772516561785239474e-303
-1.019951843388122539e-303
-3.752193141674049256e-304
-1.380354716126367787e-304
-5.078041215869330915e-305
-1.868106964739560921e-305
-6.872381462368690349e-306
-2.528207851893173233e-306
-9.300756917197132191e-307
-3.421557257169907509e-307
-1.258720571703758667e-307
-4.630574205093770264e-308
-1.703493050872791901e-308
-6.266800715945180694e-309
-2.305427145314710298e-309
-8.481192498798516283e-310
-3.120056356925402168e-310
-1.147804589009132532e-310
-4.222537107787379770e-311
-1.553384591538753379e-311
-5.714582554596603732e-312
-2.102277436708907687e-312
-7.733846486053230120e-313
-2.845123123385703882e-313
-1.046662304684669493e-313
-3.850455437453624385e-314
-1.416503394676607013e-314
-5.211024772528578300e-315
-1.917028880162103084e-315
-7.052355132789635416e-316
-2.594416472245041016e-316
-9.544324573634700171e-317
-3.511161009264965737e-317
-1.291684236356063283e-317
-4.751839390541316250e-318
-1.748108008771956935e-318
-6.430956072528001518e-319
-2.365783938546224952e-319
-8.703460417139399122e-320
-3.202039450697118853e-320
-1.177852499685531761e-320
-4.328015057569319727e-321
-1.590891379608813872e-321
-5.879381185510833876e-322
-2.124482277117360140e-322
-7.410984687618698163e-323
-2.964393875047479265e-323
-1.482196937523739633e-323
-4.940656458412465442e-324
0.000000000000000000e+00
0.000000000000000000e+00
0.000000000000000000e+00
0.000000000000000000e+00
0.000000000000000000e+00
0.000000000000000000e+00
0.000000000000000000e+00
0.000000000000000000e+00
0.000000000000000000e+00
0.000000000000000000e+00
0.000000000000000000e+00
0.000000000000000000e+00
0.000000000000000000e+00
0.000000000000000000e+00
0.000000000000000000e+00
0.000000000000000000e+00
0.000000000000000000e+00
0.000000000000000000e+00
0.000000000000000000e+00
0.000000000000000000e+00
0.000000000000000000e+00
0.000000000000000000e+00
0.000000000000000000e+00
0.000000000000000000e+00
0.000000000000000000e+00
0.000000000000000000e+00
0.000000000000000000e+00
0.000000000000000000e+00
0.000000000000000000e+00
0.000000000000000000e+00
0.000000000000000000e+00
0.000000000000000000e+00
0.000000000000000000e+00
0.000000000000000000e+00
0.000000000000000000e+00
0.000000000000000000e+00
0.000000000000000000e+00
0.000000000000000000e+00
0.000000000000000000e+00
0.000000000000000000e+00
0.000000000000000000e+00
0.000000000000000000e+00
0.000000000000000000e+00
0.000000000000000000e+00
0.000000000000000000e+00
0.000000000000000000e+00
0.000000000000000000e+00
0.000000000000000000e+00
0.000000000000000000e+00
0.000000000000000000e+00
0.000000000000000000e+00
0.000000000000000000e+00
0.000000000000000000e+00
0.000000000000000000e+00
0.000000000000000000e+00
0.000000000000000000e+00
0.000000000000000000e+00
0.000000000000000000e+00
0.000000000000000000e+00
0.000000000000000000e+00
0.000000000000000000e+00
0.000000000000000000e+00
0.000000000000000000e+00
0.000000000000000000e+00
0.000000000000000000e+00
0.000000000000000000e+00
0.000000000000000000e+00
0.000000000000000000e+00
0.000000000000000000e+00
0.000000000000000000e+00
0.000000000000000000e+00
0.000000000000000000e+00
0.000000000000000000e+00
0.000000000000000000e+00
0.000000000000000000e+00
0.000000000000000000e+00
0.000000000000000000e+00
0.000000000000000000e+00
0.000000000000000000e+00
0.000000000000000000e+00
0.000000000000000000e+00
0.000000000000000000e+00
0.000000000000000000e+00
0.000000000000000000e+00
0.000000000000000000e+00
0.000000000000000000e+00
0.000000000000000000e+00
0.000000000000000000e+00
0.000000000000000000e+00
0.000000000000000000e+00
0.000000000000000000e+00
0.000000000000000000e+00
0.000000000000000000e+00
0.000000000000000000e+00
0.000000000000000000e+00
0.000000000000000000e+00
0.000000000000000000e+00
0.000000000000000000e+00
0.000000000000000000e+00
0.000000000000000000e+00
0.000000000000000000e+00
0.000000000000000000e+00
0.000000000000000000e+00
0.000000000000000000e+00
0.000000000000000000e+00
0.000000000000000000e+00
0.000000000000000000e+00
0.000000000000000000e+00
0.000000000000000000e+00
0.000000000000000000e+00
0.000000000000000000e+00
0.000000000000000000e+00
0.000000000000000000e+00
0.000000000000000000e+00
0.000000000000000000e+00
0.000000000000000000e+00
0.000000000000000000e+00
0.000000000000000000e+00
0.000000000000000000e+00
0.000000000000000000e+00
0.000000000000000000e+00
0.000000000000000000e+00
0.000000000000000000e+00
0.000000000000000000e+00
0.000000000000000000e+00
0.000000000000000000e+00
0.000000000000000000e+00
0.000000000000000000e+00
0.000000000000000000e+00
0.000000000000000000e+00
0.000000000000000000e+00
0.000000000000000000e+00
0.000000000000000000e+00
0.000000000000000000e+00
0.000000000000000000e+00
0.000000000000000000e+00
0.000000000000000000e+00
0.000000000000000000e+00
0.000000000000000000e+00
0.000000000000000000e+00
0.000000000000000000e+00
0.000000000000000000e+00
0.000000000000000000e+00
0.000000000000000000e+00
0.000000000000000000e+00
0.000000000000000000e+00
0.000000000000000000e+00
0.000000000000000000e+00
0.000000000000000000e+00
0.000000000000000000e+00
0.000000000000000000e+00
0.000000000000000000e+00
0.000000000000000000e+00
0.000000000000000000e+00
0.000000000000000000e+00
0.000000000000000000e+00
0.000000000000000000e+00
0.000000000000000000e+00
0.000000000000000000e+00
0.000000000000000000e+00
0.000000000000000000e+00
0.000000000000000000e+00
0.000000000000000000e+00
0.000000000000000000e+00
0.000000000000000000e+00
0.000000000000000000e+00
0.000000000000000000e+00
0.000000000000000000e+00
0.000000000000000000e+00
0.000000000000000000e+00
0.000000000000000000e+00
0.000000000000000000e+00
0.000000000000000000e+00
0.000000000000000000e+00
0.000000000000000000e+00
0.000000000000000000e+00
0.000000000000000000e+00
0.000000000000000000e+00
0.000000000000000000e+00
0.000000000000000000e+00
0.000000000000000000e+00
0.000000000000000000e+00
0.000000000000000000e+00
0.000000000000000000e+00
0.000000000000000000e+00
0.000000000000000000e+00
0.000000000000000000e+00
0.000000000000000000e+00
0.000000000000000000e+00
0.000000000000000000e+00
0.000000000000000000e+00
0.000000000000000000e+00
0.000000000000000000e+00
0.000000000000000000e+00
0.000000000000000000e+00
0.000000000000000000e+00
0.000000000000000000e+00
0.000000000000000000e+00
0.000000000000000000e+00
0.000000000000000000e+00
0.000000000000000000e+00
0.000000000000000000e+00
0.000000000000000000e+00
0.000000000000000000e+00
0.000000000000000000e+00
0.000000000000000000e+00
0.000000000000000000e+00
0.000000000000000000e+00
0.000000000000000000e+00
0.000000000000000000e+00
0.000000000000000000e+00
0.000000000000000000e+00
0.000000000000000000e+00
0.000000000000000000e+00
0.000000000000000000e+00
0.000000000000000000e+00
0.000000000000000000e+00
0.000000000000000000e+00
0.000000000000000000e+00
0.000000000000000000e+00
0.000000000000000000e+00
0.000000000000000000e+00
0.000000000000000000e+00
0.000000000000000000e+00
0.000000000000000000e+00
0.000000000000000000e+00
0.000000000000000000e+00
0.000000000000000000e+00
0.000000000000000000e+00
0.000000000000000000e+00
0.000000000000000000e+00
0.000000000000000000e+00
0.000000000000000000e+00
0.000000000000000000e+00
0.000000000000000000e+00
0.000000000000000000e+00
0.000000000000000000e+00
0.000000000000000000e+00
0.000000000000000000e+00
0.000000000000000000e+00
0.000000000000000000e+00
0.000000000000000000e+00
0.000000000000000000e+00
0.000000000000000000e+00
0.000000000000000000e+00
0.000000000000000000e+00
0.000000000000000000e+00
0.000000000000000000e+00
0.000000000000000000e+00
0.000000000000000000e+00
0.000000000000000000e+00
0.000000000000000000e+00
0.000000000000000000e+00
0.000000000000000000e+00
0.000000000000000000e+00
0.000000000000000000e+00
0.000000000000000000e+00
0.000000000000000000e+00
0.000000000000000000e+00
0.000000000000000000e+00
0.000000000000000000e+00
0.000000000000000000e+00
0.000000000000000000e+00
0.000000000000000000e+00
0.000000000000000000e+00
0.000000000000000000e+00
0.000000000000000000e+00
0.000000000000000000e+00
0.000000000000000000e+00
0.000000000000000000e+00
0.000000000000000000e+00
0.000000000000000000e+00
0.000000000000000000e+00
0.000000000000000000e+00
0.000000000000000000e+00
0.000000000000000000e+00
0.000000000000000000e+00
0.000000000000000000e+00
0.000000000000000000e+00
0.000000000000000000e+00
0.000000000000000000e+00
0.000000000000000000e+00
0.000000000000000000e+00
0.000000000000000000e+00
0.000000000000000000e+00
0.000000000000000000e+00
0.000000000000000000e+00
0.000000000000000000e+00
0.000000000000000000e+00
0.000000000000000000e+00
0.000000000000000000e+00
0.000000000000000000e+00
0.000000000000000000e+00
0.000000000000000000e+00
0.000000000000000000e+00
0.000000000000000000e+00
0.000000000000000000e+00
0.000000000000000000e+00
0.000000000000000000e+00
0.000000000000000000e+00
0.000000000000000000e+00
0.000000000000000000e+00
0.000000000000000000e+00
0.000000000000000000e+00
0.000000000000000000e+00
0.000000000000000000e+00
0.000000000000000000e+00
0.000000000000000000e+00
0.000000000000000000e+00
0.000000000000000000e+00
0.000000000000000000e+00
0.000000000000000000e+00
0.000000000000000000e+00
0.000000000000000000e+00
0.000000000000000000e+00
0.000000000000000000e+00
0.000000000000000000e+00
0.000000000000000000e+00
0.000000000000000000e+00
0.000000000000000000e+00
0.000000000000000000e+00
0.000000000000000000e+00
0.000000000000000000e+00
0.000000000000000000e+00
0.000000000000000000e+00
0.000000000000000000e+00
0.000000000000000000e+00
0.000000000000000000e+00
0.000000000000000000e+00
0.000000000000000000e+00
0.000000000000000000e+00
0.000000000000000000e+00
0.000000000000000000e+00
0.000000000000000000e+00
0.000000000000000000e+00
0.000000000000000000e+00
0.000000000000000000e+00
0.000000000000000000e+00
0.000000000000000000e+00
0.000000000000000000e+00
0.000000000000000000e+00
0.000000000000000000e+00
0.000000000000000000e+00
0.000000000000000000e+00
0.000000000000000000e+00
0.000000000000000000e+00
0.000000000000000000e+00
0.000000000000000000e+00
0.000000000000000000e+00
0.000000000000000000e+00
0.000000000000000000e+00
0.000000000000000000e+00
0.000000000000000000e+00
0.000000000000000000e+00
0.000000000000000000e+00
0.000000000000000000e+00
0.000000000000000000e+00
0.000000000000000000e+00
0.000000000000000000e+00
0.000000000000000000e+00
0.000000000000000000e+00
0.000000000000000000e+00
0.000000000000000000e+00
0.000000000000000000e+00
0.000000000000000000e+00
0.000000000000000000e+00
0.000000000000000000e+00
0.000000000000000000e+00
0.000000000000000000e+00
0.000000000000000000e+00
0.000000000000000000e+00
0.000000000000000000e+00
0.000000000000000000e+00
0.000000000000000000e+00
0.000000000000000000e+00
0.000000000000000000e+00
0.000000000000000000e+00
0.000000000000000000e+00
0.000000000000000000e+00
0.000000000000000000e+00
0.000000000000000000e+00
0.000000000000000000e+00
0.000000000000000000e+00
0.000000000000000000e+00
0.000000000000000000e+00
0.000000000000000000e+00
0.000000000000000000e+00
0.000000000000000000e+00
0.000000000000000000e+00
0.000000000000000000e+00
0.000000000000000000e+00
0.000000000000000000e+00
0.000000000000000000e+00
0.000000000000000000e+00
0.000000000000000000e+00
0.000000000000000000e+00
0.000000000000000000e+00
0.000000000000000000e+00
0.000000000000000000e+00
0.000000000000000000e+00
0.000000000000000000e+00
0.000000000000000000e+00
0.000000000000000000e+00
0.000000000000000000e+00
0.000000000000000000e+00
0.000000000000000000e+00
0.000000000000000000e+00
0.000000000000000000e+00
0.000000000000000000e+00
0.000000000000000000e+00
0.000000000000000000e+00
0.000000000000000000e+00
0.000000000000000000e+00
0.000000000000000000e+00
0.000000000000000000e+00
0.000000000000000000e+00
0.000000000000000000e+00
0.000000000000000000e+00
0.000000000000000000e+00
0.000000000000000000e+00
0.000000000000000000e+00
0.000000000000000000e+00
0.000000000000000000e+00
0.000000000000000000e+00
0.000000000000000000e+00
0.000000000000000000e+00
0.000000000000000000e+00
0.000000000000000000e+00
0.000000000000000000e+00
0.000000000000000000e+00
0.000000000000000000e+00
0.000000000000000000e+00
0.000000000000000000e+00
0.000000000000000000e+00
0.000000000000000000e+00
0.000000000000000000e+00
0.000000000000000000e+00
0.000000000000000000e+00
0.000000000000000000e+00
0.000000000000000000e+00
0.000000000000000000e+00
0.000000000000000000e+00
0.000000000000000000e+00
0.000000000000000000e+00
0.000000000000000000e+00
0.000000000000000000e+00
0.000000000000000000e+00
0.000000000000000000e+00
0.000000000000000000e+00
0.000000000000000000e+00
0.000000000000000000e+00
0.000000000000000000e+00
0.000000000000000000e+00
0.000000000000000000e+00
0.000000000000000000e+00
0.000000000000000000e+00
0.000000000000000000e+00
0.000000000000000000e+00
0.000000000000000000e+00
0.000000000000000000e+00
0.000000000000000000e+00
0.000000000000000000e+00
0.000000000000000000e+00
0.000000000000000000e+00
0.000000000000000000e+00
0.000000000000000000e+00
0.000000000000000000e+00
0.000000000000000000e+00
0.000000000000000000e+00
0.000000000000000000e+00
0.000000000000000000e+00
0.000000000000000000e+00
0.000000000000000000e+00
0.000000000000000000e+00
0.000000000000000000e+00
0.000000000000000000e+00
0.000000000000000000e+00
0.000000000000000000e+00
0.000000000000000000e+00
0.000000000000000000e+00
0.000000000000000000e+00
0.000000000000000000e+00
0.000000000000000000e+00
0.000000000000000000e+00
0.000000000000000000e+00
0.000000000000000000e+00
0.000000000000000000e+00
0.000000000000000000e+00
0.000000000000000000e+00
0.000000000000000000e+00
0.000000000000000000e+00
0.000000000000000000e+00
0.000000000000000000e+00
0.000000000000000000e+00
0.000000000000000000e+00
0.000000000000000000e+00
0.000000000000000000e+00
0.000000000000000000e+00
0.000000000000000000e+00
0.000000000000000000e+00
0.000000000000000000e+00
0.000000000000000000e+00
0.000000000000000000e+00
0.000000000000000000e+00
0.000000000000000000e+00
0.000000000000000000e+00
0.000000000000000000e+00
0.000000000000000000e+00
0.000000000000000000e+00
0.000000000000000000e+00
0.000000000000000000e+00
0.000000000000000000e+00
0.000000000000000000e+00
0.000000000000000000e+00
0.000000000000000000e+00
0.000000000000000000e+00
0.000000000000000000e+00
0.000000000000000000e+00
0.000000000000000000e+00
0.000000000000000000e+00
0.000000000000000000e+00
0.000000000000000000e+00
0.000000000000000000e+00
0.000000000000000000e+00
0.000000000000000000e+00
0.000000000000000000e+00
0.000000000000000000e+00
0.000000000000000000e+00
0.000000000000000000e+00
0.000000000000000000e+00
0.000000000000000000e+00
0.000000000000000000e+00
0.000000000000000000e+00
0.000000000000000000e+00
0.000000000000000000e+00
0.000000000000000000e+00
0.000000000000000000e+00
0.000000000000000000e+00
0.000000000000000000e+00
0.000000000000000000e+00
0.000000000000000000e+00
0.000000000000000000e+00
0.000000000000000000e+00
0.000000000000000000e+00
0.000000000000000000e+00
0.000000000000000000e+00
0.000000000000000000e+00
0.000000000000000000e+00
0.000000000000000000e+00
0.000000000000000000e+00
0.000000000000000000e+00
0.000000000000000000e+00
0.000000000000000000e+00
0.000000000000000000e+00
0.000000000000000000e+00
0.000000000000000000e+00
0.000000000000000000e+00
0.000000000000000000e+00
0.000000000000000000e+00
0.000000000000000000e+00
0.000000000000000000e+00
0.000000000000000000e+00
0.000000000000000000e+00
0.000000000000000000e+00
0.000000000000000000e+00
0.000000000000000000e+00
0.000000000000000000e+00
0.000000000000000000e+00
0.000000000000000000e+00
0.000000000000000000e+00
0.000000000000000000e+00
0.000000000000000000e+00
0.000000000000000000e+00
0.000000000000000000e+00
0.000000000000000000e+00
0.000000000000000000e+00
0.000000000000000000e+00
0.000000000000000000e+00
0.000000000000000000e+00
0.000000000000000000e+00
0.000000000000000000e+00
0.000000000000000000e+00
0.000000000000000000e+00
0.000000000000000000e+00
0.000000000000000000e+00
0.000000000000000000e+00
0.000000000000000000e+00
0.000000000000000000e+00
0.000000000000000000e+00
0.000000000000000000e+00
0.000000000000000000e+00
0.000000000000000000e+00
0.000000000000000000e+00
0.000000000000000000e+00
0.000000000000000000e+00
0.000000000000000000e+00
0.000000000000000000e+00
0.000000000000000000e+00
0.000000000000000000e+00
0.000000000000000000e+00
0.000000000000000000e+00
0.000000000000000000e+00
0.000000000000000000e+00
0.000000000000000000e+00
0.000000000000000000e+00
0.000000000000000000e+00
0.000000000000000000e+00
0.000000000000000000e+00
0.000000000000000000e+00
0.000000000000000000e+00
0.000000000000000000e+00
0.000000000000000000e+00
0.000000000000000000e+00
0.000000000000000000e+00
0.000000000000000000e+00
0.000000000000000000e+00
0.000000000000000000e+00
0.000000000000000000e+00
0.000000000000000000e+00
0.000000000000000000e+00
0.000000000000000000e+00
0.000000000000000000e+00
0.000000000000000000e+00
0.000000000000000000e+00
0.000000000000000000e+00
0.000000000000000000e+00
0.000000000000000000e+00
0.000000000000000000e+00
0.000000000000000000e+00
0.000000000000000000e+00
0.000000000000000000e+00
0.000000000000000000e+00
0.000000000000000000e+00
0.000000000000000000e+00
0.000000000000000000e+00
0.000000000000000000e+00
0.000000000000000000e+00
0.000000000000000000e+00
0.000000000000000000e+00
0.000000000000000000e+00
0.000000000000000000e+00
0.000000000000000000e+00
0.000000000000000000e+00
0.000000000000000000e+00
0.000000000000000000e+00
0.000000000000000000e+00
0.000000000000000000e+00
0.000000000000000000e+00
0.000000000000000000e+00
0.000000000000000000e+00
0.000000000000000000e+00
0.000000000000000000e+00
0.000000000000000000e+00
0.000000000000000000e+00
0.000000000000000000e+00
0.000000000000000000e+00
0.000000000000000000e+00
0.000000000000000000e+00
0.000000000000000000e+00
0.000000000000000000e+00
0.000000000000000000e+00
0.000000000000000000e+00
0.000000000000000000e+00
0.000000000000000000e+00
0.000000000000000000e+00
0.000000000000000000e+00
0.000000000000000000e+00
0.000000000000000000e+00
0.000000000000000000e+00
0.000000000000000000e+00
0.000000000000000000e+00
0.000000000000000000e+00
0.000000000000000000e+00
0.000000000000000000e+00
0.000000000000000000e+00
0.000000000000000000e+00
0.000000000000000000e+00
0.000000000000000000e+00
0.000000000000000000e+00
0.000000000000000000e+00
0.000000000000000000e+00
0.000000000000000000e+00
0.000000000000000000e+00
0.000000000000000000e+00
0.000000000000000000e+00
0.000000000000000000e+00
0.000000000000000000e+00
0.000000000000000000e+00
0.000000000000000000e+00
0.000000000000000000e+00
0.000000000000000000e+00
0.000000000000000000e+00
0.000000000000000000e+00
0.000000000000000000e+00
0.000000000000000000e+00
0.000000000000000000e+00
0.000000000000000000e+00
0.000000000000000000e+00
0.000000000000000000e+00
0.000000000000000000e+00
0.000000000000000000e+00
0.000000000000000000e+00
0.000000000000000000e+00
0.000000000000000000e+00
0.000000000000000000e+00
0.000000000000000000e+00
0.000000000000000000e+00
0.000000000000000000e+00
0.000000000000000000e+00
0.000000000000000000e+00
0.000000000000000000e+00
0.000000000000000000e+00
0.000000000000000000e+00
0.000000000000000000e+00
0.000000000000000000e+00
0.000000000000000000e+00
0.000000000000000000e+00
0.000000000000000000e+00
0.000000000000000000e+00
0.000000000000000000e+00
0.000000000000000000e+00
0.000000000000000000e+00
0.000000000000000000e+00
0.000000000000000000e+00
0.000000000000000000e+00
0.000000000000000000e+00
0.000000000000000000e+00
0.000000000000000000e+00
0.000000000000000000e+00
0.000000000000000000e+00
0.000000000000000000e+00
0.000000000000000000e+00
0.000000000000000000e+00
0.000000000000000000e+00
0.000000000000000000e+00
0.000000000000000000e+00
0.000000000000000000e+00
0.000000000000000000e+00
0.000000000000000000e+00
0.000000000000000000e+00
0.000000000000000000e+00
0.000000000000000000e+00
0.000000000000000000e+00
0.000000000000000000e+00
0.000000000000000000e+00
0.000000000000000000e+00
0.000000000000000000e+00
0.000000000000000000e+00
0.000000000000000000e+00
0.000000000000000000e+00
0.000000000000000000e+00
0.000000000000000000e+00
0.000000000000000000e+00
0.000000000000000000e+00
0.000000000000000000e+00
0.000000000000000000e+00
0.000000000000000000e+00
0.000000000000000000e+00
0.000000000000000000e+00
0.000000000000000000e+00
0.000000000000000000e+00
0.000000000000000000e+00
0.000000000000000000e+00
0.000000000000000000e+00
0.000000000000000000e+00
0.000000000000000000e+00
0.000000000000000000e+00
0.000000000000000000e+00
0.000000000000000000e+00
0.000000000000000000e+00
0.000000000000000000e+00
0.000000000000000000e+00
0.000000000000000000e+00
0.000000000000000000e+00
0.000000000000000000e+00
0.000000000000000000e+00
0.000000000000000000e+00
0.000000000000000000e+00
0.000000000000000000e+00
0.000000000000000000e+00
0.000000000000000000e+00
0.000000000000000000e+00
0.000000000000000000e+00
0.000000000000000000e+00
0.000000000000000000e+00
0.000000000000000000e+00
0.000000000000000000e+00
0.000000000000000000e+00
0.000000000000000000e+00
0.000000000000000000e+00
0.000000000000000000e+00
0.000000000000000000e+00
0.000000000000000000e+00
0.000000000000000000e+00
0.000000000000000000e+00
0.000000000000000000e+00
0.000000000000000000e+00
0.000000000000000000e+00
0.000000000000000000e+00
0.000000000000000000e+00
0.000000000000000000e+00
0.000000000000000000e+00
0.000000000000000000e+00
0.000000000000000000e+00
0.000000000000000000e+00
0.000000000000000000e+00
0.000000000000000000e+00
0.000000000000000000e+00
0.000000000000000000e+00
0.000000000000000000e+00
0.000000000000000000e+00
0.000000000000000000e+00
0.000000000000000000e+00
0.000000000000000000e+00
0.000000000000000000e+00
0.000000000000000000e+00
0.000000000000000000e+00
0.000000000000000000e+00
0.000000000000000000e+00
0.000000000000000000e+00
0.000000000000000000e+00
0.000000000000000000e+00
0.000000000000000000e+00
0.000000000000000000e+00
0.000000000000000000e+00
0.000000000000000000e+00
0.000000000000000000e+00
0.000000000000000000e+00
0.000000000000000000e+00
0.000000000000000000e+00
0.000000000000000000e+00
0.000000000000000000e+00
0.000000000000000000e+00
0.000000000000000000e+00
0.000000000000000000e+00
0.000000000000000000e+00
0.000000000000000000e+00
0.000000000000000000e+00
0.000000000000000000e+00
0.000000000000000000e+00
0.000000000000000000e+00
0.000000000000000000e+00
0.000000000000000000e+00
0.000000000000000000e+00
0.000000000000000000e+00
0.000000000000000000e+00
0.000000000000000000e+00
0.000000000000000000e+00
0.000000000000000000e+00
0.000000000000000000e+00
0.000000000000000000e+00
0.000000000000000000e+00
0.000000000000000000e+00
0.000000000000000000e+00
0.000000000000000000e+00
0.000000000000000000e+00
0.000000000000000000e+00
0.000000000000000000e+00
0.000000000000000000e+00
0.000000000000000000e+00
0.000000000000000000e+00
0.000000000000000000e+00
0.000000000000000000e+00
0.000000000000000000e+00
0.000000000000000000e+00
0.000000000000000000e+00
0.000000000000000000e+00
0.000000000000000000e+00
0.000000000000000000e+00
0.000000000000000000e+00
0.000000000000000000e+00
0.000000000000000000e+00
0.000000000000000000e+00
0.000000000000000000e+00
0.000000000000000000e+00
0.000000000000000000e+00
0.000000000000000000e+00
0.000000000000000000e+00
0.000000000000000000e+00
0.000000000000000000e+00
0.000000000000000000e+00
0.000000000000000000e+00
0.000000000000000000e+00
0.000000000000000000e+00
0.000000000000000000e+00
0.000000000000000000e+00
0.000000000000000000e+00
0.000000000000000000e+00
0.000000000000000000e+00
0.000000000000000000e+00
0.000000000000000000e+00
0.000000000000000000e+00
0.000000000000000000e+00
0.000000000000000000e+00
0.000000000000000000e+00
0.000000000000000000e+00
0.000000000000000000e+00
0.000000000000000000e+00
0.000000000000000000e+00
0.000000000000000000e+00
0.000000000000000000e+00
0.000000000000000000e+00
0.000000000000000000e+00
0.000000000000000000e+00
0.000000000000000000e+00
0.000000000000000000e+00
0.000000000000000000e+00
0.000000000000000000e+00
0.000000000000000000e+00
0.000000000000000000e+00
0.000000000000000000e+00
0.000000000000000000e+00
0.000000000000000000e+00
0.000000000000000000e+00
0.000000000000000000e+00
0.000000000000000000e+00
0.000000000000000000e+00
0.000000000000000000e+00
0.000000000000000000e+00
0.000000000000000000e+00
0.000000000000000000e+00
0.000000000000000000e+00
0.000000000000000000e+00
0.000000000000000000e+00
0.000000000000000000e+00
0.000000000000000000e+00
0.000000000000000000e+00
0.000000000000000000e+00
0.000000000000000000e+00
0.000000000000000000e+00
0.000000000000000000e+00
0.000000000000000000e+00
0.000000000000000000e+00
0.000000000000000000e+00
0.000000000000000000e+00
0.000000000000000000e+00
0.000000000000000000e+00
0.000000000000000000e+00
0.000000000000000000e+00
0.000000000000000000e+00
0.000000000000000000e+00
0.000000000000000000e+00
0.000000000000000000e+00
0.000000000000000000e+00
0.000000000000000000e+00
0.000000000000000000e+00
0.000000000000000000e+00
0.000000000000000000e+00
0.000000000000000000e+00
0.000000000000000000e+00
0.000000000000000000e+00
0.000000000000000000e+00
0.000000000000000000e+00
0.000000000000000000e+00
0.000000000000000000e+00
0.000000000000000000e+00
0.000000000000000000e+00
0.000000000000000000e+00
0.000000000000000000e+00
0.000000000000000000e+00
0.000000000000000000e+00
0.000000000000000000e+00
0.000000000000000000e+00
0.000000000000000000e+00
0.000000000000000000e+00
0.000000000000000000e+00
0.000000000000000000e+00
0.000000000000000000e+00
0.000000000000000000e+00
0.000000000000000000e+00
0.000000000000000000e+00
0.000000000000000000e+00
0.000000000000000000e+00
0.000000000000000000e+00
0.000000000000000000e+00
0.000000000000000000e+00
0.000000000000000000e+00
0.000000000000000000e+00
0.000000000000000000e+00
0.000000000000000000e+00
0.000000000000000000e+00
0.000000000000000000e+00
0.000000000000000000e+00
0.000000000000000000e+00
0.000000000000000000e+00
0.000000000000000000e+00
0.000000000000000000e+00
0.000000000000000000e+00
0.000000000000000000e+00
0.000000000000000000e+00
0.000000000000000000e+00
0.000000000000000000e+00
0.000000000000000000e+00
0.000000000000000000e+00
0.000000000000000000e+00
0.000000000000000000e+00
0.000000000000000000e+00
0.000000000000000000e+00
0.000000000000000000e+00
0.000000000000000000e+00
0.000000000000000000e+00
0.000000000000000000e+00
0.000000000000000000e+00
0.000000000000000000e+00
0.000000000000000000e+00
0.000000000000000000e+00
0.000000000000000000e+00
0.000000000000000000e+00
0.000000000000000000e+00
0.000000000000000000e+00
0.000000000000000000e+00
0.000000000000000000e+00
0.000000000000000000e+00
0.000000000000000000e+00
0.000000000000000000e+00
0.000000000000000000e+00
0.000000000000000000e+00
0.000000000000000000e+00
0.000000000000000000e+00
0.000000000000000000e+00
0.000000000000000000e+00
0.000000000000000000e+00
0.000000000000000000e+00
0.000000000000000000e+00
0.000000000000000000e+00
0.000000000000000000e+00
0.000000000000000000e+00
0.000000000000000000e+00
0.000000000000000000e+00
0.000000000000000000e+00
0.000000000000000000e+00
0.000000000000000000e+00
0.000000000000000000e+00
0.000000000000000000e+00
0.000000000000000000e+00
0.000000000000000000e+00
0.000000000000000000e+00
0.000000000000000000e+00
0.000000000000000000e+00
0.000000000000000000e+00
0.000000000000000000e+00
0.000000000000000000e+00
0.000000000000000000e+00
0.000000000000000000e+00
0.000000000000000000e+00
0.000000000000000000e+00
0.000000000000000000e+00
0.000000000000000000e+00
0.000000000000000000e+00
0.000000000000000000e+00
0.000000000000000000e+00
0.000000000000000000e+00
0.000000000000000000e+00
0.000000000000000000e+00
0.000000000000000000e+00
0.000000000000000000e+00
0.000000000000000000e+00
0.000000000000000000e+00
0.000000000000000000e+00
0.000000000000000000e+00
0.000000000000000000e+00
0.000000000000000000e+00
0.000000000000000000e+00
0.000000000000000000e+00
0.000000000000000000e+00
0.000000000000000000e+00
0.000000000000000000e+00
0.000000000000000000e+00
0.000000000000000000e+00
0.000000000000000000e+00
0.000000000000000000e+00
0.000000000000000000e+00
0.000000000000000000e+00
0.000000000000000000e+00
0.000000000000000000e+00
0.000000000000000000e+00
0.000000000000000000e+00
0.000000000000000000e+00
0.000000000000000000e+00
0.000000000000000000e+00
0.000000000000000000e+00
0.000000000000000000e+00
0.000000000000000000e+00
0.000000000000000000e+00
0.000000000000000000e+00
0.000000000000000000e+00
0.000000000000000000e+00
0.000000000000000000e+00
0.000000000000000000e+00
0.000000000000000000e+00
0.000000000000000000e+00
0.000000000000000000e+00
0.000000000000000000e+00
0.000000000000000000e+00
0.000000000000000000e+00
0.000000000000000000e+00
0.000000000000000000e+00
0.000000000000000000e+00
0.000000000000000000e+00
0.000000000000000000e+00
0.000000000000000000e+00
0.000000000000000000e+00
0.000000000000000000e+00
0.000000000000000000e+00
0.000000000000000000e+00
0.000000000000000000e+00
0.000000000000000000e+00
0.000000000000000000e+00
0.000000000000000000e+00
0.000000000000000000e+00
0.000000000000000000e+00
0.000000000000000000e+00
0.000000000000000000e+00
0.000000000000000000e+00
0.000000000000000000e+00
0.000000000000000000e+00
0.000000000000000000e+00
0.000000000000000000e+00
0.000000000000000000e+00
0.000000000000000000e+00
0.000000000000000000e+00
0.000000000000000000e+00
0.000000000000000000e+00
0.000000000000000000e+00
0.000000000000000000e+00
0.000000000000000000e+00
0.000000000000000000e+00
0.000000000000000000e+00
0.000000000000000000e+00
0.000000000000000000e+00
0.000000000000000000e+00
0.000000000000000000e+00
0.000000000000000000e+00
0.000000000000000000e+00
0.000000000000000000e+00
0.000000000000000000e+00
0.000000000000000000e+00
0.000000000000000000e+00
0.000000000000000000e+00
0.000000000000000000e+00
0.000000000000000000e+00
0.000000000000000000e+00
0.000000000000000000e+00
0.000000000000000000e+00
0.000000000000000000e+00
0.000000000000000000e+00
0.000000000000000000e+00
0.000000000000000000e+00
0.000000000000000000e+00
0.000000000000000000e+00
0.000000000000000000e+00
0.000000000000000000e+00
0.000000000000000000e+00
0.000000000000000000e+00
0.000000000000000000e+00
0.000000000000000000e+00
0.000000000000000000e+00
0.000000000000000000e+00
0.000000000000000000e+00
0.000000000000000000e+00
0.000000000000000000e+00
0.000000000000000000e+00
0.000000000000000000e+00
0.000000000000000000e+00
0.000000000000000000e+00
0.000000000000000000e+00
0.000000000000000000e+00
0.000000000000000000e+00
0.000000000000000000e+00
0.000000000000000000e+00
0.000000000000000000e+00
0.000000000000000000e+00
0.000000000000000000e+00
0.000000000000000000e+00
0.000000000000000000e+00
0.000000000000000000e+00
0.000000000000000000e+00
0.000000000000000000e+00
0.000000000000000000e+00
0.000000000000000000e+00
0.000000000000000000e+00
0.000000000000000000e+00
0.000000000000000000e+00
0.000000000000000000e+00
0.000000000000000000e+00
0.000000000000000000e+00
0.000000000000000000e+00
0.000000000000000000e+00
0.000000000000000000e+00
0.000000000000000000e+00
0.000000000000000000e+00
0.000000000000000000e+00
0.000000000000000000e+00
0.000000000000000000e+00
0.000000000000000000e+00
0.000000000000000000e+00
0.000000000000000000e+00
0.000000000000000000e+00
0.000000000000000000e+00
0.000000000000000000e+00
0.000000000000000000e+00
0.000000000000000000e+00
0.000000000000000000e+00
0.000000000000000000e+00
0.000000000000000000e+00
0.000000000000000000e+00
0.000000000000000000e+00
0.000000000000000000e+00
0.000000000000000000e+00
0.000000000000000000e+00
0.000000000000000000e+00
0.000000000000000000e+00
0.000000000000000000e+00
0.000000000000000000e+00
0.000000000000000000e+00
0.000000000000000000e+00
0.000000000000000000e+00
0.000000000000000000e+00
0.000000000000000000e+00
0.000000000000000000e+00
0.000000000000000000e+00
0.000000000000000000e+00
0.000000000000000000e+00
0.000000000000000000e+00
0.000000000000000000e+00
0.000000000000000000e+00
0.000000000000000000e+00
0.000000000000000000e+00
0.000000000000000000e+00
0.000000000000000000e+00
0.000000000000000000e+00
0.000000000000000000e+00
0.000000000000000000e+00
0.000000000000000000e+00
0.000000000000000000e+00
0.000000000000000000e+00
0.000000000000000000e+00
0.000000000000000000e+00
0.000000000000000000e+00
0.000000000000000000e+00
0.000000000000000000e+00
0.000000000000000000e+00
0.000000000000000000e+00
0.000000000000000000e+00
0.000000000000000000e+00
0.000000000000000000e+00
0.000000000000000000e+00
0.000000000000000000e+00
0.000000000000000000e+00
0.000000000000000000e+00
0.000000000000000000e+00
0.000000000000000000e+00
0.000000000000000000e+00
0.000000000000000000e+00
0.000000000000000000e+00
0.000000000000000000e+00
0.000000000000000000e+00
0.000000000000000000e+00
0.000000000000000000e+00
0.000000000000000000e+00
0.000000000000000000e+00
0.000000000000000000e+00
0.000000000000000000e+00
0.000000000000000000e+00
0.000000000000000000e+00
0.000000000000000000e+00
0.000000000000000000e+00
0.000000000000000000e+00
0.000000000000000000e+00
0.000000000000000000e+00
0.000000000000000000e+00
0.000000000000000000e+00
0.000000000000000000e+00
0.000000000000000000e+00
0.000000000000000000e+00
0.000000000000000000e+00
0.000000000000000000e+00
0.000000000000000000e+00
0.000000000000000000e+00
0.000000000000000000e+00
0.000000000000000000e+00
0.000000000000000000e+00
0.000000000000000000e+00
0.000000000000000000e+00
0.000000000000000000e+00
0.000000000000000000e+00
0.000000000000000000e+00
0.000000000000000000e+00
0.000000000000000000e+00
0.000000000000000000e+00
0.000000000000000000e+00
0.000000000000000000e+00
0.000000000000000000e+00
0.000000000000000000e+00
0.000000000000000000e+00
0.000000000000000000e+00
0.000000000000000000e+00
0.000000000000000000e+00
0.000000000000000000e+00
0.000000000000000000e+00
0.000000000000000000e+00
0.000000000000000000e+00
0.000000000000000000e+00
0.000000000000000000e+00
0.000000000000000000e+00
0.000000000000000000e+00
0.000000000000000000e+00
0.000000000000000000e+00
0.000000000000000000e+00
0.000000000000000000e+00
0.000000000000000000e+00
0.000000000000000000e+00
0.000000000000000000e+00
0.000000000000000000e+00
0.000000000000000000e+00
0.000000000000000000e+00
0.000000000000000000e+00
0.000000000000000000e+00
0.000000000000000000e+00
0.000000000000000000e+00
0.000000000000000000e+00
0.000000000000000000e+00
0.000000000000000000e+00
0.000000000000000000e+00
0.000000000000000000e+00
0.000000000000000000e+00
0.000000000000000000e+00
0.000000000000000000e+00
0.000000000000000000e+00
0.000000000000000000e+00
0.000000000000000000e+00
0.000000000000000000e+00
0.000000000000000000e+00
0.000000000000000000e+00
0.000000000000000000e+00
0.000000000000000000e+00
0.000000000000000000e+00
0.000000000000000000e+00
0.000000000000000000e+00
0.000000000000000000e+00
0.000000000000000000e+00
0.000000000000000000e+00
0.000000000000000000e+00
0.000000000000000000e+00
0.000000000000000000e+00
0.000000000000000000e+00
0.000000000000000000e+00
0.000000000000000000e+00
0.000000000000000000e+00
0.000000000000000000e+00
0.000000000000000000e+00
0.000000000000000000e+00
0.000000000000000000e+00
0.000000000000000000e+00
0.000000000000000000e+00
0.000000000000000000e+00
0.000000000000000000e+00
0.000000000000000000e+00
0.000000000000000000e+00
0.000000000000000000e+00
0.000000000000000000e+00
0.000000000000000000e+00
0.000000000000000000e+00
0.000000000000000000e+00
0.000000000000000000e+00
0.000000000000000000e+00
0.000000000000000000e+00
0.000000000000000000e+00
0.000000000000000000e+00
0.000000000000000000e+00
0.000000000000000000e+00
0.000000000000000000e+00
0.000000000000000000e+00
0.000000000000000000e+00
0.000000000000000000e+00
0.000000000000000000e+00
0.000000000000000000e+00
0.000000000000000000e+00
0.000000000000000000e+00
0.000000000000000000e+00
0.000000000000000000e+00
0.000000000000000000e+00
0.000000000000000000e+00
0.000000000000000000e+00
0.000000000000000000e+00
0.000000000000000000e+00
0.000000000000000000e+00
0.000000000000000000e+00
0.000000000000000000e+00
0.000000000000000000e+00
0.000000000000000000e+00
0.000000000000000000e+00
0.000000000000000000e+00
0.000000000000000000e+00
0.000000000000000000e+00
0.000000000000000000e+00
0.000000000000000000e+00
0.000000000000000000e+00
0.000000000000000000e+00
0.000000000000000000e+00
0.000000000000000000e+00
0.000000000000000000e+00
0.000000000000000000e+00
0.000000000000000000e+00
0.000000000000000000e+00
0.000000000000000000e+00
0.000000000000000000e+00
0.000000000000000000e+00
0.000000000000000000e+00
0.000000000000000000e+00
0.000000000000000000e+00
0.000000000000000000e+00
0.000000000000000000e+00
0.000000000000000000e+00
0.000000000000000000e+00
0.000000000000000000e+00
0.000000000000000000e+00
0.000000000000000000e+00
0.000000000000000000e+00
0.000000000000000000e+00
0.000000000000000000e+00
0.000000000000000000e+00
0.000000000000000000e+00
0.000000000000000000e+00
0.000000000000000000e+00
0.000000000000000000e+00
0.000000000000000000e+00
0.000000000000000000e+00
0.000000000000000000e+00
0.000000000000000000e+00
0.000000000000000000e+00
0.000000000000000000e+00
0.000000000000000000e+00
0.000000000000000000e+00
0.000000000000000000e+00
0.000000000000000000e+00
0.000000000000000000e+00
0.000000000000000000e+00
0.000000000000000000e+00
0.000000000000000000e+00
0.000000000000000000e+00
0.000000000000000000e+00
0.000000000000000000e+00
0.000000000000000000e+00
0.000000000000000000e+00
0.000000000000000000e+00
0.000000000000000000e+00
0.000000000000000000e+00
0.000000000000000000e+00
0.000000000000000000e+00
0.000000000000000000e+00
0.000000000000000000e+00
0.000000000000000000e+00
0.000000000000000000e+00
0.000000000000000000e+00
0.000000000000000000e+00
0.000000000000000000e+00
0.000000000000000000e+00
0.000000000000000000e+00
0.000000000000000000e+00
0.000000000000000000e+00
0.000000000000000000e+00
0.000000000000000000e+00
0.000000000000000000e+00
0.000000000000000000e+00
0.000000000000000000e+00
0.000000000000000000e+00
0.000000000000000000e+00
0.000000000000000000e+00
0.000000000000000000e+00
0.000000000000000000e+00
0.000000000000000000e+00
0.000000000000000000e+00
0.000000000000000000e+00
0.000000000000000000e+00
0.000000000000000000e+00
0.000000000000000000e+00
0.000000000000000000e+00
0.000000000000000000e+00
0.000000000000000000e+00
0.000000000000000000e+00
0.000000000000000000e+00
0.000000000000000000e+00
0.000000000000000000e+00
0.000000000000000000e+00
0.000000000000000000e+00
0.000000000000000000e+00
0.000000000000000000e+00
0.000000000000000000e+00
0.000000000000000000e+00
0.000000000000000000e+00
0.000000000000000000e+00
0.000000000000000000e+00
0.000000000000000000e+00
0.000000000000000000e+00
0.000000000000000000e+00
0.000000000000000000e+00
0.000000000000000000e+00
0.000000000000000000e+00
0.000000000000000000e+00
0.000000000000000000e+00
0.000000000000000000e+00
0.000000000000000000e+00
0.000000000000000000e+00
0.000000000000000000e+00
0.000000000000000000e+00
0.000000000000000000e+00
0.000000000000000000e+00
0.000000000000000000e+00
0.000000000000000000e+00
0.000000000000000000e+00
0.000000000000000000e+00
0.000000000000000000e+00
0.000000000000000000e+00
0.000000000000000000e+00
0.000000000000000000e+00
0.000000000000000000e+00
0.000000000000000000e+00
0.000000000000000000e+00
0.000000000000000000e+00
0.000000000000000000e+00
0.000000000000000000e+00
0.000000000000000000e+00
0.000000000000000000e+00
0.000000000000000000e+00
0.000000000000000000e+00
0.000000000000000000e+00
0.000000000000000000e+00
0.000000000000000000e+00
0.000000000000000000e+00
0.000000000000000000e+00
0.000000000000000000e+00
0.000000000000000000e+00
0.000000000000000000e+00
0.000000000000000000e+00
0.000000000000000000e+00
0.000000000000000000e+00
0.000000000000000000e+00
0.000000000000000000e+00
0.000000000000000000e+00
0.000000000000000000e+00
0.000000000000000000e+00
0.000000000000000000e+00
0.000000000000000000e+00
0.000000000000000000e+00
0.000000000000000000e+00
0.000000000000000000e+00
0.000000000000000000e+00
0.000000000000000000e+00
0.000000000000000000e+00
0.000000000000000000e+00
0.000000000000000000e+00
0.000000000000000000e+00
0.000000000000000000e+00
0.000000000000000000e+00
0.000000000000000000e+00
0.000000000000000000e+00
0.000000000000000000e+00
0.000000000000000000e+00
0.000000000000000000e+00
0.000000000000000000e+00
0.000000000000000000e+00
0.000000000000000000e+00
0.000000000000000000e+00
0.000000000000000000e+00
0.000000000000000000e+00
0.000000000000000000e+00
0.000000000000000000e+00
0.000000000000000000e+00
0.000000000000000000e+00
0.000000000000000000e+00
0.000000000000000000e+00
0.000000000000000000e+00
0.000000000000000000e+00
0.000000000000000000e+00
0.000000000000000000e+00
0.000000000000000000e+00
0.000000000000000000e+00
0.000000000000000000e+00
0.000000000000000000e+00
0.000000000000000000e+00
0.000000000000000000e+00
0.000000000000000000e+00
0.000000000000000000e+00
0.000000000000000000e+00
0.000000000000000000e+00
0.000000000000000000e+00
0.000000000000000000e+00
0.000000000000000000e+00
0.000000000000000000e+00
0.000000000000000000e+00
0.000000000000000000e+00
0.000000000000000000e+00
0.000000000000000000e+00
0.000000000000000000e+00
0.000000000000000000e+00
0.000000000000000000e+00
0.000000000000000000e+00
0.000000000000000000e+00
0.000000000000000000e+00
0.000000000000000000e+00
0.000000000000000000e+00
0.000000000000000000e+00
0.000000000000000000e+00
0.000000000000000000e+00
0.000000000000000000e+00
0.000000000000000000e+00
0.000000000000000000e+00
0.000000000000000000e+00
0.000000000000000000e+00
0.000000000000000000e+00
0.000000000000000000e+00
0.000000000000000000e+00
0.000000000000000000e+00
0.000000000000000000e+00
0.000000000000000000e+00
0.000000000000000000e+00
0.000000000000000000e+00
0.000000000000000000e+00
0.000000000000000000e+00
0.000000000000000000e+00
0.000000000000000000e+00
0.000000000000000000e+00
0.000000000000000000e+00
0.000000000000000000e+00
0.000000000000000000e+00
0.000000000000000000e+00
0.000000000000000000e+00
0.000000000000000000e+00
0.000000000000000000e+00
0.000000000000000000e+00
0.000000000000000000e+00
0.000000000000000000e+00
0.000000000000000000e+00
0.000000000000000000e+00
0.000000000000000000e+00
0.000000000000000000e+00
0.000000000000000000e+00
0.000000000000000000e+00
0.000000000000000000e+00
0.000000000000000000e+00
0.000000000000000000e+00
0.000000000000000000e+00
0.000000000000000000e+00
0.000000000000000000e+00
0.000000000000000000e+00
0.000000000000000000e+00
0.000000000000000000e+00
0.000000000000000000e+00
0.000000000000000000e+00
0.000000000000000000e+00
0.000000000000000000e+00
0.000000000000000000e+00
0.000000000000000000e+00
0.000000000000000000e+00
0.000000000000000000e+00
0.000000000000000000e+00
0.000000000000000000e+00
0.000000000000000000e+00
0.000000000000000000e+00
0.000000000000000000e+00
0.000000000000000000e+00
0.000000000000000000e+00
0.000000000000000000e+00
0.000000000000000000e+00
0.000000000000000000e+00
0.000000000000000000e+00
0.000000000000000000e+00
0.000000000000000000e+00
0.000000000000000000e+00
0.000000000000000000e+00
0.000000000000000000e+00
0.000000000000000000e+00
0.000000000000000000e+00
0.000000000000000000e+00
0.000000000000000000e+00
0.000000000000000000e+00
0.000000000000000000e+00
0.000000000000000000e+00
0.000000000000000000e+00
0.000000000000000000e+00
0.000000000000000000e+00
0.000000000000000000e+00
0.000000000000000000e+00
0.000000000000000000e+00
0.000000000000000000e+00
0.000000000000000000e+00
0.000000000000000000e+00
0.000000000000000000e+00
0.000000000000000000e+00
0.000000000000000000e+00
0.000000000000000000e+00
0.000000000000000000e+00
0.000000000000000000e+00
0.000000000000000000e+00
0.000000000000000000e+00
0.000000000000000000e+00
0.000000000000000000e+00
0.000000000000000000e+00
0.000000000000000000e+00
0.000000000000000000e+00
0.000000000000000000e+00
0.000000000000000000e+00
0.000000000000000000e+00
0.000000000000000000e+00
0.000000000000000000e+00
0.000000000000000000e+00
0.000000000000000000e+00
0.000000000000000000e+00
0.000000000000000000e+00
0.000000000000000000e+00
0.000000000000000000e+00
0.000000000000000000e+00
0.000000000000000000e+00
0.000000000000000000e+00
0.000000000000000000e+00
0.000000000000000000e+00
0.000000000000000000e+00
0.000000000000000000e+00
0.000000000000000000e+00
0.000000000000000000e+00
0.000000000000000000e+00
0.000000000000000000e+00
0.000000000000000000e+00
0.000000000000000000e+00
0.000000000000000000e+00
0.000000000000000000e+00
0.000000000000000000e+00
0.000000000000000000e+00
0.000000000000000000e+00
0.000000000000000000e+00
0.000000000000000000e+00
0.000000000000000000e+00
0.000000000000000000e+00
0.000000000000000000e+00
0.000000000000000000e+00
0.000000000000000000e+00
0.000000000000000000e+00
0.000000000000000000e+00
0.000000000000000000e+00
0.000000000000000000e+00
0.000000000000000000e+00
0.000000000000000000e+00
0.000000000000000000e+00
0.000000000000000000e+00
0.000000000000000000e+00
0.000000000000000000e+00
0.000000000000000000e+00
0.000000000000000000e+00
0.000000000000000000e+00
0.000000000000000000e+00
0.000000000000000000e+00
0.000000000000000000e+00
0.000000000000000000e+00
