-9.000000000000000222e-01
-5.458775937413701262e-01
-3.310914970542981339e-01
-2.008171441335868390e-01
-1.218017549129514349e-01
-7.387649876150892414e-02
-4.480836153107754793e-02
-2.717764508008665286e-02
-1.648407499986076150e-02
-9.998096884418074953e-03
-6.064152299176920821e-03
-3.678094294617659937e-03
-2.230876958999722642e-03
-1.353095273679815261e-03
-8.206937689990646736e-04
-4.977759331330503184e-04
-3.019163651122606842e-04
-1.831215321095797436e-04
-1.110688236780116078e-04
-6.736664689893054640e-05
-4.085993678623636808e-05
-2.478280441477244433e-05
-1.503153071122109435e-05
-9.117084238767639832e-06
-5.529791117995388910e-06
-3.353987854870803844e-06
-2.034296466282949070e-06
-1.233863177745676028e-06
-7.483758471932111317e-07
-4.539128963110992562e-07
-2.753120884516432073e-07
-1.669852226354380495e-07
-1.012816572473332035e-07
-6.143043038701382659e-08
-3.725943946906650479e-08
-2.259899240169583635e-08
-1.370698177024136591e-08
-8.313704695773534922e-09
-5.042516793783541540e-09
-3.058441037545564166e-09
-1.855038260194702124e-09
-1.125137579748068370e-09
-6.824304385120716350e-10
-4.139149840787085133e-10
-2.510521283582032381e-10
-1.522708130353617438e-10
-9.235691668531701294e-11
-5.601730160617004736e-11
-3.397621089851187824e-11
-2.060761361080997685e-11
-1.249914947846761848e-11
-7.581117379021782038e-12
-4.598180125256992428e-12
-2.788937224849643003e-12
-1.691575934885174875e-12
-1.025992667739919858e-12
-6.222960096246183122e-13
-3.774416092541590052e-13
-2.289299082639230779e-13
-1.388530082872698936e-13
-8.421860671956157461e-14
-5.108116709369450526e-14
-3.098229397622979202e-14
-1.879171120481340442e-14
-1.139774899418475767e-14
-6.913084216681886102e-15
-4.192997530593058279e-15
-2.543181558404050134e-15
-1.542517588387811779e-15
-9.355842105031997189e-16
-5.674605084132290300e-16
-3.441821965287422286e-16
-2.087570547219212819e-16
-1.266175541201532052e-16
-7.679742863169659345e-17
-4.657999505221682140e-17
-2.825219512843226451e-17
-1.713582254957807127e-17
-1.039340175571420720e-17
-6.303916823551780659e-18
-3.823518829762430446e-18
-2.319081398239483170e-18
-1.406593970401490030e-18
-8.531423688154280778e-19
-5.174570037864203907e-19
-3.138535378795002165e-19
-1.903617933831972466e-19
-1.154602641247906353e-19
-7.003019017020417190e-20
-4.247545744373510824e-20
-2.576266722494454352e-20
-1.562584754790265174e-20
-9.477555621798430567e-21
-5.748428063752580360e-21
-3.486597865818468556e-21
-2.114728503707535539e-21
-1.282647674466841733e-21
-7.779651401732485990e-22
-4.718597097027117414e-22
-2.861973810177974832e-22
-1.735874863167525968e-22
-1.052861325935576774e-22
-6.385926746056233883e-23
-3.873260362162037963e-23
-2.349251162700934212e-23
-1.424892857543669075e-23
-8.642412049057807559e-24
-5.241887881623445126e-24
-3.179365714980726326e-24
-1.928382784574988442e-24
-1.169623282506752771e-24
-7.094123811540765434e-25
-4.302803595496921939e-25
-2.609782303390639303e-25
-1.582912982181880424e-25
-9.600852553504680272e-26
-5.823211433080913660e-26
-3.531956272152716494e-26
-2.142239767824960573e-26
-1.299334099641511973e-26
-7.880859686426868320e-27
-4.779983024711185546e-27
-2.899206257393264266e-27
-1.758457483939731876e-27
-1.066558377810582949e-27
-6.469003565154890166e-28
-3.923649000056772948e-28
-2.379813416485248787e-28
-1.443429801493774179e-28
-8.754844297488942908e-29
-5.310081487437355271e-29
-3.220727227703220969e-29
-1.953469810173275435e-29
-1.184839332693109421e-29
-7.186413821118281517e-30
-4.358780315890857974e-30
-2.643733900539722456e-30
-1.603505666799011597e-30
-9.725753499365506920e-31
-5.898967686172613530e-31
-3.577904762317782332e-31
-2.170108935877577358e-31
-1.316237604526107894e-31
-7.983384626117965498e-32
-4.842167544019024749e-32
-2.936923074912960897e-32
-1.781333890152214053e-32
-1.080433619562494108e-32
-6.553161160489479389e-33
-3.974693161874890486e-33
-2.410773265627270106e-33
-1.462207899218487765e-33
-8.868739217500131211e-34
-5.379162248409659677e-34
-3.262626827229203618e-34
-1.978883201915465011e-34
-1.200253333952035359e-34
-7.279904464642156859e-35
-4.415485257584352850e-35
-2.678127186234044070e-35
-1.624366249060873742e-35
-9.852279326578275127e-36
-5.975709479622661331e-36
-3.624451012926569604e-36
-2.198340663966474969e-36
-1.333361013188694734e-36
-8.087243349644442560e-37
-4.905161044116450756e-37
-2.975130564084661070e-37
-1.804507903765488747e-37
-1.094489369327542976e-37
-6.638413592266987761e-38
-4.026401375563008757e-38
-2.442135882588086193e-38
-1.481230287974046304e-38
-8.984115837512323327e-39
-5.449141705861067569e-39
-3.305071513723538406e-39
-2.004627205616169452e-39
-1.215867861500267933e-39
-7.374611361591464199e-40
-4.472927894270352377e-40
-2.712967906558836994e-40
-1.645498214144333573e-40
-9.980451173809228363e-41
-6.053449634680237451e-41
-3.671602800459804404e-41
-2.226939668765637629e-41
-1.350707186436655374e-41
-8.192453208680196090e-42
-4.968974049325679333e-42
-3.013835108232459441e-42
-1.827983396461329774e-42
-1.108727975399430772e-42
-6.724775103608691763e-43
-4.078782280010872462e-43
-2.473906507119193272e-43
-1.500500145830381058e-43
-9.100993433494038058e-44
-5.520031551257483520e-44
-3.348068378418752558e-44
-2.030706122325332701e-44
-1.231685524056467622e-44
-7.470550334644700285e-45
-4.531117822888484397e-45
-2.748261882352223343e-45
-1.666905092566177860e-45
-1.011029045472512199e-45
-6.132201139390768750e-46
-3.719368002565245357e-46
-2.255910728309957906e-46
-1.368279022294646244e-46
-8.299031780633288667e-47
-5.033617220883619185e-47
-3.053043173723413812e-47
-1.851764290289614143e-47
-1.123151816621656217e-47
-6.812260122929757944e-48
-4.131844626494651233e-48
-2.506090447137900334e-48
-1.520020692202079188e-48
-9.219391532181808619e-49
-5.591843628163298389e-49
-3.391624604799770958e-49
-2.057124309046804416e-49
-1.247708964277053521e-49
-7.567737412323279207e-50
-4.590064765228415872e-50
-2.784015010177704776e-50
-1.688590460772957043e-50
-1.024181886157081390e-50
-6.211977150765837791e-51
-3.767754599373808109e-51
-2.285258682793504990e-51
-1.386079456488768182e-51
-8.406996871582609934e-52
-5.099101358723045148e-52
-3.092761311047874228e-52
-1.875854558323576436e-52
-1.137763302784949369e-52
-6.900883266349799577e-53
-4.185597280139016103e-53
-2.538693079614121823e-53
-1.539795188386250335e-53
-9.339329914342511244e-54
-5.664589934220095478e-54
-3.435747469804057396e-54
-2.083886179466265921e-54
-1.263940859197713426e-54
-7.666188831669418574e-55
-4.649778569554074922e-55
-2.820233263309297981e-55
-1.710557941738501315e-55
-1.037505836879337619e-55
-6.292790996981325430e-56
-3.816770674832803479e-56
-2.314988435378173557e-56
-1.404111462937040735e-56
-8.516366519252740347e-57
-5.165437403276948519e-57
-3.132996155913879305e-57
-1.900258225323589906e-57
-1.152564875029875004e-57
-6.990659340134790985e-58
-4.240049221398236921e-58
-2.571719851468710193e-58
-1.559826938107392287e-58
-9.460828618078138388e-59
-5.738282623151094348e-59
-3.480444345037373771e-59
-2.110996204688623101e-59
-1.280383920680655737e-59
-7.765921040958862575e-60
-4.710269212248999697e-60
-2.856922692729492219e-60
-1.732811205569211946e-60
-1.051003123671337800e-60
-6.374656179604149367e-61
-3.866424418056520487e-61
-2.345104953012856126e-61
-1.422378054246251760e-61
-8.627158996027509701e-62
-5.232636437306345070e-62
-3.173754430355781243e-62
-1.924979368409585348e-62
-1.167559006254674175e-62
-7.081603343170741890e-63
-4.295209547556540319e-63
-2.605176280483470479e-63
-1.580119288069343859e-63
-9.583907942173558095e-64
-5.812934006791675188e-64
-3.525722698005355504e-64
-2.138458913984994537e-64
-1.297040895867680336e-64
-7.866950702448890844e-65
-4.771546799483091023e-65
-2.894089428140184080e-65
-1.755353970117223591e-65
-1.064676001524390013e-65
-6.457586375847969425e-66
-3.916724124694382432e-66
-2.375613267263270472e-66
-1.440882282215276153e-66
-8.739392812002762322e-67
-5.300709687751881851e-67
-3.215042943857295463e-67
-1.950022117742212778e-67
-1.182748201528410981e-67
-7.173730469469576953e-68
-4.351087474248001840e-68
-2.639067956223016949e-68
-1.600675628514417462e-68
-9.708588449487838584e-69
-5.888556557146311477e-69
-3.571590093361105453e-69
-2.166278895549417372e-69
-1.313914567639143153e-69
-7.969294695162089162e-70
-4.833621568901052127e-70
-2.931739678986769082e-70
-1.778190001601549400e-70
-1.078526754765796430e-70
-6.541595440858240474e-71
-3.967678198316904047e-71
-2.406518475152584415e-71
-1.459627238344937809e-71
-8.853086718078842833e-72
-5.369668527609513432e-72
-3.256868594489162889e-72
-1.975390657212869088e-72
-1.198134998509494099e-72
-7.267056110707585364e-73
-4.407692336996195182e-73
-2.673400540968621752e-73
-1.621499393789808872e-73
-9.834890970389680055e-74
-5.965162908472274132e-74
-3.618054194169019631e-74
-2.194460797265395865e-74
-1.331007755078891952e-74
-8.072970117706316749e-75
-4.896503891332787918e-75
-2.969879735495552461e-75
-1.801323115237298578e-75
-1.092557697440494739e-75
-6.626697410026990077e-76
-4.019295151819669775e-76
-2.437825740012973308e-76
-1.478616054354507325e-76
-8.968259709093305446e-77
-5.439524477830592477e-77
-3.299238370061606816e-77
-2.001089225142699779e-77
-1.213721967869644137e-77
-7.361595858796909190e-78
-4.465033592773880548e-78
-2.708179770664210860e-78
-1.642594062921372145e-78
-9.962836606237548010e-79
-6.042765859390434809e-79
-3.665122763185057766e-79
-2.223009327482423327e-79
-1.348323313945251744e-79
-8.177994291131376742e-80
-4.960204272526063659e-80
-3.008515969724656363e-80
-1.824757175873088724e-80
-1.106771173697666413e-80
-6.712906501337712811e-81
-4.071583608845588617e-81
-2.469540292348259710e-81
-1.497851902704919546e-81
-9.084931026994381040e-82
-5.510289209246674622e-82
-3.342159349291790298e-82
-2.027122114990695475e-82
-1.229511713723375147e-82
-7.457365508490492507e-83
-4.523120821582976448e-83
-2.743411455874670963e-83
-1.663963160194860680e-83
-1.009244673290507040e-83
-6.121378375023523704e-84
-3.712803664153666298e-84
-2.251929255802605710e-84
-1.365864137148134095e-84
-8.284384761822846216e-85
-5.024733354901697871e-85
-3.047654836628600733e-85
-1.848496098636743102e-85
-1.121169558182373039e-85
-6.800237117740764946e-86
-4.124552305225642732e-86
-2.501667430707772054e-86
-1.517337997128793579e-86
-9.203120164055729921e-87
-5.581974544519360869e-87
-3.385638702986454955e-87
-2.053493676070998977e-87
-1.245506874063063939e-87
-7.554381060020899801e-88
-4.581963728055099194e-88
-2.779101482756616426e-88
-1.685610255744728421e-88
-1.022374300435230850e-88
-6.201013589162227029e-89
-3.761104863121569935e-89
-2.281225413877519741e-89
-1.383633155232357108e-89
-8.392159304433541222e-90
-5.090101919331590745e-90
-3.087302875136731389e-90
-1.872543849589391481e-90
-1.135755256432287872e-90
-6.888703849559667411e-91
-4.178210090438382266e-91
-2.534212522571573856e-91
-1.537077593167353576e-91
-9.322846866133018369e-92
-5.654592460115516042e-92
-3.429683695239946386e-92
-2.080208314279547215e-92
-1.261710121199678884e-92
-7.652658721773480026e-93
-4.641572143072906500e-93
-2.815255814041791773e-93
-1.707538966150594842e-93
-1.035674735624348146e-93
-6.281684806459431515e-94
-3.810034429768664722e-94
-2.310902696215435741e-94
-1.401633336867251573e-94
-8.501335924853137826e-95
-5.156320886939884720e-95
-3.127466709245679100e-95
-1.896904446388080341e-95
-1.150530705279590126e-95
-6.978321476928712761e-96
-4.232565929088410313e-96
-2.567181005247208719e-96
-1.557073988714330999e-96
-9.444131135962844806e-97
-5.728155088308167468e-97
-3.474301684647830589e-97
-2.107270492830162595e-97
-1.278124162209244727e-97
-7.752214912994300174e-98
-4.701956025412548425e-98
-2.851880490033264529e-98
-1.729752955041464286e-98
-1.049148200961176338e-98
-6.363405504653048220e-99
-3.859600538756217088e-99
-2.340966060999043490e-99
-1.419867689342634601e-99
-8.611932863216406046e-100
-5.223401320927555258e-100
-3.168153049126031092e-100
-1.921581958957002644e-100
-1.165498373258085235e-100
-7.069104972262275440e-101
-4.287628902404095356e-101
-2.600578386778110347e-101
-1.577330524566942875e-101
-9.566993236504621952e-102
-5.802674719203449356e-102
-3.519500125536288832e-102
-2.134684733000221101e-102
-1.294751739385110959e-102
-7.853066266533309356e-103
-4.763125463407475225e-103
-2.888981629614578873e-103
-1.752255933707809198e-103
-1.062796947457174033e-103
-6.446189336817727589e-104
-3.909811471092599118e-104
-2.371420530913816074e-104
-1.438339259071240341e-104
-8.723968596950596194e-105
-5.291354428420742421e-105
-3.209368692243397327e-105
-1.946580510167459260e-105
-1.180660761015623693e-105
-7.161069502756260387e-106
-4.343408209754773786e-106
-2.634410246863831344e-106
-1.597850584984041070e-106
-9.691453694325876952e-107
-5.878163802793912437e-107
-3.565286569207513885e-107
-2.162455614886025021e-107
-1.311595630696108912e-107
-7.955229631623184936e-108
-4.825090676633900162e-108
-2.926565431272036059e-108
-1.775051661721615622e-108
-1.076623255408017859e-108
-6.530050133645880693e-109
-3.960675615516805824e-109
-2.402271193987148800e-109
-1.457051132097680906e-109
-8.837461843862458051e-110
-5.360191562343122733e-110
-3.251120524494065391e-110
-1.971904276526668173e-110
-1.196020401731883187e-110
-7.254230432922079496e-111
-4.399913170187691610e-111
-2.668682237792244561e-111
-1.618637598251517201e-111
-9.817533303031650424e-112
-5.954634951038537118e-112
-3.611668665201308078e-112
-2.190587778167995731e-112
-1.328658650250666393e-112
-8.058722076694338270e-113
-4.887862017618179671e-113
-2.964638174130277653e-113
-1.798143947564494529e-113
-1.090629434774571658e-113
-6.615001905758374648e-114
-4.012201469899955001e-114
-2.433523204438417047e-114
-1.476006434614034660e-114
-8.952431565265425459e-115
-5.429924223312641534e-115
-3.293415521355425367e-115
-1.997557488875532463e-115
-1.211579861541588128e-115
-7.348603327153605822e-116
-4.457153223984928994e-116
-2.703400085383870029e-116
-1.639695037255068219e-116
-9.945253126738475656e-117
-6.032100939969818369e-117
-3.658654162573089823e-117
-2.219085922885828497e-117
-1.345943648766959498e-117
-8.163560892226530887e-118
-4.951449973566411123e-118
-3.003206219001337012e-118
-1.821536649263964223e-118
-1.104817825568811931e-118
-6.701058846045286975e-119
-4.064397642665025716e-119
-2.465181783540090082e-119
-1.495208333482137248e-119
-9.068896969147478397e-120
-5.500564061562922260e-120
-3.336260749051361542e-120
-2.023544433095486905e-120
-1.227341739963232476e-120
-7.444203952327507859e-121
-4.515137934240596391e-121
-2.738569589948485717e-121
-1.661026420060410972e-121
-1.007463450359354993e-121
-6.110574711828254959e-122
-3.706250911188525944e-122
-2.247954810223725519e-122
-1.363453514049183819e-122
-8.269763593637598432e-123
-5.015865168116529896e-123
-3.042276009447338219e-123
-1.845233675038012018e-123
-1.119190798244772375e-123
-6.788235332037105485e-124
-4.117272854225072809e-124
-2.497252220490050752e-124
-1.514660036762669149e-124
-9.186877513380234288e-125
-5.572122878889670250e-125
-3.379663365732809677e-125
-2.049869450824540048e-125
-1.243308670333382190e-125
-7.541048280437432658e-126
-4.573876988458535267e-126
-2.774196627254188378e-126
-1.682635310501045599e-126
-1.020569904933970920e-126
-6.190069377224610587e-127
-3.754466863035013079e-127
-2.277199263305847693e-127
-1.381191171470018698e-127
-8.377347924209753004e-128
-5.081118363113201693e-128
-3.081854072857026635e-128
-1.869238983948038417e-128
-1.133750754094576506e-128
-6.876545928306791048e-129
-4.170835938440140621e-129
-2.529739873295259111e-129
-1.534364794251127191e-129
-9.306392908969752589e-130
-5.644612630622397105e-130
-3.423630622673665715e-130
-2.076536940182632329e-130
-1.259483320246625262e-130
-7.639152491262435770e-131
-4.633380200170812637e-131
-2.810287149509056040e-131
-1.704525318773664159e-131
-1.033846866092677226e-131
-6.270598217330301552e-132
-3.803310073550210712e-132
-2.306824168002113638e-132
-1.399159584459368831e-132
-8.486331858053950840e-133
-5.147220460405800117e-133
-3.121947021536294718e-133
-1.893556586560299719e-133
-1.148500125649620937e-133
-6.966005388903069613e-134
-4.225095844093138350e-134
-2.562650169666917079e-134
-1.554325898020767029e-134
-9.427463123349672265e-135
-5.718045427621800492e-135
-3.468169865482257667e-135
-2.103551356506428856e-135
-1.275868392001249154e-135
-7.738532975070144627e-136
-4.693657510577263345e-136
-2.846847186355584019e-136
-1.726700102041306506e-136
-1.047296552016985185e-136
-6.352174686096283276e-137
-3.852788702967868697e-137
-2.336834473744482546e-137
-1.417361754999465530e-137
-8.596733603112817670e-138
-5.214182503669781403e-138
-3.162561553812903121e-138
-1.918190545615951235e-138
-1.163441377086979267e-138
-7.056628659815401380e-139
-4.280061636384911874e-139
-2.595988607927273782e-139
-1.574546682972610352e-139
-9.550108383717160611e-140
-5.792433538303120664e-140
-3.513288535328575087e-140
-2.130917213093672321e-140
-1.292466623050711287e-140
-7.839206335355074616e-141
-4.754718990206368808e-141
-2.883882845878055040e-141
-1.749163365044363488e-141
-1.060921209745527647e-141
-6.434812412500799912e-142
-3.902911017681152878e-142
-2.367235194353854937e-142
-1.435800724126407715e-142
-8.708571604202668654e-143
-5.282015680251750302e-143
-3.203704455155568464e-143
-1.943144976709809966e-143
-1.178577004641090609e-143
-7.148430881471001567e-144
-4.335742498448768427e-144
-2.629760757928232796e-144
-1.595030527392606036e-144
-9.674349180412268846e-145
-5.867789390685828560e-145
-3.558994170187466553e-145
-2.158639081957220685e-145
-1.309280786460986412e-145
-7.941189391612575239e-146
-4.816574840597741395e-146
-2.921400315623020341e-146
-1.771918860719525955e-146
-1.074723115549471960e-146
-6.518525202826379315e-147
-3.953685391623711427e-147
-2.398031408877731268e-147
-1.454479572438225954e-147
-8.821864546095062683e-148
-5.350731323038529748e-148
-3.245382599307611597e-148
-1.968424048977946570e-148
-1.193909537020806876e-148
-7.241427391264348316e-149
-4.392147732884698812e-149
-2.663972261981903632e-149
-1.615780853516040373e-149
-9.800206270341259375e-150
-5.944125574469970309e-150
-3.605294406098007184e-150
-2.186721594588891445e-150
-1.326313691373861974e-150
-8.044499182148865503e-151
-4.879235396006491694e-151
-2.959405863633049788e-151
-1.794970390826789217e-151
-1.088704575312815910e-151
-6.603327042966446497e-152
-4.005120307668711448e-152
-2.429228262438769138e-152
-1.473401420609560739e-152
-8.936631356638481409e-153
-5.420340912350543795e-153
-3.287602949435352997e-153
-1.994031985794224025e-153
-1.209441535831863324e-153
-7.335633726119605517e-154
-4.449286763313567887e-154
-2.698628835803265822e-154
-1.636801128099290778e-154
-9.927700680444452634e-155
-6.021454843139535084e-155
-3.652196978439253707e-155
-2.215169442733246879e-155
-1.343568183476262714e-155
-8.149152966927621448e-156
-4.942711125129774290e-156
-2.997905839493934475e-156
-1.818321806584612059e-156
-1.102867924917632201e-156
-6.689232100761945410e-157
-4.057224359046067936e-157
-2.460830967094377823e-157
-1.492569429913030688e-157
-9.052891209920595739e-158
-5.490856077859839372e-158
-3.330372559291451365e-158
-2.019973065475895477e-158
-1.225175596004845440e-158
-7.431065625086376502e-159
-4.507169135951512976e-159
-2.733736269465091358e-159
-1.658094862999014939e-159
-1.005685371120921175e-159
-6.099790116093169140e-160
-3.699709723222590943e-160
-2.243987379171442400e-160
-1.361047145475678128e-160
-8.255168230453596119e-161
-5.007012632855792435e-161
-3.036906675395513226e-161
-1.841977009313340732e-161
-1.117215530634324319e-161
-6.776254728368364913e-162
-4.110006250778115788e-162
-2.492844802707497720e-162
-1.511986802747387970e-162
-9.170663529471685820e-163
-5.562288600533049642e-163
-3.373698574393370661e-163
-2.046251621998382017e-163
-1.241114346228724953e-163
-7.527739031969221839e-164
-4.565804521204832835e-164
-2.769300428365292067e-164
-1.679665615758878584e-164
-1.018768694022859286e-164
-6.179144480802628772e-165
-3.747840578400896083e-165
-2.273180218515273259e-165
-1.378753497581776967e-165
-8.362562684693758488e-166
-5.072150662035555950e-166
-3.076414887206296209e-166
-1.865939951087001812e-166
-1.131749789516957936e-166
-6.864409464653545999e-167
-4.163474801133959866e-167
-2.525275117828706120e-167
-1.531656783172543291e-167
-9.289967991509725775e-168
-5.634650414599642175e-168
-3.417588233217184122e-168
-2.072872045719351993e-168
-1.257260449390034700e-168
-7.625670097991396478e-169
-4.625202715285623524e-169
-2.805327254206852727e-169
-1.701516990203913015e-169
-1.032022222580633705e-169
-6.259531194999299626e-170
-3.796597585194734142e-170
-2.302752838011552679e-170
-1.396690197994285984e-170
-8.471354272036430326e-171
-5.138136095277690693e-171
-3.116437075562071947e-171
-1.890214635393573621e-171
-1.146473129803739231e-171
-6.953711037626694189e-172
-4.217638943102739870e-172
-2.558127330589799082e-172
-1.551582657451548612e-172
-9.410824528227686644e-173
-5.707953609545771444e-173
-3.462048868406903791e-173
-2.099838784112215467e-173
-1.273616603017756024e-173
-7.724875184493227402e-174
-4.685373641848428630e-174
-2.841822765990510695e-174
-1.723652637042605137e-174
-1.045448171060871801e-174
-6.340963688889165119e-175
-3.845988889435798555e-175
-2.332710178356953199e-175
-1.414860243397217661e-175
-8.581561168288916816e-176
-5.204979956766593014e-176
-3.156979926968676244e-176
-1.914805117803852089e-176
-1.161388011322697273e-176
-7.044174366898990017e-177
-4.272507725886066063e-177
-2.591406929608999007e-177
-1.571767754599635947e-177
-9.533253331123618076e-178
-5.782210432134067448e-178
-3.507087907999547377e-178
-2.127156342509164814e-178
-1.290185539733996164e-178
-7.825370865665607120e-179
-4.746327353648182083e-179
-2.878793061020349188e-179
-1.746076254476823751e-179
-1.059048782536391847e-179
-6.423455567396590526e-180
-3.896022742927842363e-180
-2.363057244523447402e-180
-1.433266669459524509e-180
-8.693201785714142555e-181
-5.272693414104242698e-181
-3.198050214919103149e-181
-1.939715506649012856e-181
-1.176496925902650750e-181
-7.135814566176199136e-182
-4.328090316409869351e-182
-2.625119474907938388e-182
-1.592215446940393614e-182
-9.657274854374024524e-183
-5.857433288449703557e-183
-3.552712876666137968e-183
-2.154829284853880632e-183
-1.306970027710526228e-183
-7.927173931319041998e-184
-4.808074034219728418e-184
-2.916244315922475037e-184
-1.768791588819676014e-184
-1.072826329260955262e-184
-6.507020612437300290e-185
-3.946707504825299476e-185
-2.393799106594490217e-185
-1.451912551342268625e-185
-8.806294776106789270e-186
-5.341287780175968485e-186
-3.239654801025157592e-186
-1.964949963706988767e-186
-1.191802397789515159e-186
-7.228646945783730783e-187
-4.384396000855918621e-187
-2.659270598840572013e-187
-1.612929150669181937e-187
-9.782909818251163747e-188
-5.933634745973077960e-188
-3.598931396968854758e-188
-2.182862234464028705e-188
-1.323972871131260494e-188
-8.030301389688728928e-189
-4.870623999579181354e-189
-2.954182787676945856e-189
-1.791802435121404594e-189
-1.086783113048888678e-189
-6.591672785220918588e-190
-3.998051643029855206e-190
-2.424940900612075962e-190
-1.470801004212389996e-190
-8.920859033909446405e-191
-5.410774515040501883e-191
-3.281800636163819922e-191
-1.990512704897781697e-191
-1.207306984068029918e-191
-7.322687015224521313e-192
-4.441434186213262977e-192
-2.693866007034173454e-192
-1.633912326423874887e-192
-9.910179212584765092e-193
-6.010827535679463849e-193
-3.645751190634527310e-193
-2.211259874803678459e-193
-1.341196910660750494e-193
-8.134770470276108744e-194
-4.933987699947417435e-194
-2.992614814663125815e-194
-1.815112637803425816e-194
-1.100921465659650042e-194
-6.677426228583469513e-195
-4.050063735605173359e-195
-2.456487829434818086e-195
-1.489935183763155213e-195
-9.036913699369303793e-196
-5.481165227844597888e-196
-3.324494761638530648e-196
-2.016408000987811887e-196
-1.223013275088970115e-196
-7.417950485770214034e-197
-4.499214401849857266e-197
-2.728911479342575210e-197
-1.655168479863030614e-197
-1.003910430026880603e-197
-6.089024554165974901e-198
-3.693180079844711776e-198
-2.240026950265769433e-198
-1.358645023918775418e-198
-8.240598626727414416e-199
-4.998175721496000097e-199
-3.031546817718636170e-199
-1.838726091300618893e-199
-1.115243749187396157e-199
-6.764295269350220927e-200
-4.102752472210035145e-200
-2.488445163607190187e-200
-1.509318286741381235e-200
-9.154478161735915711e-201
-5.552471678762580180e-201
-3.367744310355581395e-201
-2.042640178303438243e-201
-1.238923894901915520e-201
-7.514453273086041394e-202
-4.557746301104633791e-202
-2.764412870811808826e-202
-1.676701162251581201e-202
-1.016970662081390656e-202
-6.168238865806195038e-203
-3.741225988542537329e-203
-2.269168266964754474e-203
-1.376320125961105326e-203
-8.347803539749641518e-204
-5.063198788115806483e-204
-3.070985301212085750e-204
-1.862646740711966760e-204
-1.129752356455615512e-204
-6.852294420729267230e-205
-4.156126655550119587e-205
-2.520818242240075151e-205
-1.528953551481513771e-205
-9.273572062500562809e-206
-5.624705780961112534e-206
-3.411556508015806893e-206
-2.069213619453755300e-206
-1.255041501693652225e-206
-7.612211499889849684e-207
-4.617039662900285282e-207
-2.800376112658305074e-207
-1.698513971054141644e-207
-1.030200799394593177e-207
-6.248483704932848680e-208
-3.789896943756561028e-208
-2.298688693539560076e-208
-1.394225169766520762e-208
-8.456403120064461908e-209
-5.129067763208669845e-209
-3.110936854129755548e-209
-1.886878582459665219e-209
-1.144449711416899363e-209
-6.941438384736249252e-210
-4.210195202848673598e-210
-2.553612473902770274e-210
-1.548844258446656938e-210
-9.394215298677753838e-211
-5.697879602589532192e-211
-3.455938674321786256e-211
-2.096132764062797249e-211
-1.271368788232273939e-211
-7.711241498645725289e-212
-4.677104393377028237e-212
-2.836807213259824948e-212
-1.720610550536038499e-212
-1.043603052325140844e-212
-6.329772478048856527e-213
-3.839201076941843280e-213
-2.328593161966988900e-213
-1.412363146730164790e-213
-8.566415511400578148e-214
-5.195793651502328324e-214
-3.151408151176419560e-214
-1.911425664956804190e-214
-1.159338269557909605e-214
-7.031742054650617968e-215
-4.264967147336307544e-215
-2.586833337526598886e-215
-1.568993730776641259e-215
-9.516428026129421145e-216
-5.772005368796072240e-216
-3.500898224200743564e-216
-2.123402109511263919e-216
-1.287908482317064304e-216
-7.811559814292654740e-217
-4.737950527547620161e-217
-2.873712259159277834e-217
-1.742994592372158900e-217
-1.057179659987038257e-217
-6.412118766067156663e-218
-3.889146625338469778e-218
-2.358886668385703655e-218
-1.430737087163316993e-218
-8.677859093524981546e-219
-5.263387600888981786e-219
-3.192405953890489226e-219
-1.936292089283737227e-219
-1.174420518309618606e-219
-7.123220517503858075e-220
-4.320451639760180743e-220
-2.620486383320271257e-220
-1.589405334843217090e-220
-9.640230662932354715e-221
-5.847095463770318263e-221
-3.546442669043357823e-221
-2.151026211687899971e-221
-1.304663347234228708e-221
-7.913183207008691911e-222
-4.799588230973914622e-222
-2.911097416081599967e-222
-1.765669836263715154e-222
-1.070932890623728524e-222
-6.495536326579676083e-223
-3.939741933347745835e-223
-2.389574273930934357e-223
-1.449350060799666625e-223
-8.790752485313671327e-224
-5.331860904287772872e-224
-3.233937111773661652e-224
-1.961482009873247147e-224
-1.189698977462882832e-224
-7.215889056600077433e-225
-4.376657949912816685e-225
-2.654577233697162291e-225
-1.610082480812477349e-225
-9.765643892789453471e-226
-5.923162432812236783e-226
-3.592579617958692575e-226
-2.179009685750646635e-226
-1.321636182218557623e-226
-8.016128655011079157e-227
-4.862027801465215329e-227
-2.948968929963861329e-227
-1.788640070563039605e-227
-1.084865041987051537e-227
-6.580039096155801216e-228
-3.990995453926298716e-228
-2.420661105580038807e-228
-1.468205177308173464e-228
-8.905114547862303745e-229
-5.401225001531492630e-229
-3.276008563435265523e-229
-1.986999635204628358e-229
-1.205176199589425121e-229
-7.309763154069383877e-230
-4.433595468180803142e-230
-2.689111584214644693e-230
-1.631028623214593125e-230
-9.892688668485353730e-231
-6.000218984428114492e-231
-3.639316779045451594e-231
-2.207357206897694072e-231
-1.338829822921094101e-231
-8.120413357392794984e-232
-4.925279670798732295e-232
-2.987333127998776999e-232
-1.811909132906502918e-232
-1.098978441721126946e-232
-6.665641192670769497e-233
-4.042915749998306505e-233
-2.452152357009068840e-233
-1.487305586812599451e-233
-9.020964387637313763e-234
-5.471491481277832255e-234
-3.318627337751497420e-234
-2.012849228506796051e-234
-1.220854770468292380e-234
-7.404858493454490296e-235
-4.491273707113648037e-235
-2.724095204525646206e-235
-1.652247261520961211e-235
-1.002138621538700643e-235
-6.078277992453771071e-236
-3.686661960679767001e-236
-2.236073511148569695e-236
-1.356247141882886418e-236
-8.226054736996006169e-237
-4.989354406462420805e-237
-3.026196419691786953e-237
-1.835480910855668873e-237
-1.113275447751234098e-237
-6.752356917664333573e-238
-4.095511495886112291e-238
-2.484053289460478080e-238
-1.506654480417800728e-238
-9.138321359668036684e-239
-5.542672082945503176e-239
-3.361800555039732389e-239
-2.039035108470546232e-239
-1.236737309517861210e-239
-7.501190962330957017e-240
-4.549702303013039015e-240
-2.759533939342586367e-240
-1.673741940728861124e-240
-1.015175803498979489e-240
-6.157352498205386244e-241
-3.734623072819745394e-241
-2.265163396135382261e-241
-1.373891049014902662e-241
-8.333070443322907900e-242
-5.054262713420490135e-242
-3.065565297931894646e-242
-1.859359342546787652e-242
-1.127758448677751546e-242
-6.840200758730126211e-243
-4.148791478759439658e-243
-2.516369232622114561e-243
-1.526255090742864282e-243
-9.257205070780346595e-244
-5.614778698675539338e-244
-3.405535428248116256e-244
-2.065561649970075482e-244
-1.252826470233465445e-244
-7.598776654961537043e-245
-4.608891017542778670e-245
-2.795433709413852157e-245
-1.695516251953717821e-245
-1.028382590850979898e-245
-6.237455712658321039e-246
-3.783208128326985030e-246
-2.294631721904363685e-246
-1.391764492084189696e-246
-8.441478355484417786e-247
-5.120015435901879508e-247
-3.105446340076433239e-247
-1.883548417348742000e-247
-1.142429864175219240e-247
-6.929187391936098783e-248
-4.202764600103463900e-248
-2.549105585517655892e-248
-1.546110692461182519e-248
-9.377635382872376110e-249
-5.687823375318115488e-249
-3.449839264160633947e-249
-2.092433284793894784e-249
-1.269124940630713808e-249
-7.697631874985035846e-250
-4.668849739359669046e-250
-2.831800512512976840e-250
-1.717573833029068953e-250
-1.041761190052277932e-250
-6.318601018654261428e-251
-3.832425244305286267e-251
-2.324483411727835975e-251
-1.409870457206357225e-251
-8.551296585187238234e-252
-5.186623559212005905e-252
-3.145846209049944526e-252
-1.908052176529549876e-252
-1.157292145396593818e-252
-7.019331684276449945e-253
-4.257439877205985784e-253
-2.582267817408619285e-253
-1.566224602847551782e-253
-9.499632416232829842e-254
-5.761818316445216236e-254
-3.494719464617852012e-254
-2.119654502385246819e-254
-1.285635443694577544e-254
-7.797773138140162171e-255
-4.729588485765604515e-255
-2.868640424440687027e-255
-1.739918369114338647e-255
-1.055313836265049090e-255
-6.400801973137101950e-256
-3.882282643456772282e-256
-2.354723452926742465e-256
-1.428211969344467320e-256
-8.662543479759790292e-257
-5.254098211568077720e-257
-3.186771654457353487e-257
-1.932874713931538671e-257
-1.172347775382763699e-257
-7.110648696155458657e-258
-4.312826444663947542e-258
-2.615861468708115127e-258
-1.586600182332391499e-258
-9.623216552902497512e-259
-5.836775884389486880e-259
-3.540183527753544296e-259
-2.147229850592155293e-259
-1.302360737834319233e-259
-7.899217175024817793e-260
-4.791117404381166629e-260
-2.905959600039989057e-260
-1.762553593310514637e-260
-1.069042793729499216e-260
-6.484072309417897883e-261
-3.932788655455656592e-261
-2.385356897703879632e-261
-1.446792092814414857e-261
-8.775237625217486828e-262
-5.322450665958284359e-262
-3.228229513711622958e-262
-1.958020176655304834e-262
-1.187599269477389077e-262
-7.203153683903622393e-263
-4.368933555909550278e-263
-2.649892151906480849e-263
-1.607240835063167568e-263
-9.748408440079469818e-264
-5.912708602309604292e-264
-3.586239049247407321e-264
-2.175163936427237134e-264
-1.319303617344340561e-264
-8.001980933891266245e-265
-4.853446774840984367e-265
-2.943764274224455507e-265
-1.785483287283840489e-265
-1.082950356142148968e-265
-6.568425939469289354e-266
-3.983951718339882862e-266
-2.416388863987968411e-266
-1.465613931796883422e-266
-8.889397849367902163e-267
-5.391692342025177994e-267
-3.270226713176084656e-267
-1.983492765752567886e-267
-1.203049175747140678e-267
-7.296862102326530692e-268
-4.425770584756224557e-268
-2.684365552508959908e-268
-1.628150009473127458e-268
-9.875228993568661457e-269
-5.989629156282526033e-269
-3.632893723594064144e-269
-2.203461426837393063e-269
-1.336466912871024662e-269
-8.106081583477690365e-270
-4.916587010511152002e-270
-2.982060763019893315e-270
-1.808711281897614742e-270
-1.097038847039043079e-270
-6.653876956249776155e-271
-4.035780379920866388e-271
-2.447824536288705499e-271
-1.484680630855959426e-271
-9.005043224956339048e-272
-5.461834807973547760e-272
-3.312770269321620584e-272
-2.009296736928040682e-272
-1.218700075407406294e-272
-7.391789607286902123e-273
-4.483347026964711862e-273
-2.719287429985580536e-273
-1.649331198857425615e-273
-1.000369940127622938e-273
-6.067550397422947177e-274
-3.680155345388591629e-274
-2.232127049483516764e-274
-1.353853491885651549e-274
-8.211536515876565524e-275
-4.980548660228992478e-275
-3.020855464619562975e-275
-1.832241457852217711e-275
-1.111310620183942760e-275
-6.740439636058226834e-276
-4.088283299211578517e-276
-2.479669166562940167e-276
-1.503995375464495980e-276
-9.122193072852306361e-277
-5.532889782503124210e-277
-3.355867289898908578e-277
-2.035436401250432321e-277
-1.234554583253533089e-277
-7.487952058320206111e-278
-4.541672501829525874e-278
-2.754663618733388811e-278
-1.670787941956752556e-278
-1.013384112674942065e-278
-6.146485344030343250e-279
-3.728031810628756682e-279
-2.261165593530342799e-279
-1.371466259163467217e-279
-8.318363349440352971e-280
-5.045342410065448420e-280
-3.060154860453124058e-280
-1.856077746333454991e-280
-1.125768059961568335e-280
-6.828128440919015082e-281
-4.141469247873205512e-281
-2.511928075092118900e-281
-1.523561392536308371e-281
-9.240866965277455124e-282
-5.604869136766415555e-282
-3.399524975125911928e-282
-2.061916125872693413e-282
-1.250615348097682142e-282
-7.585365521284317700e-283
-4.600756753786040557e-283
-2.790500029051200941e-283
-1.692523823548547800e-283
-1.026567591276249417e-283
-6.226447183763925812e-284
-3.776531118034202245e-284
-2.290581910446574027e-284
-1.389308157268984561e-284
-8.426579931725003056e-285
-5.110979085110403428e-285
-3.099965516269484645e-285
-1.880224129669344680e-285
-1.140413581775959750e-285
-6.916958020998201613e-286
-4.195347111680630609e-286
-2.544606651371143803e-286
-1.543381950965294839e-286
-9.361084729075515794e-287
-5.677784896352031093e-287
-3.443750618890823033e-287
-2.088740334761640472e-287
-1.266885053211364536e-287
-7.684046271043636819e-288
-4.660609654038497560e-288
-2.826802648127038444e-288
-1.714542475045911601e-288
-1.039922578494928274e-288
-6.307449275845915647e-289
-3.825661370382795336e-289
-2.320380914815414347e-289
-1.407382167047596918e-289
-8.536204342471746159e-290
-5.177469651281235102e-290
-3.140294083233745530e-290
-1.904684641995443108e-290
-1.155249632454017034e-290
-7.006943217051122697e-291
-4.249925892006979394e-291
-2.577710355008795442e-291
-1.563460362171570879e-291
-9.482866449024757198e-292
-5.751649243293783511e-292
-3.488551609970647667e-292
-2.115913509437066205e-292
-1.283366416773737271e-292
-7.784010794188132926e-293
-4.721241202209187837e-293
-2.863577541038405353e-293
-1.736847575104304596e-293
-1.053451305548301483e-293
-6.389505153293462801e-294
-3.875430775864355275e-294
-2.350567585155650127e-294
-1.425691308123588110e-294
-8.647254896627671005e-295
-5.244825217154881629e-295
-3.181147299038406121e-295
-1.929463369928826351e-295
-1.170278690654291912e-295
-7.098099062901845304e-296
-4.305214707327481269e-296
-2.611244716639869233e-296
-1.583799980654708429e-296
-9.606232471193564284e-297
-5.826474518105952965e-297
-3.533935433265651671e-297
-2.143440189720466809e-297
-1.300062192325726797e-297
-7.885275791787756356e-298
-4.782661528009085842e-298
-2.900830851765582107e-298
-1.759442850236138903e-298
-1.067156032680401456e-298
-6.472628525179604698e-299
-3.925847649451995016e-299
-2.381146964753410003e-299
-1.444238639404620333e-299
-8.759750147405605260e-300
-5.313057035823759288e-300
-3.222531989029032995e-300
-1.954564453250844538e-300
-1.185503267281097208e-300
-7.190440787954862185e-301
-4.361222794742891367e-301
-2.645215338849180549e-301
-1.604404204554170578e-301
-9.731203406339639116e-302
-5.902273221845006789e-302
-3.579909671049862888e-302
-2.171324974493509698e-302
-1.316975169230065138e-302
-7.987858182182686609e-303
-4.844880892930221080e-303
-2.938568804218099141e-303
-1.782332075433368511e-303
-1.081039049539587879e-303
-6.556833278923644548e-304
-3.976920414291307847e-304
-2.412124162504746239e-304
-1.463027259592787184e-304
-8.873708889383793492e-305
-5.382176506775812951e-305
-3.264455067344570163e-305
-1.979992085598751179e-305
-1.200925905904003630e-305
-7.283983819739471834e-306
-4.417959511522729239e-306
-2.679627897107584894e-306
-1.625276476217040297e-306
-9.857800133353455040e-307
-5.979058018198156634e-307
-3.626482004237838859e-307
-2.199572522466369226e-307
-1.334108173137308073e-307
-8.091775103809877992e-308
-4.907909691960067449e-308
-2.976797703274567092e-308
-1.805519074798175377e-308
-1.095102675561080437e-308
-6.642133482611321783e-309
-4.028657603107618278e-309
-2.443504353769180455e-309
-1.482060307702311646e-309
-8.989150161645921527e-310
-5.452195177799046182e-310
-3.306923538072509908e-310
-2.005750515166308791e-310
-1.216549183182765847e-310
-7.378743786487068819e-311
-4.475434336668433758e-311
-2.714488140720493714e-311
-1.646420282772927260e-311
-9.986043802749481766e-312
-6.056841735599001563e-312
-3.673660213668892352e-312
-2.228187552953050900e-312
-1.351464066458196698e-312
-8.197043918088013402e-313
-4.971758455337578850e-313
-3.015523935859041424e-313
-1.829007722201227206e-313
-1.109349260351786661e-313
-6.728543387470332017e-314
-4.081067859683580264e-314
-2.475292781149606298e-314
-1.501340963524857503e-314
-9.106093251845377690e-315
-5.523124746554501638e-315
-3.349944498742938818e-315
-2.031844044619368690e-315
-1.232375706911117533e-315
-7.474736497636387995e-316
-4.533656888724252976e-316
-2.749801896498438082e-316
-1.667839139554712974e-316
-1.011595605554479322e-316
-6.135637225908021538e-317
-3.721452146366958868e-317
-2.257174969817881248e-317
-1.369045529247531508e-317
-8.303682259150496069e-318
-5.036440965171707909e-318
-3.054753541015384846e-318
-1.852800519125717078e-318
-1.123781955404665740e-318
-6.816080243461253199e-319
-4.134193104705798708e-319
-2.507481965773494461e-319
-1.520882277593109237e-319
-9.224699673501914226e-320
-5.595293439152117113e-320
-3.393736921283522512e-320
-2.058277480574633103e-320
-1.248503887040830017e-320
-7.574026350746309522e-321
-4.594810506323592861e-321
-2.781589586086218044e-321
-1.689704508777063181e-321
-1.022715886891380346e-321
-6.225227137599706457e-322
-3.804305472977598390e-322
-2.272701970869734103e-322
-1.383383808355490324e-322
-8.399115979301191251e-323
-4.940656458412465442e-323
-2.964393875047479265e-323
-1.976262583364986177e-323
-1.482196937523739633e-323
-9.881312916824930884e-324
-4.940656458412465442e-324
-4.940656458412465442e-324
0.000000000000000000e+00
0.000000000000000000e+00
0.000000000000000000e+00
0.000000000000000000e+00
0.000000000000000000e+00
0.000000000000000000e+00
0.000000000000000000e+00
0.000000000000000000e+00
0.000000000000000000e+00
0.000000000000000000e+00
0.000000000000000000e+00
0.000000000000000000e+00
0.000000000000000000e+00
0.000000000000000000e+00
0.000000000000000000e+00
0.000000000000000000e+00
0.000000000000000000e+00
0.000000000000000000e+00
0.000000000000000000e+00
0.000000000000000000e+00
0.000000000000000000e+00
0.000000000000000000e+00
0.000000000000000000e+00
0.000000000000000000e+00
0.000000000000000000e+00
0.000000000000000000e+00
0.000000000000000000e+00
0.000000000000000000e+00
0.000000000000000000e+00
0.000000000000000000e+00
0.000000000000000000e+00
0.000000000000000000e+00
0.000000000000000000e+00
0.000000000000000000e+00
0.000000000000000000e+00
0.000000000000000000e+00
0.000000000000000000e+00
0.000000000000000000e+00
0.000000000000000000e+00
0.000000000000000000e+00
0.000000000000000000e+00
0.000000000000000000e+00
0.000000000000000000e+00
0.000000000000000000e+00
0.000000000000000000e+00
0.000000000000000000e+00
0.000000000000000000e+00
0.000000000000000000e+00
0.000000000000000000e+00
0.000000000000000000e+00
0.000000000000000000e+00
0.000000000000000000e+00
0.000000000000000000e+00
0.000000000000000000e+00
0.000000000000000000e+00
0.000000000000000000e+00
0.000000000000000000e+00
0.000000000000000000e+00
0.000000000000000000e+00
0.000000000000000000e+00
0.000000000000000000e+00
0.000000000000000000e+00
0.000000000000000000e+00
0.000000000000000000e+00
0.000000000000000000e+00
0.000000000000000000e+00
0.000000000000000000e+00
0.000000000000000000e+00
0.000000000000000000e+00
0.000000000000000000e+00
0.000000000000000000e+00
0.000000000000000000e+00
0.000000000000000000e+00
0.000000000000000000e+00
0.000000000000000000e+00
0.000000000000000000e+00
0.000000000000000000e+00
0.000000000000000000e+00
0.000000000000000000e+00
0.000000000000000000e+00
0.000000000000000000e+00
0.000000000000000000e+00
0.000000000000000000e+00
0.000000000000000000e+00
0.000000000000000000e+00
0.000000000000000000e+00
0.000000000000000000e+00
0.000000000000000000e+00
0.000000000000000000e+00
0.000000000000000000e+00
0.000000000000000000e+00
0.000000000000000000e+00
0.000000000000000000e+00
0.000000000000000000e+00
0.000000000000000000e+00
0.000000000000000000e+00
0.000000000000000000e+00
0.000000000000000000e+00
0.000000000000000000e+00
0.000000000000000000e+00
0.000000000000000000e+00
0.000000000000000000e+00
0.000000000000000000e+00
0.000000000000000000e+00
0.000000000000000000e+00
0.000000000000000000e+00
0.000000000000000000e+00
0.000000000000000000e+00
0.000000000000000000e+00
0.000000000000000000e+00
0.000000000000000000e+00
0.000000000000000000e+00
0.000000000000000000e+00
0.000000000000000000e+00
0.000000000000000000e+00
0.000000000000000000e+00
0.000000000000000000e+00
0.000000000000000000e+00
0.000000000000000000e+00
0.000000000000000000e+00
0.000000000000000000e+00
0.000000000000000000e+00
0.000000000000000000e+00
0.000000000000000000e+00
0.000000000000000000e+00
0.000000000000000000e+00
0.000000000000000000e+00
0.000000000000000000e+00
0.000000000000000000e+00
0.000000000000000000e+00
0.000000000000000000e+00
0.000000000000000000e+00
0.000000000000000000e+00
0.000000000000000000e+00
0.000000000000000000e+00
0.000000000000000000e+00
0.000000000000000000e+00
0.000000000000000000e+00
0.000000000000000000e+00
0.000000000000000000e+00
0.000000000000000000e+00
0.000000000000000000e+00
0.000000000000000000e+00
0.000000000000000000e+00
0.000000000000000000e+00
0.000000000000000000e+00
0.000000000000000000e+00
0.000000000000000000e+00
0.000000000000000000e+00
0.000000000000000000e+00
0.000000000000000000e+00
0.000000000000000000e+00
0.000000000000000000e+00
0.000000000000000000e+00
0.000000000000000000e+00
0.000000000000000000e+00
0.000000000000000000e+00
0.000000000000000000e+00
0.000000000000000000e+00
0.000000000000000000e+00
0.000000000000000000e+00
0.000000000000000000e+00
0.000000000000000000e+00
0.000000000000000000e+00
0.000000000000000000e+00
0.000000000000000000e+00
0.000000000000000000e+00
0.000000000000000000e+00
0.000000000000000000e+00
0.000000000000000000e+00
0.000000000000000000e+00
0.000000000000000000e+00
0.000000000000000000e+00
0.000000000000000000e+00
0.000000000000000000e+00
0.000000000000000000e+00
0.000000000000000000e+00
0.000000000000000000e+00
0.000000000000000000e+00
0.000000000000000000e+00
0.000000000000000000e+00
0.000000000000000000e+00
0.000000000000000000e+00
0.000000000000000000e+00
0.000000000000000000e+00
0.000000000000000000e+00
0.000000000000000000e+00
0.000000000000000000e+00
0.000000000000000000e+00
0.000000000000000000e+00
0.000000000000000000e+00
0.000000000000000000e+00
0.000000000000000000e+00
0.000000000000000000e+00
0.000000000000000000e+00
0.000000000000000000e+00
0.000000000000000000e+00
0.000000000000000000e+00
0.000000000000000000e+00
0.000000000000000000e+00
0.000000000000000000e+00
0.000000000000000000e+00
0.000000000000000000e+00
0.000000000000000000e+00
0.000000000000000000e+00
0.000000000000000000e+00
0.000000000000000000e+00
0.000000000000000000e+00
0.000000000000000000e+00
0.000000000000000000e+00
0.000000000000000000e+00
0.000000000000000000e+00
0.000000000000000000e+00
0.000000000000000000e+00
0.000000000000000000e+00
0.000000000000000000e+00
0.000000000000000000e+00
0.000000000000000000e+00
0.000000000000000000e+00
0.000000000000000000e+00
0.000000000000000000e+00
0.000000000000000000e+00
0.000000000000000000e+00
0.000000000000000000e+00
0.000000000000000000e+00
0.000000000000000000e+00
0.000000000000000000e+00
0.000000000000000000e+00
0.000000000000000000e+00
0.000000000000000000e+00
0.000000000000000000e+00
0.000000000000000000e+00
0.000000000000000000e+00
0.000000000000000000e+00
0.000000000000000000e+00
0.000000000000000000e+00
0.000000000000000000e+00
0.000000000000000000e+00
0.000000000000000000e+00
0.000000000000000000e+00
0.000000000000000000e+00
0.000000000000000000e+00
0.000000000000000000e+00
0.000000000000000000e+00
0.000000000000000000e+00
0.000000000000000000e+00
0.000000000000000000e+00
0.000000000000000000e+00
0.000000000000000000e+00
0.000000000000000000e+00
0.000000000000000000e+00
0.000000000000000000e+00
0.000000000000000000e+00
0.000000000000000000e+00
0.000000000000000000e+00
0.000000000000000000e+00
0.000000000000000000e+00
0.000000000000000000e+00
0.000000000000000000e+00
0.000000000000000000e+00
0.000000000000000000e+00
0.000000000000000000e+00
0.000000000000000000e+00
0.000000000000000000e+00
0.000000000000000000e+00
0.000000000000000000e+00
0.000000000000000000e+00
0.000000000000000000e+00
0.000000000000000000e+00
0.000000000000000000e+00
0.000000000000000000e+00
0.000000000000000000e+00
0.000000000000000000e+00
0.000000000000000000e+00
0.000000000000000000e+00
0.000000000000000000e+00
0.000000000000000000e+00
0.000000000000000000e+00
0.000000000000000000e+00
0.000000000000000000e+00
0.000000000000000000e+00
0.000000000000000000e+00
0.000000000000000000e+00
0.000000000000000000e+00
0.000000000000000000e+00
0.000000000000000000e+00
0.000000000000000000e+00
0.000000000000000000e+00
0.000000000000000000e+00
0.000000000000000000e+00
0.000000000000000000e+00
0.000000000000000000e+00
0.000000000000000000e+00
0.000000000000000000e+00
0.000000000000000000e+00
0.000000000000000000e+00
0.000000000000000000e+00
0.000000000000000000e+00
0.000000000000000000e+00
0.000000000000000000e+00
0.000000000000000000e+00
0.000000000000000000e+00
0.000000000000000000e+00
0.000000000000000000e+00
0.000000000000000000e+00
0.000000000000000000e+00
0.000000000000000000e+00
0.000000000000000000e+00
0.000000000000000000e+00
0.000000000000000000e+00
0.000000000000000000e+00
0.000000000000000000e+00
0.000000000000000000e+00
0.000000000000000000e+00
0.000000000000000000e+00
0.000000000000000000e+00
0.000000000000000000e+00
0.000000000000000000e+00
0.000000000000000000e+00
0.000000000000000000e+00
0.000000000000000000e+00
0.000000000000000000e+00
0.000000000000000000e+00
0.000000000000000000e+00
0.000000000000000000e+00
0.000000000000000000e+00
0.000000000000000000e+00
0.000000000000000000e+00
0.000000000000000000e+00
0.000000000000000000e+00
0.000000000000000000e+00
0.000000000000000000e+00
0.000000000000000000e+00
0.000000000000000000e+00
0.000000000000000000e+00
0.000000000000000000e+00
0.000000000000000000e+00
0.000000000000000000e+00
0.000000000000000000e+00
0.000000000000000000e+00
0.000000000000000000e+00
0.000000000000000000e+00
0.000000000000000000e+00
0.000000000000000000e+00
0.000000000000000000e+00
0.000000000000000000e+00
0.000000000000000000e+00
0.000000000000000000e+00
0.000000000000000000e+00
0.000000000000000000e+00
0.000000000000000000e+00
0.000000000000000000e+00
0.000000000000000000e+00
0.000000000000000000e+00
0.000000000000000000e+00
0.000000000000000000e+00
0.000000000000000000e+00
0.000000000000000000e+00
0.000000000000000000e+00
0.000000000000000000e+00
0.000000000000000000e+00
0.000000000000000000e+00
0.000000000000000000e+00
0.000000000000000000e+00
0.000000000000000000e+00
0.000000000000000000e+00
0.000000000000000000e+00
0.000000000000000000e+00
0.000000000000000000e+00
0.000000000000000000e+00
0.000000000000000000e+00
0.000000000000000000e+00
0.000000000000000000e+00
0.000000000000000000e+00
0.000000000000000000e+00
0.000000000000000000e+00
0.000000000000000000e+00
0.000000000000000000e+00
0.000000000000000000e+00
0.000000000000000000e+00
0.000000000000000000e+00
0.000000000000000000e+00
0.000000000000000000e+00
0.000000000000000000e+00
0.000000000000000000e+00
0.000000000000000000e+00
0.000000000000000000e+00
0.000000000000000000e+00
0.000000000000000000e+00
0.000000000000000000e+00
0.000000000000000000e+00
0.000000000000000000e+00
0.000000000000000000e+00
0.000000000000000000e+00
0.000000000000000000e+00
0.000000000000000000e+00
0.000000000000000000e+00
0.000000000000000000e+00
0.000000000000000000e+00
0.000000000000000000e+00
0.000000000000000000e+00
0.000000000000000000e+00
0.000000000000000000e+00
0.000000000000000000e+00
0.000000000000000000e+00
0.000000000000000000e+00
0.000000000000000000e+00
0.000000000000000000e+00
0.000000000000000000e+00
0.000000000000000000e+00
0.000000000000000000e+00
0.000000000000000000e+00
0.000000000000000000e+00
0.000000000000000000e+00
0.000000000000000000e+00
0.000000000000000000e+00
0.000000000000000000e+00
0.000000000000000000e+00
0.000000000000000000e+00
0.000000000000000000e+00
0.000000000000000000e+00
0.000000000000000000e+00
0.000000000000000000e+00
0.000000000000000000e+00
0.000000000000000000e+00
0.000000000000000000e+00
0.000000000000000000e+00
0.000000000000000000e+00
0.000000000000000000e+00
0.000000000000000000e+00
0.000000000000000000e+00
0.000000000000000000e+00
0.000000000000000000e+00
0.000000000000000000e+00
0.000000000000000000e+00
0.000000000000000000e+00
0.000000000000000000e+00
0.000000000000000000e+00
0.000000000000000000e+00
0.000000000000000000e+00
0.000000000000000000e+00
0.000000000000000000e+00
0.000000000000000000e+00
0.000000000000000000e+00
0.000000000000000000e+00
0.000000000000000000e+00
0.000000000000000000e+00
0.000000000000000000e+00
0.000000000000000000e+00
0.000000000000000000e+00
0.000000000000000000e+00
0.000000000000000000e+00
0.000000000000000000e+00
0.000000000000000000e+00
0.000000000000000000e+00
0.000000000000000000e+00
0.000000000000000000e+00
0.000000000000000000e+00
0.000000000000000000e+00
0.000000000000000000e+00
0.000000000000000000e+00
0.000000000000000000e+00
0.000000000000000000e+00
0.000000000000000000e+00
0.000000000000000000e+00
0.000000000000000000e+00
0.000000000000000000e+00
0.000000000000000000e+00
0.000000000000000000e+00
0.000000000000000000e+00
0.000000000000000000e+00
0.000000000000000000e+00
0.000000000000000000e+00
0.000000000000000000e+00
0.000000000000000000e+00
0.000000000000000000e+00
0.000000000000000000e+00
0.000000000000000000e+00
0.000000000000000000e+00
0.000000000000000000e+00
0.000000000000000000e+00
0.000000000000000000e+00
0.000000000000000000e+00
0.000000000000000000e+00
0.000000000000000000e+00
0.000000000000000000e+00
0.000000000000000000e+00
0.000000000000000000e+00
0.000000000000000000e+00
0.000000000000000000e+00
0.000000000000000000e+00
0.000000000000000000e+00
0.000000000000000000e+00
0.000000000000000000e+00
0.000000000000000000e+00
0.000000000000000000e+00
0.000000000000000000e+00
0.000000000000000000e+00
0.000000000000000000e+00
0.000000000000000000e+00
0.000000000000000000e+00
0.000000000000000000e+00
0.000000000000000000e+00
0.000000000000000000e+00
0.000000000000000000e+00
0.000000000000000000e+00
0.000000000000000000e+00
0.000000000000000000e+00
0.000000000000000000e+00
0.000000000000000000e+00
0.000000000000000000e+00
0.000000000000000000e+00
0.000000000000000000e+00
0.000000000000000000e+00
0.000000000000000000e+00
0.000000000000000000e+00
0.000000000000000000e+00
0.000000000000000000e+00
0.000000000000000000e+00
0.000000000000000000e+00
0.000000000000000000e+00
0.000000000000000000e+00
0.000000000000000000e+00
0.000000000000000000e+00
0.000000000000000000e+00
0.000000000000000000e+00
0.000000000000000000e+00
0.000000000000000000e+00
0.000000000000000000e+00
0.000000000000000000e+00
0.000000000000000000e+00
0.000000000000000000e+00
0.000000000000000000e+00
0.000000000000000000e+00
0.000000000000000000e+00
0.000000000000000000e+00
0.000000000000000000e+00
0.000000000000000000e+00
0.000000000000000000e+00
0.000000000000000000e+00
0.000000000000000000e+00
0.000000000000000000e+00
0.000000000000000000e+00
0.000000000000000000e+00
0.000000000000000000e+00
0.000000000000000000e+00
0.000000000000000000e+00
0.000000000000000000e+00
0.000000000000000000e+00
0.000000000000000000e+00
0.000000000000000000e+00
0.000000000000000000e+00
0.000000000000000000e+00
0.000000000000000000e+00
0.000000000000000000e+00
0.000000000000000000e+00
0.000000000000000000e+00
0.000000000000000000e+00
0.000000000000000000e+00
0.000000000000000000e+00
0.000000000000000000e+00
0.000000000000000000e+00
0.000000000000000000e+00
0.000000000000000000e+00
0.000000000000000000e+00
0.000000000000000000e+00
0.000000000000000000e+00
0.000000000000000000e+00
0.000000000000000000e+00
0.000000000000000000e+00
0.000000000000000000e+00
0.000000000000000000e+00
0.000000000000000000e+00
0.000000000000000000e+00
0.000000000000000000e+00
0.000000000000000000e+00
0.000000000000000000e+00
0.000000000000000000e+00
0.000000000000000000e+00
0.000000000000000000e+00
0.000000000000000000e+00
0.000000000000000000e+00
0.000000000000000000e+00
0.000000000000000000e+00
0.000000000000000000e+00
0.000000000000000000e+00
0.000000000000000000e+00
0.000000000000000000e+00
0.000000000000000000e+00
0.000000000000000000e+00
0.000000000000000000e+00
0.000000000000000000e+00
0.000000000000000000e+00
0.000000000000000000e+00
0.000000000000000000e+00
0.000000000000000000e+00
0.000000000000000000e+00
0.000000000000000000e+00
0.000000000000000000e+00
0.000000000000000000e+00
0.000000000000000000e+00
0.000000000000000000e+00
0.000000000000000000e+00
0.000000000000000000e+00
0.000000000000000000e+00
0.000000000000000000e+00
0.000000000000000000e+00
0.000000000000000000e+00
0.000000000000000000e+00
0.000000000000000000e+00
0.000000000000000000e+00
0.000000000000000000e+00
0.000000000000000000e+00
0.000000000000000000e+00
0.000000000000000000e+00
0.000000000000000000e+00
0.000000000000000000e+00
0.000000000000000000e+00
0.000000000000000000e+00
0.000000000000000000e+00
0.000000000000000000e+00
0.000000000000000000e+00
0.000000000000000000e+00
0.000000000000000000e+00
0.000000000000000000e+00
0.000000000000000000e+00
0.000000000000000000e+00
0.000000000000000000e+00
0.000000000000000000e+00
0.000000000000000000e+00
0.000000000000000000e+00
0.000000000000000000e+00
0.000000000000000000e+00
0.000000000000000000e+00
0.000000000000000000e+00
0.000000000000000000e+00
0.000000000000000000e+00
0.000000000000000000e+00
0.000000000000000000e+00
0.000000000000000000e+00
0.000000000000000000e+00
0.000000000000000000e+00
0.000000000000000000e+00
0.000000000000000000e+00
0.000000000000000000e+00
0.000000000000000000e+00
0.000000000000000000e+00
0.000000000000000000e+00
0.000000000000000000e+00
0.000000000000000000e+00
0.000000000000000000e+00
0.000000000000000000e+00
0.000000000000000000e+00
0.000000000000000000e+00
0.000000000000000000e+00
0.000000000000000000e+00
0.000000000000000000e+00
0.000000000000000000e+00
0.000000000000000000e+00
0.000000000000000000e+00
0.000000000000000000e+00
0.000000000000000000e+00
0.000000000000000000e+00
0.000000000000000000e+00
0.000000000000000000e+00
0.000000000000000000e+00
0.000000000000000000e+00
0.000000000000000000e+00
0.000000000000000000e+00
0.000000000000000000e+00
0.000000000000000000e+00
0.000000000000000000e+00
0.000000000000000000e+00
0.000000000000000000e+00
0.000000000000000000e+00
0.000000000000000000e+00
0.000000000000000000e+00
0.000000000000000000e+00
0.000000000000000000e+00
0.000000000000000000e+00
0.000000000000000000e+00
0.000000000000000000e+00
0.000000000000000000e+00
0.000000000000000000e+00
0.000000000000000000e+00
0.000000000000000000e+00
0.000000000000000000e+00
0.000000000000000000e+00
0.000000000000000000e+00
0.000000000000000000e+00
0.000000000000000000e+00
0.000000000000000000e+00
0.000000000000000000e+00
0.000000000000000000e+00
0.000000000000000000e+00
0.000000000000000000e+00
0.000000000000000000e+00
0.000000000000000000e+00
0.000000000000000000e+00
0.000000000000000000e+00
0.000000000000000000e+00
0.000000000000000000e+00
0.000000000000000000e+00
0.000000000000000000e+00
0.000000000000000000e+00
0.000000000000000000e+00
0.000000000000000000e+00
0.000000000000000000e+00
0.000000000000000000e+00
0.000000000000000000e+00
0.000000000000000000e+00
0.000000000000000000e+00
0.000000000000000000e+00
0.000000000000000000e+00
0.000000000000000000e+00
0.000000000000000000e+00
0.000000000000000000e+00
0.000000000000000000e+00
0.000000000000000000e+00
0.000000000000000000e+00
0.000000000000000000e+00
0.000000000000000000e+00
0.000000000000000000e+00
0.000000000000000000e+00
0.000000000000000000e+00
0.000000000000000000e+00
0.000000000000000000e+00
0.000000000000000000e+00
0.000000000000000000e+00
0.000000000000000000e+00
0.000000000000000000e+00
0.000000000000000000e+00
0.000000000000000000e+00
0.000000000000000000e+00
0.000000000000000000e+00
0.000000000000000000e+00
0.000000000000000000e+00
0.000000000000000000e+00
0.000000000000000000e+00
0.000000000000000000e+00
0.000000000000000000e+00
0.000000000000000000e+00
0.000000000000000000e+00
0.000000000000000000e+00
0.000000000000000000e+00
0.000000000000000000e+00
0.000000000000000000e+00
0.000000000000000000e+00
0.000000000000000000e+00
0.000000000000000000e+00
0.000000000000000000e+00
0.000000000000000000e+00
0.000000000000000000e+00
0.000000000000000000e+00
0.000000000000000000e+00
0.000000000000000000e+00
0.000000000000000000e+00
0.000000000000000000e+00
0.000000000000000000e+00
0.000000000000000000e+00
0.000000000000000000e+00
0.000000000000000000e+00
0.000000000000000000e+00
0.000000000000000000e+00
0.000000000000000000e+00
0.000000000000000000e+00
0.000000000000000000e+00
0.000000000000000000e+00
0.000000000000000000e+00
0.000000000000000000e+00
0.000000000000000000e+00
0.000000000000000000e+00
0.000000000000000000e+00
0.000000000000000000e+00
0.000000000000000000e+00
0.000000000000000000e+00
0.000000000000000000e+00
0.000000000000000000e+00
0.000000000000000000e+00
0.000000000000000000e+00
0.000000000000000000e+00
0.000000000000000000e+00
0.000000000000000000e+00
0.000000000000000000e+00
0.000000000000000000e+00
0.000000000000000000e+00
0.000000000000000000e+00
0.000000000000000000e+00
0.000000000000000000e+00
0.000000000000000000e+00
0.000000000000000000e+00
0.000000000000000000e+00
0.000000000000000000e+00
0.000000000000000000e+00
0.000000000000000000e+00
0.000000000000000000e+00
0.000000000000000000e+00
0.000000000000000000e+00
0.000000000000000000e+00
0.000000000000000000e+00
0.000000000000000000e+00
0.000000000000000000e+00
0.000000000000000000e+00
0.000000000000000000e+00
0.000000000000000000e+00
0.000000000000000000e+00
0.000000000000000000e+00
0.000000000000000000e+00
0.000000000000000000e+00
0.000000000000000000e+00
0.000000000000000000e+00
0.000000000000000000e+00
0.000000000000000000e+00
0.000000000000000000e+00
0.000000000000000000e+00
0.000000000000000000e+00
0.000000000000000000e+00
0.000000000000000000e+00
0.000000000000000000e+00
0.000000000000000000e+00
0.000000000000000000e+00
0.000000000000000000e+00
0.000000000000000000e+00
0.000000000000000000e+00
0.000000000000000000e+00
0.000000000000000000e+00
0.000000000000000000e+00
0.000000000000000000e+00
0.000000000000000000e+00
0.000000000000000000e+00
0.000000000000000000e+00
0.000000000000000000e+00
0.000000000000000000e+00
0.000000000000000000e+00
0.000000000000000000e+00
0.000000000000000000e+00
0.000000000000000000e+00
0.000000000000000000e+00
0.000000000000000000e+00
0.000000000000000000e+00
0.000000000000000000e+00
0.000000000000000000e+00
0.000000000000000000e+00
0.000000000000000000e+00
0.000000000000000000e+00
0.000000000000000000e+00
0.000000000000000000e+00
0.000000000000000000e+00
0.000000000000000000e+00
0.000000000000000000e+00
0.000000000000000000e+00
0.000000000000000000e+00
0.000000000000000000e+00
0.000000000000000000e+00
0.000000000000000000e+00
0.000000000000000000e+00
0.000000000000000000e+00
0.000000000000000000e+00
0.000000000000000000e+00
0.000000000000000000e+00
0.000000000000000000e+00
0.000000000000000000e+00
0.000000000000000000e+00
0.000000000000000000e+00
0.000000000000000000e+00
0.000000000000000000e+00
0.000000000000000000e+00
0.000000000000000000e+00
0.000000000000000000e+00
0.000000000000000000e+00
0.000000000000000000e+00
0.000000000000000000e+00
0.000000000000000000e+00
0.000000000000000000e+00
0.000000000000000000e+00
0.000000000000000000e+00
0.000000000000000000e+00
0.000000000000000000e+00
0.000000000000000000e+00
0.000000000000000000e+00
0.000000000000000000e+00
0.000000000000000000e+00
0.000000000000000000e+00
0.000000000000000000e+00
0.000000000000000000e+00
0.000000000000000000e+00
0.000000000000000000e+00
0.000000000000000000e+00
0.000000000000000000e+00
0.000000000000000000e+00
0.000000000000000000e+00
0.000000000000000000e+00
0.000000000000000000e+00
0.000000000000000000e+00
0.000000000000000000e+00
0.000000000000000000e+00
0.000000000000000000e+00
0.000000000000000000e+00
0.000000000000000000e+00
0.000000000000000000e+00
0.000000000000000000e+00
0.000000000000000000e+00
0.000000000000000000e+00
0.000000000000000000e+00
0.000000000000000000e+00
0.000000000000000000e+00
0.000000000000000000e+00
0.000000000000000000e+00
0.000000000000000000e+00
0.000000000000000000e+00
0.000000000000000000e+00
0.000000000000000000e+00
0.000000000000000000e+00
0.000000000000000000e+00
0.000000000000000000e+00
0.000000000000000000e+00
0.000000000000000000e+00
0.000000000000000000e+00
0.000000000000000000e+00
0.000000000000000000e+00
0.000000000000000000e+00
0.000000000000000000e+00
0.000000000000000000e+00
0.000000000000000000e+00
0.000000000000000000e+00
0.000000000000000000e+00
0.000000000000000000e+00
0.000000000000000000e+00
0.000000000000000000e+00
0.000000000000000000e+00
0.000000000000000000e+00
0.000000000000000000e+00
0.000000000000000000e+00
0.000000000000000000e+00
0.000000000000000000e+00
0.000000000000000000e+00
0.000000000000000000e+00
0.000000000000000000e+00
0.000000000000000000e+00
0.000000000000000000e+00
0.000000000000000000e+00
0.000000000000000000e+00
0.000000000000000000e+00
0.000000000000000000e+00
0.000000000000000000e+00
0.000000000000000000e+00
0.000000000000000000e+00
0.000000000000000000e+00
0.000000000000000000e+00
0.000000000000000000e+00
0.000000000000000000e+00
0.000000000000000000e+00
0.000000000000000000e+00
0.000000000000000000e+00
0.000000000000000000e+00
0.000000000000000000e+00
0.000000000000000000e+00
0.000000000000000000e+00
0.000000000000000000e+00
0.000000000000000000e+00
0.000000000000000000e+00
0.000000000000000000e+00
0.000000000000000000e+00
0.000000000000000000e+00
0.000000000000000000e+00
0.000000000000000000e+00
0.000000000000000000e+00
0.000000000000000000e+00
0.000000000000000000e+00
0.000000000000000000e+00
0.000000000000000000e+00
0.000000000000000000e+00
0.000000000000000000e+00
0.000000000000000000e+00
0.000000000000000000e+00
0.000000000000000000e+00
0.000000000000000000e+00
0.000000000000000000e+00
0.000000000000000000e+00
0.000000000000000000e+00
0.000000000000000000e+00
0.000000000000000000e+00
0.000000000000000000e+00
0.000000000000000000e+00
0.000000000000000000e+00
0.000000000000000000e+00
0.000000000000000000e+00
0.000000000000000000e+00
0.000000000000000000e+00
0.000000000000000000e+00
0.000000000000000000e+00
0.000000000000000000e+00
0.000000000000000000e+00
0.000000000000000000e+00
0.000000000000000000e+00
0.000000000000000000e+00
0.000000000000000000e+00
0.000000000000000000e+00
0.000000000000000000e+00
0.000000000000000000e+00
0.000000000000000000e+00
0.000000000000000000e+00
0.000000000000000000e+00
0.000000000000000000e+00
0.000000000000000000e+00
0.000000000000000000e+00
0.000000000000000000e+00
0.000000000000000000e+00
0.000000000000000000e+00
