-1.399999999999999911e+00
-8.491429235976867274e-01
-5.150312176400192454e-01
-3.123822242078017064e-01
-1.894693965312577721e-01
-1.149189980734583172e-01
-6.970189571500952364e-02
-4.227633679124589983e-02
-2.564189444422784736e-02
-1.555259515353922713e-02
-9.433125798719653454e-03
-5.721480013849693236e-03
-3.470253047332901453e-03
-2.104814870168601228e-03
-1.276634751776322633e-03
-7.743181182069670777e-04
-4.696476790635165837e-04
-2.848557166149018414e-04
-1.727737257213513749e-04
-1.047925618427808319e-04
-6.355990166747879178e-05
-3.855102908964602000e-05
-2.338238110634392229e-05
-1.418213103808299341e-05
-8.601897294659492543e-06
-5.217314440910139314e-06
-3.164461169773475766e-06
-1.919342720937717936e-06
-1.164140206744994859e-06
-7.060867275950432169e-07
-4.282632487025560473e-07
-2.597547907662369541e-07
-1.575492446069627551e-07
-9.555844726868817616e-08
-5.795912806299232902e-08
-3.515398818041574250e-08
-2.132197164259767883e-08
-1.293242952675883210e-08
-7.843915012552174626e-09
-4.757574947293099079e-09
-2.885615071413980852e-09
-1.750214012941439549e-09
-1.061558459907666758e-09
-6.438677530113243196e-10
-3.905255330016494184e-10
-2.368657091661182394e-10
-1.436663148438264445e-10
-8.713802472070895394e-11
-5.285188361990736687e-11
-3.205628783903774177e-11
-1.944312141094962732e-11
-1.179284925625610485e-11
-7.152724639288654978e-12
-4.338346794210555782e-12
-2.631340343154716292e-12
-1.595988594262097444e-12
-9.680160149716282612e-13
-5.871313921731362079e-13
-3.561131906327691650e-13
-2.159935684468642678e-13
-1.310067215637624298e-13
-7.945959325685810947e-14
-4.819467951857966946e-14
-2.923155076304306933e-14
-1.772983176873184386e-14
-1.075368655928293218e-14
-6.522440603144756359e-15
-3.956060201961855063e-15
-2.399471804158817884e-15
-1.455353216338310696e-15
-8.827163464205783925e-16
-5.353945279335989565e-16
-3.247331962340997389e-16
-1.969606397424605140e-16
-1.194626667604169040e-16
-7.245777008122615293e-17
-4.394785908867240940e-17
-2.665572396601033137e-17
-1.616751384222209872e-17
-9.806092836636102562e-18
-5.947695957408224111e-18
-3.607459952816973307e-18
-2.188035065068984235e-18
-1.327110351490665813e-18
-8.049331170010982893e-19
-4.882166144792224948e-19
-2.961183452627512457e-19
-1.796048553052298799e-19
-1.089358513758731429e-19
-6.607293380136572394e-20
-4.007526012769150880e-20
-2.430687396340412527e-20
-1.474286430057533644e-20
-8.941999210281791337e-21
-5.423596680162061195e-21
-3.289577672433943712e-21
-1.995229715837309028e-21
-1.210167995825053272e-21
-7.340039928708848893e-22
-4.451959260276848902e-22
-2.700249787149484996e-22
-1.637784284788674877e-22
-9.933663827198583950e-23
-6.025071674474281015e-23
-3.654390697534786290e-23
-2.216500000623484836e-23
-1.344375207631214607e-23
-8.154047815858691113e-24
-4.945680001081129514e-24
-2.999706553783315150e-24
-1.819413995010504147e-24
-1.103530370684119027e-24
-6.693250037439656350e-25
-4.059661360829883054e-25
-2.462309083394036113e-25
-1.493465952767394582e-25
-9.058328895903643599e-26
-5.494154201126447624e-26
-3.332372972172160764e-26
-2.021186377220129545e-26
-1.225911506777512690e-26
-7.435529149550732433e-27
-4.509876400389521872e-27
-2.735378308350693751e-27
-1.659090809927573436e-27
-1.006289443468538371e-27
-6.103454000088312478e-28
-3.701931981199275941e-28
-2.245335246768092918e-28
-1.361864668498279933e-28
-8.260126758235884607e-29
-5.010020131982787178e-29
-3.038730815825095308e-29
-1.843083406411503419e-29
-1.117886594396176969e-29
-6.780324935830223514e-30
-4.112474956395123509e-30
-2.494342148354017807e-30
-1.512894988790189849e-30
-9.176171956268509935e-31
-5.565629630272104877e-31
-3.375725011365119848e-31
-2.047480718151723244e-31
-1.241859830729461056e-31
-7.532260624029593324e-32
-4.568547005420160788e-32
-2.770963829125666304e-32
-1.680674519319435218e-32
-1.019380624965029975e-32
-6.182856029583162825e-33
-3.750091746531308673e-33
-2.274545621006536523e-33
-1.379581656055575909e-33
-8.367585719748358357e-34
-5.075197286800982836e-34
-3.078262758535167224e-34
-1.867060741703165829e-34
-1.132429583388779885e-34
-6.868532622908992728e-35
-4.165975623030735042e-35
-2.526791942983581258e-35
-1.532576784134398205e-35
-9.295548079413028737e-36
-5.638034908996886126e-36
-3.419641032836738322e-36
-2.074117131626858104e-36
-1.258015632166913306e-36
-7.630250513070033766e-37
-4.627980877465027403e-37
-2.807012294746315365e-37
-1.702539018953955763e-37
-1.032642114352642448e-37
-6.263291028653568598e-38
-3.798878039581467122e-38
-2.304136003515183024e-38
-1.397529130279694450e-38
-8.476442653561659793e-39
-5.141222354681058873e-39
-3.118308986514041008e-39
-1.891350006778194671e-39
-1.147161767358671991e-39
-6.957887835531658347e-40
-4.220172299091524486e-40
-2.559663888668963064e-40
-1.552514627036990965e-40
-9.416477209502590004e-41
-5.711382134048584063e-41
-3.464128373635435972e-41
-2.101100067790352520e-41
-1.274381610239141416e-41
-7.729515187839944921e-42
-4.688187946139381140e-42
-2.843529727828735239e-42
-1.724687961732447585e-42
-1.046076127228018630e-42
-6.344772435572467832e-43
-3.848299011074300646e-43
-2.334111337958370535e-43
-1.415710089654627988e-43
-8.586715746400529256e-44
-5.208106366429169871e-44
-3.158876190283850536e-44
-1.915955259643394079e-44
-1.162085607611397822e-44
-7.048405502270974622e-45
-4.275074039214569368e-45
-2.592963477325165422e-45
-1.572711848512796754e-45
-9.538979550163417537e-46
-5.785683559545936963e-46
-3.509194466259934262e-46
-2.128434034680560564e-46
-1.290960499209622552e-46
-7.830071232485628546e-47
-4.749178270236420405e-47
-2.880522229339399669e-47
-1.747125048078131623e-47
-1.059684908011295532e-47
-6.427313863436124141e-48
-3.898362917770066848e-48
-2.364476632314345404e-48
-1.434127571672725583e-48
-8.698423421587351362e-49
-5.275860496355198931e-49
-3.199971147406139823e-49
-1.940880611097638726e-49
-1.177203597472509972e-49
-7.140100745910868396e-50
-4.330690015831985523e-50
-2.626696272313488365e-50
-1.593171822911015231e-50
-9.663075567857968578e-51
-5.860951599025924121e-51
-3.554846839901007235e-51
-2.156123598982528283e-51
-1.307755068912850236e-51
-7.931935446902513521e-52
-4.810962039407804355e-52
-2.917995979614451946e-52
-1.769854026554365274e-52
-1.073470730321079852e-52
-6.510929102438469597e-53
-3.949078123844189194e-53
-2.395236959711944707e-53
-1.452784653342168287e-53
-8.811584342120147878e-54
-5.344496064139644194e-54
-3.241600723614191175e-54
-1.966130225418665168e-54
-1.192518262704131730e-54
-7.232988885973005434e-55
-4.387029520703351610e-55
-2.660867909371001924e-55
-1.613897968478969650e-55
-9.788785995304284002e-56
-5.937198827517693898e-56
-3.601093121699380284e-56
-2.184173386790951853e-56
-1.324768125217092842e-56
-8.035124849541918661e-57
-4.873549575866034538e-57
-2.955957239392250650e-57
-1.792878694490916515e-57
-1.087435897354300631e-57
-6.595632122175034111e-58
-4.000453102284660300e-58
-2.426397459278165623e-58
-1.471684451701043533e-58
-8.926217413790590815e-59
-5.414024536724803939e-59
-3.283771873960080035e-59
-1.991708321058797960e-59
-1.208032161926934129e-59
-7.327085441276221137e-60
-4.444101966468098639e-60
-2.695484097552107287e-60
-1.634893747933191980e-60
-9.916131834939787291e-61
-6.014437983643475852e-61
-3.647941038019997651e-61
-2.212588084383058101e-61
-1.342002510493168061e-61
-8.139656680254313786e-62
-4.936951336108992661e-62
-2.994412350859354505e-62
-1.816202898618381762e-62
-1.101582742271004366e-62
-6.681437073976840496e-63
-4.052496436307620085e-63
-2.457963336996757113e-63
-1.490830124338108857e-63
-9.042341788342604349e-64
-5.484457530230552781e-64
-3.326491643976657644e-64
-2.017619171349724592e-64
-1.223747887047605167e-64
-7.422406132529252422e-65
-4.501916888218063563e-65
-2.730550620182347621e-65
-1.656162669037939903e-65
-1.004513436243017536e-65
-6.092681971746816531e-66
-3.695398415742864886e-66
-2.241372439001540506e-66
-1.359461104089318408e-66
-8.245548403169593112e-67
-5.001177912666903834e-67
-3.033367738710108546e-67
-1.839830535710861160e-67
-1.115913628584156323e-67
-6.768358293274669254e-68
-4.105216820791359242e-68
-2.489939866577982856e-68
-1.510224869920330172e-68
-9.159976866672039618e-69
-5.555806811895052927e-69
-3.369767170854648960e-69
-2.043867105216444562e-69
-1.239668063691880479e-69
-7.518966884957191197e-70
-4.560483945090529326e-70
-2.766073335824632042e-70
-1.677708285191238712e-70
-1.017581513022392963e-70
-6.171943864048516423e-71
-3.743473183570686599e-71
-2.270531259647680768e-71
-1.377146822812264351e-71
-8.352817709614797444e-72
-5.066240035872030937e-72
-3.072829911220018581e-72
-1.863765553236990514e-72
-1.130430950554513195e-72
-6.856410301994081813e-73
-4.158623063728966821e-73
-2.522332390339702724e-73
-1.529871928727283669e-73
-9.279142302067980761e-74
-5.628084302040696854e-74
-3.413605684635059972e-74
-2.070456507900498418e-74
-1.255795351643204719e-74
-7.616783830962113448e-75
-4.619812921881970167e-75
-2.802058179258019902e-75
-1.699534196018547371e-75
-1.030819597115309581e-75
-6.252236902830596472e-76
-3.792173373353514239e-76
-2.300069417884789069e-76
-1.395062621414513908e-76
-8.461482521069809497e-77
-5.132148575651387954e-77
-3.112805461333088333e-77
-1.888011950019446351e-77
-1.145137133590630318e-77
-6.945607810981591219e-78
-4.212724087699883348e-78
-2.555146320099912385e-78
-1.549774583192507335e-78
-9.399858003496230993e-79
-5.701302076065644881e-79
-3.458014509417102287e-79
-2.097391821692613825e-79
-1.272132445287102899e-79
-7.715873312818320581e-80
-4.679913730682798204e-80
-2.838511162469249001e-80
-1.721644047974147670e-80
-1.044229900208088555e-80
-6.333574502648692988e-81
-3.841507121430626268e-81
-2.329991848652096811e-81
-1.413211493088014828e-81
-8.571560992161492947e-82
-5.198914543342784583e-82
-3.153301067763303748e-82
-1.912573776903028007e-82
-1.160034634654076433e-82
-7.035965722462407808e-83
-4.267528931360598950e-83
-2.588387138080894107e-83
-1.569936158451899759e-83
-9.522144138925481317e-84
-5.775472366461258178e-84
-3.503001064581830901e-84
-2.124677546674875004e-84
-1.288682074061331557e-84
-7.816251885402639862e-85
-4.740796412533378536e-85
-2.875438375657156127e-85
-1.744041534950357871e-85
-1.057814662759674468e-85
-6.415970252573221790e-86
-3.891482669989867085e-86
-2.360303551089234297e-86
-1.431596469964224575e-86
-8.683071513696784169e-87
-5.266549093534485188e-87
-3.194323496110442854e-87
-1.937455137431432496e-87
-1.175125942669917499e-87
-7.127499132530153806e-88
-4.323046750954736290e-88
-2.622060397825132665e-88
-1.590360022899247771e-88
-9.646021138696796671e-89
-5.850607564855774602e-89
-3.548572866031696600e-89
-2.152318241472555424e-89
-1.305447002911883996e-89
-7.917936318960252269e-90
-4.802471139101581773e-90
-2.912845988250164332e-90
-1.766730398894669951e-90
-1.071576154375948022e-90
-6.499437918459705142e-91
-3.942108368444670200e-91
-2.391009589371438926e-91
-1.450220623620691504e-91
-8.796032715735246571e-92
-5.335063525928805565e-92
-3.235879599990407006e-92
-1.962660188532833820e-92
-1.190413578942541148e-92
-7.220223333668965288e-93
-4.379286821842786729e-93
-2.656171725123147058e-93
-1.611049588748986028e-93
-9.771509698936894178e-94
-5.926720224084589094e-94
-3.594737527446232783e-94
-2.180318524015724373e-94
-1.322430032754932373e-94
-8.020943601906486455e-95
-4.864948214382167489e-95
-2.950740249937013753e-95
-1.789714430434917863e-95
-1.085516674188910689e-95
-6.583991445248637711e-96
-3.993392674828990787e-96
-2.422115093555625859e-96
-1.469087065594220234e-96
-8.910463470701593955e-97
-5.404469287229957885e-97
-3.277976322180252637e-97
-1.988193141214380485e-97
-1.205900097576891052e-97
-7.314153817308407795e-98
-4.436258540051744390e-98
-2.690726818953388528e-98
-1.632008312606274304e-98
-9.898630785015851885e-99
-6.003823060287447720e-99
-3.641502761554067110e-99
-2.208683072310764845e-99
-1.339634000944774184e-99
-8.125290943665085394e-100
-4.928238076418269911e-100
-2.989127491710892663e-100
-1.812997469512576750e-100
-1.099638551240798233e-100
-6.669644959295259020e-101
-4.045344157210393451e-101
-2.453625260437466554e-101
-1.488198947900718688e-101
-9.026382896538698293e-102
-5.474777973056448412e-102
-3.320620695778121272e-102
-2.014058261265727938e-102
-1.221588085905181301e-102
-7.409306276411626916e-103
-4.493971423844900358e-103
-2.725731452434369422e-103
-1.653239696044492775e-103
-1.002740563504979696e-103
-6.081928955032931686e-104
-3.688876381421490983e-104
-2.237416625221929075e-104
-1.357061781747870364e-104
-8.230995777543376755e-105
-4.992351299045283870e-105
-3.028014126927158892e-105
-1.836583406024303093e-105
-1.113944144873195996e-105
-6.756412770729647681e-106
-4.097971495121514564e-106
-2.485545354419619227e-106
-1.507559463561802813e-106
-9.143810359901640089e-107
-5.546001329878353990e-107
-3.363819845378260741e-107
-2.040259869971724839e-107
-1.237480164919161933e-107
-7.505696608097176685e-108
-4.552435115312056344e-108
-2.761191473789179688e-108
-1.674747286190249898e-108
-1.015785576344914711e-108
-6.161050957470586837e-109
-3.736866301757786760e-109
-2.266523983263059029e-109
-1.374716286823048978e-109
-8.338075763644856009e-110
-5.057298593657434790e-110
-3.067406652374816895e-110
-1.860476180471818389e-110
-1.128435845121212267e-110
-6.844309375847519134e-111
-4.151283481010157878e-111
-2.517880708391248570e-111
-1.527171847138256671e-111
-9.262765479393277910e-112
-5.618151256979812874e-112
-3.407580988261326386e-112
-2.066802344834369689e-112
-1.253578989708008022e-112
-7.603340916294945385e-113
-4.611659381980431968e-113
-2.797112807322546661e-113
-1.696534676316000229e-113
-1.029000296451302675e-113
-6.241202286511040151e-114
-3.785480540237537468e-114
-2.296010009399609311e-114
-1.392600465707954851e-114
-8.446548791819663606e-115
-5.123090810997327546e-115
-3.107311649361939136e-115
-1.884679784620248225e-115
-1.143116073112782928e-115
-6.933349459532111142e-116
-4.205289021708241579e-116
-2.550636724618994882e-116
-1.547039375270429390e-116
-9.383268128841938902e-117
-5.691239808447027752e-117
-3.451911435600177662e-117
-2.093690120304159102e-117
-1.269887249901904570e-117
-7.702255514436639231e-118
-4.671654118446523458e-118
-2.833501454410610525e-118
-1.718605506440374041e-118
-1.042386931607044592e-118
-6.322396333034483836e-119
-3.834727218840140128e-119
-2.325879629861102110e-119
-1.410717306311829973e-119
-8.556432984653433863e-120
-5.189738942968784239e-120
-3.147735784815201470e-120
-1.909198262165028219e-120
-1.157987281473167774e-120
-7.023547897707594099e-121
-4.259997139919866001e-121
-2.583818875649528322e-121
-1.567165367225663203e-121
-9.505338440621728741e-122
-5.765279195182151827e-122
-3.496818593681350509e-122
-2.120927688520952517e-122
-1.286407670121404021e-122
-7.802456928181269175e-123
-4.732429348029192487e-123
-2.870363494503573653e-123
-1.740963463936312210e-123
-1.055947718316882945e-123
-6.404646662127891130e-124
-3.884614565206745148e-124
-2.356137834964151822e-124
-1.429069835414702972e-124
-8.667746700495042727e-125
-5.257254124473259147e-125
-3.188685812393728847e-125
-1.934035709407483057e-125
-1.173051954734711601e-125
-7.114919759824388630e-126
-4.315416975728737112e-126
-2.617432705223848346e-126
-1.587553185452843581e-126
-9.628996809016059456e-127
-5.840281786943353040e-127
-3.542309965142429518e-127
-2.148519600064473257e-127
-1.303143010432628154e-127
-7.903961898176090269e-128
-4.793995224444263313e-128
-2.907705086141393093e-128
-1.763612284147118838e-128
-1.069684922181056214e-128
-6.487967015351329570e-129
-3.935150914014847506e-129
-2.386789679946197461e-129
-1.447661119173072518e-129
-8.780508536523728830e-130
-5.325647635270146668e-130
-3.230168573617427667e-130
-1.959196275939194541e-130
-1.188312609751934520e-130
-7.207480311376818879e-131
-4.371557788125198340e-131
-2.651483829203477414e-131
-1.608206236144164435e-131
-9.754263893624912134e-132
-5.916260114411438468e-132
-3.588393150225509965e-132
-2.176470464714573564e-132
-1.320096066808392144e-132
-8.006787382853466501e-133
-4.856362033500902633e-133
-2.945532467982688235e-133
-1.786555751010521241e-133
-1.083600838273810785e-133
-6.572371313033770333e-134
-3.986344708370759249e-134
-2.417840285810082208e-134
-1.466494263632171133e-134
-8.894737331856133555e-135
-5.394930901861289093e-135
-3.272190999010000104e-135
-1.984684165335276292e-135
-1.203771796122022413e-135
-7.301245016453520250e-136
-4.428428956553130017e-136
-2.685977936508699009e-136
-1.629127969804198986e-136
-9.881160622816439591e-137
-5.993226871283350776e-137
-3.635075848046972903e-137
-2.204784952221390559e-137
-1.337269671595327273e-137
-8.110950561264103079e-138
-4.919540194820070925e-138
-2.983851959847034724e-138
-1.809797697690856438e-138
-1.097697791526840215e-138
-6.657873656598751058e-139
-4.038204501220203909e-139
-2.449294840179615895e-139
-1.485572415244891464e-139
-9.010452170693742634e-140
-5.465115499400005276e-140
-3.314760109256823300e-140
-2.010503635856661898e-140
-1.219432096610789126e-140
-7.396229540321017498e-141
-4.486039982476974507e-141
-2.720920790069009741e-141
-1.650321881826376210e-141
-1.000970819722346556e-141
-6.071194916392903992e-142
-3.682365857883773700e-142
-2.233467793085522991e-142
-1.354666693987081568e-142
-8.216468835947167137e-143
-4.983540263575328013e-143
-3.022669963770814996e-143
-1.833342007219474155e-143
-1.111978137117711153e-143
-6.744488330920305430e-144
-4.090738956777250637e-144
-2.481158598166275676e-144
-1.504898761397463727e-144
-9.127672385511287922e-145
-5.536213153624947418e-145
-3.357883016377898370e-145
-2.036659001161534103e-145
-1.235296127584178292e-145
-7.492449752040930170e-146
-4.544400490969142160e-146
-2.756318227785929412e-146
-1.671791513076956259e-146
-1.013992809328547844e-146
-6.150177275859106170e-147
-3.730271080476470615e-147
-2.262523779348351361e-147
-1.372290040503676356e-147
-8.323359835837712941e-148
-5.048372932256283934e-148
-3.061992965076805159e-148
-1.857192613143477209e-148
-1.126444260863342994e-148
-6.832229806709530520e-149
-4.143956851971849708e-149
-2.513436883247173721e-149
-1.524476530941973415e-149
-9.246417560286619998e-150
-5.608235742819121442e-150
-3.401566924916052876e-150
-2.063154631026007304e-150
-1.251366539445378928e-150
-7.589921727121209302e-151
-4.603520232318077071e-151
-2.792176163508338179e-151
-1.693540450486602452e-151
-1.027184206683669455e-151
-6.230187145262439748e-152
-3.778799519349195919e-152
-2.291957765392649897e-152
-1.390142655477097014e-152
-8.431641419211957132e-153
-5.114049032454993315e-153
-3.101827533457681404e-153
-1.881353500182898297e-153
-1.141098579618605214e-153
-6.921112742932215978e-154
-4.197867077916191278e-154
-2.546135088154452101e-154
-1.544308994735803853e-154
-9.366707533772609027e-155
-5.681195299794393735e-155
-3.445819133140605520e-155
-2.089994952074186122e-155
-1.267646017077629842e-155
-7.688661750201869737e-156
-4.663409083657230485e-156
-2.828500588020507819e-156
-1.715572327649649803e-156
-1.040547215674080253e-156
-6.311237891849437861e-157
-3.827959282146809229e-157
-2.321774668753603149e-157
-1.408227521543203800e-157
-8.541331676670861245e-158
-5.180579536675591013e-158
-3.142180324073614961e-158
-1.905828704896425970e-158
-1.155943541680102922e-158
-7.011151989257908513e-159
-4.252478641390141213e-159
-2.579258675776245460e-159
-1.564399466188099464e-159
-9.488562402811594896e-160
-5.755104013901807292e-160
-3.490647034266687757e-160
-2.117184448517721533e-160
-1.284137280292781513e-160
-7.788686317775676770e-161
-4.724077050615242358e-161
-2.865297570042974516e-161
-1.737890825431170811e-161
-1.054084068857301055e-161
-6.393343056765957893e-162
-3.877758581989440952e-162
-2.351979470940381068e-162
-1.426547660140040016e-162
-8.652448934162521666e-163
-5.247975560167465198e-163
-3.183058078664149667e-163
-1.930622316355794131e-163
-1.170981627195212218e-163
-7.102362588540849878e-164
-4.307800666346009368e-164
-2.612813180069366687e-164
-1.584751301813336603e-164
-9.612002525692976375e-165
-5.829974233068060573e-165
-3.536058117690424748e-165
-2.144727662904986125e-165
-1.300843084285695685e-165
-7.890012140944196805e-166
-4.785534268987571613e-166
-2.902573257246447063e-166
-1.760499672581934433e-166
-1.067797027834995843e-166
-6.476516357319493208e-167
-3.928205738844653379e-167
-2.382577218268400424e-167
-1.445106132012623863e-167
-8.765011756043886573e-168
-5.316248362782285679e-168
-3.224467626674547284e-168
-1.955738476828942710e-168
-1.186215348576439400e-168
-7.194759779333191494e-169
-4.363842395432881301e-169
-2.646804206983864364e-169
-1.605367901792096874e-169
-9.737048525554465104e-170
-5.905818465858474923e-170
-3.582059970240192729e-170
-2.172629196880000257e-170
-1.317766220094555685e-170
-7.992656148209740158e-171
-4.847791006429889286e-171
-2.940333877278891788e-171
-1.783402646361371831e-171
-1.081688383630818994e-171
-6.560771689270927410e-172
-3.979309180917464855e-172
-2.413573022702408569e-172
-1.463906037724306652e-172
-8.879038948182309858e-173
-5.385409350855183675e-173
-3.266415886396779535e-173
-1.981181382472064727e-173
-1.201647250921168587e-173
-7.288358998430887783e-174
-4.420613191540793417e-174
-2.681237435399607641e-174
-1.626252710539133613e-174
-9.863721293827589562e-175
-5.982649383566797753e-175
-3.628660277444149109e-175
-2.200893711951227348e-175
-1.334909515067164589e-175
-8.096635488303588043e-176
-4.910857664173495990e-176
-2.978585738805992178e-176
-1.806603573168640125e-176
-1.095760457073176166e-176
-6.646123129156102278e-177
-4.031077446058442121e-177
-2.444972062710544660e-177
-1.482950518174784888e-177
-8.994549561097436914e-178
-5.455470079110406666e-178
-3.308909866125367063e-178
-2.006955284030660517e-178
-1.217279912436872082e-178
-7.383175883452726924e-179
-4.478122539364987245e-179
-2.716118618075059016e-179
-1.647409217278831609e-179
-9.992041993728027805e-180
-6.060479822332198565e-180
-3.675866824814251372e-180
-2.229525930270371078e-180
-1.352275833333310921e-180
-8.201967533051043483e-181
-4.974744778763048867e-181
-3.017335232565130932e-181
-1.830106329181901166e-181
-1.110015599182964325e-181
-6.732584936637574248e-182
-4.083519183190126009e-182
-2.476779584129501066e-182
-1.502242755124848204e-182
-9.111562893143981452e-183
-5.526442252591769800e-183
-3.351956665328258018e-183
-2.033064487549707373e-183
-1.233115944871851047e-183
-7.479226275452910523e-184
-4.536380046990516376e-184
-2.751453582608384505e-184
-1.668840956628152455e-184
-1.012203206379135615e-184
-6.139322785283798605e-185
-3.723687499146984782e-185
-2.258530635421306569e-185
-1.369868076283278276e-185
-8.308669880273729299e-186
-5.039463023816912082e-186
-3.056588832433093502e-186
-1.853914841005912243e-186
-1.124456191566358054e-186
-6.820171556886984068e-187
-4.136643153752000965e-187
-2.509000901040949112e-187
-1.521785971727958805e-187
-9.230098493735897347e-188
-5.598337728618217875e-188
-3.395563475832933400e-188
-2.059513355093071667e-188
-1.249157993951579843e-188
-7.576526221567614376e-189
-4.595395447497470888e-189
-2.787248232411073813e-189
-1.690551509187159900e-189
-1.025371322145476225e-189
-6.219191444713107545e-190
-3.772130289841007053e-190
-2.287912673219272939e-190
-1.387689183052580469e-190
-8.416760356729668904e-191
-5.105023211810386130e-191
-3.096353096507660210e-191
-1.878033086328046400e-191
-1.139084646812703212e-191
-6.908897622998408643e-192
-4.190458233164270078e-192
-2.541641396659360763e-192
-1.541583433068740977e-192
-9.350176166612498672e-193
-5.671168518764819827e-193
-3.439737583027944053e-193
-2.086306305472278438e-193
-1.265408739820727946e-193
-7.675091977695982135e-194
-4.655178600587084600e-194
-2.823508547694217666e-194
-1.712544502137233501e-194
-1.038710746668539533e-194
-6.300099144274713775e-195
-3.821203290231939076e-195
-2.317676952520463665e-195
-1.405742131013002559e-195
-8.526257021091595659e-196
-5.171436295882157730e-196
-3.136634668203262672e-196
-1.902465094582842137e-196
-1.153903408897588850e-196
-6.998777958433111039e-197
-4.244973412310672549e-197
-2.574706524231380624e-197
-1.561638446708480674e-197
-9.471815973147070417e-198
-5.744946790869551404e-198
-3.484486367080085124e-198
-2.113447814984761513e-198
-1.281870897490931008e-198
-7.774940011215998500e-199
-4.715739494228988567e-199
-2.860240586467629029e-199
-1.734823609847060430e-199
-1.052223708565589793e-199
-6.382059401215609194e-200
-3.870914698944517682e-200
-2.347828446042148201e-200
-1.424029936270031139e-200
-8.637178166964013614e-201
-5.238713371664237161e-201
-3.177440277360903571e-201
-1.927214947625201758e-201
-1.168914953591161793e-201
-7.089827579496096605e-202
-4.300197799040590903e-202
-2.608201807946903839e-202
-1.581954363237718672e-202
-9.595038235698524985e-203
-5.819684871066167920e-203
-3.529817304167395345e-203
-2.140942418161719270e-203
-1.298547217294388649e-203
-7.876087003735698029e-204
-4.777088246329910852e-204
-2.897450485551948136e-204
-1.757392554486512862e-204
-1.065912465446774765e-204
-6.465085908633519063e-205
-3.921272821262338632e-205
-2.378372191193465571e-205
-1.442555654166754067e-205
-8.749542325939507771e-206
-5.306865679135698874e-206
-3.218776741372507938e-206
-1.952286780412347691e-206
-1.184121788871754411e-206
-7.182061697844887141e-207
-4.356140619690696167e-207
-2.642132843861997652e-207
-1.602534576836033946e-207
-9.719863541006652733e-208
-5.895395245843539377e-208
-3.575737967728204611e-208
-2.168794708525699106e-208
-1.315440485343360693e-208
-7.978549853880151892e-209
-4.839235106424064245e-209
-2.935144461603923373e-209
-1.780255106648509821e-209
-1.079779304292305274e-209
-6.549192537764602474e-210
-3.972286070515420276e-210
-2.409313290917021791e-210
-1.461322379794317207e-210
-8.863368270694827103e-211
-5.375904604500555929e-211
-3.260650966319906363e-211
-1.977684781694648162e-211
-1.199526455344890507e-211
-7.275495723030932110e-212
-4.412811220626393719e-212
-2.676505300833837840e-212
-1.623382525839107862e-212
-9.846312743631553132e-213
-5.972090564131756067e-213
-3.622256029726426958e-213
-2.197009339358033971e-213
-1.332553523995645196e-213
-8.082345680114732033e-214
-4.902190457385541171e-214
-2.973328812155028786e-214
-1.803415085978970382e-214
-1.093826541834540390e-214
-6.634393340300922846e-215
-4.023962969485819802e-215
-2.440656914541441787e-215
-1.480333248509021153e-215
-8.978675018127222054e-216
-5.445841682090044685e-216
-3.303069948128632406e-216
-2.003413194715433469e-216
-1.215131526667746293e-216
-7.370145265074074554e-217
-4.470219069803320806e-217
-2.711324921467802286e-217
-1.644501693313170354e-217
-9.974406969437799925e-218
-6.049783639415397432e-218
-3.669379261933316628e-218
-2.225591024476270626e-218
-1.349889192326108157e-218
-8.187491823605082779e-219
-4.965964817162982541e-219
-3.012009916663591243e-219
-1.826876361814962066e-219
-1.108056524945044380e-219
-6.720702550738058060e-220
-4.076312151831532716e-220
-2.472408298645004012e-220
-1.499591436456143979e-220
-9.095481832531606842e-221
-5.516688596289666851e-221
-3.346040773736733015e-221
-2.029476317919910887e-221
-1.230939609979129935e-221
-7.466026137070533174e-222
-4.528373758349154822e-222
-2.746597523076890070e-222
-1.665895607636910901e-222
-1.010416761912393972e-222
-6.128487451874271043e-223
-3.717115537225897547e-223
-2.254544539021703340e-223
-1.367450386604348809e-223
-8.294005851114312931e-224
-5.030568840536806160e-224
-3.051194237580606141e-224
-1.850642853831150912e-224
-1.122471631026678578e-224
-6.808134588753269466e-225
-4.129342363528918720e-225
-2.504572747930520220e-225
-1.519100161100581318e-225
-9.213808228819034663e-226
-5.588457183491298728e-226
-3.389570622278783154e-226
-2.055878505673311733e-226
-1.246953346335056758e-226
-7.563154357834778463e-227
-4.587285002166006512e-227
-2.782328998653617163e-227
-1.687567843090968953e-227
-1.023561637179791183e-227
-6.208215150552019314e-228
-3.765472830902281938e-228
-2.283874720257158397e-228
-1.385240040778580452e-228
-8.401905557937876122e-229
-5.096013320899301112e-229
-3.090888321429421239e-229
-1.874718532694660893e-229
-1.137074268410792987e-229
-6.896704061614582767e-230
-4.183062464333891237e-230
-2.537155636111589153e-230
-1.538862681764388231e-230
-9.333673975777065716e-231
-5.661159434070702480e-231
-3.433666766285301381e-231
-2.082624168988368475e-231
-1.263175411149990156e-231
-7.661546154575805157e-232
-4.646962643553652792e-232
-2.818525317854559975e-232
-1.709522020455086122e-232
-1.036877518859897318e-232
-6.288980055552920734e-233
-3.814459222014107134e-233
-2.313586468375154503e-233
-1.403261126965804313e-233
-8.511208970876627456e-234
-5.162309192057884378e-234
-3.131098799899460089e-234
-1.899107420728454628e-234
-1.151866876759587302e-234
-6.986425766621230745e-235
-4.237481429262115545e-235
-2.570162406810383872e-235
-1.558882300171311898e-235
-9.455099099372530838e-236
-5.734807494390748280e-236
-3.478336572897774791e-236
-2.109717776262267615e-236
-1.279608514643823182e-236
-7.761217965608209535e-237
-4.707416652853890210e-237
-2.855192527997706712e-237
-1.731761807613030517e-237
-1.050366631636674051e-237
-6.370795660267285180e-238
-3.864082894716298629e-238
-2.343684747316578720e-238
-1.421516655948361148e-238
-8.621934351248559738e-239
-5.229467530061805181e-239
-3.171832390954182507e-239
-1.923813592583339802e-239
-1.166851927473704330e-239
-7.077314693575837995e-240
-4.292608350088466971e-240
-2.603598574467116949e-240
-1.579162360998412361e-240
-9.578103886097267047e-241
-5.809413668830713873e-241
-3.523587505099483518e-241
-2.137163854023181918e-241
-1.296255402294674581e-241
-7.862186443098540766e-242
-4.768657130116280375e-242
-2.892336755072780514e-242
-1.754290920165391062e-242
-1.064031229135797318e-242
-6.453675633625793867e-243
-3.914352139634400197e-243
-2.374174585600010989e-243
-1.440009677676942688e-243
-8.734100197939727136e-244
-5.297499555052624926e-244
-3.213095899953450244e-244
-1.948841175918723881e-244
-1.182031924105128003e-244
-7.169386027288766459e-245
-4.348452436865991703e-245
-2.637469725261338562e-245
-1.599706252434857551e-245
-9.702708886357387606e-246
-5.884990421841977052e-246
-3.569427122962342946e-246
-2.164966987686517164e-246
-1.313118855297575931e-246
-7.964468455847368123e-247
-4.830694306785562888e-247
-2.929964204764709567e-247
-1.777113122050340828e-247
-1.077873594301170834e-247
-6.537633822383165184e-248
-3.965275355249686237e-248
-2.405061077161839121e-248
-1.458743281780147152e-248
-8.847725250494845873e-249
-5.366416633138762814e-249
-3.254896220790502777e-249
-1.974194352092221369e-249
-1.197409402775449883e-249
-7.262655150115039774e-250
-4.405023019464630158e-250
-2.671781518045218233e-250
-1.620517406747987688e-250
-9.828934917906628026e-251
-5.961550380030444959e-251
-3.615863084909966986e-251
-2.193131822320999697e-251
-1.330201691029125861e-251
-8.068081092107564095e-252
-4.893538547411025142e-252
-2.968081163490410757e-252
-1.800232226172479191e-252
-1.091896039776336550e-252
-6.622684253431532096e-253
-4.016861049302296329e-253
-2.436349382207302806e-253
-1.477720598080662151e-253
-8.962828492248113136e-254
-5.436230278294435874e-254
-3.297240337043716770e-254
-1.999877356858231314e-254
-1.212986932599580572e-254
-7.357137644524273163e-255
-4.462329549129956756e-255
-2.706539685288970703e-255
-1.641599300856742924e-255
-9.956803069324379365e-256
-6.039106334266089821e-256
-3.662903148997154945e-256
-2.221663063424726712e-256
-1.347506763518189535e-256
-8.173041662439230694e-257
-4.957200351378104602e-257
-3.006693999449059785e-257
-1.823652095039854767e-257
-1.106100908290849042e-257
-6.708841136143917166e-258
-4.069117840212623377e-258
-2.468044728072608691e-258
-1.496944797118166177e-258
-9.079429153494756599e-259
-5.506952154283290871e-259
-3.340135323143352549e-259
-2.025894481075607342e-259
-1.228767116114971464e-259
-7.452849295704035854e-260
-4.520381600062204718e-260
-2.741750034038578324e-260
-1.662955456912554015e-260
-1.008633470353895226e-260
-6.117671241819909752e-261
-3.710555174206034783e-261
-2.250565477711311749e-261
-1.365036963922720023e-261
-8.279367702601775294e-262
-5.021690354662524664e-262
-3.045809163686029554e-262
-1.847376641409271741e-262
-1.120490573051674500e-262
-6.796118864748188381e-263
-4.122054458521192275e-263
-2.500152410098260269e-263
-1.516419090679028403e-263
-9.197546714703826939e-264
-5.578594076607077468e-264
-3.383588345553479742e-264
-2.052250071424529908e-264
-1.244752589716419120e-264
-7.549806094197086059e-265
-4.579188871015818943e-265
-2.777418446885973604e-265
-1.684589442887787162e-265
-1.021755146139667233e-265
-6.197258228528705449e-266
-3.758827121759061360e-266
-2.279843893906262872e-266
-1.382795221012784551e-266
-8.387076976483609448e-267
-5.087019331607243085e-267
-3.085433191170660583e-267
-1.871409828939996370e-267
-1.135067438139682433e-267
-6.884532020731904149e-268
-4.175679748347270669e-268
-2.532677792513753345e-268
-1.536146732332902774e-268
-9.317200909772818274e-269
-5.651168014479654886e-269
-3.427606663969277873e-269
-2.078948531132704917e-269
-1.260946024096529538e-269
-7.648024238572903675e-270
-4.638761186919833579e-270
-2.813550882951844968e-270
-1.706504873171844720e-270
-1.035047526527742841e-270
-6.277880590988013447e-271
-3.807727056449097092e-271
-2.309503203553714370e-271
-1.400784501659874788e-271
-8.496187479069961722e-272
-5.153198196722520105e-272
-3.125572701888063501e-272
-1.895755672855965346e-272
-1.149833938911295886e-272
-6.974095375278440401e-273
-4.230002668866458430e-273
-2.565626309333773179e-273
-1.556131017976302234e-273
-9.438411729324583586e-274
-5.724686092826698432e-274
-3.472197632529914396e-274
-2.105994320711013178e-274
-1.277350124691910107e-274
-7.747520138133988299e-275
-4.699108500519319969e-275
-2.850153378881227337e-275
-1.728705409175021893e-275
-1.048512832275724067e-275
-6.359551798773566137e-276
-3.857263147986795459e-276
-2.339548361833660280e-276
-1.419007811332580722e-276
-8.606717439449302991e-277
-5.220238006509412230e-277
-3.166234401945116610e-277
-1.920418240616607027e-277
-1.164792542405365284e-277
-7.064823891734817747e-278
-4.285032295807493428e-278
-2.599003465266059323e-278
-1.576375286383243039e-278
-9.561199424047199219e-279
-5.799160594311398326e-279
-3.517368701047199953e-279
-2.133391958698726478e-279
-1.293967632135166018e-279
-7.848310415657363665e-280
-4.760240894038192544e-280
-2.887232049852040825e-280
-1.751194759940217274e-280
-1.062153313031846709e-280
-6.442285496691652067e-281
-3.907443672365518016e-281
-2.369984388389812783e-281
-1.437468194598715140e-281
-8.718685323858867962e-282
-5.288149961306973770e-282
-3.207425084690855996e-282
-1.945401652596394188e-282
-1.179945747755338266e-282
-7.156732728111617582e-283
-4.340777822968534053e-283
-2.632814836631074037e-283
-1.596882919763054649e-283
-9.685584508077217267e-284
-5.874603961386536560e-284
-3.563127416250225867e-284
-2.161146022418420462e-284
-1.310801322712778087e-284
-7.950411910171738334e-285
-4.822168580863642449e-285
-2.924793090596758432e-285
-1.773976682762604179e-285
-1.075971247710831238e-285
-6.526095507058758207e-286
-3.958277013244001264e-286
-2.400816368168236158e-286
-1.456168735633968968e-286
-8.832109838769825497e-287
-5.356945407163502496e-287
-3.249151631851440280e-287
-1.970710082773233722e-287
-1.195296086606787804e-287
-7.249837239615440324e-288
-4.397248563753170589e-288
-2.667066072293640269e-288
-1.617657344325443657e-288
-9.811587762426980503e-289
-5.951028798373237189e-289
-3.609481423046199589e-289
-2.189261148740706114e-289
-1.327854008828938190e-289
-8.053841679770808640e-290
-4.884901907252492414e-290
-2.962842776437355439e-290
-1.797054983817359514e-290
-1.089968944874619007e-290
-6.610995832010856202e-291
-4.009771663347014657e-291
-2.432049452266887875e-291
-1.475112558737184394e-291
-8.947009934012551336e-292
-5.426635837732118296e-292
-3.291421014679880565e-292
-1.996347759425813310e-292
-1.210846123540376233e-292
-7.344152981214292192e-293
-4.454453952726408141e-293
-2.701762894606695915e-293
-1.638702030852913171e-293
-9.939230238456497690e-294
-6.028447873566774022e-294
-3.656438465797677511e-294
-2.217742034858914644e-294
-1.345128539475415490e-294
-8.158617004463147656e-295
-4.948451354059742082e-295
-3.001387464333729396e-295
-1.820433518795565220e-295
-1.104148743118064656e-295
-6.697000655842748158e-296
-4.061936225884241089e-296
-2.463688858796212931e-296
-1.494302828852331920e-296
-9.063404805942591992e-297
-5.497232896191012955e-297
-3.334240295120726147e-297
-2.022318965840019575e-297
-1.226598456500317467e-297
-7.439695710236354245e-298
-4.512403547190905783e-298
-2.736911100367326899e-298
-1.660020495280624487e-298
-1.006853326139049620e-298
-6.106874121369770024e-299
-3.704006389616414971e-299
-2.246593439073853675e-299
-1.362627800707538419e-299
-8.264755389059180378e-300
-5.012827538489606955e-300
-3.040433593945757949e-300
-1.844116193548373362e-300
-1.118513011459645155e-300
-6.784124347377829910e-301
-4.114779415987614003e-301
-2.495739873750931688e-301
-1.513742752097277127e-301
-9.181313900647787763e-302
-5.568748377188674452e-302
-3.377616626989903975e-302
-2.048628041024545683e-302
-1.242555717228417629e-302
-7.536481389002565405e-303
-4.571107028783709559e-303
-2.772516561785239474e-303
-1.681616299283803475e-303
-1.019951843388122539e-303
-6.186320644453145180e-304
-3.752193141674049256e-304
-2.275820181588779883e-304
-1.380354716126367787e-304
-8.372274566095707686e-305
-5.078041215869330915e-305
-3.079987688709168670e-305
-1.868106964739560921e-305
-1.133064149737251118e-305
-6.872381462368690349e-306
-4.168310062167354280e-306
-2.528207851893173233e-306
-1.533435576299426058e-306
-9.300756917197132191e-307
-5.641194228814415387e-307
-3.421557257169907509e-307
-2.075279380435812690e-307
-1.258720571703758667e-307
-7.634526187493437815e-308
-4.630574205093770264e-308
-2.808585227463828365e-308
-1.703493050872791901e-308
-1.033220763961761276e-308
-6.266800715945180694e-309
-3.801006772529835715e-309
-2.305427145314710298e-309
-1.398312247367146642e-309
-8.481192498798516283e-310
-5.144103281446093585e-310
-3.120056356925402168e-310
-1.892409840506530141e-310
-1.147804589009132532e-310
-6.961786745929004112e-311
-4.222537107787379770e-311
-2.561098217647050219e-311
-1.553384591538753379e-311
-9.421753810935073981e-312
-5.714582554596603732e-312
-3.466069526819150726e-312
-2.102277436708907687e-312
-1.275095720590370828e-312
-7.733846486053230120e-313
-4.690815011325307423e-313
-2.845123123385703882e-313
-1.725654404991668140e-313
-1.046662304684669493e-313
-6.348327781455532829e-314
-3.850455437453624385e-314
-2.335419276594222783e-314
-1.416503394676607013e-314
-8.591527384627148428e-315
-5.211024772528578300e-315
-3.160646294923900045e-315
-1.917028880162103084e-315
-1.162736788521215910e-315
-7.052355132789635416e-316
-4.277469622264966415e-316
-2.594416472245041016e-316
-1.573593153216620148e-316
-9.544324573634700171e-317
-5.788925670807635093e-317
-3.511161009264965737e-317
-2.129626488621859199e-317
-1.291684236356063283e-317
-7.834463174638605813e-318
-4.751839390541316250e-318
-2.882136885671370128e-318
-1.748108008771956935e-318
-1.060279697944690321e-318
-6.430956072528001518e-319
-3.900500054222889092e-319
-2.365783938546224952e-319
-1.434914855216732338e-319
-8.703460417139399122e-320
-5.279091425813719325e-320
-3.202039450697118853e-320
-1.942172053801940165e-320
-1.177852499685531761e-320
-7.144189238864425029e-321
-4.328015057569319727e-321
-2.628429235875431615e-321
-1.590891379608813872e-321
-9.683686658488432266e-322
-5.879381185510833876e-322
-3.507866085472850464e-322
-2.124482277117360140e-322
-1.333977243771365669e-322
-7.410984687618698163e-323
-4.940656458412465442e-323
-2.964393875047479265e-323
-1.976262583364986177e-323
-1.482196937523739633e-323
-4.940656458412465442e-324
-4.940656458412465442e-324
0.000000000000000000e+00
0.000000000000000000e+00
0.000000000000000000e+00
0.000000000000000000e+00
0.000000000000000000e+00
0.000000000000000000e+00
0.000000000000000000e+00
0.000000000000000000e+00
0.000000000000000000e+00
0.000000000000000000e+00
0.000000000000000000e+00
0.000000000000000000e+00
0.000000000000000000e+00
0.000000000000000000e+00
0.000000000000000000e+00
0.000000000000000000e+00
0.000000000000000000e+00
0.000000000000000000e+00
0.000000000000000000e+00
0.000000000000000000e+00
0.000000000000000000e+00
0.000000000000000000e+00
0.000000000000000000e+00
0.000000000000000000e+00
0.000000000000000000e+00
0.000000000000000000e+00
0.000000000000000000e+00
0.000000000000000000e+00
0.000000000000000000e+00
0.000000000000000000e+00
0.000000000000000000e+00
0.000000000000000000e+00
0.000000000000000000e+00
0.000000000000000000e+00
0.000000000000000000e+00
0.000000000000000000e+00
0.000000000000000000e+00
0.000000000000000000e+00
0.000000000000000000e+00
0.000000000000000000e+00
0.000000000000000000e+00
0.000000000000000000e+00
0.000000000000000000e+00
0.000000000000000000e+00
0.000000000000000000e+00
0.000000000000000000e+00
0.000000000000000000e+00
0.000000000000000000e+00
0.000000000000000000e+00
0.000000000000000000e+00
0.000000000000000000e+00
0.000000000000000000e+00
0.000000000000000000e+00
0.000000000000000000e+00
0.000000000000000000e+00
0.000000000000000000e+00
0.000000000000000000e+00
0.000000000000000000e+00
0.000000000000000000e+00
0.000000000000000000e+00
0.000000000000000000e+00
0.000000000000000000e+00
0.000000000000000000e+00
0.000000000000000000e+00
0.000000000000000000e+00
0.000000000000000000e+00
0.000000000000000000e+00
0.000000000000000000e+00
0.000000000000000000e+00
0.000000000000000000e+00
0.000000000000000000e+00
0.000000000000000000e+00
0.000000000000000000e+00
0.000000000000000000e+00
0.000000000000000000e+00
0.000000000000000000e+00
0.000000000000000000e+00
0.000000000000000000e+00
0.000000000000000000e+00
0.000000000000000000e+00
0.000000000000000000e+00
0.000000000000000000e+00
0.000000000000000000e+00
0.000000000000000000e+00
0.000000000000000000e+00
0.000000000000000000e+00
0.000000000000000000e+00
0.000000000000000000e+00
0.000000000000000000e+00
0.000000000000000000e+00
0.000000000000000000e+00
0.000000000000000000e+00
0.000000000000000000e+00
0.000000000000000000e+00
0.000000000000000000e+00
0.000000000000000000e+00
0.000000000000000000e+00
0.000000000000000000e+00
0.000000000000000000e+00
0.000000000000000000e+00
0.000000000000000000e+00
0.000000000000000000e+00
0.000000000000000000e+00
0.000000000000000000e+00
0.000000000000000000e+00
0.000000000000000000e+00
0.000000000000000000e+00
0.000000000000000000e+00
0.000000000000000000e+00
0.000000000000000000e+00
0.000000000000000000e+00
0.000000000000000000e+00
0.000000000000000000e+00
0.000000000000000000e+00
0.000000000000000000e+00
0.000000000000000000e+00
0.000000000000000000e+00
0.000000000000000000e+00
0.000000000000000000e+00
0.000000000000000000e+00
0.000000000000000000e+00
0.000000000000000000e+00
0.000000000000000000e+00
0.000000000000000000e+00
0.000000000000000000e+00
0.000000000000000000e+00
0.000000000000000000e+00
0.000000000000000000e+00
0.000000000000000000e+00
0.000000000000000000e+00
0.000000000000000000e+00
0.000000000000000000e+00
0.000000000000000000e+00
0.000000000000000000e+00
0.000000000000000000e+00
0.000000000000000000e+00
0.000000000000000000e+00
0.000000000000000000e+00
0.000000000000000000e+00
0.000000000000000000e+00
0.000000000000000000e+00
0.000000000000000000e+00
0.000000000000000000e+00
0.000000000000000000e+00
0.000000000000000000e+00
0.000000000000000000e+00
0.000000000000000000e+00
0.000000000000000000e+00
0.000000000000000000e+00
0.000000000000000000e+00
0.000000000000000000e+00
0.000000000000000000e+00
0.000000000000000000e+00
0.000000000000000000e+00
0.000000000000000000e+00
0.000000000000000000e+00
0.000000000000000000e+00
0.000000000000000000e+00
0.000000000000000000e+00
0.000000000000000000e+00
0.000000000000000000e+00
0.000000000000000000e+00
0.000000000000000000e+00
0.000000000000000000e+00
0.000000000000000000e+00
0.000000000000000000e+00
0.000000000000000000e+00
0.000000000000000000e+00
0.000000000000000000e+00
0.000000000000000000e+00
0.000000000000000000e+00
0.000000000000000000e+00
0.000000000000000000e+00
0.000000000000000000e+00
0.000000000000000000e+00
0.000000000000000000e+00
0.000000000000000000e+00
0.000000000000000000e+00
0.000000000000000000e+00
0.000000000000000000e+00
0.000000000000000000e+00
0.000000000000000000e+00
0.000000000000000000e+00
0.000000000000000000e+00
0.000000000000000000e+00
0.000000000000000000e+00
0.000000000000000000e+00
0.000000000000000000e+00
0.000000000000000000e+00
0.000000000000000000e+00
0.000000000000000000e+00
0.000000000000000000e+00
0.000000000000000000e+00
0.000000000000000000e+00
0.000000000000000000e+00
0.000000000000000000e+00
0.000000000000000000e+00
0.000000000000000000e+00
0.000000000000000000e+00
0.000000000000000000e+00
0.000000000000000000e+00
0.000000000000000000e+00
0.000000000000000000e+00
0.000000000000000000e+00
0.000000000000000000e+00
0.000000000000000000e+00
0.000000000000000000e+00
0.000000000000000000e+00
0.000000000000000000e+00
0.000000000000000000e+00
0.000000000000000000e+00
0.000000000000000000e+00
0.000000000000000000e+00
0.000000000000000000e+00
0.000000000000000000e+00
0.000000000000000000e+00
0.000000000000000000e+00
0.000000000000000000e+00
0.000000000000000000e+00
0.000000000000000000e+00
0.000000000000000000e+00
0.000000000000000000e+00
0.000000000000000000e+00
0.000000000000000000e+00
0.000000000000000000e+00
0.000000000000000000e+00
0.000000000000000000e+00
0.000000000000000000e+00
0.000000000000000000e+00
0.000000000000000000e+00
0.000000000000000000e+00
0.000000000000000000e+00
0.000000000000000000e+00
0.000000000000000000e+00
0.000000000000000000e+00
0.000000000000000000e+00
0.000000000000000000e+00
0.000000000000000000e+00
0.000000000000000000e+00
0.000000000000000000e+00
0.000000000000000000e+00
0.000000000000000000e+00
0.000000000000000000e+00
0.000000000000000000e+00
0.000000000000000000e+00
0.000000000000000000e+00
0.000000000000000000e+00
0.000000000000000000e+00
0.000000000000000000e+00
0.000000000000000000e+00
0.000000000000000000e+00
0.000000000000000000e+00
0.000000000000000000e+00
0.000000000000000000e+00
0.000000000000000000e+00
0.000000000000000000e+00
0.000000000000000000e+00
0.000000000000000000e+00
0.000000000000000000e+00
0.000000000000000000e+00
0.000000000000000000e+00
0.000000000000000000e+00
0.000000000000000000e+00
0.000000000000000000e+00
0.000000000000000000e+00
0.000000000000000000e+00
0.000000000000000000e+00
0.000000000000000000e+00
0.000000000000000000e+00
0.000000000000000000e+00
0.000000000000000000e+00
0.000000000000000000e+00
0.000000000000000000e+00
0.000000000000000000e+00
0.000000000000000000e+00
0.000000000000000000e+00
0.000000000000000000e+00
0.000000000000000000e+00
0.000000000000000000e+00
0.000000000000000000e+00
0.000000000000000000e+00
0.000000000000000000e+00
0.000000000000000000e+00
0.000000000000000000e+00
0.000000000000000000e+00
0.000000000000000000e+00
0.000000000000000000e+00
0.000000000000000000e+00
0.000000000000000000e+00
0.000000000000000000e+00
0.000000000000000000e+00
0.000000000000000000e+00
0.000000000000000000e+00
0.000000000000000000e+00
0.000000000000000000e+00
0.000000000000000000e+00
0.000000000000000000e+00
0.000000000000000000e+00
0.000000000000000000e+00
0.000000000000000000e+00
0.000000000000000000e+00
0.000000000000000000e+00
0.000000000000000000e+00
0.000000000000000000e+00
0.000000000000000000e+00
0.000000000000000000e+00
0.000000000000000000e+00
0.000000000000000000e+00
0.000000000000000000e+00
0.000000000000000000e+00
0.000000000000000000e+00
0.000000000000000000e+00
0.000000000000000000e+00
0.000000000000000000e+00
0.000000000000000000e+00
0.000000000000000000e+00
0.000000000000000000e+00
0.000000000000000000e+00
0.000000000000000000e+00
0.000000000000000000e+00
0.000000000000000000e+00
0.000000000000000000e+00
0.000000000000000000e+00
0.000000000000000000e+00
0.000000000000000000e+00
0.000000000000000000e+00
0.000000000000000000e+00
0.000000000000000000e+00
0.000000000000000000e+00
0.000000000000000000e+00
0.000000000000000000e+00
0.000000000000000000e+00
0.000000000000000000e+00
0.000000000000000000e+00
0.000000000000000000e+00
0.000000000000000000e+00
0.000000000000000000e+00
0.000000000000000000e+00
0.000000000000000000e+00
0.000000000000000000e+00
0.000000000000000000e+00
0.000000000000000000e+00
0.000000000000000000e+00
0.000000000000000000e+00
0.000000000000000000e+00
0.000000000000000000e+00
0.000000000000000000e+00
0.000000000000000000e+00
0.000000000000000000e+00
0.000000000000000000e+00
0.000000000000000000e+00
0.000000000000000000e+00
0.000000000000000000e+00
0.000000000000000000e+00
0.000000000000000000e+00
0.000000000000000000e+00
0.000000000000000000e+00
0.000000000000000000e+00
0.000000000000000000e+00
0.000000000000000000e+00
0.000000000000000000e+00
0.000000000000000000e+00
0.000000000000000000e+00
0.000000000000000000e+00
0.000000000000000000e+00
0.000000000000000000e+00
0.000000000000000000e+00
0.000000000000000000e+00
0.000000000000000000e+00
0.000000000000000000e+00
0.000000000000000000e+00
0.000000000000000000e+00
0.000000000000000000e+00
0.000000000000000000e+00
0.000000000000000000e+00
0.000000000000000000e+00
0.000000000000000000e+00
0.000000000000000000e+00
0.000000000000000000e+00
0.000000000000000000e+00
0.000000000000000000e+00
0.000000000000000000e+00
0.000000000000000000e+00
0.000000000000000000e+00
0.000000000000000000e+00
0.000000000000000000e+00
0.000000000000000000e+00
0.000000000000000000e+00
0.000000000000000000e+00
0.000000000000000000e+00
0.000000000000000000e+00
0.000000000000000000e+00
0.000000000000000000e+00
0.000000000000000000e+00
0.000000000000000000e+00
0.000000000000000000e+00
0.000000000000000000e+00
0.000000000000000000e+00
0.000000000000000000e+00
0.000000000000000000e+00
0.000000000000000000e+00
0.000000000000000000e+00
0.000000000000000000e+00
0.000000000000000000e+00
0.000000000000000000e+00
0.000000000000000000e+00
0.000000000000000000e+00
0.000000000000000000e+00
0.000000000000000000e+00
0.000000000000000000e+00
0.000000000000000000e+00
0.000000000000000000e+00
0.000000000000000000e+00
0.000000000000000000e+00
0.000000000000000000e+00
0.000000000000000000e+00
0.000000000000000000e+00
0.000000000000000000e+00
0.000000000000000000e+00
0.000000000000000000e+00
0.000000000000000000e+00
0.000000000000000000e+00
0.000000000000000000e+00
0.000000000000000000e+00
0.000000000000000000e+00
0.000000000000000000e+00
0.000000000000000000e+00
0.000000000000000000e+00
0.000000000000000000e+00
0.000000000000000000e+00
0.000000000000000000e+00
0.000000000000000000e+00
0.000000000000000000e+00
0.000000000000000000e+00
0.000000000000000000e+00
0.000000000000000000e+00
0.000000000000000000e+00
0.000000000000000000e+00
0.000000000000000000e+00
0.000000000000000000e+00
0.000000000000000000e+00
0.000000000000000000e+00
0.000000000000000000e+00
0.000000000000000000e+00
0.000000000000000000e+00
0.000000000000000000e+00
0.000000000000000000e+00
0.000000000000000000e+00
0.000000000000000000e+00
0.000000000000000000e+00
0.000000000000000000e+00
0.000000000000000000e+00
0.000000000000000000e+00
0.000000000000000000e+00
0.000000000000000000e+00
0.000000000000000000e+00
0.000000000000000000e+00
0.000000000000000000e+00
0.000000000000000000e+00
0.000000000000000000e+00
0.000000000000000000e+00
0.000000000000000000e+00
0.000000000000000000e+00
0.000000000000000000e+00
0.000000000000000000e+00
0.000000000000000000e+00
0.000000000000000000e+00
0.000000000000000000e+00
0.000000000000000000e+00
0.000000000000000000e+00
0.000000000000000000e+00
0.000000000000000000e+00
0.000000000000000000e+00
0.000000000000000000e+00
0.000000000000000000e+00
0.000000000000000000e+00
0.000000000000000000e+00
0.000000000000000000e+00
0.000000000000000000e+00
0.000000000000000000e+00
0.000000000000000000e+00
0.000000000000000000e+00
0.000000000000000000e+00
0.000000000000000000e+00
0.000000000000000000e+00
0.000000000000000000e+00
0.000000000000000000e+00
0.000000000000000000e+00
0.000000000000000000e+00
0.000000000000000000e+00
0.000000000000000000e+00
0.000000000000000000e+00
0.000000000000000000e+00
0.000000000000000000e+00
0.000000000000000000e+00
0.000000000000000000e+00
0.000000000000000000e+00
0.000000000000000000e+00
0.000000000000000000e+00
0.000000000000000000e+00
0.000000000000000000e+00
0.000000000000000000e+00
0.000000000000000000e+00
0.000000000000000000e+00
0.000000000000000000e+00
0.000000000000000000e+00
0.000000000000000000e+00
0.000000000000000000e+00
0.000000000000000000e+00
0.000000000000000000e+00
0.000000000000000000e+00
0.000000000000000000e+00
0.000000000000000000e+00
0.000000000000000000e+00
0.000000000000000000e+00
0.000000000000000000e+00
0.000000000000000000e+00
0.000000000000000000e+00
0.000000000000000000e+00
0.000000000000000000e+00
0.000000000000000000e+00
0.000000000000000000e+00
0.000000000000000000e+00
0.000000000000000000e+00
0.000000000000000000e+00
0.000000000000000000e+00
0.000000000000000000e+00
0.000000000000000000e+00
0.000000000000000000e+00
0.000000000000000000e+00
0.000000000000000000e+00
0.000000000000000000e+00
0.000000000000000000e+00
0.000000000000000000e+00
0.000000000000000000e+00
0.000000000000000000e+00
0.000000000000000000e+00
0.000000000000000000e+00
0.000000000000000000e+00
0.000000000000000000e+00
0.000000000000000000e+00
0.000000000000000000e+00
0.000000000000000000e+00
0.000000000000000000e+00
0.000000000000000000e+00
0.000000000000000000e+00
0.000000000000000000e+00
0.000000000000000000e+00
0.000000000000000000e+00
0.000000000000000000e+00
0.000000000000000000e+00
0.000000000000000000e+00
0.000000000000000000e+00
0.000000000000000000e+00
0.000000000000000000e+00
0.000000000000000000e+00
0.000000000000000000e+00
0.000000000000000000e+00
0.000000000000000000e+00
0.000000000000000000e+00
0.000000000000000000e+00
0.000000000000000000e+00
0.000000000000000000e+00
0.000000000000000000e+00
0.000000000000000000e+00
0.000000000000000000e+00
0.000000000000000000e+00
0.000000000000000000e+00
0.000000000000000000e+00
0.000000000000000000e+00
0.000000000000000000e+00
0.000000000000000000e+00
0.000000000000000000e+00
0.000000000000000000e+00
0.000000000000000000e+00
0.000000000000000000e+00
0.000000000000000000e+00
0.000000000000000000e+00
0.000000000000000000e+00
0.000000000000000000e+00
0.000000000000000000e+00
0.000000000000000000e+00
0.000000000000000000e+00
0.000000000000000000e+00
0.000000000000000000e+00
0.000000000000000000e+00
0.000000000000000000e+00
0.000000000000000000e+00
0.000000000000000000e+00
0.000000000000000000e+00
0.000000000000000000e+00
0.000000000000000000e+00
0.000000000000000000e+00
0.000000000000000000e+00
0.000000000000000000e+00
0.000000000000000000e+00
0.000000000000000000e+00
0.000000000000000000e+00
0.000000000000000000e+00
0.000000000000000000e+00
0.000000000000000000e+00
0.000000000000000000e+00
0.000000000000000000e+00
0.000000000000000000e+00
0.000000000000000000e+00
0.000000000000000000e+00
0.000000000000000000e+00
0.000000000000000000e+00
0.000000000000000000e+00
0.000000000000000000e+00
0.000000000000000000e+00
0.000000000000000000e+00
0.000000000000000000e+00
0.000000000000000000e+00
0.000000000000000000e+00
0.000000000000000000e+00
0.000000000000000000e+00
0.000000000000000000e+00
0.000000000000000000e+00
0.000000000000000000e+00
0.000000000000000000e+00
0.000000000000000000e+00
0.000000000000000000e+00
0.000000000000000000e+00
0.000000000000000000e+00
0.000000000000000000e+00
0.000000000000000000e+00
0.000000000000000000e+00
0.000000000000000000e+00
0.000000000000000000e+00
0.000000000000000000e+00
0.000000000000000000e+00
0.000000000000000000e+00
0.000000000000000000e+00
0.000000000000000000e+00
0.000000000000000000e+00
0.000000000000000000e+00
0.000000000000000000e+00
0.000000000000000000e+00
0.000000000000000000e+00
0.000000000000000000e+00
0.000000000000000000e+00
0.000000000000000000e+00
0.000000000000000000e+00
0.000000000000000000e+00
0.000000000000000000e+00
0.000000000000000000e+00
0.000000000000000000e+00
0.000000000000000000e+00
0.000000000000000000e+00
0.000000000000000000e+00
0.000000000000000000e+00
0.000000000000000000e+00
0.000000000000000000e+00
0.000000000000000000e+00
0.000000000000000000e+00
0.000000000000000000e+00
0.000000000000000000e+00
0.000000000000000000e+00
0.000000000000000000e+00
0.000000000000000000e+00
0.000000000000000000e+00
0.000000000000000000e+00
0.000000000000000000e+00
0.000000000000000000e+00
0.000000000000000000e+00
0.000000000000000000e+00
0.000000000000000000e+00
0.000000000000000000e+00
0.000000000000000000e+00
0.000000000000000000e+00
0.000000000000000000e+00
0.000000000000000000e+00
0.000000000000000000e+00
0.000000000000000000e+00
0.000000000000000000e+00
0.000000000000000000e+00
0.000000000000000000e+00
0.000000000000000000e+00
0.000000000000000000e+00
0.000000000000000000e+00
0.000000000000000000e+00
0.000000000000000000e+00
0.000000000000000000e+00
0.000000000000000000e+00
0.000000000000000000e+00
0.000000000000000000e+00
0.000000000000000000e+00
0.000000000000000000e+00
0.000000000000000000e+00
0.000000000000000000e+00
0.000000000000000000e+00
0.000000000000000000e+00
0.000000000000000000e+00
0.000000000000000000e+00
0.000000000000000000e+00
0.000000000000000000e+00
0.000000000000000000e+00
0.000000000000000000e+00
0.000000000000000000e+00
0.000000000000000000e+00
0.000000000000000000e+00
0.000000000000000000e+00
0.000000000000000000e+00
0.000000000000000000e+00
0.000000000000000000e+00
0.000000000000000000e+00
0.000000000000000000e+00
0.000000000000000000e+00
0.000000000000000000e+00
0.000000000000000000e+00
0.000000000000000000e+00
0.000000000000000000e+00
0.000000000000000000e+00
0.000000000000000000e+00
0.000000000000000000e+00
0.000000000000000000e+00
0.000000000000000000e+00
0.000000000000000000e+00
0.000000000000000000e+00
0.000000000000000000e+00
0.000000000000000000e+00
0.000000000000000000e+00
0.000000000000000000e+00
0.000000000000000000e+00
0.000000000000000000e+00
0.000000000000000000e+00
0.000000000000000000e+00
0.000000000000000000e+00
0.000000000000000000e+00
0.000000000000000000e+00
0.000000000000000000e+00
0.000000000000000000e+00
0.000000000000000000e+00
0.000000000000000000e+00
0.000000000000000000e+00
0.000000000000000000e+00
0.000000000000000000e+00
0.000000000000000000e+00
0.000000000000000000e+00
0.000000000000000000e+00
0.000000000000000000e+00
0.000000000000000000e+00
0.000000000000000000e+00
0.000000000000000000e+00
0.000000000000000000e+00
0.000000000000000000e+00
0.000000000000000000e+00
0.000000000000000000e+00
0.000000000000000000e+00
0.000000000000000000e+00
0.000000000000000000e+00
0.000000000000000000e+00
0.000000000000000000e+00
0.000000000000000000e+00
0.000000000000000000e+00
0.000000000000000000e+00
0.000000000000000000e+00
0.000000000000000000e+00
0.000000000000000000e+00
0.000000000000000000e+00
0.000000000000000000e+00
0.000000000000000000e+00
0.000000000000000000e+00
0.000000000000000000e+00
0.000000000000000000e+00
0.000000000000000000e+00
0.000000000000000000e+00
0.000000000000000000e+00
0.000000000000000000e+00
0.000000000000000000e+00
0.000000000000000000e+00
0.000000000000000000e+00
0.000000000000000000e+00
0.000000000000000000e+00
0.000000000000000000e+00
0.000000000000000000e+00
0.000000000000000000e+00
0.000000000000000000e+00
0.000000000000000000e+00
0.000000000000000000e+00
0.000000000000000000e+00
0.000000000000000000e+00
0.000000000000000000e+00
0.000000000000000000e+00
0.000000000000000000e+00
0.000000000000000000e+00
0.000000000000000000e+00
0.000000000000000000e+00
0.000000000000000000e+00
0.000000000000000000e+00
0.000000000000000000e+00
0.000000000000000000e+00
0.000000000000000000e+00
0.000000000000000000e+00
0.000000000000000000e+00
0.000000000000000000e+00
0.000000000000000000e+00
0.000000000000000000e+00
0.000000000000000000e+00
0.000000000000000000e+00
0.000000000000000000e+00
0.000000000000000000e+00
0.000000000000000000e+00
0.000000000000000000e+00
0.000000000000000000e+00
0.000000000000000000e+00
0.000000000000000000e+00
0.000000000000000000e+00
0.000000000000000000e+00
0.000000000000000000e+00
0.000000000000000000e+00
0.000000000000000000e+00
0.000000000000000000e+00
0.000000000000000000e+00
0.000000000000000000e+00
0.000000000000000000e+00
0.000000000000000000e+00
0.000000000000000000e+00
0.000000000000000000e+00
0.000000000000000000e+00
0.000000000000000000e+00
0.000000000000000000e+00
0.000000000000000000e+00
0.000000000000000000e+00
0.000000000000000000e+00
0.000000000000000000e+00
0.000000000000000000e+00
0.000000000000000000e+00
0.000000000000000000e+00
0.000000000000000000e+00
0.000000000000000000e+00
0.000000000000000000e+00
0.000000000000000000e+00
0.000000000000000000e+00
0.000000000000000000e+00
0.000000000000000000e+00
0.000000000000000000e+00
0.000000000000000000e+00
0.000000000000000000e+00
0.000000000000000000e+00
0.000000000000000000e+00
0.000000000000000000e+00
0.000000000000000000e+00
0.000000000000000000e+00
0.000000000000000000e+00
0.000000000000000000e+00
0.000000000000000000e+00
0.000000000000000000e+00
0.000000000000000000e+00
0.000000000000000000e+00
0.000000000000000000e+00
0.000000000000000000e+00
0.000000000000000000e+00
0.000000000000000000e+00
0.000000000000000000e+00
0.000000000000000000e+00
0.000000000000000000e+00
0.000000000000000000e+00
0.000000000000000000e+00
0.000000000000000000e+00
0.000000000000000000e+00
0.000000000000000000e+00
0.000000000000000000e+00
0.000000000000000000e+00
0.000000000000000000e+00
0.000000000000000000e+00
0.000000000000000000e+00
0.000000000000000000e+00
0.000000000000000000e+00
0.000000000000000000e+00
0.000000000000000000e+00
0.000000000000000000e+00
0.000000000000000000e+00
0.000000000000000000e+00
0.000000000000000000e+00
0.000000000000000000e+00
0.000000000000000000e+00
0.000000000000000000e+00
0.000000000000000000e+00
0.000000000000000000e+00
0.000000000000000000e+00
0.000000000000000000e+00
0.000000000000000000e+00
0.000000000000000000e+00
0.000000000000000000e+00
0.000000000000000000e+00
0.000000000000000000e+00
0.000000000000000000e+00
0.000000000000000000e+00
0.000000000000000000e+00
0.000000000000000000e+00
0.000000000000000000e+00
0.000000000000000000e+00
0.000000000000000000e+00
0.000000000000000000e+00
0.000000000000000000e+00
0.000000000000000000e+00
0.000000000000000000e+00
0.000000000000000000e+00
0.000000000000000000e+00
0.000000000000000000e+00
0.000000000000000000e+00
0.000000000000000000e+00
0.000000000000000000e+00
0.000000000000000000e+00
0.000000000000000000e+00
0.000000000000000000e+00
0.000000000000000000e+00
0.000000000000000000e+00
0.000000000000000000e+00
0.000000000000000000e+00
0.000000000000000000e+00
0.000000000000000000e+00
0.000000000000000000e+00
0.000000000000000000e+00
0.000000000000000000e+00
0.000000000000000000e+00
0.000000000000000000e+00
0.000000000000000000e+00
0.000000000000000000e+00
0.000000000000000000e+00
0.000000000000000000e+00
0.000000000000000000e+00
0.000000000000000000e+00
0.000000000000000000e+00
0.000000000000000000e+00
0.000000000000000000e+00
0.000000000000000000e+00
0.000000000000000000e+00
0.000000000000000000e+00
0.000000000000000000e+00
0.000000000000000000e+00
0.000000000000000000e+00
0.000000000000000000e+00
0.000000000000000000e+00
0.000000000000000000e+00
0.000000000000000000e+00
0.000000000000000000e+00
0.000000000000000000e+00
0.000000000000000000e+00
0.000000000000000000e+00
0.000000000000000000e+00
0.000000000000000000e+00
0.000000000000000000e+00
0.000000000000000000e+00
0.000000000000000000e+00
0.000000000000000000e+00
0.000000000000000000e+00
0.000000000000000000e+00
0.000000000000000000e+00
0.000000000000000000e+00
0.000000000000000000e+00
0.000000000000000000e+00
0.000000000000000000e+00
0.000000000000000000e+00
0.000000000000000000e+00
0.000000000000000000e+00
0.000000000000000000e+00
0.000000000000000000e+00
0.000000000000000000e+00
0.000000000000000000e+00
0.000000000000000000e+00
0.000000000000000000e+00
0.000000000000000000e+00
0.000000000000000000e+00
0.000000000000000000e+00
0.000000000000000000e+00
0.000000000000000000e+00
0.000000000000000000e+00
0.000000000000000000e+00
0.000000000000000000e+00
0.000000000000000000e+00
0.000000000000000000e+00
0.000000000000000000e+00
0.000000000000000000e+00
0.000000000000000000e+00
0.000000000000000000e+00
0.000000000000000000e+00
0.000000000000000000e+00
0.000000000000000000e+00
0.000000000000000000e+00
0.000000000000000000e+00
0.000000000000000000e+00
0.000000000000000000e+00
0.000000000000000000e+00
0.000000000000000000e+00
0.000000000000000000e+00
0.000000000000000000e+00
0.000000000000000000e+00
0.000000000000000000e+00
0.000000000000000000e+00
0.000000000000000000e+00
0.000000000000000000e+00
0.000000000000000000e+00
0.000000000000000000e+00
0.000000000000000000e+00
0.000000000000000000e+00
0.000000000000000000e+00
0.000000000000000000e+00
0.000000000000000000e+00
0.000000000000000000e+00
0.000000000000000000e+00
0.000000000000000000e+00
0.000000000000000000e+00
0.000000000000000000e+00
0.000000000000000000e+00
0.000000000000000000e+00
0.000000000000000000e+00
