-1.199999999999999956e+00
-9.608848835001696509e-01
-7.694164661159454965e-01
-6.161005428391104211e-01
-4.933347486086249178e-01
-3.950315853694866819e-01
-3.163165657388721241e-01
-2.532865053493082441e-01
-2.028159784872793081e-01
-1.624023398839352372e-01
-1.300416278662750169e-01
-1.041291953687150662e-01
-8.338014146736184851e-02
-6.676559793341137194e-02
-5.346171149338762446e-02
-4.280879201670287348e-02
-3.427860094146045061e-02
-2.744815789348669169e-02
-2.197876666648101301e-02
-1.759922053983251772e-02
-1.409235414842563254e-02
-1.128427506179424666e-02
-9.035741106780027440e-03
-7.235255867271688825e-03
-5.793539992597729164e-03
-4.639104167367368893e-03
-3.714704222838287849e-03
-2.974502611999630189e-03
-2.381795496501845199e-03
-1.907192740147836945e-03
-1.527160561607769466e-03
-1.222854581938779281e-03
-9.791854020865778298e-04
-7.840703758408566933e-04
-6.278344764548131774e-04
-5.027305481380609344e-04
-4.025551534830141913e-04
-3.223409681307661001e-04
-2.581104696747189647e-04
-2.066787071529721542e-04
-1.654953712038742932e-04
-1.325183337325435068e-04
-1.061123863918596191e-04
-8.496815669672259062e-05
-6.803718112396196511e-05
-5.447991571498182636e-05
-4.362410622074117475e-05
-3.493145351976322210e-05
-2.797092137152441658e-05
-2.239736293622468594e-05
-1.793440622973773967e-05
-1.436074986725520694e-05
-1.149918955264384092e-05
-9.207831178032112267e-06
-7.373054823993851598e-06
-5.903880771328084813e-06
-4.727458155963726968e-06
-3.785452566204280309e-06
-3.031153456727178656e-06
-2.427157946782028195e-06
-1.943516150775131747e-06
-1.556246075098551627e-06
-1.246144440473888755e-06
-9.978344629242813678e-07
-7.990033763828778035e-07
-6.397918885265857785e-07
-5.123052952260186638e-07
-4.102220115998103599e-07
-3.284801081877411555e-07
-2.630263087400837031e-07
-2.106150033593292909e-07
-1.686473108052639800e-07
-1.350422096631109292e-07
-1.081333482497865995e-07
-8.658641644623297628e-08
-6.933298223302959365e-08
-5.551751212975334869e-08
-4.445494847918112973e-08
-3.559673999202003070e-08
-2.850364113351491468e-08
-2.282393157492345506e-08
-1.827597569365515565e-08
-1.463425731270814765e-08
-1.171819719419423875e-08
-9.383198788146095731e-09
-7.513478228672251624e-09
-6.016323043699001628e-09
-4.817494889120089255e-09
-3.857548346079004740e-09
-3.088883244265332992e-09
-2.473384346926269361e-09
-1.980531358372828040e-09
-1.585885536298757370e-09
-1.269877865659192912e-09
-1.016838704169482021e-09
-8.142207831619642388e-10
-6.519770353100012192e-10
-5.220623980155289778e-10
-4.180348887474760032e-10
-3.347361711442709670e-10
-2.680357723443798990e-10
-2.146262682358397429e-10
-1.718592806248920553e-10
-1.376141540347270946e-10
-1.101928003063610324e-10
-8.823549673744606437e-11
-7.065346250261683914e-11
-5.657487007142553213e-11
-4.530161453134916884e-11
-3.627469716777089633e-11
-2.904650680171458280e-11
-2.325862442021027108e-11
-1.862405051365663708e-11
-1.491297384009687033e-11
-1.194137594248547675e-11
-9.561906359439045928e-12
-7.656576065190937909e-12
-6.130906833675989635e-12
-4.909246415522626866e-12
-3.931017225044239985e-12
-3.147712523603153638e-12
-2.520491151278703041e-12
-2.018251538549705816e-12
-1.616089495411144817e-12
-1.294063305436651167e-12
-1.036204890405285060e-12
-8.297280128328242816e-13
-6.643942541230802376e-13
-5.320053295593655145e-13
-4.259965659292656847e-13
-3.411113838536793033e-13
-2.731406436123537972e-13
-2.187139295971817682e-13
-1.751324239673764488e-13
-1.402350823341624696e-13
-1.122914756260820953e-13
-8.991598456252510010e-14
-7.199909195930420128e-14
-5.765236590786152827e-14
-4.616440574907060140e-14
-3.696556636670858272e-14
-2.959971160982716494e-14
-2.370159620153942647e-14
-1.897875458740357808e-14
-1.519699865891301128e-14
-1.216880523826822854e-14
-9.744017503091358705e-15
-7.802399269401301182e-15
-6.247672927500403776e-15
-5.002745394240292564e-15
-4.005885354437998281e-15
-3.207662235095162001e-15
-2.568495127564425398e-15
-2.056690117850415442e-15
-1.646868703572206838e-15
-1.318709368643380716e-15
-1.055939915049565089e-15
-8.455305852129843078e-16
-6.770479648901695571e-16
-5.421376290562650926e-16
-4.341098771139898881e-16
-3.476080155807912039e-16
-2.783427396292283265e-16
-2.228794424514577761e-16
-1.784679059121266108e-16
-1.429059274840776143e-16
-1.144301212350180972e-16
-9.162847809318331667e-17
-7.337034958155528594e-17
-5.875038317503294645e-17
-4.704362924394325517e-17
-3.766959350457635268e-17
-3.016345247178635337e-17
-2.415300459526279917e-17
-1.934021417224847877e-17
-1.548643286814110347e-17
-1.240056603528072521e-17
-9.929597041789074295e-18
-7.950999747252608580e-18
-6.366662888207256039e-18
-5.098025106349906491e-18
-4.082179383663311664e-18
-3.268753717915098875e-18
-2.617413362857998790e-18
-2.095860778534664774e-18
-1.678234116679036195e-18
-1.343824828075955967e-18
-1.076050802808667782e-18
-8.616341252475596156e-19
-6.899426717152271876e-19
-5.524629031107353484e-19
-4.423777102447706734e-19
-3.542283788096821921e-19
-2.836439120874964232e-19
-2.271242895181038886e-19
-1.818669137280518476e-19
-1.456276401750955010e-19
-1.166094983867094928e-19
-9.337358689360555451e-20
-7.476772347021266812e-20
-5.986931271354021260e-20
-4.793959797665447199e-20
-3.838702918070219811e-20
-3.073793005184700974e-20
-2.461301028075449882e-20
-1.970855793017607040e-20
-1.578137949224466096e-20
-1.263674082906457409e-20
-1.011871103279796714e-20
-8.102430393268302911e-21
-6.487919070419877321e-21
-5.195119466782448611e-21
-4.159926469673904727e-21
-3.331008717651570290e-21
-2.667263269665567586e-21
-2.135777463447402316e-21
-1.710196899289122186e-21
-1.369418623613150606e-21
-1.096544712177905116e-21
-8.780443650114951053e-22
-7.030829644850428923e-22
-5.629848270168000961e-22
-4.508030082670013004e-22
-3.609748300668032696e-22
-2.890460479460283779e-22
-2.314499817556701291e-22
-1.853306572961780489e-22
-1.484011892042067112e-22
-1.188303828331424315e-22
-9.515193213742058506e-23
-7.619171102223404290e-23
-6.100955280773167123e-23
-4.885263086837895441e-23
-3.911812876719928120e-23
-3.132334883601245811e-23
-2.508177699760585546e-23
-2.008391697360146591e-23
-1.608194351783844611e-23
-1.287741368632876476e-23
-1.031142679147618820e-23
-8.256745109373445598e-24
-6.611484635425754030e-24
-5.294063036395202071e-24
-4.239154286640968680e-24
-3.394449394048545821e-24
-2.718062592122967188e-24
-2.176454380981873879e-24
-1.742768428594336185e-24
-1.395499865398026527e-24
-1.117428937989571794e-24
-8.947671457498574350e-25
-7.164735205030265458e-25
-5.737071460662562586e-25
-4.593887701759081879e-25
-3.678497707598034751e-25
-2.945510701017484534e-25
-2.358580588996409044e-25
-1.888603695402967962e-25
-1.512275618196060372e-25
-1.210935651008724649e-25
-9.696414682881011140e-26
-7.764281910774551164e-26
-6.217150932747571866e-26
-4.978305291430105223e-26
-3.986315249986748361e-26
-3.191991720482057809e-26
-2.555947160390741024e-26
-2.046642491203873686e-26
-1.638823193105777186e-26
-1.312267027487351822e-26
-1.050781291523582347e-26
-8.413998824081635046e-27
-6.737403566540209467e-27
-5.394891034273851263e-27
-4.319891035803619868e-27
-3.459098328892968430e-27
-2.769829412311628548e-27
-2.217906010137003842e-27
-1.775960298470685498e-27
-1.422077837080777205e-27
-1.138710914009614148e-27
-9.118084199570838642e-28
-7.301191061541140840e-28
-5.846336768817870353e-28
-4.681380520840235070e-28
-3.748556480322947331e-28
-3.001609380740769836e-28
-2.403500900105094632e-28
-1.924573068658365422e-28
-1.541077640721121455e-28
-1.233998507724202367e-28
-9.881087602782882182e-29
-7.912156425045895531e-29
-6.335559587262746477e-29
-5.073119529929496456e-29
-4.062236557082257004e-29
-3.252784750751788404e-29
-2.604626413564367247e-29
-2.085621789966038137e-29
-1.670035375564122913e-29
-1.337259789408403708e-29
-1.070793930795971218e-29
-8.574247512046408863e-30
-6.865720684761997599e-30
-5.497639350268496478e-30
-4.402165455507279110e-30
-3.524978534052963509e-30
-2.822582156695049142e-30
-2.260147105671334530e-30
-1.809784323605193382e-30
-1.449161999123186193e-30
-1.160398215583622512e-30
-9.291742534957355563e-31
-7.440245786013344080e-31
-5.957683087755097246e-31
-4.770539683090375859e-31
-3.819949556349336080e-31
-3.058776487024404759e-31
-2.449276740322903695e-31
-1.961227496070722676e-31
-1.570428211732695036e-31
-1.257500607730135207e-31
-1.006927770800129855e-31
-8.062847281153132164e-32
-6.456223392025365237e-32
-5.169739551581104453e-32
-4.139603822289389755e-32
-3.314735613764476346e-32
-2.654232786721639659e-32
-2.125343468376114343e-32
-1.701842009173704342e-32
-1.362728550600465968e-32
-1.091187720488411878e-32
-8.737548213985971607e-33
-6.996481664727477688e-33
-5.602344557768990605e-33
-4.486006831433026475e-33
-3.592113459668769549e-33
-2.876339602677662161e-33
-2.303192703354892864e-33
-1.844252543701327685e-33
-1.476761992166129813e-33
-1.182498562333350828e-33
-9.468708277556605501e-34
-7.581948875147620510e-34
-6.071150051333681798e-34
-4.861396924823215796e-34
-3.892702348130674508e-34
-3.117032368570340861e-34
-2.495924403616626402e-34
-1.998580024828675774e-34
-1.600337778602713598e-34
-1.281450316627982659e-34
-1.026105198503620062e-34
-8.216408117692193236e-35
-6.579185297465478231e-35
-5.268199748400921021e-35
-4.218444584581568516e-35
-3.377866361006297111e-35
-2.704783937312252696e-35
-2.165821665414498412e-35
-1.734254415544950308e-35
-1.388682376700481243e-35
-1.111969919795476806e-35
-8.903959056986485111e-36
-7.129733050968903682e-36
-5.709043926723015418e-36
-4.571445007022134304e-36
-3.660527002499942047e-36
-2.931120885288633181e-36
-2.347058125321220424e-36
-1.879377227764521028e-36
-1.504887640461143580e-36
-1.205019820904468774e-36
-9.649044418543153335e-37
-7.726350768333227719e-37
-6.186778048259394464e-37
-4.953984586785984553e-37
-3.966840752112880870e-37
-3.176397761631406045e-37
-2.543460494279513881e-37
-2.036643950610866179e-37
-1.630816987678385635e-37
-1.305856159346194418e-37
-1.045647869617797517e-37
-8.372893594832429675e-38
-6.704489072024949848e-38
-5.368535167417344662e-38
-4.298786907425288502e-38
-3.442199463944529741e-38
-2.756297859080554318e-38
-2.207070789345338515e-38
-1.767284131913924892e-38
-1.415130506004852883e-38
-1.133147926166667106e-38
-9.073539275192711775e-39
-7.265522274481422120e-39
-5.817775436902438273e-39
-4.658510394098492941e-39
-3.730243514431359260e-39
-2.986945503993057081e-39
-2.391758985521422165e-39
-1.915170878469377715e-39
-1.533548955367461980e-39
-1.227970007766734970e-39
-9.832815148788617301e-40
-7.873502865601994895e-40
-6.304608236460237086e-40
-5.048335625671056556e-40
-4.042391157952272758e-40
-3.236893797392550470e-40
-2.591901932841655934e-40
-2.075432822318669827e-40
-1.661876688071765810e-40
-1.330726823174563714e-40
-1.065562740380527776e-40
-8.532359413772275390e-41
-6.832179317736747003e-41
-5.470781523146495573e-41
-4.380659388769556223e-41
-3.507757822026494195e-41
-2.808792888470596219e-41
-2.249105522845162515e-41
-1.800942915248873662e-41
-1.442082352757799312e-41
-1.154729277939449615e-41
-9.246349230892299154e-42
-7.403897669606583681e-42
-5.928577791422546222e-42
-4.747233983693992804e-42
-3.801287811141516113e-42
-3.043833329632799428e-42
-2.437311195281772926e-42
-1.951646236609975853e-42
-1.562756138915446503e-42
-1.251357292067445233e-42
-1.002008588171103707e-42
-8.023457545924619829e-43
-6.424682557736996570e-43
-5.144483625847205923e-43
-4.119380457908968369e-43
-3.298542009492257697e-43
-2.641265962092803051e-43
-2.114960446898772142e-43
-1.693527935521483598e-43
-1.356071160856547296e-43
-1.085856899514645795e-43
-8.694862336566616757e-44
-6.962301486101478359e-44
-5.574975210304775406e-44
-4.464091171225003244e-44
-3.574564770830538433e-44
-2.862287711152782762e-44
-2.291940828229159539e-44
-1.835242746435229942e-44
-1.469547510502446655e-44
-1.176721657022599269e-44
-9.422450436002329761e-45
-7.544908491236911727e-45
-6.041490430517978781e-45
-4.837647357079684261e-45
-3.873685180935377249e-45
-3.101804611499500207e-45
-2.483730968967508203e-45
-1.988816285635076683e-45
-1.592519587438096595e-45
-1.275189998539320126e-45
-1.021092327655871508e-45
-8.176268185854358334e-46
-6.547043752692298468e-46
-5.242462811313585629e-46
-4.197836056419162439e-46
-3.361364341687641831e-46
-2.691570153220111176e-46
-2.155240894257883919e-46
-1.725781996328146003e-46
-1.381898193740394990e-46
-1.106537570751104961e-46
-8.860460206331079912e-47
-7.094901894265328761e-47
-5.681153316763524969e-47
-4.549111952437471466e-47
-3.642644090372568144e-47
-2.916801368675212108e-47
-2.335591952777165450e-47
-1.870195834540198237e-47
-1.497535755495541461e-47
-1.199132891630552239e-47
-9.601905573963783264e-48
-7.688604932348134263e-48
-6.156553545581853896e-48
-4.929782697007449254e-48
-3.947461393745993466e-48
-3.160879984542510295e-48
-2.531034829754310015e-48
-2.026694256269438918e-48
-1.622849895271591951e-48
-1.299476610463598528e-48
-1.040539526213752027e-48
-8.331989178526923844e-49
-6.671735375944554911e-49
-5.342308057882079826e-49
-4.277785879850005228e-49
-3.425383155665312742e-49
-2.742832412062405888e-49
-2.196288502270881732e-49
-1.758650351364445663e-49
-1.408217114990289095e-49
-1.127612115400332868e-49
-9.029211967831850213e-50
-7.230027741507095249e-50
-5.789353636750829206e-50
-4.635751995658873166e-50
-3.712020013570273035e-50
-2.972353265241456129e-50
-2.380074434160756527e-50
-1.905814621158563662e-50
-1.526057050187400650e-50
-1.221970959069936655e-50
-9.784778522054297763e-51
-7.835038141865872685e-51
-6.273808093471861572e-51
-5.023672799165077479e-51
-4.022642710307230369e-51
-3.221080476713666531e-51
-2.579239615509719505e-51
-2.065293631223415379e-51
-1.653757858526451152e-51
-1.324225772689742944e-51
-1.060357106099081439e-51
-8.490675953021675401e-52
-6.798801811630725875e-52
-5.444054905591243642e-52
-4.359258386439675304e-52
-3.490621239000998263e-52
-2.795070985483932489e-52
-2.238117881884513165e-52
-1.792144700161886700e-52
-1.435037292858741518e-52
-1.149088034972484822e-52
-9.201177688466400054e-53
-7.367727126038617030e-53
-5.899614684303926789e-53
-4.724042140519360222e-53
-3.782717234869061926e-53
-3.028963174617682567e-53
-2.425404105974032234e-53
-1.942111784841397176e-53
-1.555121546768039339e-53
-1.245243988579001422e-53
-9.971134374125106429e-54
-7.984260242871513520e-54
-6.393295811088817991e-54
-5.119351083850208252e-54
-4.099255891501536318e-54
-3.282427516452390885e-54
-2.628362484786738901e-54
-2.104628149992118415e-54
-1.685254478930284471e-54
-1.349446294712546167e-54
-1.080552121403842248e-54
-8.652384994091545790e-55
-6.928288289205280534e-55
-5.547739571357137209e-55
-4.442282576427354878e-55
-3.557101813271004428e-55
-2.848304467869315279e-55
-2.280743922318001753e-55
-1.826276965075199326e-55
-1.462368274021116981e-55
-1.170972973847597002e-55
-9.376418579645035033e-56
-7.508049062125824074e-56
-6.011975706978656031e-56
-4.814013814004999294e-56
-3.854760919032031912e-56
-3.086651247170897774e-56
-2.471597103369535523e-56
-1.979100245608814834e-56
-1.584739590780854554e-56
-1.268960264221298565e-56
-1.016103946377182655e-56
-8.136324351155796824e-57
-6.515059230233421034e-57
-5.216851607866254155e-57
-4.177328207885172219e-57
-3.344942940313076147e-57
-2.678420922931187057e-57
-2.144711813746006504e-57
-1.717350967743963106e-57
-1.375147153807959128e-57
-1.101131760568618769e-57
-8.817173862269477974e-58
-7.060240899539579007e-58
-5.653398961864315659e-58
-4.526888002375781783e-58
-3.624848542317618186e-58
-2.902551807742250934e-58
-2.324181796363001561e-58
-1.861059295526219556e-58
-1.490219786973840210e-58
-1.193274721996698008e-58
-9.554997018579061451e-59
-7.651043497534791875e-59
-6.126476699819502942e-59
-4.905699041643774482e-59
-3.928176710097397360e-59
-3.145438017041661235e-59
-2.518669868801718235e-59
-2.016793169549092561e-59
-1.614921724805134074e-59
-1.293128227834387028e-59
-1.035456138794514936e-59
-8.291284594125805995e-60
-6.639141692744396248e-60
-5.316209076644966167e-60
-4.256887449395425711e-60
-3.408649000738026478e-60
-2.729432748305923356e-60
-2.185558890314619328e-60
-1.750058749752257874e-60
-1.401337498228450308e-60
-1.122103348941379219e-60
-8.985101214355670570e-61
-7.194706611327978372e-61
-5.761070686703117197e-61
-4.613104779690777015e-61
-3.693885540672682891e-61
-2.957832314510258887e-61
-2.368446965784341424e-61
-1.896504072328335565e-61
-1.518601745497331958e-61
-1.216001217754457452e-61
-9.736976570484017828e-62
-7.796761331311131836e-62
-6.243158419596230762e-62
-4.999130458905657873e-62
-4.002990740506515667e-62
-3.205344409453197271e-62
-2.566639157879446842e-62
-2.055203973504958635e-62
-1.645678692208654417e-62
-1.317756482034716078e-62
-1.055176903101261364e-62
-8.449196130070991249e-63
-6.765587365927747417e-63
-5.417458856599872296e-63
-4.337961935242414878e-63
-3.473568373977960458e-63
-2.781416118633054101e-63
-2.227183919265166170e-63
-1.783389467330506570e-63
-1.428026650459410311e-63
-1.143474351384849372e-63
-9.156226824298801984e-64
-7.331733287806397122e-64
-5.870793071756767336e-64
-4.700963597340474005e-64
-3.764237382140842888e-64
-3.014165665337803891e-64
-2.413555186823659470e-64
-1.932623912093555977e-64
-1.547524252184706091e-64
-1.239160550645149109e-64
-9.922422011205804298e-65
-7.945254431897455404e-65
-6.362062399310788031e-65
-5.094341322818764684e-65
-4.079229640405648059e-65
-3.266391748159755911e-65
-2.615522045330318843e-65
-2.094346329849444264e-65
-1.677021440971981812e-65
-1.342853793279737696e-65
-1.075273258927794569e-65
-8.610115167797292566e-66
-6.894441258276577526e-66
-5.520636987714841674e-66
-4.420580523989349852e-66
-3.539724168163832679e-66
-2.834389537457347865e-66
-2.269601717078155394e-66
-1.817354984588730397e-66
-1.455224110537486520e-66
-1.165252374933701511e-66
-9.330611604470490256e-67
-7.471369703789083713e-67
-5.982605172843524635e-67
-4.790495728779355453e-67
-3.835929108546817914e-67
-3.071571912150746544e-67
-2.459522515807857445e-67
-1.969431671723385015e-67
-1.576997602037881089e-67
-1.262760964261838883e-67
-1.011139935027742649e-67
-8.096575655596025830e-68
-6.483230962981374130e-68
-5.191365523807508564e-68
-4.156920547125453320e-68
-3.328601763036825432e-68
-2.665335931078399436e-68
-2.134234171352556616e-68
-1.708961127585141252e-68
-1.368429094988297044e-68
-1.095752359596751312e-68
-8.774098986634614206e-69
-7.025749235492754342e-69
-5.625780196373181984e-69
-4.504772623824771608e-69
-3.607139931532159755e-69
-2.888371860732556325e-69
-2.312827382420961021e-69
-1.851967391594627759e-69
-1.482939559432130409e-69
-1.187445171502271940e-69
-9.508317627348269340e-70
-7.613665563030911418e-70
-6.096546789618643442e-70
-4.881733043080005955e-70
-3.908986238649025229e-70
-3.130071488773342967e-70
-2.506365314864297581e-70
-2.006940452985249800e-70
-1.607032286132081300e-70
-1.286810859200855234e-70
-1.030397585441632639e-70
-8.250778865383009439e-71
-6.606707240707637526e-71
-5.290237597755871794e-71
-4.236091114839863316e-71
-3.391996597815816319e-71
-2.716098546437745565e-71
-2.174881696140664002e-71
-1.741509121018966878e-71
-1.394491490720651778e-71
-1.116621494669267428e-71
-8.941205956825480469e-72
-7.159558036812684241e-72
-5.732925908429512918e-72
-4.590568203030301344e-72
-3.675839660807043527e-72
-2.943382303533214059e-72
-2.356876301522462595e-72
-1.887239008677256764e-72
-1.511182862491551318e-72
-1.210060640643864996e-72
-9.689408147610112562e-73
-7.758671515918233312e-73
-6.212658479740940393e-73
-4.974708016276955977e-73
-3.983434777223010425e-73
-3.189685218202026745e-73
-2.554100257745206971e-73
-2.045163607176092382e-73
-1.637638995350144637e-73
-1.311318796051957341e-73
-1.050022007146633216e-73
-8.407918950080838875e-74
-6.732535184022894182e-74
-5.390992738300492705e-74
-4.316769524410081139e-74
-3.456598817966530302e-74
-2.767827960423889567e-74
-2.216303372750336815e-74
-1.774677006771856067e-74
-1.421050257418661545e-74
-1.137888092539673372e-74
-9.111495560301988260e-75
-7.295915291644194235e-75
-5.842112262532160961e-75
-4.677997800648410750e-75
-3.745847809741831004e-75
-2.999440446894268255e-75
-2.401764153649731274e-75
-1.923182390812159495e-75
-1.539964072954256673e-75
-1.233106832362608417e-75
-9.873947624650007361e-76
-7.906439177498781987e-76
-6.330981573310039690e-76
-5.069453742926560006e-76
-4.059301224317880049e-76
-3.250434320017297743e-76
-2.602744335762295275e-76
-2.084114739874719690e-76
-1.668828624187959319e-76
-1.336293498445487803e-76
-1.070020185479848736e-76
-8.568051843896900079e-77
-6.860759581538723615e-77
-5.493666809357889448e-77
-4.398984493415475499e-77
-3.522431418728796429e-77
-2.820542586185446406e-77
-2.258513945278440975e-77
-1.808476590993641369e-77
-1.448114848708081784e-77
-1.159559723079768516e-77
-9.285028411858474461e-78
-7.434869536520283152e-78
-5.953378123698506759e-78
-4.767092537352050781e-78
-3.817189297823354079e-78
-3.056566244780974555e-78
-2.447506916689082242e-78
-1.959810332090527893e-78
-1.569293435527686576e-78
-1.256591949978862824e-78
-1.006200174552235858e-78
-8.057021145853912279e-79
-6.451558187576824490e-79
-5.166003947886903311e-79
-4.136612584689027986e-79
-3.312340417936855498e-79
-2.652314863835115600e-79
-2.123807715784964426e-79
-1.700612274632368323e-79
-1.361743856157559511e-79
-1.090399238817516899e-79
-8.731234546331973815e-80
-6.991426074887335090e-80
-5.598296357890261651e-80
-4.482765286375644434e-80
-3.589517833298032559e-80
-2.874261187558616381e-80
-2.301528438630317462e-80
-1.842919904688004850e-80
-1.475694898263555279e-80
-1.181644100333135044e-80
-9.461866280727167402e-81
-7.576470232375756988e-81
-6.066763097149030540e-81
-4.857884126522615119e-81
-3.889889519142480901e-81
-3.114780031191529992e-81
-2.494120872833424264e-81
-1.997135870273225905e-81
-1.599181390034572347e-81
-1.280524353049166196e-81
-1.025363744832337870e-81
-8.210471020820937219e-82
-6.574431241935828268e-82
-5.264392998322787062e-82
-4.215396377410510699e-82
-3.375425547512591330e-82
-2.702829486654260439e-82
-2.164256663670488041e-82
-1.733001260112891341e-82
-1.387678928274382929e-82
-1.111166421108802085e-82
-8.897525142470207872e-83
-7.124581174968552706e-83
-5.704918626914425146e-83
-4.568141725167150319e-83
-3.657881941166228194e-83
-2.929002885745719115e-83
-2.345362163867848860e-83
-1.878019207994927867e-83
-1.503800223237729784e-83
-1.204149085261088206e-83
-9.642072112566079352e-84
-7.720767782152912782e-84
-6.182307542404848450e-84
-4.950404885538221426e-84
-3.963974351432528690e-84
-3.174102527394901835e-84
-2.541622614377925878e-84
-2.035172291431595305e-84
-1.629638575129174840e-84
-1.304912560341974496e-84
-1.044892294601778526e-84
-8.366843423072071563e-85
-6.699644473202263065e-85
-5.364655915937893386e-85
-4.295680645670371295e-85
-3.439712163974166827e-85
-2.754306184962010516e-85
-2.205475981384167841e-85
-1.766007109528945857e-85
-1.414107946416858343e-85
-1.132329124457848810e-85
-9.066982823654352786e-86
-7.260272278504246186e-86
-5.813571568758350632e-86
-4.655144199638658181e-86
-3.727548076621878127e-86
-2.984787166121727042e-86
-2.390030723659716074e-86
-1.913786994554702437e-86
-1.532440827755686263e-86
-1.227082688540764049e-86
-9.825710051862997244e-87
-7.867813548742301110e-87
-6.300052587653724749e-87
-5.044687747277127564e-87
-4.039470165280904674e-87
-3.234554849306940143e-87
-2.590029049626064455e-87
-2.073933134676650111e-87
-1.660675832084085029e-87
-1.329765252869711007e-87
-1.064792775071898287e-87
-8.526194013556716190e-88
-6.827242451180196831e-88
-5.466828389441379206e-88
-4.377493966753138890e-88
-3.505223150221981999e-88
-2.806763281952604499e-88
-2.247480340992971134e-88
-1.799641571353282543e-88
-1.441040318026541644e-88
-1.153894881755009610e-88
-9.239667908554979104e-89
-7.398547684910041557e-89
-5.924293858570992259e-89
-4.743803678428237429e-89
-3.798541037411803073e-89
-3.041633885170025857e-89
-2.435550017834791722e-89
-1.950235995955004533e-89
-1.561626906475919406e-89
-1.250453073416528937e-89
-1.001284546476885793e-89
-8.017659873266303834e-90
-6.420040144389706182e-90
-5.140766271840229459e-90
-4.116403833515642142e-90
-3.296158515006087046e-90
-2.639357408908079685e-90
-2.113432196978338263e-90
-1.692304208649187832e-90
-1.355091276978926029e-90
-1.085072269843319420e-90
-8.688579513314047695e-91
-6.957270594527229346e-91
-5.570946787251175991e-91
-4.460865462211214018e-91
-3.571981824972271699e-91
-2.860219449794400445e-91
-2.290284694000495394e-91
-1.833916617814061293e-91
-1.468485629714398623e-91
-1.175871369358187052e-91
-9.415641864640994388e-92
-7.539456613487355177e-92
-6.037124908087778561e-92
-4.834151719986551545e-92
-3.870886093567936389e-92
-3.099563277550358397e-92
-2.481936249041967961e-92
-1.987379186262936896e-92
-1.591368848219138616e-92
-1.274268558605697126e-92
-1.020354496236463890e-92
-8.170360093708689620e-93
-6.542312922331382652e-93
-5.238674658496819829e-93
-4.194802740770814031e-93
-3.358935452393108083e-93
-2.689625250714434613e-93
-2.153683538076592607e-93
-1.724534962984122313e-93
-1.380899647499130790e-93
-1.105737997427182777e-93
-8.854057723662689771e-94
-7.089775186921323993e-94
-5.677048170439372084e-94
-4.545824808231211141e-94
-3.640011951057833876e-94
-2.914693716276257368e-94
-2.333904276668975442e-94
-1.868844449156335253e-94
-1.496453650672926969e-94
-1.198266409825208254e-94
-9.594967330059061639e-95
-7.683049220943063402e-95
-6.152104879659915326e-95
-4.926220483810670758e-95
-3.944608996402225650e-95
-3.158595963301374602e-95
-2.529205928517440455e-95
-2.025229786642836482e-95
-1.621677239666136027e-95
-1.298537621259588319e-95
-1.039787642437165849e-95
-8.325968563901215890e-96
-6.666914444625204578e-96
-5.338447757857857573e-96
-4.274694793234131145e-96
-3.422908006996277877e-96
-2.740850467945329837e-96
-2.194701485485847182e-96
-1.757379567665637184e-96
-1.407199550951636314e-96
-1.126797313814704432e-96
-9.022687546776163482e-97
-7.224803393535531541e-97
-5.785170305924145504e-97
-4.632402246197107278e-97
-3.709337743885835976e-97
-2.970205471580417831e-97
-2.378354615442649236e-97
-1.904437497984738908e-97
-1.524954336153673860e-97
-1.221087974698410263e-97
-9.777708135929717049e-98
-7.829376619242856100e-98
-6.269274700550063267e-98
-5.020042741890475771e-98
-4.019735987672725966e-98
-3.218752955180359783e-98
-2.577375881961906435e-98
-2.063801270062581534e-98
-1.652562869126311101e-98
-1.323268899980980357e-98
-1.059590902331345175e-98
-8.484540672870730419e-99
-6.793889063336493060e-99
-5.440121084280934448e-99
-4.356108428580181470e-99
-3.488098949925290588e-99
-2.793051294280004770e-99
-2.236500639595186236e-99
-1.790849713771268882e-99
-1.434000348819506101e-99
-1.148257715095520874e-99
-9.194529006647695656e-100
-7.362403277826288400e-100
-5.895351679912947505e-100
-4.720628593454704967e-100
-3.779983880057720778e-100
-3.026774475184799557e-100
-2.423651532474414615e-100
-1.940708433688892334e-100
-1.553997831010780144e-100
-1.244344187341917093e-100
-9.963929329067864933e-101
-7.978490893804591726e-101
-6.388676077500451091e-101
-5.115651890374418657e-101
-4.096293808924846001e-101
-3.280055666142753002e-101
-2.626463255529692239e-101
-2.103107366089257273e-101
-1.684036730377510053e-101
-1.348471197898991522e-101
-1.079771324913779560e-101
-8.646132864554952516e-102
-6.923281975237350975e-102
-5.543730828512270791e-102
-4.439072626092858056e-102
-3.554531485976667723e-102
-2.846246310666961204e-102
-2.279095878864994651e-102
-1.824957315040744430e-102
-1.461311580879789066e-102
-1.170126840125930118e-102
-9.369643270456822335e-103
-7.502623818642497008e-103
-6.007631511601711079e-103
-4.810535254281101345e-103
-3.851975506152771665e-103
-3.084420862895907881e-103
-2.469811151257673738e-103
-1.977670166953085040e-103
-1.583594473312053605e-103
-1.268043325833296069e-103
-1.015369719513739038e-103
-8.130445122038171738e-104
-6.510351511578435451e-104
-5.213081961456798411e-104
-4.174309711009350053e-104
-3.342525916964017139e-104
-2.676485521931948996e-104
-2.143162065776212540e-104
-1.716110026579455026e-104
-1.374153485802718531e-104
-1.100336093430772056e-104
-8.810802657893769321e-105
-7.055139237894322712e-105
-5.649313870567932736e-105
-4.523616916980438263e-105
-3.622229261893534365e-105
-2.900454451937876941e-105
-2.322502365123215080e-105
-1.859714512116895464e-105
-1.489142968599214582e-105
-1.192412473247953471e-105
-9.548092670341680517e-106
-7.645514927658359088e-106
-6.122049767134803129e-106
-4.902154231063080406e-106
-3.925338247679067908e-106
-3.143165154016531412e-106
-2.516849902365790382e-106
-2.015335854351849350e-106
-1.613754798018816180e-106
-1.292193825910116766e-106
-1.034707928224394442e-106
-8.285293392238274301e-107
-6.634344313304812795e-107
-5.312367635491556017e-107
-4.253811463782786166e-107
-3.406185944007152402e-107
-2.727460486656083818e-107
-2.183979626643192124e-107
-1.748794174261478650e-107
-1.400324905334171350e-107
-1.121292527937002228e-107
-8.978608667303174669e-108
-7.189507786062641741e-108
-5.756907792861933866e-108
-4.609771394887769342e-108
-3.691216374782705889e-108
-2.955695013547480607e-108
-2.366735548962154288e-108
-1.895133676866829250e-108
-1.517504418594516621e-108
-1.215122547060180780e-108
-9.729940725586198359e-109
-7.791127467140327572e-109
-6.238647173831714710e-109
-4.995518135688401980e-109
-4.000098218194920373e-109
-3.203028258649531576e-109
-2.564784529300155821e-109
-2.053718903033001608e-109
-1.644489540735838139e-109
-1.316804283972661218e-109
-1.054414442497988964e-109
-8.443090822838083848e-110
-6.760698618070252669e-110
-5.413544253336793046e-110
-4.334827365992087385e-110
-3.471058407137189731e-110
-2.779406294303567706e-110
-2.225574577751317588e-110
-1.782100807386250663e-110
-1.426994772242403901e-110
-1.142648087901237413e-110
-9.149610623539135632e-111
-7.326435448392718277e-111
-5.866550893583588568e-111
-4.697566726607371655e-111
-3.761517380691974278e-111
-3.011987658441792771e-111
-2.411811175238143486e-111
-1.931227416785913739e-111
-1.546406026158878785e-111
-1.238265145241389320e-111
-9.915252165229881537e-112
-7.939513268051381594e-112
-6.357465234682962986e-112
-5.090660201153899078e-112
-4.076282028603903109e-112
-3.264031485140726443e-112
-2.613632094450408923e-112
-2.092832975490225053e-112
-1.675809641532687872e-112
-1.341883460143823067e-112
-1.074496276892578205e-112
-8.603893582027370695e-113
-6.889459401845147347e-113
-5.516647828934233148e-113
-4.417386255347417556e-113
-3.537166397787474262e-113
-2.832341435048925041e-113
-2.267961724874726936e-113
-1.816041781490902092e-113
-1.454172579699428974e-113
-1.164410374861348315e-113
-9.323869394958572382e-114
-7.465970964454589580e-114
-5.978282200329627390e-114
-4.787034162995968152e-114
-3.833157303351402967e-114
-3.069352424057178597e-114
-2.457745288675939143e-114
-1.968008579485379667e-114
-1.575858078855109536e-114
-1.261848505427902928e-114
-1.010409295110788282e-114
-8.090725148500101209e-115
-6.478546243124005288e-115
-5.187614293395526834e-115
-4.153916796627619729e-115
-3.326196547664086284e-115
-2.663409985167376467e-115
-2.132691994425605792e-115
-1.707726248837816414e-115
-1.367440281387247085e-115
-1.094960579561846465e-115
-8.767758907746803022e-116
-7.020672497189840281e-116
-5.621715062129219235e-116
-4.501517518787624354e-116
-3.604533447178493184e-116
-2.886284751220457618e-116
-2.311156155770640000e-116
-1.850629177906964597e-116
-1.481868001679280868e-116
-1.186587135130247500e-116
-9.501447009186840070e-117
-7.608164002087895219e-117
-6.092141483996970540e-117
-4.878205550097452862e-117
-3.906161643079369127e-117
-3.127809729452605670e-117
-2.504554239579787580e-117
-2.005490257265387370e-117
-1.605871060177728507e-117
-1.285881022145967585e-117
-1.029653030133166165e-117
-8.244816932542481685e-118
-6.601933298088548163e-118
-5.286414923341388017e-118
-4.233030156457013094e-118
-3.389545573949897051e-118
-2.714135919952784684e-118
-2.173310147706324113e-118
-1.740250723407095705e-118
-1.393483844685085234e-118
-1.115814634799656802e-118
-8.934745128060381900e-119
-7.154384609566628720e-119
-5.728783351732327579e-119
-4.587251102939161735e-119
-3.673183534694744796e-119
-2.941255444008399068e-119
-2.355173245550194104e-119
-1.885875308061000427e-119
-1.510090896401691066e-119
-1.209186262552997120e-119
-9.682406675193625030e-120
-7.753065175078859050e-120
-6.208169272937354374e-120
-4.971113340479754272e-120
-3.980556385861057403e-120
-3.187380382578278667e-120
-2.552254689653697066e-120
-2.043685791775532034e-120
-1.636455653284309853e-120
-1.310371249799398559e-120
-1.049263271421215474e-120
-8.401843469338126758e-121
-6.727670319351314304e-121
-5.387097259198136339e-121
-4.313650268590542422e-121
-3.454101113162560613e-121
-2.765827954765827475e-121
-2.214701893413881296e-121
-1.773394642367157469e-121
-1.420023420275650549e-121
-1.137065865632559966e-121
-9.104911681919626308e-122
-7.290643333967597604e-122
-5.837890808833916007e-122
-4.674617524777543518e-122
-3.743141096419744455e-122
-2.997273080298300513e-122
-2.400028662150507520e-122
-1.921792717856286667e-122
-1.538851309840667222e-122
-1.232215801316936347e-122
-9.866812805796268671e-123
-7.900726061179559002e-123
-6.326406867386022459e-123
-5.065790604785711140e-123
-4.056368012596451183e-123
-3.248085587681275767e-123
-2.600863617931402318e-123
-2.082608778763191041e-123
-1.667622744798572587e-123
-1.335327905715075309e-123
-1.069246999264622827e-123
-8.561860652677390392e-124
-6.855802063160456698e-124
-5.489697138966763465e-124
-4.395805829856049778e-124
-3.519886143925475584e-124
-2.818504489449725405e-124
-2.256881964991322727e-124
-1.807169803337025535e-124
-1.447068454953759531e-124
-1.158721836462504241e-124
-9.278319140319741129e-125
-7.429497171852893317e-125
-5.949076270367218374e-125
-4.763647882487827510e-125
-3.814431033833430294e-125
-3.054357599637036744e-125
-2.445738371912700431e-125
-1.958394192139345441e-125
-1.568159479301010019e-125
-1.255683948814856796e-125
-1.005473104058324267e-125
-8.051199220463589426e-126
-6.446896354159803623e-126
-5.162271043503726886e-126
-4.133623508527788719e-126
-3.309946952854572638e-126
-2.650398326821156267e-126
-2.122273072913812912e-126
-1.699383428685269209e-126
-1.360759873245294451e-126
-1.089611326895835268e-126
-8.724925440873026619e-127
-6.986374138167409610e-127
-5.594251083201289084e-127
-4.479526083627366771e-127
-3.586924082501855832e-127
-2.872184274282272351e-127
-2.299865376487269049e-127
-1.841588228626691393e-127
-1.474628575432692203e-127
-1.180790255758878905e-127
-9.455029227858322739e-128
-7.570995548417738970e-128
-6.062379312935041624e-128
-4.854373866536157619e-128
-3.887078722677361993e-128
-3.112529321329834113e-128
-2.492318645264051222e-128
-1.995692759249861233e-128
-1.598025837061602239e-128
-1.279599058562657597e-128
-1.024622826928248512e-128
-8.204538214038452797e-129
-6.569680621640814716e-129
-5.260588998965514613e-129
-4.212350372844350967e-129
-3.372986497727012148e-129
-2.700876448263370547e-129
-2.162692792781570405e-129
-1.731749010198802132e-129
-1.386676204930332903e-129
-1.110363503022506492e-129
-8.891095877038455828e-130
-7.119433021664066913e-130
-5.700796308007412273e-130
-4.564840830231554287e-130
-3.655238791128197349e-130
-2.926886416648747344e-130
-2.343667427899785699e-130
-1.876662169517177908e-130
-1.502713591771483662e-130
-1.203278978802878779e-130
-9.635104844709998494e-131
-7.715188830184191049e-131
-6.177840266894416182e-131
-4.946827770947883592e-131
-3.961110021985526050e-131
-3.171808951672410447e-131
-2.539786062510433503e-131
-2.033701695659013300e-131
-1.628461014089496685e-131
-1.303969643173286732e-131
-1.044137265556928109e-131
-8.360797623107067901e-132
-6.694803375039732966e-132
-5.360779467567963065e-132
-4.292576628470092954e-132
-3.437226661302508513e-132
-2.752315950007920444e-132
-2.203882325815835608e-132
-1.764731009908015846e-132
-1.413086125720491389e-132
-1.131510914407193289e-132
-9.060431109744327314e-133
-7.255026076123280770e-133
-5.809370738288639405e-133
-4.651780437558115587e-133
-3.724854586509686898e-133
-2.982630387844508563e-133
-2.388303710623348412e-133
-1.912404110621103852e-133
-1.531333500866161120e-133
-1.226196010483065853e-133
-9.818610089011550339e-134
-7.862128342927828046e-134
-6.295500230714617264e-134
-5.041042504804842908e-134
-4.036551283290645242e-134
-3.232217591322639756e-134
-2.588157519737694928e-134
-2.072434530694356038e-134
-1.659475843823302024e-134
-1.328804377386240957e-134
-1.064023366132738008e-134
-8.520033068399232941e-135
-6.822309151955669163e-135
-5.462878112232519213e-135
-4.374330832040114358e-135
-3.502690309946698810e-135
-2.804735142008571605e-135
-2.245856333481434440e-135
-1.798341167796176847e-135
-1.439999036259481321e-135
-1.153061088497116281e-135
-9.232991414076554112e-136
-7.393201566060799943e-136
-5.920013021247966042e-136
-4.740375851867752891e-136
-3.795796248474111770e-136
-3.039436030004504168e-136
-2.433790112997564509e-136
-1.948826774326262365e-136
-1.560498490008741635e-136
-1.249549508145263564e-136
-1.000561027968206933e-136
-8.011866389950286972e-137
-6.415401085605214590e-137
-5.137051603957157944e-137
-4.113429360002251970e-137
-3.293776742809929821e-137
-2.637450234825390230e-137
-2.111905051356394891e-137
-1.691081366030093316e-137
-1.354112101155936320e-137
-1.084288207137819619e-137
-8.682301229968542760e-138
-6.952243338226374409e-138
-5.566921275097032318e-138
-4.457642084063495201e-138
-3.569400745525647902e-138
-2.858152682941507669e-138
-2.288629756478405787e-138
-1.832591447440634098e-138
-1.467424516231158036e-138
-1.175021696103383520e-138
-9.408838213087201839e-139
-7.534008675211818458e-139
-6.032762540141775291e-139
-4.830658608806900907e-139
-3.868089028793734333e-139
-3.097323563167449502e-139
-2.480142825963722050e-139
-1.985943125324931388e-139
-1.590218940513164345e-139
-1.273347784495621415e-139
-1.019617197966888797e-139
-8.164456270693142191e-140
-6.537585510422633931e-140
-5.234889242962341035e-140
-4.191771616967012470e-140
-3.356508318190533500e-140
-2.687681753576534265e-140
-2.152127307225752793e-140
-1.723288830734281793e-140
-1.379901822797702826e-140
-1.104939001867195170e-140
-8.847659867366222367e-141
-7.084652184086055582e-141
-5.672945990454245980e-141
-4.542540039283623713e-141
-3.637381713701560522e-141
-2.912587586846458016e-141
-2.332217820059151415e-141
-1.867494040270452652e-141
-1.495372327768769494e-141
-1.197400554131218903e-141
-9.588034099661728354e-142
-7.677497524041316643e-142
-6.147659428301028898e-142
-4.922660844634763448e-142
-3.941758660173076831e-142
-3.156313592471806340e-142
-2.527378348826878582e-142
-2.023766375227792796e-142
-1.620505431410254960e-142
-1.297599310560020887e-142
-1.039036301964524219e-142
-8.319952299713522569e-143
-6.662096996864287827e-143
-5.334590247248942686e-143
-4.271605940207424011e-143
-3.420434646845681557e-143
-2.738869955961863263e-143
-2.193115615463760941e-143
-1.756109702222737838e-143
-1.406182722194915238e-143
-1.125983100996836643e-143
-9.016167840204152674e-144
-7.219582820627073684e-144
-5.780989997931690857e-144
-4.629054917231836310e-144
-3.706657412383477233e-144
-2.968059229894262322e-144
-2.376636039448778018e-144
-1.903061369906799283e-144
-1.523852418930463694e-144
-1.220205628362867519e-144
-9.770642858797483271e-145
-7.823719187581103324e-145
-6.264744583414052544e-145
-5.016415307660077327e-145
-4.016831365407825668e-145
-3.216427115491418021e-145
-2.575513495129928152e-145
-2.062309987267516839e-145
-1.651368743213976612e-145
-1.322312718699144497e-145
-1.058825252215010091e-145
-8.478409826013760345e-146
-6.788979864946561520e-146
-5.436190105511777050e-146
-4.352960746849521755e-146
-3.485578483431271627e-146
-2.791033062485444667e-146
-2.234884565909526469e-146
-1.789555663125240767e-146
-1.432964154065962539e-146
-1.147427995199652244e-146
-9.187885129102034541e-147
-7.357083276575077663e-147
-5.891091755927372025e-147
-4.717217512986140030e-147
-3.777252500342182619e-147
-3.024587357284999933e-147
-2.421900225367386770e-147
-1.939306096584301365e-147
-1.552874927239636103e-147
-1.243445036292485560e-147
-9.956729490306348779e-148
-7.972725713613048613e-148
-6.384059682086890055e-148
-5.111955369900127127e-148
-4.093333866720432813e-148
-3.277685529709114593e-148
-2.624565398637261862e-148
-2.101587681090104810e-148
-1.682819861758036742e-148
-1.347496805680943887e-148
-1.078991092619646845e-148
-8.639885252746688178e-149
-6.918279278783568892e-149
-5.539724982346287378e-149
-4.435864995237299090e-149
-3.551963015975871365e-149
-2.844189640669054285e-149
-2.277449026272213381e-149
-1.823638618572613919e-149
-1.460255651294621069e-149
-1.169281317812306198e-149
-9.362872857041628763e-150
-7.497202495387741299e-150
-6.003290455298155090e-150
-4.807059208130676065e-150
-3.849192105985861029e-150
-3.082192090274977885e-150
-2.468026489657498111e-150
-1.976241121658219059e-150
-1.582450183294081771e-150
-1.267127050016121867e-150
-1.014636023195539375e-150
-8.124570141194293327e-151
-6.505647194675322259e-151
-5.209315038957301955e-151
-4.171293395270114111e-151
-3.340110640132604783e-151
-2.674551519434562268e-151
-2.141613437639342771e-151
-1.714869982107053527e-151
-1.373160535812386540e-151
-1.099541001234256104e-151
-8.804436057288595329e-152
-7.050041262660325939e-152
-5.645231731118927296e-152
-4.520348195239698187e-152
-3.619611874135893189e-152
-2.898358611662561945e-152
-2.320824147424230261e-152
-1.858370700435081709e-152
-1.488066928323067661e-152
-1.191550847551797592e-152
-9.541193311119417533e-153
-7.639990352672934826e-153
-6.117626033308754861e-153
-4.898611981927876155e-153
-3.922501836306283408e-153
-3.140893933340283769e-153
-2.515031251020041376e-153
-2.013879592196385800e-153
-1.612588714442484255e-153
-1.291260099175620841e-153
-1.033960258303980106e-153
-8.279306519535159083e-154
-6.629550400404737893e-154
-5.308528970126442873e-154
-4.250737700847658387e-154
-3.403724667057296311e-154
-2.725489650143319113e-154
-2.182401504132387373e-154
-1.747530512540692408e-154
-1.399313044129703613e-154
-1.120482292824024773e-154
-8.972120811701741121e-155
-7.184312717418259068e-155
-5.752747907087657043e-155
-4.606440418756444628e-155
-3.688549137606025348e-155
-2.953559256977662229e-155
-2.365025368793175612e-155
-1.893764271639801481e-155
-1.516407884609485912e-155
-1.214244511284762741e-155
-9.722909964721987425e-156
-7.785497673945388988e-156
-6.234139187849842253e-156
-4.991908422700749624e-156
-3.997207785991912288e-156
-3.200713781473988027e-156
-2.562931240857500674e-156
-2.052234905658574407e-156
-1.643301248532257126e-156
-1.315852773959734317e-156
-1.053652532841388509e-156
-8.436989927241248970e-157
-6.755813402774384407e-157
-5.409632478728090150e-157
-4.331695061751117875e-157
-3.468550253974130856e-157
-2.777397922253662824e-157
-2.223966399131922860e-157
-1.780813078615231203e-157
-1.425963639650636788e-157
-1.141822421467642691e-157
-9.142999203581754682e-158
-7.321141437146452496e-158
-5.862311780767241454e-158
-4.694172310420138753e-158
-3.758799344689790833e-158
-3.009811225352284383e-158
-2.410068423858565212e-158
-1.929831930572300587e-158
-1.545288608152383795e-158
-1.237370386848861170e-158
-9.908087500115169343e-159
-7.933776252714659136e-159
-6.352871391921741518e-159
-5.086981739431869819e-159
-4.073336546717876530e-159
-3.261672927625156761e-159
-2.611743509230613361e-159
-2.091320714666138789e-159
-1.674598717727876248e-159
-1.340913828161228148e-159
-1.073719856297050065e-159
-8.597676491915026781e-160
-6.884481145254889503e-160
-5.512661552681097292e-160
-4.414194294853423023e-160
-3.534610475631098122e-160
-2.830294812579371451e-160
-2.266322917713705520e-160
-1.814729527300904171e-160
-1.453121808687363341e-160
-1.163568983210086862e-160
-9.317132057301900009e-161
-7.460576126196813164e-161
-5.973962351554278887e-161
-4.783575098506330173e-161
-3.830387501035448876e-161
-3.067134539744108440e-161
-2.455969345751120844e-161
-1.966586515560032766e-161
-1.574719379080745412e-161
-1.260936705927876618e-161
-1.009679183147156509e-161
-8.084878868924590794e-162
-6.473864908399616917e-162
-5.183865773586136010e-162
-4.150915216610666297e-162
-3.323793070276663462e-162
-2.661485430926202396e-162
-2.131150931860755446e-162
-1.706492262401906010e-162
-1.366452182293321557e-162
-1.094169371659614468e-162
-8.761423410138298358e-163
-7.015599427288620189e-163
-5.617652865311700757e-163
-4.498264765857827753e-163
-3.601928846245157562e-163
-2.884199149833463832e-163
-2.309486136732499223e-163
-1.849291931199541920e-163
-1.480797218223804519e-163
-1.185729718766955591e-163
-9.494581355667232113e-164
-7.602666416519277804e-164
-6.087739361606443523e-164
-4.874680606047139985e-164
-3.903339088535094309e-164
-3.125549604457232008e-164
-2.502744472960725073e-164
-2.004041109443067667e-164
-1.604710673313950463e-164
-1.284951856982287062e-164
-1.028909012833119802e-164
-8.238859307736837719e-165
-6.597162805074125709e-165
-5.282595011154386153e-165
-4.229971409893022716e-165
-3.387096321170066277e-165
-2.712174711642930551e-165
-2.171739734857589185e-165
-1.738993235101092457e-165
-1.392476926764738344e-165
-1.115008357959167798e-165
-8.928288967827530823e-166
-7.149214920588959698e-166
-5.724643788406461314e-166
-4.583936399752397991e-166
-3.670529327873743986e-166
-2.939130121331580472e-166
-2.353471420189597840e-166
-1.884512592841538395e-166
-1.508999719355944015e-166
-1.208312516279263133e-166
-9.675410261973243352e-167
-7.747462885327038735e-167
-6.203683309991094709e-167
-4.967521262160867737e-167
-3.977680074396692350e-167
-3.185077212406323075e-167
-2.550410455151729858e-167
-2.042209044230057345e-167
-1.635273166289982661e-167
-1.309424388234578108e-167
-1.048505083950879651e-167
-8.395772378678917499e-168
-6.722808969984368624e-168
-5.383204594931070382e-168
-4.310533266714905323e-168
-3.451605213175776125e-168
-2.763829394292469168e-168
-2.213101571290872656e-168
-1.772113204586549072e-168
-1.418997325115206448e-168
-1.136244232858640706e-168
-9.098332560984748642e-169
-7.285375185756313298e-169
-5.833672405517031466e-169
-4.671239691461125953e-169
-3.740436338942470107e-169
-2.995107279820428082e-169
-2.398294424700619966e-169
-1.920404049064622246e-169
-1.537739350798918534e-169
-1.231325414121766540e-169
-9.859683142493204806e-170
-7.895017073102590256e-170
-6.321835467099987654e-170
-5.062130113592978611e-170
-4.053436920385381918e-170
-3.245738552516474765e-170
-2.598984259088985403e-170
-2.081103905844565894e-170
-1.666417736766087030e-170
-1.334363010712573072e-170
-1.068474371746231984e-170
-8.555673935152405932e-171
-6.850848127036920924e-171
-5.485730337020988226e-171
-4.392629463168104850e-171
-3.517342708313058420e-171
-2.816467865422952730e-171
-2.255251163957534813e-171
-1.805863959952453416e-171
-1.446022817313381089e-171
-1.157884555293955410e-171
-9.271614716835591869e-172
-7.424128689204141405e-172
-5.944777525513453199e-172
-4.760205716697821145e-172
-3.811674762938332108e-172
-3.052150550438933970e-172
-2.443971105069562909e-172
-1.956979075477110803e-172
-1.567026342460067829e-172
-1.254776603763691457e-172
-1.004746558938504615e-172
-8.045381501940127291e-173
-6.442237889338425701e-173
-5.158540836481077662e-173
-4.130636592244364756e-173
-3.307555217266866158e-173
-2.648483174678192701e-173
-2.120739538960665417e-173
-1.698155470690341246e-173
-1.359776601349545076e-173
-1.088823984311671585e-173
-8.718620894312538668e-174
-6.981325851927995288e-174
-5.590208731589077622e-174
-4.476289221495473168e-174
-3.584332205924763786e-174
-2.870108861763250491e-174
-2.298203516056806550e-174
-1.840257514821592462e-174
-1.473563023116371918e-174
-1.179937028164436808e-174
-9.448197115377616666e-175
-7.565524820413932289e-175
-6.057998696400864857e-175
-4.850866143029405781e-175
-3.884269957266416061e-175
-3.110280237809270745e-175
-2.490517719966852124e-175
-1.994250691004534978e-175
-1.596871119080010949e-175
-1.278674432684976915e-175
-1.023882444404343062e-175
-8.198609694244414064e-176
-6.564933434097797356e-176
-5.256787748341158825e-176
-4.209306569291568092e-176
-3.370549210375167848e-176
-2.698924821119092953e-176
-2.161130051930599147e-176
-1.730497665148363689e-176
-1.385674206144571007e-176
-1.109561165117006310e-176
-8.884671257331337234e-177
-7.114288588365061817e-177
-5.696676967848087792e-177
-4.561542320490645890e-177
-3.652597551004766375e-177
-2.924771476891831987e-177
-2.341973916531507379e-177
-1.875306111622439447e-177
-1.501627745494560460e-177
-1.202409501075128307e-177
-9.628142611333870585e-178
-7.709613909512089566e-178
-6.173376219393970653e-178
-4.943253241145879547e-178
-3.958247762275221229e-178
-3.169517033265507520e-178
-2.537950837717736508e-178
-2.032232162524625110e-178
-1.627284303943966321e-178
-1.303027407347369170e-178
-1.043382782088747616e-178
-8.354756191778524006e-179
-6.689965775007812892e-179
-5.356905820282054164e-179
-4.289474854202557834e-179
-3.434742954631283666e-179
-2.750327153178240732e-179
-2.202289821807508180e-179
-1.763455832384252959e-179
-1.412065043381855739e-179
-1.130693295587190011e-179
-9.053884130039274607e-180
-7.249783664597307326e-180
-5.805172943298310706e-180
-4.648419106099847317e-180
-3.722163042687238248e-180
-2.980475168034284496e-180
-2.386577945509794546e-180
-1.911022225946032536e-180
-1.530226974120314123e-180
-1.225309973130338067e-180
-9.811515256524445530e-181
-7.856447245187974421e-181
-6.290951163265047713e-181
-5.037399896349294724e-181
-4.033634510456107350e-181
-3.229882022218213598e-181
-2.586287342198683809e-181
-2.070937009588775091e-181
-1.658276722662405857e-181
-1.327844196222082538e-181
-1.063254513161020075e-181
-8.513876575081733152e-182
-6.817379417485152264e-182
-5.458930689455527913e-182
-4.371169982977452410e-182
-3.500159299877250961e-182
-2.802708467578805244e-182
-2.244233499461985690e-182
-1.797041703898078655e-182
-1.438958506912533899e-182
-1.152227897730248352e-182
-9.226319743968067162e-183
-7.387859310265013348e-183
-5.915735277216329831e-183
-4.736950502221517569e-183
-3.793053442894303469e-183
-3.037239762987822386e-183
-2.432031479850515612e-183
-1.947418570987410663e-183
-1.559370888924499655e-183
-1.248646595781470138e-183
-9.998380322669616132e-184
-8.006077092948935747e-184
-6.410765378959637890e-184
-5.133339620257095159e-184
-4.110457035814593444e-184
-3.291396691659278310e-184
-2.635544438848207470e-184
-2.110379009235256971e-184
-1.689859407025175364e-184
-1.353133632875867558e-184
-1.083504710988400786e-184
-8.676027483249733285e-185
-6.947219714572197569e-185
-5.562898671738955185e-185
-4.454421035097583662e-185
-3.566821531142016453e-185
-2.856087409514555296e-185
-2.286976014798064340e-185
-1.831267234622422540e-185
-1.466364169498194111e-185
-1.174172636814238569e-185
-9.402039477786080285e-186
-7.528564673563679342e-186
-6.028403324400570519e-186
-4.827168021715533700e-186
-3.865293985151757826e-186
-3.095085467180358084e-186
-2.478350698795539776e-186
-1.984508102070584451e-186
-1.589069863719353410e-186
-1.272427675727993262e-186
-1.018880432461897251e-186
-8.158556713722886053e-187
-6.532861514495910271e-187
-5.231106562732885684e-187
-4.188742683423774831e-187
-3.354082937811514018e-187
-2.685739660790752096e-187
-2.150572200892242242e-187
-1.722043598927527356e-187
-1.378904719114733039e-187
-1.104140583653654819e-187
-8.841266634098706261e-188
-7.079532883083585860e-188
-5.668846774664456301e-188
-4.539257643878111978e-188
-3.634753376929205828e-188
-2.910482979285371394e-188
-2.330532582066527531e-188
-1.866144607176942641e-188
-1.494291786218062144e-188
-1.196535324096161721e-188
-9.581105879150303684e-189
-7.671949838741724754e-189
-6.143217189182035495e-189
-4.919103777619484953e-189
-3.938910383569260875e-189
-3.154032870861278541e-189
-2.525552089727688069e-189
-2.022304021259653597e-189
-1.619334469891662045e-189
-1.296661677874781252e-189
-1.038285504403196459e-189
-8.313940382819784127e-190
-6.657283030144243610e-190
-5.330735524039806609e-190
-4.268519319155977958e-190
-3.417963073921157569e-190
-2.736890875077160608e-190
-2.191530891375981593e-190
-1.754840754372449652e-190
-1.405166628188758720e-190
-1.125169476521227699e-190
-9.009652844708665218e-191
-7.214366020054002096e-191
-5.776812710589274044e-191
-4.625710007014032008e-191
-3.703979017662682826e-191
-2.965914539061547597e-191
-2.374918705281465492e-191
-1.901686236205616992e-191
-1.522751297941915549e-191
-1.219323919602200563e-191
-9.763582686966026860e-192
-7.818065843924636898e-192
-6.260217739696777285e-192
-5.012790494578496188e-192
-4.013928841994821588e-192
-3.214102956431966742e-192
-2.573652454040551040e-192
-2.060819782058887602e-192
-1.650175480165405522e-192
-1.321357228344635151e-192
-1.058060155350028326e-192
-8.472283409247306181e-193
-6.784074213895806094e-193
-5.432261967229778996e-193
-4.349815339603543925e-193
-3.483059838201812942e-193
-2.789016289045539547e-193
-2.233269659982984961e-193
-1.788262547547667407e-193
-1.431928708056704893e-193
-1.146598874851338841e-193
-9.181246052357895363e-194
-7.351767119505210685e-194
-5.886834910122082584e-194
-4.713808897331127735e-194
-3.774523094295046111e-194
-3.022401819775310576e-194
-2.420150183737900987e-194
-1.937904772794910563e-194
-1.551752834867873855e-194
-1.242546534960887886e-194
-9.949534854078539648e-195
-7.966964699285515214e-195
-6.379446622435730959e-195
-5.108261520495558146e-195
-4.090376063341452085e-195
-3.275317105913090528e-195
-2.622668913117827799e-195
-2.100069094200603952e-195
-1.681603872436034422e-195
-1.346523117549269075e-195
-1.078211424113899984e-195
-8.633642155401919790e-196
-6.913280197229562091e-196
-5.535722030765763041e-196
-4.432659682184706897e-196
-3.549396401926603958e-196
-2.842134456800953432e-196
-2.275803363679154442e-196
-1.822320874981770506e-196
-1.459200484714061785e-196
-1.168436406464877937e-196
-9.356107335861283550e-197
-7.491785089528412839e-197
-5.998952535799809292e-197
-4.803585673737509012e-197
-3.846410717076934419e-197
-3.079964928143542266e-197
-2.466243117636497898e-197
-1.974813108977800806e-197
-1.581306720128941857e-197
-1.266211436290936456e-197
-1.013902857039159475e-197
-8.118699405554632211e-198
-6.500946277066008019e-198
-5.205550838399494766e-198
-4.168279259091397259e-198
-3.337697108556821463e-198
-2.672618914428863623e-198
-2.140065928526093624e-198
-1.713630833678720810e-198
-1.372168303318054864e-198
-1.098746483563655070e-198
-8.798074057127309955e-199
-7.044946971173822560e-199
-5.641152541384323773e-199
-4.517081835445606674e-199
-3.616996377677585986e-199
-2.896264285821033861e-199
-2.319147142389024064e-199
-1.857027859778512369e-199
-1.486991665583194721e-199
-1.190689844458018799e-199
-9.534298937307260519e-200
-7.634469769691849381e-200
-6.113205496029894350e-200
-4.895072292387982110e-200
-3.919667474496754239e-200
-3.138624353825995245e-200
-2.513213913814056284e-200
-2.012424382321841357e-200
-1.611423473466842388e-200
-1.290327047143013379e-200
-1.033213128642603658e-200
-8.273323972888231014e-201
-6.624759951540225412e-201
-5.304693078543566024e-201
-4.247666158983714743e-201
-3.401265168602212542e-201
-2.723520237737917657e-201
-2.180824521957613773e-201
-1.746267763929617923e-201
-1.398301914086335316e-201
-1.119672643179086617e-201
-8.965637644162649932e-202
-7.179121402679924675e-202
-5.748591027206358663e-202
-4.603111849556056043e-202
-3.685883827749077982e-202
-2.951425043684841455e-202
-2.363316424383811674e-202
-1.892395855931718417e-202
-1.515312142969284739e-202
-1.213367109969589188e-202
-9.715884284217156958e-203
-7.779871948784227702e-203
-6.229634459294769207e-203
-4.988301318056715684e-203
-3.994319442387200086e-203
-3.198400976717219351e-203
-2.561079291583111798e-203
-2.050751980606266949e-203
-1.642113814977245613e-203
-1.314901951498682866e-203
-1.052891173733291459e-203
-8.430893440092201467e-204
-6.750931717487740561e-204
-5.405723530729805979e-204
-4.328565020882835352e-204
-3.466043913178238992e-204
-2.775391001433936090e-204
-2.222359382567001179e-204
-1.779526280344490192e-204
-1.424933252145245714e-204
-1.140997351652578203e-204
-9.136392560972355126e-205
-7.315851251301402434e-205
-5.858075731092728816e-205
-4.690780347005143869e-205
-3.756083272714078634e-205
-3.007636364932488075e-205
-2.408326931774174318e-205
-1.928437452723444977e-205
-1.544171997581266381e-205
-1.236476275000074820e-205
-9.900928012118027232e-206
-7.928043382889615160e-206
-6.348280868626775052e-206
-5.083305935730629335e-206
-4.070393193208745202e-206
-3.259316074380202972e-206
-2.609856288684193000e-206
-2.089809546587066934e-206
-1.673388668924869449e-206
-1.339944896825305928e-206
-1.072943996735518876e-206
-8.591463894211741050e-207
-6.879506485904592081e-207
-5.508678156872858331e-207
-4.411004640838893830e-207
-3.532056400359300594e-207
-2.828249668979378414e-207
-2.264685294738855179e-207
-1.813418221333065649e-207
-1.452071796952246958e-207
-1.162728199540277565e-207
-9.310399587980121350e-208
-7.455185186197298874e-208
-5.969645624259447227e-208
-4.780118533503167008e-208
-3.827619700151802232e-208
-3.064918258052746624e-208
-2.454194686105448070e-208
-1.965165479204295260e-208
-1.573581502119801772e-208
-1.260025565285331660e-208
-1.008949598755410469e-208
-8.079036813813578727e-209
-6.469186956362327942e-209
-5.180119962420827235e-209
-4.147915805506340550e-209
-3.321391329618705777e-209
-2.659562267349269516e-209
-2.129610982852778339e-209
-1.705259167632633963e-209
-1.365464797190302170e-209
-1.093378735476481553e-209
-8.755092490498959568e-210
-7.010530023138541929e-210
-5.613593603798230788e-210
-4.495014363335772186e-210
-3.599326127371212557e-210
-2.882115055481819075e-210
-2.307817324433929207e-210
-1.847955650773734466e-210
-1.479727208505990699e-210
-1.184872921964417436e-210
-9.487720663202315427e-211
-7.597172803452709307e-211
-6.083340420146890669e-211
-4.871158209087233330e-211
-3.900518573541376647e-211
-3.123291112606275027e-211
-2.500936014061622472e-211
-2.002593008760805063e-211
-1.603551124934473409e-211
-1.284023363224348226e-211
-1.028165533152763442e-211
-8.232905987853138560e-212
-6.592395759171717455e-212
-5.278777859198906830e-212
-4.226914873549654337e-212
-3.384648838196748973e-212
-2.710214920483039539e-212
-2.170170456773958669e-212
-1.737736655443951696e-212
-1.391470736433521213e-212
-1.114202663726509036e-212
-8.921837472753488207e-213
-7.144048967178441411e-213
-5.720507216288933351e-213
-4.580624091738291209e-213
-3.667877038956658884e-213
-2.937006334392328234e-213
-2.351770824551512467e-213
-1.883150862306886496e-213
-1.507909330784154164e-213
-1.207439401366118201e-213
-9.668418904293248240e-214
-7.741864643735496595e-214
-6.199200588558533869e-214
-4.963931779442677387e-214
-3.974805841327113815e-214
-3.182775706482811117e-214
-2.548567553275738783e-214
-2.040733363768046140e-214
-1.634091533749296775e-214
-1.308478210862747041e-214
-1.047747444339460993e-214
-8.389705674931453063e-215
-6.717951133380975549e-215
-5.379314743465475565e-215
-4.307418517154612820e-215
-3.449111116702131333e-215
-2.761832277959539010e-215
-2.211502405545118933e-215
-1.770832692760461040e-215
-1.417971971401180656e-215
-1.135423193788665041e-215
-9.091758194058375633e-216
-7.280110844257866220e-216
-5.829457050377498711e-216
-4.667864298934324108e-216
-3.737733535896734097e-216
-2.992943044328990199e-216
-2.396561440393905607e-216
-1.919016383711568449e-216
-1.536628195248083571e-216
-1.230435670311684522e-216
-9.852558631015739291e-217
-7.889312210285075587e-217
-6.317267370063493280e-217
-5.058472267435704344e-217
-4.050507946153137208e-217
-3.243393213296536776e-217
-2.597106258253052820e-217
-2.079600120332644028e-217
-1.665213599460632174e-217
-1.333398812933847964e-217
-1.067702302520997491e-217
-8.549491688089542217e-218
-6.845897770579614240e-218
-5.481766401447851525e-218
-4.389455391691941660e-218
-3.514801110562563291e-218
-2.814432713041122264e-218
-2.253621541324639685e-218
-1.804559060157654660e-218
-1.444977935240627339e-218
-1.157047879136664206e-218
-9.264915137902874063e-219
-7.418764085768921183e-219
-5.940481886891056951e-219
-4.756766038183453841e-219
-3.808920483698085303e-219
-3.049945096033018237e-219
-2.442205115236317833e-219
-1.955564981364461002e-219
-1.565894024412824493e-219
-1.253869914351266199e-219
-1.004020538813146920e-219
-8.039567987243684000e-220
-6.437582790678577348e-220
-5.154813324870161374e-220
-4.127651834277463569e-220
-3.305165209924114219e-220
-2.646569406405605230e-220
-2.119207113124289322e-220
-1.696928400005958781e-220
-1.358794039956537211e-220
-1.088037210653628370e-220
-8.712320903356288323e-221
-6.976281213531685704e-221
-5.586169300940644034e-221
-4.473054698288784044e-221
-3.581742202212564967e-221
-2.868034948917199797e-221
-2.296542856470584379e-221
-1.838927762577391803e-221
-1.472498240757828046e-221
-1.179084417103984622e-221
-9.441369939715707538e-222
-7.560058045504727636e-222
-6.053621245257738041e-222
-4.847360954169663606e-222
-3.881463221442132880e-222
-3.108032779454661060e-222
-2.488718096000818301e-222
-1.992809664783745727e-222
-1.595717235486441418e-222
-1.277750474933066318e-222
-1.023142596873615088e-222
-8.192685458341320153e-223
-6.560189676826485758e-223
-5.252989244463661113e-223
-4.206264965161970776e-223
-3.368113684183541428e-223
-2.696974604201827787e-223
-2.159568440301021556e-223
-1.729247224307828738e-223
-1.384672931393262636e-223
-1.108759406973100711e-223
-8.878251279991647964e-224
-7.109147872383697483e-224
-5.692560604284360286e-224
-4.558246194220906510e-224
-3.649958219416057656e-224
-2.922658065369886171e-224
-2.340281628878263653e-224
-1.873951033601779849e-224
-1.500542683839632863e-224
-1.201540651623488766e-224
-9.621185408800102444e-225
-7.704043017224070223e-225
-6.168915397570983155e-225
-4.939681294264746471e-225
-3.955387570806041012e-225
-3.167226770976810926e-225
-2.536116939040399586e-225
-2.030763691260636715e-225
-1.626108444077690253e-225
-1.302085852371926930e-225
-1.042628843803067755e-225
-8.348719125929701316e-226
-6.685131670579170445e-226
-5.353034972056129662e-226
-4.286375321247289759e-226
-3.432261042662036256e-226
-2.748339793433873748e-226
-2.200698468527017586e-226
-1.762181576291410164e-226
-1.411044698867502210e-226
-1.129876267570621807e-226
-9.047341881118818127e-227
-7.244545041187093644e-227
-5.800978181594285998e-227
-4.645060203506583409e-227
-3.719473443748269191e-227
-2.978321505564837512e-227
-2.384853427417386140e-227
-1.909641339807542506e-227
-1.529121246939968785e-227
-1.224424576019683648e-227
-9.804425550694532529e-228
-7.850770252554732274e-228
-6.286405382926812643e-228
-5.033759920007312194e-228
-4.030719845253120249e-228
-3.227548140773384685e-228
-2.584418516031983229e-228
-2.069440570577430568e-228
-1.657078467974933058e-228
-1.326884708875526992e-228
-1.062486215755068022e-228
-8.507724530385668397e-229
-6.812453245192985102e-229
-5.454986119047666991e-229
-4.368011417913686876e-229
-3.497630118691347019e-229
-2.800683257604339203e-229
-2.242611838086797977e-229
-1.795743178979998251e-229
-1.437918729442089164e-229
-1.151395309018822161e-229
-9.219652894743738222e-230
-7.382520914731066551e-230
-5.911460624241070551e-230
-4.733527627700007062e-230
-3.790312619239223331e-230
-3.035045082972573897e-230
-2.430274117474733404e-230
-1.946011385202753941e-230
-1.558244102633694780e-230
-1.247744335853399848e-230
-9.991155589953458041e-231
-8.000291979237485227e-231
-6.406133022031117708e-231
-5.129630318800476681e-231
-4.107486859399819111e-231
-3.289018360310519496e-231
-2.633640019980877268e-231
-2.108854069817124778e-231
-1.688638330995991010e-231
-1.352155871627417336e-231
-1.082721780985705950e-231
-8.669758269879989970e-232
-6.942199720939783142e-232
-5.558878975075392531e-232
-4.451202313630436283e-232
-3.564244180473903324e-232
-2.854023628433839524e-232
-2.285323468095433448e-232
-1.829943978667454518e-232
-1.465304588961502416e-232
-1.173324191047173516e-232
-9.395245655185191728e-233
-7.523124605698795224e-233
-6.024047258586408421e-233
-4.823679956888841655e-233
-3.862500961180787753e-233
-3.092848988419734951e-233
-2.476559866600939114e-233
-1.983074115750132527e-233
-1.587921617237386970e-233
-1.271508231822042615e-233
-1.018144199336576698e-233
-8.152661419715317267e-234
-6.528140932083229957e-234
-5.227326615830907117e-234
-4.185715938558559304e-234
-3.351659309988658619e-234
-2.683798971342394362e-234
-2.149018218263618525e-234
-1.720799266913207398e-234
-1.377908335929298640e-234
-1.103342742369377539e-234
-8.834878020520087409e-235
-7.074417281237598454e-235
-5.664750520928266877e-235
-4.535977620299449011e-235
-3.632126939367527809e-235
-2.908379892493475783e-235
-2.328848561810544124e-235
-1.864796149170812836e-235
-1.493212025456206994e-235
-1.195670719268010109e-235
-9.574182664902777466e-236
-7.666406162145761926e-236
-6.138778159981624215e-236
-4.915549280906356292e-236
-3.936064165102736954e-236
-3.151753797278081525e-236
-2.523727150265766240e-236
-2.020842723974318953e-236
-1.618164354498605918e-236
-1.295724722713684837e-236
-1.037535249360909602e-236
-8.307932810078451794e-237
-6.652472541949894043e-237
-5.326883586216604074e-237
-4.265434928466986875e-237
-3.415493286931468649e-237
-2.734913224257123626e-237
-2.189947312394593521e-237
-1.753572723451380101e-237
-1.404151268402282894e-237
-1.124356439962714788e-237
-9.003142556885778552e-238
-7.209152989090872865e-238
-5.772638441714204493e-238
-4.622367513796195873e-238
-3.701302558323954284e-238
-2.963771397961810549e-238
-2.373202612042908112e-238
-1.900312096162719440e-238
-1.521650972612635278e-238
-1.218442847955738054e-238
-9.756527616746863985e-239
-7.812416585319504285e-239
-6.255694167033253071e-239
-5.009168300751715813e-239
-4.011028415917332035e-239
-3.211780476786960045e-239
-2.571792757721427644e-239
-2.059330653657981751e-239
-1.648983079357148280e-239
-1.320402428418270588e-239
-1.057295611336625615e-239
-8.466161419370712593e-240
-6.779172107620953393e-240
-5.428336667382740129e-240
-4.346672205197861713e-240
-3.480543012920986854e-240
-2.787000972906417264e-240
-2.231655920971814566e-240
-1.786970366362978539e-240
-1.430894010250697937e-240
-1.145770353617418403e-240
-9.174611772946263424e-241
-7.346454803839333616e-241
-5.882581140271645303e-241
-4.710402744708750565e-241
-3.771795660490051340e-241
-3.020217861513843015e-241
-2.418401406671672376e-241
-1.936504461588507799e-241
-1.550631553309272040e-241
-1.241648682877643963e-241
-9.942345416625702148e-242
-7.961207847810191644e-242
