-1.199999999999999956e+00
-7.278367916551601313e-01
-4.414553294057307897e-01
-2.677561921781157483e-01
-1.624023398839352372e-01
-9.850199834867855164e-02
-5.974448204143673058e-02
-3.623686010678219688e-02
-2.197876666648101301e-02
-1.333079584589076660e-02
-8.085536398902559360e-03
-4.904125726156879916e-03
-2.974502611999630189e-03
-1.804127031573086798e-03
-1.094258358665419492e-03
-6.637012441774003523e-04
-4.025551534830141913e-04
-2.441620428127729914e-04
-1.480917649040154680e-04
-8.982219586524071498e-05
-5.447991571498182636e-05
-3.304373921969658566e-05
-2.004204094829478908e-05
-1.215611231835685198e-05
-7.373054823993851598e-06
-4.471983806494405126e-06
-2.712395288377265003e-06
-1.645150903660901300e-06
-9.978344629242813678e-07
-6.052171950814655691e-07
-3.670827846021909431e-07
-2.226469635139173817e-07
-1.350422096631109292e-07
-8.190724051601843104e-08
-4.967925262542200198e-08
-3.013198986892778401e-08
-1.827597569365515565e-08
-1.108493959436471323e-08
-6.723355725044721226e-09
-4.077921383394085279e-09
-2.473384346926269361e-09
-1.500183439664090953e-09
-9.099072513494287089e-10
-5.518866454382780178e-10
-3.347361711442709670e-10
-2.030277507138156412e-10
-1.231425555804226667e-10
-7.468973547489338355e-11
-4.530161453134916884e-11
-2.747681814774663580e-11
-1.666553263795682572e-11
-1.010815650536237605e-11
-6.130906833675989635e-12
-3.718582966466190670e-12
-2.255434579846899967e-12
-1.367990223653226410e-12
-8.297280128328242816e-13
-5.032554790055453066e-13
-3.052398776852307200e-13
-1.851373443830265333e-13
-1.122914756260820953e-13
-6.810822279159266526e-14
-4.130972530163971848e-14
-2.505561493975120274e-14
-1.519699865891301128e-14
-9.217445622242513751e-15
-5.590663374124077442e-15
-3.390908744538733249e-15
-2.056690117850415442e-15
-1.247445614004266226e-15
-7.566140112176387066e-16
-4.589095953716562061e-16
-2.783427396292283265e-16
-1.688234054935375905e-16
-1.023965715089287872e-16
-6.210666006962242032e-17
-3.766959350457635268e-17
-2.284776339943742733e-17
-1.385786900761894242e-17
-8.405222431402374725e-18
-5.098025106349906491e-18
-3.092108530985977175e-18
-1.875458627201986322e-18
-1.137523158420570835e-18
-6.899426717152271876e-19
-4.184713838393335738e-19
-2.538157245109296461e-19
-1.539470188330541724e-19
-9.337358689360555451e-20
-5.663394325831347766e-20
-3.435022296659272268e-20
-2.083446339720353465e-20
-1.263674082906457409e-20
-7.664570751670106646e-21
-4.648797154424623989e-21
-2.819638004943380593e-21
-1.710196899289122186e-21
-1.037286853564331403e-21
-6.291462796036156865e-22
-3.815965080237299462e-22
-2.314499817556701291e-22
-1.403815101247435777e-22
-8.514568994741644393e-23
-5.164347149549383559e-23
-3.132334883601245811e-23
-1.899857143391558473e-23
-1.152321606541041008e-23
-6.989183842164593012e-24
-4.239154286640968680e-24
-2.571177046099984467e-24
-1.559497710009003633e-24
-9.458831748721019967e-25
-5.737071460662562586e-25
-3.479709737854185278e-25
-2.110550642909173745e-25
-1.280113673800623960e-25
-7.764281910774551164e-26
-4.709275029536954942e-26
-2.856319690433280573e-26
-1.732445466188682344e-26
-1.050781291523582347e-26
-6.373310699614913822e-27
-3.865608343191019260e-27
-2.344609978586308929e-27
-1.422077837080777205e-27
-8.625338086873186291e-28
-5.231532000075696666e-28
-3.173084555313664900e-28
-1.924573068658365422e-28
-1.167312572998525721e-28
-7.080108649916473321e-29
-4.294302970270960919e-29
-2.604626413564367247e-29
-1.579785776924145988e-29
-9.581885094824374421e-30
-5.811707087854477298e-30
-3.524978534052963509e-30
-2.138007555732015113e-30
-1.296767133248734081e-30
-7.865290248230151373e-31
-4.770539683090375859e-31
-2.893478581170102852e-31
-1.754983472701476972e-31
-1.064451283482395254e-31
-6.456223392025365237e-32
-3.915897433217280832e-32
-2.375111853536285404e-32
-1.440578159416658719e-32
-8.737548213985971607e-33
-5.299590882499853753e-33
-3.214364354169693246e-33
-1.949610532291317020e-33
-1.182498562333350828e-33
-7.172216331212878714e-34
-4.350169102972270635e-34
-2.638510935887286253e-34
-1.600337778602713598e-34
-9.706539286189542478e-35
-5.887313676779136777e-35
-3.570836248312058760e-35
-2.165821665414498412e-35
-1.313637243543769928e-35
-7.967612639496881775e-36
-4.832601350568759250e-36
-2.931120885288633181e-36
-1.777814684251592756e-36
-1.078299113285925619e-36
-6.540214725488600729e-37
-3.966840752112880870e-37
-2.406010538353984718e-37
-1.459319159103390565e-37
-8.851218123022650000e-38
-5.368535167417344662e-38
-3.256181176784114751e-38
-1.974973717298728493e-38
-1.197882111668309603e-38
-7.265522274481422120e-39
-4.406762018298050555e-39
-2.672836274154892386e-39
-1.621157148667023910e-39
-9.832815148788617301e-40
-5.963903859027135959e-40
-3.617290542078449326e-40
-2.193997618859111023e-40
-1.330726823174563714e-40
-8.071266179573649594e-41
-4.895470400613072199e-41
-2.969252891687516329e-41
-1.800942915248873662e-41
-1.092327094490692769e-41
-6.625298732434238685e-42
-4.018446810976612588e-42
-2.437311195281772926e-42
-1.478303967199240924e-42
-8.966366804811588486e-43
-5.438376373347829684e-43
-3.298542009492257697e-43
-2.000666861107174745e-43
-1.213465791132538275e-43
-7.360042068343310364e-44
-4.464091171225003244e-44
-2.707608163100443103e-44
-1.642247365408623497e-44
-9.960733779526267046e-45
-6.041490430517978781e-45
-3.664349176469631331e-45
-2.222540123421570584e-45
-1.348038727296682932e-45
-8.176268185854358334e-46
-4.959157336753660476e-46
-3.007880971079943486e-46
-1.824372029726194603e-46
-1.106537570751104961e-46
-6.711489627844824607e-47
-4.070724231631217768e-47
-2.469019053719485361e-47
-1.497535755495541461e-47
-9.083013497239676854e-48
-5.509126168659534978e-48
-3.341453929517200242e-48
-2.026694256269438918e-48
-1.229252204290907664e-48
-7.455791504217730173e-49
-4.522166139733028197e-49
-2.742832412062405888e-49
-1.663611952369404568e-49
-1.009031654976437038e-49
-6.120086353637887197e-50
-3.712020013570273035e-50
-2.251453947697275741e-50
-1.365575848209441695e-50
-8.282636201021116263e-51
-5.023672799165077479e-51
-3.047011577058006455e-51
-1.848105941985024243e-51
-1.120932916211014510e-51
-6.798801811630725875e-52
-4.123681748063832304e-52
-2.501139411098101668e-52
-1.517017737046598912e-52
-9.201177688466400054e-53
-5.580796373518687828e-53
-3.384924106152161967e-53
-2.053060251181666958e-53
-1.245243988579001422e-53
-7.552786578960126918e-54
-4.580996626405409475e-54
-2.778514905955021421e-54
-1.685254478930284471e-54
-1.022158510889255810e-54
-6.199704759405433230e-55
-3.760311017745730159e-55
-2.280743922318001753e-55
-1.383341115839116765e-55
-8.390387995975100573e-56
-5.089027566443738273e-56
-3.086651247170897774e-56
-1.872148617249387496e-56
-1.135515535900365455e-56
-6.887249871035930604e-57
-4.177328207885172219e-57
-2.533677633764786353e-57
-1.536753166706499911e-57
-9.320879120179719898e-58
-5.653398961864315659e-58
-3.428959801958280257e-58
-2.079769250809856501e-58
-1.261443815743751726e-58
-7.651043497534791875e-59
-4.640592460049831695e-59
-2.814661606251497173e-59
-1.707178560907540982e-59
-1.035456138794514936e-59
-6.280358949665332561e-60
-3.809230256972655739e-60
-2.310414940758948985e-60
-1.401337498228450308e-60
-8.499541572805532951e-61
-5.155232557408693291e-61
-3.126806604017141041e-61
-1.896504072328335565e-61
-1.150287866137001121e-61
-6.976848583075126473e-62
-4.231672573807708612e-62
-2.566639157879446842e-62
-1.556745341672898684e-62
-9.442137790894322520e-63
-5.726946063408720425e-63
-3.473568373977960458e-63
-2.106825717425791811e-63
-1.277854392289807476e-63
-7.750578675722232685e-64
-4.700963597340474005e-64
-2.851278551979992603e-64
-1.729387861156906889e-64
-1.048926760326518835e-64
-6.362062399310788031e-65
-3.858785904186911264e-65
-2.340471960156298262e-65
-1.419568002032519947e-65
-8.610115167797292566e-66
-5.222298832925842892e-66
-3.167484356351027120e-66
-1.921176376287034607e-66
-1.165252374933701511e-66
-7.067612917002507817e-67
-4.286723925143060617e-67
-2.600029490322950041e-67
-1.576997602037881089e-67
-9.564973959292768721e-68
-5.801449965664002453e-68
-3.518757274964022325e-68
-2.134234171352556616e-68
-1.294478459931711605e-68
-7.851408742861748979e-69
-4.762120124481473938e-69
-2.888371860732556325e-69
-1.751886090185523947e-69
-1.062572626021611802e-69
-6.444828758534735312e-70
-3.908986238649025229e-70
-2.370920002135398985e-70
-1.438035673021061799e-70
-8.722127254477653966e-71
-5.290237597755871794e-71
-3.208691300203445484e-71
-1.946169651126583343e-71
-1.180411562410512445e-71
-7.159558036812684241e-72
-4.342491459318883516e-72
-2.633854209617158784e-72
-1.597513331345992048e-72
-9.689408147610112562e-73
-5.876923115994926909e-73
-3.564534054624828793e-73
-2.161999191719745058e-73
-1.311318796051957341e-73
-7.953550544629697795e-74
-4.824072258892026436e-74
-2.925947729687194094e-74
-1.774677006771856067e-74
-1.076396015694175501e-74
-6.528671855110383236e-75
-3.959839647327402790e-75
-2.401764153649731274e-75
-1.456743596587326318e-75
-8.835596546702653027e-76
-5.359060202426226161e-76
-3.250434320017297743e-76
-1.971488072472676433e-76
-1.195767961212440624e-76
-7.252699303774121768e-77
-4.398984493415475499e-77
-2.668118966856932911e-77
-1.618295957159525389e-77
-9.815461145062545586e-78
-5.953378123698506759e-78
-3.610906360885614640e-78
-2.190125417228496193e-78
-1.328378214165006321e-78
-8.057021145853912279e-79
-4.886830350913410155e-79
-2.964012436643230703e-79
-1.797764418593668993e-79
-1.090399238817516899e-79
-6.613605696701417962e-80
-4.011354626299541317e-80
-2.433009567830784965e-80
-1.475694898263555279e-80
-8.950542001783616457e-81
-5.428778145127451802e-81
-3.292720389797679458e-81
-1.997135870273225905e-81
-1.211324136932584139e-81
-7.347052278995565383e-82
-4.456212465722386869e-82
-2.702829486654260439e-82
-1.639348951631166863e-82
-9.943154011320656188e-83
-6.030827762110635264e-83
-3.657881941166228194e-83
-2.218617546926480663e-83
-1.345659564387342781e-83
-8.161837833364698272e-84
-4.950404885538221426e-84
-3.002572341070141099e-84
-1.821152182864178640e-84
-1.104584634909712829e-84
-6.699644473202263065e-85
-4.063539782171467072e-85
-2.464661464848990803e-85
-1.494892744243163767e-85
-9.066982823654352786e-86
-5.499403073634190310e-86
-3.335556574277028930e-86
-2.023117329505058224e-86
-1.227082688540764049e-86
-7.442632726025814492e-87
-4.514184937315273274e-87
-2.737991568094665303e-87
-1.660675832084085029e-87
-1.007250808002786491e-87
-6.109284970740132631e-88
-3.705468643675488009e-88
-2.247480340992971134e-88
-1.363165733913640947e-88
-8.268018118882967977e-89
-5.014806484162093014e-89
-3.041633885170025857e-89
-1.844844206976476028e-89
-1.118954573924472047e-89
-6.786802559108787659e-90
-4.116403833515642142e-90
-2.496725132785855453e-90
-1.514340341909717163e-90
-9.184938466079555094e-91
-5.570946787251175991e-91
-3.378950030095431990e-91
-2.049436790889804677e-91
-1.243046248817735692e-91
-7.539456613487355177e-92
-4.572911593653261621e-92
-2.773611085706062953e-92
-1.682280161599571846e-92
-1.020354496236463890e-92
-6.188762857430542284e-93
-3.753674418722388747e-93
-2.276718621534126172e-93
-1.380899647499130790e-93
-8.375579741945908687e-94
-5.080045906358219984e-94
-3.081203594953913966e-94
-1.868844449156335253e-94
-1.133511456647084910e-94
-6.875094515919844963e-95
-4.169955612327572134e-95
-2.529205928517440455e-95
-1.534040940372786835e-95
-9.304428635904949239e-96
-5.643421238784546253e-96
-3.422908006996277877e-96
-2.076098651619107998e-96
-1.259217484795045974e-96
-7.637540117744222944e-97
-4.632402246197107278e-97
-2.809693990440216620e-97
-1.704165549612326130e-97
-1.033628655065906560e-97
-6.269274700550063267e-98
-3.802507320044352056e-98
-2.306337273388618831e-98
-1.398864267948235118e-98
-8.484540672870730419e-99
-5.146134051674955305e-99
-3.121288081332057581e-99
-1.893156919123512666e-99
-1.148257715095520874e-99
-6.964535094570073340e-100
-4.224204065501374282e-100
-2.562109278609336351e-100
-1.553997831010780144e-100
-9.425473296349699318e-101
-5.716838536538793809e-101
-3.467437849037479829e-101
-2.103107366089257273e-101
-1.275599098200616155e-101
-7.736899625604599670e-102
-4.692666834048384580e-102
-2.846246310666961204e-102
-1.726335652513481146e-102
-1.047075502204441115e-102
-6.350833951209966636e-103
-3.851975506152771665e-103
-2.336341244943745432e-103
-1.417062596609565129e-103
-8.594919115756969706e-104
-5.213081961456798411e-104
-3.161894041218421019e-104
-1.917785678761653581e-104
-1.163195812926746159e-104
-7.055139237894322712e-105
-4.279158256324529253e-105
-2.595440680223278884e-105
-1.574214348020831333e-105
-9.548092670341680517e-106
-5.791210946339698704e-106
-3.512546995818441469e-106
-2.130467446645388012e-106
-1.292193825910116766e-106
-7.837551737058549512e-107
-4.753715425610018311e-107
-2.883274153181366090e-107
-1.748794174261478650e-107
-1.060697284216424557e-107
-6.433454235511866378e-108
-3.902087241696048078e-108
-2.366735548962154288e-108
-1.435497673877357082e-108
-8.706733511527840924e-109
-5.280900820689074431e-109
-3.203028258649531576e-109
-1.942734842796907638e-109
-1.178328245848327661e-109
-7.146922083124162462e-110
-4.334827365992087385e-110
-2.629205702035557465e-110
-1.594693868975844249e-110
-9.672307243896104517e-111
-5.866550893583588568e-111
-3.558242983722992994e-111
-2.158183464335356022e-111
-1.309004440404220056e-111
-7.939513268051381594e-112
-4.815558220268410771e-112
-2.920783704223993847e-112
-1.771544867000888370e-112
-1.074496276892578205e-112
-6.517149356824238407e-113
-3.952850898840370011e-113
-2.397525263419325750e-113
-1.454172579699428974e-113
-8.820002541011166198e-114
-5.349601959866605946e-114
-3.244697605917889156e-114
-1.968008579485379667e-114
-1.193657542035390001e-114
-7.239898964416854777e-115
-4.391220695140566855e-115
-2.663409985167376467e-115
-1.615439815388784096e-115
-9.798137769538140345e-116
-5.942870965313238283e-116
-3.604533447178493184e-116
-2.186260049673424386e-116
-1.326033750231796660e-116
-8.042801253293090689e-117
-4.878205550097452862e-117
-2.958781230514437996e-117
-1.794591531689279331e-117
-1.088474785630203942e-117
-6.601933298088548163e-118
-4.004274958668449056e-118
-2.428715532351952004e-118
-1.473090434091749241e-118
-8.934745128060381900e-119
-5.419196856886700588e-119
-3.286909044720120110e-119
-1.993611111309516330e-119
-1.209186262552997120e-119
-7.334085415417229222e-120
-4.448347665401815161e-120
-2.698059244127315644e-120
-1.636455653284309853e-120
-9.925605269770008758e-121
-6.020183912320795188e-121
-3.651426119931314145e-121
-2.214701893413881296e-121
-1.343284600479139919e-121
-8.147432949104339228e-122
-4.941667881584701259e-122
-2.997273080298300513e-122
-1.817938018732245092e-122
-1.102635145818346323e-122
-6.687820224155373195e-123
-4.056368012596451183e-123
-2.460311566717349133e-123
-1.492254397659696276e-123
-9.050980442716139527e-124
-5.489697138966763465e-124
-3.329669627320067390e-124
-2.019546715683559005e-124
-1.224917001784031029e-124
-7.429497171852893317e-125
-4.506217820977079044e-125
-2.733159267766053222e-125
-1.657744893777842658e-125
-1.005473104058324267e-125
-6.098502651278047022e-126
-3.698928836338917618e-126
-2.243513747334727247e-126
-1.360759873245294451e-126
-8.253425836299480236e-127
-5.005955817380016892e-127
-3.036265684407796788e-127
-1.841588228626691393e-127
-1.116979723227967136e-127
-6.774824484150935249e-128
-4.109138763809368334e-128
-2.492318645264051222e-128
-1.511667672126101751e-128
-9.168727904409053449e-129
-5.561114584586853734e-129
-3.372986497727012148e-129
-2.045819725668169481e-129
-1.240852387862633518e-129
-7.526150174163196140e-130
-4.564840830231554287e-130
-2.768715920243509772e-130
-1.679311093662166950e-130
-1.018553665501658103e-130
-6.177840266894416182e-131
-3.747049532678741220e-131
-2.272700425031552212e-131
-1.378462488123569552e-131
-8.360797623107067901e-132
-5.071080098066946990e-132
-3.075765557336151309e-132
-1.865546112612491671e-132
-1.131510914407193289e-132
-6.862960613874399635e-133
-4.162596028715059623e-133
-2.524742115413732828e-133
-1.531333500866161120e-133
-9.288007185204092165e-134
-5.633461125457518126e-134
-3.416866892889222283e-134
-2.072434530694356038e-134
-1.256995083113289717e-134
-7.624060570162401063e-135
-4.624226487309676889e-135
-2.804735142008571605e-135
-1.701157856001665437e-135
-1.031804396676019233e-135
-6.258210014103017030e-136
-3.795796248474111770e-136
-2.302266802721742008e-136
-1.396395402689313580e-136
-8.469566248128377065e-137
-5.137051603957157944e-137
-3.115779298325976569e-137
-1.889815673332620547e-137
-1.146231147081709023e-137
-6.952243338226374409e-138
-4.216748738417204162e-138
-2.557587394154601448e-138
-1.551255169449305390e-138
-9.408838213087201839e-139
-5.706748848513215832e-139
-3.461318143903031709e-139
-2.099395577296813678e-139
-1.273347784495621415e-139
-7.723244717737493287e-140
-4.684384713771433760e-140
-2.841222950791562629e-140
-1.723288830734281793e-140
-1.045227511380676460e-140
-6.339625320275158022e-141
-3.845177127837406720e-141
-2.332217820059151415e-141
-1.414561612994036959e-141
-8.579749883334398426e-142
-5.203881356908203109e-142
-3.156313592471806340e-142
-1.914400965501876953e-142
-1.161142880560355760e-142
-7.042687573669000403e-143
-4.271605940207424011e-143
-2.590859968946412984e-143
-1.571436006188120737e-143
-9.531241175294667998e-144
-5.780989997931690857e-144
-3.506347677237643159e-144
-2.126707369856807763e-144
-1.289913224054968990e-144
-7.823719187581103324e-145
-4.745325560249954930e-145
-2.878185442609627225e-145
-1.745707715281315098e-145
-1.058825252215010091e-145
-6.422099787463655194e-146
-3.895200420830693343e-146
-2.362558480959367940e-146
-1.432964154065962539e-146
-8.691366937101839457e-147
-5.271580522164948940e-147
-3.197375211836975210e-147
-1.939306096584301365e-147
-1.176248606146008265e-147
-7.134308430718039663e-148
-4.327176799076814999e-148
-2.624565398637261862e-148
-1.591879382694409284e-148
-9.655236521685798334e-149
-5.856196977179597837e-149
-3.551963015975871365e-149
-2.154374471354720642e-149
-1.306694169378834511e-149
-7.925500765959960773e-150
-4.807059208130676065e-150
-2.915628792785188412e-150
-1.768418255165149117e-150
-1.072599890953181977e-150
-6.505647194675322259e-151
-3.945874484844066158e-151
-2.393293854435718730e-151
-1.451606100417087767e-151
-8.804436057288595329e-152
-5.340160410224948598e-152
-3.238971016585025376e-152
-1.964535227479414319e-152
-1.191550847551797592e-152
-7.227121216467391373e-153
-4.383470599247136976e-153
-2.658709314392298346e-153
-1.612588714442484255e-153
-9.780844968159472697e-154
-5.932382351084756741e-154
-3.598171781071021095e-154
-2.182401504132387373e-154
-1.323693424059260351e-154
-8.028606457519378456e-155
-4.869595971252337724e-155
-2.953559256977662229e-155
-1.791424244635016883e-155
-1.086553728923682722e-155
-6.590281500173031351e-156
-3.997207785991912288e-156
-2.424429075446149412e-156
-1.470490566556842762e-156
-8.918976134349259684e-157
-5.409632478728090150e-157
-3.281107956125836667e-157
-1.990092573217374359e-157
-1.207052161322746045e-157
-7.321141437146452496e-158
-4.440496745721935154e-158
-2.693297420634527167e-158
-1.633567461339793717e-158
-9.908087500115169343e-159
-6.009558847935350298e-159
-3.644981692620121473e-159
-2.210793150665353252e-159
-1.340913828161228148e-159
-8.133053488124225099e-160
-4.932946297630120626e-160
-2.991983172228589235e-160
-1.814729527300904171e-160
-1.100689097393812658e-160
-6.676016843807722720e-161
-4.049208900527350705e-161
-2.455969345751120844e-161
-1.489620707512432293e-161
-9.035006304491151901e-162
-5.480008334370821051e-162
-3.323793070276663462e-162
-2.015982403663183878e-162
-1.222755137262891443e-162
-7.416384800710732857e-163
-4.498264765857827753e-163
-2.728335495997842483e-163
-1.654819128304966398e-163
-1.003698537595896297e-163
-6.087739361606443523e-164
-3.692400571153721985e-164
-2.239554154345171446e-164
-1.358358258697145714e-164
-8.238859307736837719e-165
-4.997120771201194777e-165
-3.030906958020363863e-165
-1.838337996775702462e-165
-1.115008357959167798e-165
-6.762867549380740463e-166
-4.101886516275061813e-166
-2.487919934782668782e-166
-1.508999719355944015e-166
-9.152545952871393159e-167
-5.551299734845279570e-167
-3.367033490438274701e-167
-2.042209044230057345e-167
-1.238662398867963311e-167
-7.512867219466188625e-168
-4.556784310956244868e-168
-2.763829394292469168e-168
-1.676347265853379365e-168
-1.016756013065519452e-168
-6.166936953714164306e-169
-3.740436338942470107e-169
-2.268689320271883824e-169
-1.376029630107511607e-169
-8.346041593332398031e-170
-5.062130113592978611e-170
-3.070337117348736783e-170
-1.862253597325714768e-170
-1.129513902938190587e-170
-6.850848127036920924e-171
-4.155249434082762902e-171
-2.520286180524764521e-171
-1.528630839738318745e-171
-9.271614716835591869e-172
-5.623518590803652394e-172
-3.410836440786398201e-172
-2.068776876602064529e-172
-1.254776603763691457e-172
-7.610604812727694780e-173
-4.616065157875871721e-173
-2.799785045482953836e-173
-1.698155470690341246e-173
-1.029983357932430141e-173
-6.247164855797903942e-174
-3.789097021320680328e-174
-2.298203516056806550e-174
-1.393930894747828843e-174
-8.454618251852219785e-175
-5.127985185914398074e-175
-3.110280237809270745e-175
-1.886480324529623642e-175
-1.144208155771855482e-175
-6.939973275688789751e-176
-4.209306569291568092e-176
-2.553073490405136002e-176
-1.548517348430262914e-176
-9.392232489198653356e-177
-5.696676967848087792e-177
-3.455209239478665051e-177
-2.095690339466181263e-177
-1.271100444149815524e-177
-7.709613909512089566e-178
-4.676117210666062622e-178
-2.836208456678886054e-178
-1.720247386311994612e-178
-1.043382782088747616e-178
-6.328436471530908988e-179
-3.838390748027132022e-179
-2.328101672635765115e-179
-1.412065043381855739e-179
-8.564607423195452894e-180
-5.194696990570455913e-180
-3.150742992697929870e-180
-1.911022225946032536e-180
-1.159093571428552127e-180
-7.030257885472322527e-181
-4.264066953225470687e-181
-2.586287342198683809e-181
-1.568662567870201000e-181
-9.514419421568265068e-182
-5.770787088546492022e-182
-3.500159299877250961e-182
-2.122953929253858152e-182
-1.287636647249869937e-182
-7.809911051266270294e-183
-4.736950502221517569e-183
-2.873105713138507231e-183
-1.742626703614034831e-183
-1.056956524175872266e-183
-6.410765378959637890e-184
-3.888325754563299527e-184
-2.358388785092901004e-184
-1.430435105681273421e-184
-8.676027483249733285e-185
-5.262276673100399084e-185
-3.191732142125986956e-185
-1.935883401789691391e-185
-1.174172636814238569e-185
-7.121717040234624647e-186
-4.319539734700210123e-186
-2.619933284942651690e-186
-1.589069863719353410e-186
-9.638195927711641044e-187
-5.845861334474558502e-187
-3.545694131787429180e-187
-2.150572200892242242e-187
-1.304387975766821833e-187
-7.911512994630769337e-188
-4.798575195958473011e-188
-2.910482979285371394e-188
-1.765297161508347006e-188
-1.070706851958497031e-188
-6.494165332772241008e-189
-3.938910383569260875e-189
-2.389069913495206126e-189
-1.449044150731851371e-189
-8.788897046961224784e-190
-5.330735524039806609e-190
-3.233254534149434616e-190
-1.961068005616519912e-190
-1.189447871187926187e-190
-7.214366020054002096e-191
-4.375734181551759273e-191
-2.654016939863708618e-191
-1.609742645424039994e-191
-9.763582686966026860e-192
-5.921912248284350377e-192
-3.591821342712231273e-192
-2.178549768565166646e-192
-1.321357228344635151e-192
-8.014436714239284159e-193
-4.861001587512703404e-193
-2.948346499738238107e-193
-1.788262547547667407e-193
-1.084636062703481044e-193
-6.578650266596556985e-194
-3.990153086217501086e-194
-2.420150183737900987e-194
-1.467895287546200056e-194
-8.903234971444625003e-195
-5.400084980806898065e-195
-3.275317105913090528e-195
-1.986580245017540284e-195
-1.204921826582573649e-195
-7.308220303792796550e-196
-4.432659682184706897e-196
-2.688544001317082358e-196
-1.630684366785293328e-196
-9.890600647693618712e-197
-5.998952535799809292e-197
-3.638548639123433614e-197
-2.206891306484040620e-197
-1.338547240035840705e-197
-8.118699405554632211e-198
-4.924240106459615701e-198
-2.986702600354358996e-198
-1.811526698558366852e-198
-1.098746483563655070e-198
-6.664234295327999510e-199
-4.042062423624847608e-199
-2.451634788400824882e-199
-1.486991665583194721e-199
-9.019060359133627130e-200
-5.470336629613379806e-200
-3.317926884809586336e-200
-2.012424382321841357e-200
-1.220597088231455283e-200
-7.403295571683440241e-201
-4.490325747140774710e-201
-2.723520237737917657e-201
-1.651898526535887480e-201
-1.001927103078138732e-201
-6.076995068139512023e-202
-3.685883827749077982e-202
-2.235601549668774784e-202
-1.355960882775187465e-202
-8.224318487741593006e-203
-4.988301318056715684e-203
-3.025557689286339110e-203
-1.835093501281473862e-203
-1.113040471966618822e-203
-6.750931717487740561e-204
-4.094647068282781236e-204
-2.483528987615955798e-204
-1.506336475274153957e-204
-9.136392560972355126e-205
-5.541502207400159450e-205
-3.361090989653433240e-205
-2.038604735308684585e-205
-1.236476275000074820e-205
-7.499607707948149676e-206
-4.548742010687741971e-206
-2.758951492605006883e-206
-1.673388668924869449e-206
-1.014961533318646578e-206
-6.156052883867046812e-207
-3.733834816877739868e-207
-2.264685294738855179e-207
-1.373601065859457569e-207
-8.331311606577132149e-208
-5.053195925008748038e-208
-3.064918258052746624e-208
-1.858966893022027682e-208
-1.127520416008594849e-208
-6.838757017611559073e-209
-4.147915805506340550e-209
-2.515838109946220111e-209
-1.525932948555865638e-209
-9.255251179648331886e-210
-5.613593603798230788e-210
-3.404816631870360140e-210
-2.065125677928875917e-210
-1.252562039823700512e-210
-7.597172803452709307e-211
-4.607918232429048060e-211
-2.794843685417062717e-211
-1.695158384309698515e-211
-1.028165533152763442e-211
-6.236139191169369927e-212
-3.782409617679766421e-212
-2.294147400714717998e-212
-1.391470736433521213e-212
-8.439696637398474490e-213
-5.118934769255790820e-213
-3.104790882622651867e-213
-1.883150862306886496e-213
-1.142188734853410310e-213
-6.927724868669770550e-214
-4.201877534901893021e-214
-2.548567553275738783e-214
-1.545784359410546071e-214
-9.375656072867489937e-215
-5.686622863115076725e-215
-3.449111116702131333e-215
-2.091991641035521421e-215
-1.268857070150589486e-215
-7.696007158394762128e-216
-4.667864298934324108e-216
-2.831202812681685011e-216
-1.717211309756085738e-216
-1.041541308572353965e-216
-6.317267370063493280e-217
-3.831616345545703778e-217
-2.323992789829544932e-217
-1.409572879982717475e-217
-8.549491688089542217e-218
-5.185528833784626370e-218
-3.145182224514271540e-218
-1.907649449551089323e-218
-1.157047879136664206e-218
-7.017850134518642382e-219
-4.256541271853985215e-219
-2.581722785711649637e-219
-1.565894024412824493e-219
-9.497627356671809195e-220
-5.760602186346907133e-220
-3.493981844427028211e-220
-2.119207113124289322e-220
-1.285364088390980694e-220
-7.796127285027091017e-221
-4.728590225391143436e-221
-2.868034948917199797e-221
-1.739551129645638114e-221
-1.055091094267825588e-221
-6.399450974631885754e-222
-3.881463221442132880e-222
-2.354226448351620104e-222
-1.427910520831638134e-222
-8.660715102106234266e-223
-5.252989244463661113e-223
-3.186099031907912348e-223
-1.932466747732888577e-223
-1.172100331375156177e-223
-7.109147872383697483e-224
-4.311916149031548549e-224
-2.615309346497662543e-224
-1.586265303283843536e-224
-9.621185408800102444e-225
-5.835543933217088113e-225
-3.539436311596215788e-225
-2.146776641083303132e-225
-1.302085852371926930e-225
-7.897549910416315211e-226
-4.790106157278256266e-226
-2.905346247667528472e-226
-1.762181576291410164e-226
-1.068817154001477221e-226
-6.482703735286953772e-227
-3.931958573285148439e-227
-2.384853427417386140e-227
-1.446486722649402127e-227
-8.773385461541068288e-228
-5.321327271901730841e-228
-3.227548140773384685e-228
-1.957606903077564424e-228
-1.187348606381640451e-228
-7.201633335375323018e-229
-4.368011417913686876e-229
-2.649332846939504233e-229
-1.606901599452566584e-229
-9.746350872092511837e-230
-5.911460624241070551e-230
-3.585482112286192619e-230
-2.174704830952790834e-230
-1.319025155798047088e-230
-8.000291979237485227e-231
-4.852422372060602126e-231
-2.943142942530258572e-231
-1.785106430561458897e-231
-1.082721780985705950e-231
-6.567039561064976870e-232
-3.983110837331702904e-232
-2.415878843875337224e-232
-1.465304588961502416e-232
-8.887521590227692067e-233
-5.390554333331075042e-233
-3.269536476012091638e-233
-1.983074115750132527e-233
-1.202795251684975094e-233
-7.295321975037110046e-234
-4.424836450335329707e-234
-2.683798971342394362e-234
-1.627806360624389561e-234
-9.873144657939319929e-235
-5.988364942818197382e-235
-3.632126939367527809e-235
-2.202996348694614598e-235
-1.336184828718267466e-235
-8.104370656605026931e-236
-4.915549280906356292e-236
-2.981431348198092491e-236
-1.808329522510515005e-236
-1.096807298266134156e-236
-6.652472541949894043e-237
-4.034928559589048907e-237
-2.447307881140891740e-237
-1.484367263668311949e-237
-9.003142556885778552e-238
-5.460681994514816161e-238
-3.312071052613970546e-238
-2.008872640557067523e-238
-1.218442847955738054e-238
-7.390229443927337284e-239
-4.482400740052976235e-239
-2.718713477960728167e-239
-1.648983079357148280e-239
-1.000158794977461007e-239
-6.066269737350719042e-240
-3.679378585790114623e-240
-2.231655920971814566e-240
-1.353567737998639053e-240
-8.209803330940514992e-241
-4.979497430426326748e-241
-3.020217861513843015e-241
-1.831854732019870216e-241
-1.111076059109720998e-241
-6.739016951227320181e-242
-4.087420397242525917e-242
-2.479145790062383119e-242
-1.503677931570335256e-242
-9.120267678306834601e-243
-5.531721971679252183e-243
-3.355158976829486255e-243
-2.035006787657152462e-243
-1.234294009437379633e-243
-7.486371598234052017e-244
-4.540713904330821458e-244
-2.754082199960100534e-244
-1.670435293644620702e-244
-1.013170220661538218e-244
-6.145188023390371831e-245
-3.727244945885135397e-245
-2.260688335938290022e-245
-1.371176787801306531e-245
-8.316607616877760370e-246
-5.044277504435980040e-246
-3.059508962539151242e-246
-1.855685989445586177e-246
-1.125530447397922244e-246
-6.826687247869172677e-247
-4.140595120101910774e-247
-2.511397889798322350e-247
-1.523239818900292002e-247
-9.238916522581464515e-248
-5.603686133471284671e-248
-3.398807447356874258e-248
-2.061480923281576560e-248
-1.250351384382983415e-248
-7.583764500424154314e-249
-4.599785685547511267e-249
-2.789911046391859878e-249
-1.692166587507618493e-249
-1.026350916664671363e-249
-6.225132985812891235e-250
-3.775734016683968707e-250
-2.290098444038758707e-250
-1.389014920069703755e-250
-8.424801358205681387e-251
-5.109900325740381947e-251
-3.099311215637114504e-251
-1.879827276275142708e-251
-1.140172878024965163e-251
-6.915498078949340237e-252
-4.194461612066592702e-252
-2.544069568706066501e-252
-1.543056193862125090e-252
-9.359108912368599522e-253
-5.676586502941313571e-253
-3.443023756544825511e-253
-2.088299470463402276e-253
-1.266617655497710545e-253
-7.682424421926953467e-254
-4.659625952823802178e-254
-2.826206003180328714e-254
-1.714180591592769806e-254
-1.039703085085354830e-254
-6.306117981020805704e-255
-3.824853899254249054e-255
-2.319891158819117880e-255
-1.407085115020065533e-255
-8.534402630849468873e-256
-5.176376857942362451e-256
-3.139631270568989953e-256
-1.904282625792622896e-256
-1.155005797301305422e-256
-7.005464282090769800e-257
-4.249028872609804156e-257
-2.577166285242051561e-257
-1.563130367177018266e-257
-9.480864928207278826e-258
-5.750435259551929131e-258
-3.487815291610820170e-258
-2.115466909776521537e-258
-1.283095540386999745e-258
-7.782367845852648019e-259
-4.720244703671392010e-259
-2.862973134122873531e-259
-1.736480983779092214e-259
-1.053228956669975561e-259
-6.388156539174888597e-260
-3.874612800053318020e-260
-2.350071457747352849e-260
-1.425390391639332168e-260
-8.645429745890530511e-261
-5.243718207274208488e-261
-3.180475863605172993e-261
-1.929056123752552992e-261
-1.170031683362331351e-261
-7.096600887944379145e-262
-4.304306018282163756e-262
-2.610693568873739778e-262
-1.583465692636518675e-262
-9.604204911871495114e-263
-5.825244741212732999e-263
-3.533189535875307564e-263
-2.142987780084223188e-263
-1.299787792010595799e-263
-7.883611469746137880e-264
-4.781652065663208880e-264
-2.900218581902982699e-264
-1.759071489792454081e-264
-1.066930791185502166e-264
-6.471262366454644721e-265
-3.925019032299273458e-265
-2.380644383045120468e-265
-1.443933808189532050e-265
-8.757901252625719139e-266
-5.311935624453176690e-266
-3.221851818650624318e-266
-1.954151909062510886e-266
-1.185253046582386783e-266
-7.188923122700237039e-267
-4.360302284234779542e-267
-2.644657021003423418e-267
-1.604065567662854093e-267
-9.729149469768706872e-268
-5.901027446341631667e-268
-3.579154070011946365e-268
-2.170866679297503098e-268
-1.316697199142488284e-268
-7.986172208376701378e-269
-4.843858298125418186e-269
-2.937948569116523747e-269
-1.781955883828032882e-269
-1.080810877797025438e-269
-6.555449347348202669e-270
-3.976081017359857474e-270
-2.411615042530153130e-270
-1.462718462718724105e-270
-8.871835941666367506e-271
-5.381040506561154833e-271
-3.263766048384940139e-271
-1.979574174474612392e-271
-1.200672429994178277e-271
-7.282446410631396137e-272
-4.417027025762160559e-272
-2.679062315904054242e-272
-1.624933433876541725e-272
-9.855719476382536164e-273
-5.977796035952949149e-273
-3.625716573314107108e-273
-2.199108265143234153e-273
-1.333826586836830515e-273
-8.090067196563929228e-274
-4.906873793851455506e-274
-2.976169399311355343e-274
-1.805137989180868475e-274
-1.094871535450208608e-274
-6.640731546971989971e-275
-4.027807286159417300e-275
-2.442988610469623294e-275
-1.481747493578590239e-275
-8.987252848077634176e-276
-5.451044398948771089e-276
-3.306225555417253422e-276
-2.005327167285994641e-276
-1.216292409713640648e-276
-7.377186376670831278e-277
-4.474489719865210769e-277
-2.713915201667242594e-277
-1.646072777671377452e-277
-9.983936077760274397e-278
-6.055563335772700747e-278
-3.672884824977851957e-278
-2.227717255942336428e-278
-1.351178816899922649e-278
-8.195313792040457144e-279
-4.970709080838341981e-279
-3.014887458040456934e-279
-1.828621678884622695e-279
-1.109115113258713729e-279
-6.727123213420597567e-280
-4.080206480604165247e-280
-2.474770328444606491e-280
-1.501024079948757698e-280
-9.104171254558685553e-281
-5.521958997164273201e-281
-3.349237433456158737e-281
-2.031415190048410957e-281
-1.232115595370327197e-281
-7.473158849021887917e-282
-4.532699966834549492e-282
-2.749221501163590963e-282
-1.667487130796909332e-282
-1.011382069504575630e-282
-6.134342338381386772e-283
-3.720666705401601095e-283
-2.256698431398063255e-283
-1.368756788368332556e-283
-8.301929578351900685e-284
-5.035374824045602595e-284
-3.054109213928764773e-284
-1.852410876358645982e-284
-1.123543990896666975e-284
-6.814638780147204073e-285
-4.133287355025979775e-285
-2.506965506225792782e-285
-1.520551442367946333e-285
-9.222610694664266951e-286
-5.593796148907507168e-286
-3.392808868494858559e-286
-2.057842601287059630e-286
-1.248144630543401873e-286
-7.570379861802707736e-287
-4.591667491854430711e-287
-2.784987113015520240e-287
-1.689180070948486048e-287
-1.024539502805818243e-287
-6.214146205384662927e-288
-3.769070197502718168e-288
-2.286056633394548802e-288
-1.386563437993237577e-288
-8.409932367794554196e-289
-5.100881827177060448e-289
-3.093841219753885492e-289
-1.876509556063462481e-289
-1.138160578996232897e-289
-6.903292868374978997e-290
-4.187058777644993661e-290
-2.539579522660590620e-290
-1.540332843272022522e-290
-9.342590956068163121e-291
-5.666567856009305621e-291
-3.436947140011726544e-291
-2.084613816228761290e-291
-1.264382193203300960e-291
-7.668865657725044384e-292
-4.651402146627530222e-292
-2.821218012582755088e-292
-1.711155222364983028e-292
-1.037868105891751057e-292
-6.294988269612250450e-293
-3.818103388051207137e-293
-2.315796766805739276e-293
-1.404601740731068551e-293
-8.519340204391283734e-294
-5.167241034485806801e-294
-3.134090113540866140e-294
-1.900921744164784030e-294
-1.152967319550356134e-294
-6.993100289539841593e-295
-4.241529732051207871e-295
-2.572617826571768178e-295
-1.560371587539055810e-295
-9.464132083869126710e-296
-5.740286276436642054e-296
-3.481659622186492129e-296
-2.111733307539610967e-296
-1.280830996159141723e-296
-7.768632690807936381e-297
-4.711913911020868441e-297
-2.857920252960622412e-297
-1.733416256434302396e-297
-1.051370105571700734e-297
-6.376882037345447223e-298
-3.867774469020776143e-298
-2.345923800314851446e-298
-1.422874710240535274e-298
-8.630171366906139597e-299
-5.234463532602660021e-299
-3.174862619671212984e-299
-1.925651519206160179e-299
-1.167966686320747235e-299
-7.084076047765011942e-300
-4.296709318705377106e-300
-2.606085937667792385e-300
-1.580671023041462834e-300
-9.587254383939816799e-301
-5.814963726323854327e-301
-3.526953785132240456e-301
-2.139205606072227161e-301
-1.297493787511951882e-301
-7.869697629126675374e-302
-4.773212894733149826e-302
-2.895099965991346264e-302
-1.755966892306753517e-302
-1.065047757624358042e-302
-6.459841190573627675e-303
-3.918091738957465521e-303
-2.376442767244491024e-303
-1.441385399386117172e-303
-8.742444371898192731e-304
-5.302560552388410733e-304
-3.216165550006328049e-304
-1.950703012790383046e-304
-1.183161185251172533e-304
-7.176235342367749590e-305
-4.352606756459426715e-305
-2.639989447465001572e-305
-1.601234541205338005e-305
-9.711978426319296201e-306
-5.890612682030305652e-306
-3.572837196143446526e-306
-2.167035301622720185e-306
-1.314373351113793900e-306
-7.972077357597541652e-307
-4.835309338983784618e-307
-2.932763363288492433e-307
-1.778810897516410764e-307
-1.078903347174650201e-307
-6.543879589280090262e-308
-3.969063604366089292e-308
-2.407358766397567170e-308
-1.460136900748107414e-308
-8.856177976815097358e-309
-5.371543470810157704e-309
-3.258005805025570646e-309
-1.976080410269748861e-309
-1.198553354886122870e-309
-7.269593570398728243e-310
-4.409231384096679877e-310
-2.674334020221745054e-310
-1.622065577577054067e-310
-9.838325048649425092e-311
-5.967245782224578344e-311
-3.619317520960328908e-311
-2.195227043697401035e-311
-1.331472507032934858e-311
-8.075788980798668751e-312
-4.898213618228483574e-312
-2.970916737270734533e-312
-1.801952088607635160e-312
-1.092939189076754901e-312
-6.629011273766969612e-313
-4.020698581128919710e-313
-2.438676962902031899e-313
-1.479132347135715548e-313
-8.971391183293776023e-314
-5.441423812746751803e-314
-3.300390375030830280e-314
-2.001787951366476671e-314
-1.214145766583339928e-314
-7.364166330386221004e-315
-4.466592664990585091e-315
-2.709125392825824920e-315
-1.643167610861708864e-315
-9.966315330181850659e-316
-6.044875835163482440e-316
-3.666402561602293832e-316
-2.223785519406283965e-316
-1.348794124270450901e-316
-8.180849634544028718e-317
-4.961936359844493772e-317
-3.009566297046744437e-317
-1.825394203685257291e-317
-1.107157634553399476e-317
-6.715251326457971604e-318
-4.073008015124818736e-318
-2.470402339053108908e-318
-1.498377587425040457e-318
-9.088139928991393682e-319
-5.512241004086203569e-319
-3.343292818843131240e-319
-2.027843036790812316e-319
-1.229927018757199147e-319
-7.460391252202822817e-320
-4.524653184614135852e-320
-2.744534662648124553e-320
-1.665001226485000854e-320
-1.009870180099507936e-320
-6.126414008431457148e-321
-3.710433000267761547e-321
-2.252939345036084241e-321
-1.363621182521840462e-321
-8.300302850132941942e-322
-5.039469587580714751e-322
-3.013800439631603919e-322
-1.828042889612612213e-322
-1.136350985434867052e-322
-6.422853395936205074e-323
-3.952525166729972353e-323
-2.470328229206232721e-323
-1.976262583364986177e-323
-9.881312916824930884e-324
-4.940656458412465442e-324
-4.940656458412465442e-324
0.000000000000000000e+00
0.000000000000000000e+00
0.000000000000000000e+00
0.000000000000000000e+00
0.000000000000000000e+00
0.000000000000000000e+00
0.000000000000000000e+00
0.000000000000000000e+00
0.000000000000000000e+00
0.000000000000000000e+00
0.000000000000000000e+00
0.000000000000000000e+00
0.000000000000000000e+00
0.000000000000000000e+00
0.000000000000000000e+00
0.000000000000000000e+00
0.000000000000000000e+00
0.000000000000000000e+00
0.000000000000000000e+00
0.000000000000000000e+00
0.000000000000000000e+00
0.000000000000000000e+00
0.000000000000000000e+00
0.000000000000000000e+00
0.000000000000000000e+00
0.000000000000000000e+00
0.000000000000000000e+00
0.000000000000000000e+00
0.000000000000000000e+00
0.000000000000000000e+00
0.000000000000000000e+00
0.000000000000000000e+00
0.000000000000000000e+00
0.000000000000000000e+00
0.000000000000000000e+00
0.000000000000000000e+00
0.000000000000000000e+00
0.000000000000000000e+00
0.000000000000000000e+00
0.000000000000000000e+00
0.000000000000000000e+00
0.000000000000000000e+00
0.000000000000000000e+00
0.000000000000000000e+00
0.000000000000000000e+00
0.000000000000000000e+00
0.000000000000000000e+00
0.000000000000000000e+00
0.000000000000000000e+00
0.000000000000000000e+00
0.000000000000000000e+00
0.000000000000000000e+00
0.000000000000000000e+00
0.000000000000000000e+00
0.000000000000000000e+00
0.000000000000000000e+00
0.000000000000000000e+00
0.000000000000000000e+00
0.000000000000000000e+00
0.000000000000000000e+00
0.000000000000000000e+00
0.000000000000000000e+00
0.000000000000000000e+00
0.000000000000000000e+00
0.000000000000000000e+00
0.000000000000000000e+00
0.000000000000000000e+00
0.000000000000000000e+00
0.000000000000000000e+00
0.000000000000000000e+00
0.000000000000000000e+00
0.000000000000000000e+00
0.000000000000000000e+00
0.000000000000000000e+00
0.000000000000000000e+00
0.000000000000000000e+00
0.000000000000000000e+00
0.000000000000000000e+00
0.000000000000000000e+00
0.000000000000000000e+00
0.000000000000000000e+00
0.000000000000000000e+00
0.000000000000000000e+00
0.000000000000000000e+00
0.000000000000000000e+00
0.000000000000000000e+00
0.000000000000000000e+00
0.000000000000000000e+00
0.000000000000000000e+00
0.000000000000000000e+00
0.000000000000000000e+00
0.000000000000000000e+00
0.000000000000000000e+00
0.000000000000000000e+00
0.000000000000000000e+00
0.000000000000000000e+00
0.000000000000000000e+00
0.000000000000000000e+00
0.000000000000000000e+00
0.000000000000000000e+00
0.000000000000000000e+00
0.000000000000000000e+00
0.000000000000000000e+00
0.000000000000000000e+00
0.000000000000000000e+00
0.000000000000000000e+00
0.000000000000000000e+00
0.000000000000000000e+00
0.000000000000000000e+00
0.000000000000000000e+00
0.000000000000000000e+00
0.000000000000000000e+00
0.000000000000000000e+00
0.000000000000000000e+00
0.000000000000000000e+00
0.000000000000000000e+00
0.000000000000000000e+00
0.000000000000000000e+00
0.000000000000000000e+00
0.000000000000000000e+00
0.000000000000000000e+00
0.000000000000000000e+00
0.000000000000000000e+00
0.000000000000000000e+00
0.000000000000000000e+00
0.000000000000000000e+00
0.000000000000000000e+00
0.000000000000000000e+00
0.000000000000000000e+00
0.000000000000000000e+00
0.000000000000000000e+00
0.000000000000000000e+00
0.000000000000000000e+00
0.000000000000000000e+00
0.000000000000000000e+00
0.000000000000000000e+00
0.000000000000000000e+00
0.000000000000000000e+00
0.000000000000000000e+00
0.000000000000000000e+00
0.000000000000000000e+00
0.000000000000000000e+00
0.000000000000000000e+00
0.000000000000000000e+00
0.000000000000000000e+00
0.000000000000000000e+00
0.000000000000000000e+00
0.000000000000000000e+00
0.000000000000000000e+00
0.000000000000000000e+00
0.000000000000000000e+00
0.000000000000000000e+00
0.000000000000000000e+00
0.000000000000000000e+00
0.000000000000000000e+00
0.000000000000000000e+00
0.000000000000000000e+00
0.000000000000000000e+00
0.000000000000000000e+00
0.000000000000000000e+00
0.000000000000000000e+00
0.000000000000000000e+00
0.000000000000000000e+00
0.000000000000000000e+00
0.000000000000000000e+00
0.000000000000000000e+00
0.000000000000000000e+00
0.000000000000000000e+00
0.000000000000000000e+00
0.000000000000000000e+00
0.000000000000000000e+00
0.000000000000000000e+00
0.000000000000000000e+00
0.000000000000000000e+00
0.000000000000000000e+00
0.000000000000000000e+00
0.000000000000000000e+00
0.000000000000000000e+00
0.000000000000000000e+00
0.000000000000000000e+00
0.000000000000000000e+00
0.000000000000000000e+00
0.000000000000000000e+00
0.000000000000000000e+00
0.000000000000000000e+00
0.000000000000000000e+00
0.000000000000000000e+00
0.000000000000000000e+00
0.000000000000000000e+00
0.000000000000000000e+00
0.000000000000000000e+00
0.000000000000000000e+00
0.000000000000000000e+00
0.000000000000000000e+00
0.000000000000000000e+00
0.000000000000000000e+00
0.000000000000000000e+00
0.000000000000000000e+00
0.000000000000000000e+00
0.000000000000000000e+00
0.000000000000000000e+00
0.000000000000000000e+00
0.000000000000000000e+00
0.000000000000000000e+00
0.000000000000000000e+00
0.000000000000000000e+00
0.000000000000000000e+00
0.000000000000000000e+00
0.000000000000000000e+00
0.000000000000000000e+00
0.000000000000000000e+00
0.000000000000000000e+00
0.000000000000000000e+00
0.000000000000000000e+00
0.000000000000000000e+00
0.000000000000000000e+00
0.000000000000000000e+00
0.000000000000000000e+00
0.000000000000000000e+00
0.000000000000000000e+00
0.000000000000000000e+00
0.000000000000000000e+00
0.000000000000000000e+00
0.000000000000000000e+00
0.000000000000000000e+00
0.000000000000000000e+00
0.000000000000000000e+00
0.000000000000000000e+00
0.000000000000000000e+00
0.000000000000000000e+00
0.000000000000000000e+00
0.000000000000000000e+00
0.000000000000000000e+00
0.000000000000000000e+00
0.000000000000000000e+00
0.000000000000000000e+00
0.000000000000000000e+00
0.000000000000000000e+00
0.000000000000000000e+00
0.000000000000000000e+00
0.000000000000000000e+00
0.000000000000000000e+00
0.000000000000000000e+00
0.000000000000000000e+00
0.000000000000000000e+00
0.000000000000000000e+00
0.000000000000000000e+00
0.000000000000000000e+00
0.000000000000000000e+00
0.000000000000000000e+00
0.000000000000000000e+00
0.000000000000000000e+00
0.000000000000000000e+00
0.000000000000000000e+00
0.000000000000000000e+00
0.000000000000000000e+00
0.000000000000000000e+00
0.000000000000000000e+00
0.000000000000000000e+00
0.000000000000000000e+00
0.000000000000000000e+00
0.000000000000000000e+00
0.000000000000000000e+00
0.000000000000000000e+00
0.000000000000000000e+00
0.000000000000000000e+00
0.000000000000000000e+00
0.000000000000000000e+00
0.000000000000000000e+00
0.000000000000000000e+00
0.000000000000000000e+00
0.000000000000000000e+00
0.000000000000000000e+00
0.000000000000000000e+00
0.000000000000000000e+00
0.000000000000000000e+00
0.000000000000000000e+00
0.000000000000000000e+00
0.000000000000000000e+00
0.000000000000000000e+00
0.000000000000000000e+00
0.000000000000000000e+00
0.000000000000000000e+00
0.000000000000000000e+00
0.000000000000000000e+00
0.000000000000000000e+00
0.000000000000000000e+00
0.000000000000000000e+00
0.000000000000000000e+00
0.000000000000000000e+00
0.000000000000000000e+00
0.000000000000000000e+00
0.000000000000000000e+00
0.000000000000000000e+00
0.000000000000000000e+00
0.000000000000000000e+00
0.000000000000000000e+00
0.000000000000000000e+00
0.000000000000000000e+00
0.000000000000000000e+00
0.000000000000000000e+00
0.000000000000000000e+00
0.000000000000000000e+00
0.000000000000000000e+00
0.000000000000000000e+00
0.000000000000000000e+00
0.000000000000000000e+00
0.000000000000000000e+00
0.000000000000000000e+00
0.000000000000000000e+00
0.000000000000000000e+00
0.000000000000000000e+00
0.000000000000000000e+00
0.000000000000000000e+00
0.000000000000000000e+00
0.000000000000000000e+00
0.000000000000000000e+00
0.000000000000000000e+00
0.000000000000000000e+00
0.000000000000000000e+00
0.000000000000000000e+00
0.000000000000000000e+00
0.000000000000000000e+00
0.000000000000000000e+00
0.000000000000000000e+00
0.000000000000000000e+00
0.000000000000000000e+00
0.000000000000000000e+00
0.000000000000000000e+00
0.000000000000000000e+00
0.000000000000000000e+00
0.000000000000000000e+00
0.000000000000000000e+00
0.000000000000000000e+00
0.000000000000000000e+00
0.000000000000000000e+00
0.000000000000000000e+00
0.000000000000000000e+00
0.000000000000000000e+00
0.000000000000000000e+00
0.000000000000000000e+00
0.000000000000000000e+00
0.000000000000000000e+00
0.000000000000000000e+00
0.000000000000000000e+00
0.000000000000000000e+00
0.000000000000000000e+00
0.000000000000000000e+00
0.000000000000000000e+00
0.000000000000000000e+00
0.000000000000000000e+00
0.000000000000000000e+00
0.000000000000000000e+00
0.000000000000000000e+00
0.000000000000000000e+00
0.000000000000000000e+00
0.000000000000000000e+00
0.000000000000000000e+00
0.000000000000000000e+00
0.000000000000000000e+00
0.000000000000000000e+00
0.000000000000000000e+00
0.000000000000000000e+00
0.000000000000000000e+00
0.000000000000000000e+00
0.000000000000000000e+00
0.000000000000000000e+00
0.000000000000000000e+00
0.000000000000000000e+00
0.000000000000000000e+00
0.000000000000000000e+00
0.000000000000000000e+00
0.000000000000000000e+00
0.000000000000000000e+00
0.000000000000000000e+00
0.000000000000000000e+00
0.000000000000000000e+00
0.000000000000000000e+00
0.000000000000000000e+00
0.000000000000000000e+00
0.000000000000000000e+00
0.000000000000000000e+00
0.000000000000000000e+00
0.000000000000000000e+00
0.000000000000000000e+00
0.000000000000000000e+00
0.000000000000000000e+00
0.000000000000000000e+00
0.000000000000000000e+00
0.000000000000000000e+00
0.000000000000000000e+00
0.000000000000000000e+00
0.000000000000000000e+00
0.000000000000000000e+00
0.000000000000000000e+00
0.000000000000000000e+00
0.000000000000000000e+00
0.000000000000000000e+00
0.000000000000000000e+00
0.000000000000000000e+00
0.000000000000000000e+00
0.000000000000000000e+00
0.000000000000000000e+00
0.000000000000000000e+00
0.000000000000000000e+00
0.000000000000000000e+00
0.000000000000000000e+00
0.000000000000000000e+00
0.000000000000000000e+00
0.000000000000000000e+00
0.000000000000000000e+00
0.000000000000000000e+00
0.000000000000000000e+00
0.000000000000000000e+00
0.000000000000000000e+00
0.000000000000000000e+00
0.000000000000000000e+00
0.000000000000000000e+00
0.000000000000000000e+00
0.000000000000000000e+00
0.000000000000000000e+00
0.000000000000000000e+00
0.000000000000000000e+00
0.000000000000000000e+00
0.000000000000000000e+00
0.000000000000000000e+00
0.000000000000000000e+00
0.000000000000000000e+00
0.000000000000000000e+00
0.000000000000000000e+00
0.000000000000000000e+00
0.000000000000000000e+00
0.000000000000000000e+00
0.000000000000000000e+00
0.000000000000000000e+00
0.000000000000000000e+00
0.000000000000000000e+00
0.000000000000000000e+00
0.000000000000000000e+00
0.000000000000000000e+00
0.000000000000000000e+00
0.000000000000000000e+00
0.000000000000000000e+00
0.000000000000000000e+00
0.000000000000000000e+00
0.000000000000000000e+00
0.000000000000000000e+00
0.000000000000000000e+00
0.000000000000000000e+00
0.000000000000000000e+00
0.000000000000000000e+00
0.000000000000000000e+00
0.000000000000000000e+00
0.000000000000000000e+00
0.000000000000000000e+00
0.000000000000000000e+00
0.000000000000000000e+00
0.000000000000000000e+00
0.000000000000000000e+00
0.000000000000000000e+00
0.000000000000000000e+00
0.000000000000000000e+00
0.000000000000000000e+00
0.000000000000000000e+00
0.000000000000000000e+00
0.000000000000000000e+00
0.000000000000000000e+00
0.000000000000000000e+00
0.000000000000000000e+00
0.000000000000000000e+00
0.000000000000000000e+00
0.000000000000000000e+00
0.000000000000000000e+00
0.000000000000000000e+00
0.000000000000000000e+00
0.000000000000000000e+00
0.000000000000000000e+00
0.000000000000000000e+00
0.000000000000000000e+00
0.000000000000000000e+00
0.000000000000000000e+00
0.000000000000000000e+00
0.000000000000000000e+00
0.000000000000000000e+00
0.000000000000000000e+00
0.000000000000000000e+00
0.000000000000000000e+00
0.000000000000000000e+00
0.000000000000000000e+00
0.000000000000000000e+00
0.000000000000000000e+00
0.000000000000000000e+00
0.000000000000000000e+00
0.000000000000000000e+00
0.000000000000000000e+00
0.000000000000000000e+00
0.000000000000000000e+00
0.000000000000000000e+00
0.000000000000000000e+00
0.000000000000000000e+00
0.000000000000000000e+00
0.000000000000000000e+00
0.000000000000000000e+00
0.000000000000000000e+00
0.000000000000000000e+00
0.000000000000000000e+00
0.000000000000000000e+00
0.000000000000000000e+00
0.000000000000000000e+00
0.000000000000000000e+00
0.000000000000000000e+00
0.000000000000000000e+00
0.000000000000000000e+00
0.000000000000000000e+00
0.000000000000000000e+00
0.000000000000000000e+00
0.000000000000000000e+00
0.000000000000000000e+00
0.000000000000000000e+00
0.000000000000000000e+00
0.000000000000000000e+00
0.000000000000000000e+00
0.000000000000000000e+00
0.000000000000000000e+00
0.000000000000000000e+00
0.000000000000000000e+00
0.000000000000000000e+00
0.000000000000000000e+00
0.000000000000000000e+00
0.000000000000000000e+00
0.000000000000000000e+00
0.000000000000000000e+00
0.000000000000000000e+00
0.000000000000000000e+00
0.000000000000000000e+00
0.000000000000000000e+00
0.000000000000000000e+00
0.000000000000000000e+00
0.000000000000000000e+00
0.000000000000000000e+00
0.000000000000000000e+00
0.000000000000000000e+00
0.000000000000000000e+00
0.000000000000000000e+00
0.000000000000000000e+00
0.000000000000000000e+00
0.000000000000000000e+00
0.000000000000000000e+00
0.000000000000000000e+00
0.000000000000000000e+00
0.000000000000000000e+00
0.000000000000000000e+00
0.000000000000000000e+00
0.000000000000000000e+00
0.000000000000000000e+00
0.000000000000000000e+00
0.000000000000000000e+00
0.000000000000000000e+00
0.000000000000000000e+00
0.000000000000000000e+00
0.000000000000000000e+00
0.000000000000000000e+00
0.000000000000000000e+00
0.000000000000000000e+00
0.000000000000000000e+00
0.000000000000000000e+00
0.000000000000000000e+00
0.000000000000000000e+00
0.000000000000000000e+00
0.000000000000000000e+00
0.000000000000000000e+00
0.000000000000000000e+00
0.000000000000000000e+00
0.000000000000000000e+00
0.000000000000000000e+00
0.000000000000000000e+00
0.000000000000000000e+00
0.000000000000000000e+00
0.000000000000000000e+00
0.000000000000000000e+00
0.000000000000000000e+00
0.000000000000000000e+00
0.000000000000000000e+00
0.000000000000000000e+00
0.000000000000000000e+00
0.000000000000000000e+00
0.000000000000000000e+00
0.000000000000000000e+00
0.000000000000000000e+00
0.000000000000000000e+00
0.000000000000000000e+00
0.000000000000000000e+00
0.000000000000000000e+00
0.000000000000000000e+00
0.000000000000000000e+00
0.000000000000000000e+00
0.000000000000000000e+00
0.000000000000000000e+00
0.000000000000000000e+00
0.000000000000000000e+00
0.000000000000000000e+00
0.000000000000000000e+00
0.000000000000000000e+00
0.000000000000000000e+00
0.000000000000000000e+00
0.000000000000000000e+00
0.000000000000000000e+00
0.000000000000000000e+00
0.000000000000000000e+00
0.000000000000000000e+00
0.000000000000000000e+00
0.000000000000000000e+00
0.000000000000000000e+00
0.000000000000000000e+00
0.000000000000000000e+00
0.000000000000000000e+00
0.000000000000000000e+00
0.000000000000000000e+00
0.000000000000000000e+00
0.000000000000000000e+00
0.000000000000000000e+00
0.000000000000000000e+00
0.000000000000000000e+00
0.000000000000000000e+00
0.000000000000000000e+00
0.000000000000000000e+00
0.000000000000000000e+00
0.000000000000000000e+00
0.000000000000000000e+00
0.000000000000000000e+00
0.000000000000000000e+00
0.000000000000000000e+00
0.000000000000000000e+00
0.000000000000000000e+00
0.000000000000000000e+00
0.000000000000000000e+00
0.000000000000000000e+00
0.000000000000000000e+00
0.000000000000000000e+00
0.000000000000000000e+00
0.000000000000000000e+00
0.000000000000000000e+00
0.000000000000000000e+00
0.000000000000000000e+00
0.000000000000000000e+00
0.000000000000000000e+00
0.000000000000000000e+00
0.000000000000000000e+00
0.000000000000000000e+00
0.000000000000000000e+00
0.000000000000000000e+00
0.000000000000000000e+00
0.000000000000000000e+00
0.000000000000000000e+00
0.000000000000000000e+00
0.000000000000000000e+00
0.000000000000000000e+00
0.000000000000000000e+00
0.000000000000000000e+00
0.000000000000000000e+00
0.000000000000000000e+00
0.000000000000000000e+00
0.000000000000000000e+00
0.000000000000000000e+00
0.000000000000000000e+00
0.000000000000000000e+00
0.000000000000000000e+00
0.000000000000000000e+00
0.000000000000000000e+00
0.000000000000000000e+00
0.000000000000000000e+00
0.000000000000000000e+00
0.000000000000000000e+00
0.000000000000000000e+00
0.000000000000000000e+00
0.000000000000000000e+00
0.000000000000000000e+00
0.000000000000000000e+00
0.000000000000000000e+00
0.000000000000000000e+00
0.000000000000000000e+00
0.000000000000000000e+00
0.000000000000000000e+00
0.000000000000000000e+00
0.000000000000000000e+00
0.000000000000000000e+00
0.000000000000000000e+00
0.000000000000000000e+00
0.000000000000000000e+00
0.000000000000000000e+00
0.000000000000000000e+00
0.000000000000000000e+00
0.000000000000000000e+00
0.000000000000000000e+00
0.000000000000000000e+00
0.000000000000000000e+00
0.000000000000000000e+00
0.000000000000000000e+00
0.000000000000000000e+00
0.000000000000000000e+00
0.000000000000000000e+00
0.000000000000000000e+00
0.000000000000000000e+00
0.000000000000000000e+00
0.000000000000000000e+00
0.000000000000000000e+00
0.000000000000000000e+00
0.000000000000000000e+00
0.000000000000000000e+00
0.000000000000000000e+00
0.000000000000000000e+00
0.000000000000000000e+00
0.000000000000000000e+00
0.000000000000000000e+00
0.000000000000000000e+00
0.000000000000000000e+00
0.000000000000000000e+00
0.000000000000000000e+00
0.000000000000000000e+00
0.000000000000000000e+00
0.000000000000000000e+00
0.000000000000000000e+00
0.000000000000000000e+00
0.000000000000000000e+00
0.000000000000000000e+00
0.000000000000000000e+00
0.000000000000000000e+00
0.000000000000000000e+00
0.000000000000000000e+00
0.000000000000000000e+00
0.000000000000000000e+00
0.000000000000000000e+00
0.000000000000000000e+00
0.000000000000000000e+00
0.000000000000000000e+00
0.000000000000000000e+00
0.000000000000000000e+00
0.000000000000000000e+00
0.000000000000000000e+00
0.000000000000000000e+00
0.000000000000000000e+00
0.000000000000000000e+00
0.000000000000000000e+00
0.000000000000000000e+00
0.000000000000000000e+00
0.000000000000000000e+00
0.000000000000000000e+00
0.000000000000000000e+00
0.000000000000000000e+00
0.000000000000000000e+00
0.000000000000000000e+00
0.000000000000000000e+00
0.000000000000000000e+00
0.000000000000000000e+00
0.000000000000000000e+00
0.000000000000000000e+00
0.000000000000000000e+00
0.000000000000000000e+00
0.000000000000000000e+00
0.000000000000000000e+00
0.000000000000000000e+00
0.000000000000000000e+00
0.000000000000000000e+00
0.000000000000000000e+00
0.000000000000000000e+00
0.000000000000000000e+00
0.000000000000000000e+00
0.000000000000000000e+00
0.000000000000000000e+00
0.000000000000000000e+00
0.000000000000000000e+00
0.000000000000000000e+00
0.000000000000000000e+00
0.000000000000000000e+00
0.000000000000000000e+00
0.000000000000000000e+00
0.000000000000000000e+00
0.000000000000000000e+00
0.000000000000000000e+00
0.000000000000000000e+00
0.000000000000000000e+00
0.000000000000000000e+00
0.000000000000000000e+00
0.000000000000000000e+00
0.000000000000000000e+00
0.000000000000000000e+00
0.000000000000000000e+00
0.000000000000000000e+00
0.000000000000000000e+00
0.000000000000000000e+00
0.000000000000000000e+00
0.000000000000000000e+00
0.000000000000000000e+00
0.000000000000000000e+00
0.000000000000000000e+00
0.000000000000000000e+00
0.000000000000000000e+00
0.000000000000000000e+00
0.000000000000000000e+00
0.000000000000000000e+00
0.000000000000000000e+00
0.000000000000000000e+00
0.000000000000000000e+00
0.000000000000000000e+00
0.000000000000000000e+00
0.000000000000000000e+00
0.000000000000000000e+00
0.000000000000000000e+00
0.000000000000000000e+00
0.000000000000000000e+00
0.000000000000000000e+00
0.000000000000000000e+00
0.000000000000000000e+00
0.000000000000000000e+00
0.000000000000000000e+00
0.000000000000000000e+00
0.000000000000000000e+00
0.000000000000000000e+00
0.000000000000000000e+00
0.000000000000000000e+00
0.000000000000000000e+00
0.000000000000000000e+00
0.000000000000000000e+00
0.000000000000000000e+00
0.000000000000000000e+00
0.000000000000000000e+00
0.000000000000000000e+00
0.000000000000000000e+00
0.000000000000000000e+00
0.000000000000000000e+00
0.000000000000000000e+00
0.000000000000000000e+00
0.000000000000000000e+00
0.000000000000000000e+00
0.000000000000000000e+00
0.000000000000000000e+00
0.000000000000000000e+00
0.000000000000000000e+00
0.000000000000000000e+00
0.000000000000000000e+00
0.000000000000000000e+00
0.000000000000000000e+00
0.000000000000000000e+00
0.000000000000000000e+00
0.000000000000000000e+00
0.000000000000000000e+00
0.000000000000000000e+00
0.000000000000000000e+00
0.000000000000000000e+00
0.000000000000000000e+00
0.000000000000000000e+00
0.000000000000000000e+00
0.000000000000000000e+00
0.000000000000000000e+00
0.000000000000000000e+00
0.000000000000000000e+00
0.000000000000000000e+00
0.000000000000000000e+00
0.000000000000000000e+00
0.000000000000000000e+00
0.000000000000000000e+00
0.000000000000000000e+00
0.000000000000000000e+00
0.000000000000000000e+00
0.000000000000000000e+00
0.000000000000000000e+00
0.000000000000000000e+00
0.000000000000000000e+00
0.000000000000000000e+00
0.000000000000000000e+00
0.000000000000000000e+00
0.000000000000000000e+00
0.000000000000000000e+00
0.000000000000000000e+00
0.000000000000000000e+00
0.000000000000000000e+00
0.000000000000000000e+00
0.000000000000000000e+00
0.000000000000000000e+00
0.000000000000000000e+00
0.000000000000000000e+00
0.000000000000000000e+00
0.000000000000000000e+00
0.000000000000000000e+00
0.000000000000000000e+00
0.000000000000000000e+00
0.000000000000000000e+00
0.000000000000000000e+00
0.000000000000000000e+00
0.000000000000000000e+00
0.000000000000000000e+00
0.000000000000000000e+00
0.000000000000000000e+00
0.000000000000000000e+00
0.000000000000000000e+00
0.000000000000000000e+00
0.000000000000000000e+00
0.000000000000000000e+00
0.000000000000000000e+00
0.000000000000000000e+00
0.000000000000000000e+00
0.000000000000000000e+00
0.000000000000000000e+00
0.000000000000000000e+00
0.000000000000000000e+00
0.000000000000000000e+00
0.000000000000000000e+00
0.000000000000000000e+00
0.000000000000000000e+00
0.000000000000000000e+00
0.000000000000000000e+00
0.000000000000000000e+00
0.000000000000000000e+00
0.000000000000000000e+00
0.000000000000000000e+00
0.000000000000000000e+00
0.000000000000000000e+00
0.000000000000000000e+00
0.000000000000000000e+00
0.000000000000000000e+00
0.000000000000000000e+00
0.000000000000000000e+00
0.000000000000000000e+00
0.000000000000000000e+00
0.000000000000000000e+00
0.000000000000000000e+00
0.000000000000000000e+00
0.000000000000000000e+00
0.000000000000000000e+00
0.000000000000000000e+00
0.000000000000000000e+00
0.000000000000000000e+00
0.000000000000000000e+00
0.000000000000000000e+00
0.000000000000000000e+00
0.000000000000000000e+00
0.000000000000000000e+00
0.000000000000000000e+00
0.000000000000000000e+00
0.000000000000000000e+00
0.000000000000000000e+00
0.000000000000000000e+00
0.000000000000000000e+00
0.000000000000000000e+00
0.000000000000000000e+00
0.000000000000000000e+00
0.000000000000000000e+00
0.000000000000000000e+00
0.000000000000000000e+00
0.000000000000000000e+00
0.000000000000000000e+00
0.000000000000000000e+00
0.000000000000000000e+00
0.000000000000000000e+00
0.000000000000000000e+00
0.000000000000000000e+00
0.000000000000000000e+00
0.000000000000000000e+00
0.000000000000000000e+00
0.000000000000000000e+00
0.000000000000000000e+00
0.000000000000000000e+00
0.000000000000000000e+00
0.000000000000000000e+00
0.000000000000000000e+00
0.000000000000000000e+00
0.000000000000000000e+00
0.000000000000000000e+00
0.000000000000000000e+00
0.000000000000000000e+00
0.000000000000000000e+00
0.000000000000000000e+00
0.000000000000000000e+00
0.000000000000000000e+00
0.000000000000000000e+00
0.000000000000000000e+00
0.000000000000000000e+00
0.000000000000000000e+00
0.000000000000000000e+00
0.000000000000000000e+00
0.000000000000000000e+00
0.000000000000000000e+00
0.000000000000000000e+00
0.000000000000000000e+00
0.000000000000000000e+00
0.000000000000000000e+00
0.000000000000000000e+00
0.000000000000000000e+00
0.000000000000000000e+00
0.000000000000000000e+00
0.000000000000000000e+00
0.000000000000000000e+00
0.000000000000000000e+00
0.000000000000000000e+00
0.000000000000000000e+00
0.000000000000000000e+00
0.000000000000000000e+00
0.000000000000000000e+00
0.000000000000000000e+00
0.000000000000000000e+00
0.000000000000000000e+00
0.000000000000000000e+00
0.000000000000000000e+00
0.000000000000000000e+00
0.000000000000000000e+00
0.000000000000000000e+00
0.000000000000000000e+00
0.000000000000000000e+00
0.000000000000000000e+00
