-2.999999999999999889e-01
-2.999000166648149723e-01
-2.998000666518543245e-01
-2.997001499500124844e-01
-2.996002665481876104e-01
-2.995004164352815801e-01
-2.994005996001999348e-01
-2.993008160318518240e-01
-2.992010657191502832e-01
-2.991013486510119002e-01
-2.990016648163569823e-01
-2.989020142041096118e-01
-2.988023968031974231e-01
-2.987028126025518815e-01
-2.986032615911080601e-01
-2.985037437578046959e-01
-2.984042590915843007e-01
-2.983048075813929390e-01
-2.982053892161805608e-01
-2.981060039849006138e-01
-2.980066518765103201e-01
-2.979073328799705100e-01
-2.978080469842457889e-01
-2.977087941783043701e-01
-2.976095744511181862e-01
-2.975103877916627781e-01
-2.974112341889174616e-01
-2.973121136318651048e-01
-2.972130261094923509e-01
-2.971139716107894513e-01
-2.970149501247504320e-01
-2.969159616403728164e-01
-2.968170061466578469e-01
-2.967180836326105964e-01
-2.966191940872395794e-01
-2.965203374995571406e-01
-2.964215138585791220e-01
-2.963227231533252515e-01
-2.962239653728186428e-01
-2.961252405060862403e-01
-2.960265485421587073e-01
-2.959278894700702045e-01
-2.958292632788585563e-01
-2.957306699575653619e-01
-2.956321094952358841e-01
-2.955335818809187720e-01
-2.954350871036666715e-01
-2.953366251525356700e-01
-2.952381960165855190e-01
-2.951397996848796890e-01
-2.950414361464852586e-01
-2.949431053904728595e-01
-2.948448074059169532e-01
-2.947465421818955544e-01
-2.946483097074902302e-01
-2.945501099717862115e-01
-2.944519429638726149e-01
-2.943538086728417769e-01
-2.942557070877900305e-01
-2.941576381978171506e-01
-2.940596019920265758e-01
-2.939615984595254083e-01
-2.938636275894244143e-01
-2.937656893708378569e-01
-2.936677837928837742e-01
-2.935699108446837569e-01
-2.934720705153630038e-01
-2.933742627940503778e-01
-2.932764876698784051e-01
-2.931787451319831095e-01
-2.930810351695042892e-01
-2.929833577715851844e-01
-2.928857129273727544e-01
-2.927881006260176777e-01
-2.926905208566741301e-01
-2.925929736084997845e-01
-2.924954588706561998e-01
-2.923979766323083207e-01
-2.923005268826248115e-01
-2.922031096107778891e-01
-2.921057248059434897e-01
-2.920083724573010464e-01
-2.919110525540336010e-01
-2.918137650853278586e-01
-2.917165100403740219e-01
-2.916192874083661235e-01
-2.915220971785015824e-01
-2.914249393399814259e-01
-2.913278138820104002e-01
-2.912307207937968045e-01
-2.911336600645524353e-01
-2.910366316834928080e-01
-2.909396356398371020e-01
-2.908426719228077717e-01
-2.907457405216312130e-01
-2.906488414255372077e-01
-2.905519746237592571e-01
-2.904551401055343041e-01
-2.903583378601030107e-01
-2.902615678767095919e-01
-2.901648301446017597e-01
-2.900681246530308899e-01
-2.899714513912519664e-01
-2.898748103485235261e-01
-2.897782015141076029e-01
-2.896816248772699498e-01
-2.895850804272797618e-01
-2.894885681534099531e-01
-2.893920880449369348e-01
-2.892956400911406156e-01
-2.891992242813046232e-01
-2.891028406047160271e-01
-2.890064890506656159e-01
-2.889101696084476201e-01
-2.888138822673598227e-01
-2.887176270167037817e-01
-2.886214038457842745e-01
-2.885252127439100200e-01
-2.884290537003930122e-01
-2.883329267045489086e-01
-2.882368317456969198e-01
-2.881407688131599198e-01
-2.880447378962642246e-01
-2.879487389843396472e-01
-2.878527720667197198e-01
-2.877568371327414165e-01
-2.876609341717453194e-01
-2.875650631730755635e-01
-2.874692241260797809e-01
-2.873734170201091565e-01
-2.872776418445185942e-01
-2.871818985886662179e-01
-2.870861872419139815e-01
-2.869905077936273363e-01
-2.868948602331751752e-01
-2.867992445499299992e-01
-2.867036607332678066e-01
-2.866081087725682597e-01
-2.865125886572144065e-01
-2.864171003765929036e-01
-2.863216439200939600e-01
-2.862262192771113378e-01
-2.861308264370422405e-01
-2.860354653892874799e-01
-2.859401361232514205e-01
-2.858448386283418685e-01
-2.857495728939702384e-01
-2.856543389095514418e-01
-2.855591366645039431e-01
-2.854639661482497037e-01
-2.853688273502141826e-01
-2.852737202598265021e-01
-2.851786448665190599e-01
-2.850836011597280839e-01
-2.849885891288930218e-01
-2.848936087634570957e-01
-2.847986600528668588e-01
-2.847037429865724723e-01
-2.846088575540276500e-01
-2.845140037446894365e-01
-2.844191815480186514e-01
-2.843243909534793890e-01
-2.842296319505394631e-01
-2.841349045286700736e-01
-2.840402086773458623e-01
-2.839455443860451345e-01
-2.838509116442496372e-01
-2.837563104414446147e-01
-2.836617407671188640e-01
-2.835672026107645682e-01
-2.834726959618775188e-01
-2.833782208099570044e-01
-2.832837771445057551e-01
-2.831893649550299985e-01
-2.830949842310395703e-01
-2.830006349620476369e-01
-2.829063171375710284e-01
-2.828120307471299055e-01
-2.827177757802480929e-01
-2.826235522264527456e-01
-2.825293600752746270e-01
-2.824351993162478869e-01
-2.823410699389102274e-01
-2.822469719328029036e-01
-2.821529052874705012e-01
-2.820588699924612142e-01
-2.819648660373266780e-01
-2.818708934116219700e-01
-2.817769521049056647e-01
-2.816830421067399448e-01
-2.815891634066902682e-01
-2.814953159943257566e-01
-2.814014998592188066e-01
-2.813077149909455343e-01
-2.812139613790852755e-01
-2.811202390132210294e-01
-2.810265478829391816e-01
-2.809328879778296151e-01
-2.808392592874856541e-01
-2.807456618015041205e-01
-2.806520955094853331e-01
-2.805585604010329415e-01
-2.804650564657542589e-01
-2.803715836932599292e-01
-2.802781420731640383e-01
-2.801847315950842243e-01
-2.800913522486415674e-01
-2.799980040234605894e-01
-2.799046869091691980e-01
-2.798114008953988541e-01
-2.797181459717844598e-01
-2.796249221279643593e-01
-2.795317293535803382e-01
-2.794385676382776240e-01
-2.793454369717049413e-01
-2.792523373435144562e-01
-2.791592687433617215e-01
-2.790662311609057866e-01
-2.789732245858091986e-01
-2.788802490077378349e-01
-2.787873044163610703e-01
-2.786943908013517213e-01
-2.786015081523861570e-01
-2.785086564591439662e-01
-2.784158357113083460e-01
-2.783230458985658240e-01
-2.782302870106065362e-01
-2.781375590371238382e-01
-2.780448619678146382e-01
-2.779521957923792863e-01
-2.778595605005215741e-01
-2.777669560819485683e-01
-2.776743825263710552e-01
-2.775818398235029294e-01
-2.774893279630617493e-01
-2.773968469347684596e-01
-2.773043967283472799e-01
-2.772119773335260384e-01
-2.771195887400358937e-01
-2.770272309376114461e-01
-2.769349039159907377e-01
-2.768426076649151968e-01
-2.767503421741296377e-01
-2.766581074333824275e-01
-2.765659034324251531e-01
-2.764737301610130649e-01
-2.763815876089045775e-01
-2.762894757658616585e-01
-2.761973946216496612e-01
-2.761053441660373808e-01
-2.760133243887969989e-01
-2.759213352797039720e-01
-2.758293768285373648e-01
-2.757374490250796284e-01
-2.756455518591164888e-01
-2.755536853204372250e-01
-2.754618493988342798e-01
-2.753700440841038710e-01
-2.752782693660452695e-01
-2.751865252344613544e-01
-2.750948116791582798e-01
-2.750031286899456417e-01
-2.749114762566365333e-01
-2.748198543690472673e-01
-2.747282630169976536e-01
-2.746367021903109440e-01
-2.745451718788135542e-01
-2.744536720723355638e-01
-2.743622027607103275e-01
-2.742707639337745862e-01
-2.741793555813684669e-01
-2.740879776933354273e-01
-2.739966302595224223e-01
-2.739053132697797377e-01
-2.738140267139609896e-01
-2.737227705819233470e-01
-2.736315448635270875e-01
-2.735403495486361525e-01
-2.734491846271176474e-01
-2.733580500888421749e-01
-2.732669459236836129e-01
-2.731758721215193919e-01
-2.730848286722301066e-01
-2.729938155656997933e-01
-2.729028327918159857e-01
-2.728118803404694370e-01
-2.727209582015542866e-01
-2.726300663649681155e-01
-2.725392048206118356e-01
-2.724483735583896893e-01
-2.723575725682093607e-01
-2.722668018399818091e-01
-2.721760613636213799e-01
-2.720853511290458604e-01
-2.719946711261762573e-01
-2.719040213449370746e-01
-2.718134017752561471e-01
-2.717228124070645290e-01
-2.716322532302968273e-01
-2.715417242348908688e-01
-2.714512254107878664e-01
-2.713607567479324190e-01
-2.712703182362724008e-01
-2.711799098657592388e-01
-2.710895316263473576e-01
-2.709991835079949007e-01
-2.709088655006630098e-01
-2.708185775943165452e-01
-2.707283197789233653e-01
-2.706380920444549365e-01
-2.705478943808858894e-01
-2.704577267781942407e-01
-2.703675892263614489e-01
-2.702774817153721365e-01
-2.701874042352144234e-01
-2.700973567758796490e-01
-2.700073393273625944e-01
-2.699173518796613158e-01
-2.698273944227772003e-01
-2.697374669467149655e-01
-2.696475694414826596e-01
-2.695577018970916616e-01
-2.694678643035566812e-01
-2.693780566508958696e-01
-2.692882789291304313e-01
-2.691985311282852344e-01
-2.691088132383881448e-01
-2.690191252494706364e-01
-2.689294671515672919e-01
-2.688398389347161355e-01
-2.687502405889584667e-01
-2.686606721043389157e-01
-2.685711334709054432e-01
-2.684816246787092853e-01
-2.683921457178050640e-01
-2.683026965782506212e-01
-2.682132772501071294e-01
-2.681238877234392581e-01
-2.680345279883147303e-01
-2.679451980348046547e-01
-2.678558978529835266e-01
-2.677666274329291163e-01
-2.676773867647224692e-01
-2.675881758384479614e-01
-2.674989946441932998e-01
-2.674098431720494107e-01
-2.673207214121105513e-01
-2.672316293544744203e-01
-2.671425669892417698e-01
-2.670535343065168488e-01
-2.669645312964071260e-01
-2.668755579490234009e-01
-2.667866142544796926e-01
-2.666977002028934063e-01
-2.666088157843852224e-01
-2.665199609890790411e-01
-2.664311358071020930e-01
-2.663423402285849950e-01
-2.662535742436615283e-01
-2.661648378424688044e-01
-2.660761310151472103e-01
-2.659874537518404636e-01
-2.658988060426955569e-01
-2.658101878778626470e-01
-2.657215992474953881e-01
-2.656330401417504872e-01
-2.655445105507881487e-01
-2.654560104647716301e-01
-2.653675398738676861e-01
-2.652790987682462354e-01
-2.651906871380804720e-01
-2.651023049735469206e-01
-2.650139522648252699e-01
-2.649256290020985394e-01
-2.648373351755531346e-01
-2.647490707753786254e-01
-2.646608357917677457e-01
-2.645726302149166709e-01
-2.644844540350247963e-01
-2.643963072422947369e-01
-2.643081898269324381e-01
-2.642201017791470652e-01
-2.641320430891510584e-01
-2.640440137471600779e-01
-2.639560137433931142e-01
-2.638680430680724331e-01
-2.637801017114234647e-01
-2.636921896636749141e-01
-2.636043069150588725e-01
-2.635164534558105398e-01
-2.634286292761683912e-01
-2.633408343663742324e-01
-2.632530687166730332e-01
-2.631653323173130388e-01
-2.630776251585458247e-01
-2.629899472306261865e-01
-2.629022985238119725e-01
-2.628146790283645839e-01
-2.627270887345484751e-01
-2.626395276326313200e-01
-2.625519957128842341e-01
-2.624644929655813863e-01
-2.623770193810001650e-01
-2.622895749494214557e-01
-2.622021596611291416e-01
-2.621147735064103257e-01
-2.620274164755555524e-01
-2.619400885588583638e-01
-2.618527897466157994e-01
-2.617655200291278961e-01
-2.616782793966980214e-01
-2.615910678396328182e-01
-2.615038853482420933e-01
-2.614167319128388733e-01
-2.613296075237395155e-01
-2.612425121712634302e-01
-2.611554458457334138e-01
-2.610684085374754271e-01
-2.609814002368187058e-01
-2.608944209340955944e-01
-2.608074706196417680e-01
-2.607205492837960104e-01
-2.606336569169004358e-01
-2.605467935093003229e-01
-2.604599590513442808e-01
-2.603731535333839164e-01
-2.602863769457742227e-01
-2.601996292788733012e-01
-2.601129105230425842e-01
-2.600262206686466682e-01
-2.599395597060533136e-01
-2.598529276256335008e-01
-2.597663244177614850e-01
-2.596797500728146857e-01
-2.595932045811736866e-01
-2.595066879332224019e-01
-2.594202001193477436e-01
-2.593337411299400652e-01
-2.592473109553928290e-01
-2.591609095861025502e-01
-2.590745370124692415e-01
-2.589881932248958019e-01
-2.589018782137885721e-01
-2.588155919695569462e-01
-2.587293344826136487e-01
-2.586431057433743463e-01
-2.585569057422582584e-01
-2.584707344696874909e-01
-2.583845919160874249e-01
-2.582984780718868278e-01
-2.582123929275173535e-01
-2.581263364734139865e-01
-2.580403087000149864e-01
-2.579543095977616662e-01
-2.578683391570985028e-01
-2.577823973684733594e-01
-2.576964842223370411e-01
-2.576105997091436839e-01
-2.575247438193505323e-01
-2.574389165434181059e-01
-2.573531178718100332e-01
-2.572673477949930509e-01
-2.571816063034372268e-01
-2.570958933876156816e-01
-2.570102090380048110e-01
-2.569245532450840641e-01
-2.568389259993361651e-01
-2.567533272912470022e-01
-2.566677571113055167e-01
-2.565822154500040364e-01
-2.564967022978378308e-01
-2.564112176453055003e-01
-2.563257614829087538e-01
-2.562403338011524090e-01
-2.561549345905445030e-01
-2.560695638415962927e-01
-2.559842215448220881e-01
-2.558989076907394189e-01
-2.558136222698690343e-01
-2.557283652727346812e-01
-2.556431366898633817e-01
-2.555579365117853774e-01
-2.554727647290338521e-01
-2.553876213321453204e-01
-2.553025063116594606e-01
-2.552174196581190047e-01
-2.551323613620699038e-01
-2.550473314140611625e-01
-2.549623298046451159e-01
-2.548773565243770411e-01
-2.547924115638156017e-01
-2.547074949135222366e-01
-2.546226065640619929e-01
-2.545377465060027489e-01
-2.544529147299155469e-01
-2.543681112263747601e-01
-2.542833359859576481e-01
-2.541985889992448011e-01
-2.541138702568198626e-01
-2.540291797492696957e-01
-2.539445174671842165e-01
-2.538598834011564498e-01
-2.537752775417826956e-01
-2.536906998796622514e-01
-2.536061504053976345e-01
-2.535216291095943597e-01
-2.534371359828613279e-01
-2.533526710158102713e-01
-2.532682341990563080e-01
-2.531838255232174983e-01
-2.530994449789151224e-01
-2.530150925567735132e-01
-2.529307682474202790e-01
-2.528464720414859701e-01
-2.527622039296043566e-01
-2.526779639024123725e-01
-2.525937519505499496e-01
-2.525095680646602392e-01
-2.524254122353894458e-01
-2.523412844533869381e-01
-2.522571847093051933e-01
-2.521731129937997973e-01
-2.520890692975293890e-01
-2.520050536111558825e-01
-2.519210659253441342e-01
-2.518371062307622199e-01
-2.517531745180812131e-01
-2.516692707779754068e-01
-2.515853950011222029e-01
-2.515015471782020007e-01
-2.514177272998984192e-01
-2.513339353568981305e-01
-2.512501713398909153e-01
-2.511664352395697186e-01
-2.510827270466304273e-01
-2.509990467517721480e-01
-2.509153943456971514e-01
-2.508317698191106504e-01
-2.507481731627210220e-01
-2.506646043672398627e-01
-2.505810634233816003e-01
-2.504975503218639932e-01
-2.504140650534077972e-01
-2.503306076087368770e-01
-2.502471779785781503e-01
-2.501637761536616988e-01
-2.500804021247206022e-01
-2.499970558824911038e-01
-2.499137374177125281e-01
-2.498304467211272806e-01
-2.497471837834808195e-01
-2.496639485955216564e-01
-2.495807411480015225e-01
-2.494975614316750911e-01
-2.494144094373001996e-01
-2.493312851556376830e-01
-2.492481885774515959e-01
-2.491651196935089074e-01
-2.490820784945797783e-01
-2.489990649714374227e-01
-2.489160791148581353e-01
-2.488331209156211532e-01
-2.487501903645090162e-01
-2.486672874523071508e-01
-2.485844121698041753e-01
-2.485015645077916779e-01
-2.484187444570643832e-01
-2.483359520084200689e-01
-2.482531871526595935e-01
-2.481704498805867853e-01
-2.480877401830086648e-01
-2.480050580507353053e-01
-2.479224034745797223e-01
-2.478397764453581509e-01
-2.477571769538897406e-01
-2.476746049909968050e-01
-2.475920605475046832e-01
-2.475095436142417948e-01
-2.474270541820395297e-01
-2.473445922417324416e-01
-2.472621577841580820e-01
-2.471797508001570554e-01
-2.470973712805730471e-01
-2.470150192162527403e-01
-2.469326945980459542e-01
-2.468503974168055060e-01
-2.467681276633872378e-01
-2.466858853286500453e-01
-2.466036704034559324e-01
-2.465214828786699286e-01
-2.464393227451600610e-01
-2.463571899937973819e-01
-2.462750846154560525e-01
-2.461930066010133145e-01
-2.461109559413492964e-01
-2.460289326273473187e-01
-2.459469366498936715e-01
-2.458649679998776705e-01
-2.457830266681917120e-01
-2.457011126457311900e-01
-2.456192259233945241e-01
-2.455373664920832422e-01
-2.454555343427018144e-01
-2.453737294661578194e-01
-2.452919518533617504e-01
-2.452102014952272646e-01
-2.451284783826709612e-01
-2.450467825066125482e-01
-2.449651138579746479e-01
-2.448834724276829633e-01
-2.448018582066662785e-01
-2.447202711858562918e-01
-2.446387113561878102e-01
-2.445571787085986104e-01
-2.444756732340294947e-01
-2.443941949234243460e-01
-2.443127437677300173e-01
-2.442313197578963313e-01
-2.441499228848761915e-01
-2.440685531396255548e-01
-2.439872105131032642e-01
-2.439058949962712997e-01
-2.438246065800945550e-01
-2.437433452555410329e-01
-2.436621110135817059e-01
-2.435809038451904607e-01
-2.434997237413444038e-01
-2.434185706930234172e-01
-2.433374446912105471e-01
-2.432563457268917539e-01
-2.431752737910561069e-01
-2.430942288746955893e-01
-2.430132109688051545e-01
-2.429322200643828644e-01
-2.428512561524297231e-01
-2.427703192239497598e-01
-2.426894092699499184e-01
-2.426085262814403065e-01
-2.425276702494338354e-01
-2.424468411649464972e-01
-2.423660390189973368e-01
-2.422852638026083416e-01
-2.422045155068044409e-01
-2.421237941226136170e-01
-2.420430996410668223e-01
-2.419624320531980621e-01
-2.418817913500442007e-01
-2.418011775226451554e-01
-2.417205905620438688e-01
-2.416400304592862536e-01
-2.415594972054211642e-01
-2.414789907915004252e-01
-2.413985112085789420e-01
-2.413180584477144786e-01
-2.412376324999678801e-01
-2.411572333564029336e-01
-2.410768610080863406e-01
-2.409965154460879388e-01
-2.409161966614803696e-01
-2.408359046453393548e-01
-2.407556393887435309e-01
-2.406754008827745595e-01
-2.405951891185170444e-01
-2.405150040870585593e-01
-2.404348457794897032e-01
-2.403547141869039061e-01
-2.402746093003977346e-01
-2.401945311110706416e-01
-2.401144796100250223e-01
-2.400344547883662139e-01
-2.399544566372027177e-01
-2.398744851476456996e-01
-2.397945403108095175e-01
-2.397146221178113878e-01
-2.396347305597715527e-01
-2.395548656278131128e-01
-2.394750273130621943e-01
-2.393952156066478931e-01
-2.393154304997022752e-01
-2.392356719833602652e-01
-2.391559400487598408e-01
-2.390762346870418664e-01
-2.389965558893502318e-01
-2.389169036468317686e-01
-2.388372779506361121e-01
-2.387576787919160337e-01
-2.386781061618271915e-01
-2.385985600515281579e-01
-2.385190404521805307e-01
-2.384395473549487110e-01
-2.383600807510002084e-01
-2.382806406315053360e-01
-2.382012269876374599e-01
-2.381218398105728051e-01
-2.380424790914906219e-01
-2.379631448215730194e-01
-2.378838369920051043e-01
-2.378045555939748701e-01
-2.377253006186732520e-01
-2.376460720572942109e-01
-2.375668699010344831e-01
-2.374876941410938858e-01
-2.374085447686751504e-01
-2.373294217749838397e-01
-2.372503251512285138e-01
-2.371712548886206751e-01
-2.370922109783747123e-01
-2.370131934117080119e-01
-2.369342021798407916e-01
-2.368552372739963219e-01
-2.367762986854006768e-01
-2.366973864052829279e-01
-2.366185004248749779e-01
-2.365396407354117825e-01
-2.364608073281311007e-01
-2.363820001942737448e-01
-2.363032193250833024e-01
-2.362244647118063867e-01
-2.361457363456924141e-01
-2.360670342179938541e-01
-2.359883583199660351e-01
-2.359097086428670886e-01
-2.358310851779582829e-01
-2.357524879165036613e-01
-2.356739168497700987e-01
-2.355953719690275783e-01
-2.355168532655488589e-01
-2.354383607306095860e-01
-2.353598943554884304e-01
-2.352814541314669217e-01
-2.352030400498294482e-01
-2.351246521018633129e-01
-2.350462902788587327e-01
-2.349679545721089224e-01
-2.348896449729098446e-01
-2.348113614725604315e-01
-2.347331040623625575e-01
-2.346548727336209283e-01
-2.345766674776431637e-01
-2.344984882857398256e-01
-2.344203351492242793e-01
-2.343422080594129431e-01
-2.342641070076249277e-01
-2.341860319851823413e-01
-2.341079829834102621e-01
-2.340299599936365438e-01
-2.339519630071919265e-01
-2.338739920154101204e-01
-2.337960470096276389e-01
-2.337181279811839929e-01
-2.336402349214214413e-01
-2.335623678216852683e-01
-2.334845266733235059e-01
-2.334067114676871557e-01
-2.333289221961301618e-01
-2.332511588500091604e-01
-2.331734214206838129e-01
-2.330957098995166676e-01
-2.330180242778731037e-01
-2.329403645471213313e-01
-2.328627306986325307e-01
-2.327851227237807408e-01
-2.327075406139428038e-01
-2.326299843604984763e-01
-2.325524539548304848e-01
-2.324749493883242757e-01
-2.323974706523682099e-01
-2.323200177383535903e-01
-2.322425906376744953e-01
-2.321651893417279178e-01
-2.320878138419137926e-01
-2.320104641296347192e-01
-2.319331401962963501e-01
-2.318558420333071413e-01
-2.317785696320784072e-01
-2.317013229840242938e-01
-2.316241020805618889e-01
-2.315469069131110280e-01
-2.314697374730945167e-01
-2.313925937519379916e-01
-2.313154757410698648e-01
-2.312383834319215459e-01
-2.311613168159271370e-01
-2.310842758845237377e-01
-2.310072606291512232e-01
-2.309302710412523552e-01
-2.308533071122727542e-01
-2.307763688336608165e-01
-2.306994561968678803e-01
-2.306225691933480593e-01
-2.305457078145584371e-01
-2.304688720519587897e-01
-2.303920618970118350e-01
-2.303152773411831222e-01
-2.302385183759410037e-01
-2.301617849927566906e-01
-2.300850771831043085e-01
-2.300083949384607307e-01
-2.299317382503057450e-01
-2.298551071101218868e-01
-2.297785015093946059e-01
-2.297019214396121556e-01
-2.296253668922657032e-01
-2.295488378588491085e-01
-2.294723343308591734e-01
-2.293958562997955308e-01
-2.293194037571606170e-01
-2.292429766944596714e-01
-2.291665751032008203e-01
-2.290901989748949930e-01
-2.290138483010559223e-01
-2.289375230732002831e-01
-2.288612232828474147e-01
-2.287849489215195986e-01
-2.287086999807418919e-01
-2.286324764520422104e-01
-2.285562783269512455e-01
-2.284801055970025752e-01
-2.284039582537324975e-01
-2.283278362886802804e-01
-2.282517396933878839e-01
-2.281756684594000995e-01
-2.280996225782646047e-01
-2.280236020415318809e-01
-2.279476068407551570e-01
-2.278716369674905207e-01
-2.277956924132969185e-01
-2.277197731697360450e-01
-2.276438792283723977e-01
-2.275680105807733888e-01
-2.274921672185090671e-01
-2.274163491331524789e-01
-2.273405563162793630e-01
-2.272647887594683169e-01
-2.271890464543006583e-01
-2.271133293923606189e-01
-2.270376375652352063e-01
-2.269619709645142036e-01
-2.268863295817902248e-01
-2.268107134086586041e-01
-2.267351224367176177e-01
-2.266595566575682619e-01
-2.265840160628143085e-01
-2.265085006440623883e-01
-2.264330103929218796e-01
-2.263575453010049643e-01
-2.262821053599266830e-01
-2.262066905613047407e-01
-2.261313008967597848e-01
-2.260559363579151826e-01
-2.259805969363970213e-01
-2.259052826238343581e-01
-2.258299934118588592e-01
-2.257547292921050774e-01
-2.256794902562103688e-01
-2.256042762958147818e-01
-2.255290874025612513e-01
-2.254539235680954323e-01
-2.253787847840658110e-01
-2.253036710421236211e-01
-2.252285823339228721e-01
-2.251535186511203768e-01
-2.250784799853757789e-01
-2.250034663283513869e-01
-2.249284776717123679e-01
-2.248535140071266925e-01
-2.247785753262649955e-01
-2.247036616208007986e-01
-2.246287728824103713e-01
-2.245539091027726475e-01
-2.244790702735695864e-01
-2.244042563864855899e-01
-2.243294674332081406e-01
-2.242547034054273025e-01
-2.241799642948359705e-01
-2.241052500931297597e-01
-2.240305607920071440e-01
-2.239558963831692617e-01
-2.238812568583201379e-01
-2.238066422091664343e-01
-2.237320524274176436e-01
-2.236574875047860345e-01
-2.235829474329865951e-01
-2.235084322037370896e-01
-2.234339418087580575e-01
-2.233594762397728140e-01
-2.232850354885073385e-01
-2.232106195466904974e-01
-2.231362284060538770e-01
-2.230618620583317280e-01
-2.229875204952611323e-01
-2.229132037085819473e-01
-2.228389116900367228e-01
-2.227646444313708396e-01
-2.226904019243322874e-01
-2.226161841606719982e-01
-2.225419911321434852e-01
-2.224678228305031480e-01
-2.223936792475099677e-01
-2.223195603749258675e-01
-2.222454662045153517e-01
-2.221713967280457558e-01
-2.220973519372871352e-01
-2.220233318240122655e-01
-2.219493363799967534e-01
-2.218753655970188421e-01
-2.218014194668595784e-01
-2.217274979813026181e-01
-2.216536011321346422e-01
-2.215797289111447743e-01
-2.215058813101249968e-01
-2.214320583208700399e-01
-2.213582599351773261e-01
-2.212844861448471090e-01
-2.212107369416822233e-01
-2.211370123174883351e-01
-2.210633122640737747e-01
-2.209896367732497591e-01
-2.209159858368300033e-01
-2.208423594466311646e-01
-2.207687575944725089e-01
-2.206951802721759948e-01
-2.206216274715664116e-01
-2.205480991844712413e-01
-2.204745954027206023e-01
-2.204011161181474998e-01
-2.203276613225875202e-01
-2.202542310078789978e-01
-2.201808251658630700e-01
-2.201074437883834833e-01
-2.200340868672867600e-01
-2.199607543944221422e-01
-2.198874463616415920e-01
-2.198141627607997362e-01
-2.197409035837539493e-01
-2.196676688223643814e-01
-2.195944584684937917e-01
-2.195212725140076593e-01
-2.194481109507742944e-01
-2.193749737706646163e-01
-2.193018609655521811e-01
-2.192287725273134591e-01
-2.191557084478274742e-01
-2.190826687189759425e-01
-2.190096533326434391e-01
-2.189366622807170371e-01
-2.188636955550866958e-01
-2.187907531476449563e-01
-2.187178350502871071e-01
-2.186449412549112126e-01
-2.185720717534178903e-01
-2.184992265377105058e-01
-2.184264055996952003e-01
-2.183536089312807515e-01
-2.182808365243786297e-01
-2.182080883709030250e-01
-2.181353644627707922e-01
-2.180626647919014782e-01
-2.179899893502173780e-01
-2.179173381296434509e-01
-2.178447111221072652e-01
-2.177721083195392482e-01
-2.176995297138723529e-01
-2.176269752970423355e-01
-2.175544450609875613e-01
-2.174819389976491713e-01
-2.174094570989708597e-01
-2.173369993568991243e-01
-2.172645657633830718e-01
-2.171921563103745845e-01
-2.171197709898281258e-01
-2.170474097937008795e-01
-2.169750727139526936e-01
-2.169027597425462195e-01
-2.168304708714465512e-01
-2.167582060926216692e-01
-2.166859653980421074e-01
-2.166137487796811756e-01
-2.165415562295147367e-01
-2.164693877395214572e-01
-2.163972433016825847e-01
-2.163251229079821147e-01
-2.162530265504065963e-01
-2.161809542209453538e-01
-2.161089059115904043e-01
-2.160368816143362902e-01
-2.159648813211803853e-01
-2.158929050241226166e-01
-2.158209527151656315e-01
-2.157490243863147139e-01
-2.156771200295778401e-01
-2.156052396369656787e-01
-2.155333832004913963e-01
-2.154615507121710738e-01
-2.153897421640232901e-01
-2.153179575480692887e-01
-2.152461968563329775e-01
-2.151744600808410401e-01
-2.151027472136226026e-01
-2.150310582467096776e-01
-2.149593931721367757e-01
-2.148877519819410997e-01
-2.148161346681625450e-01
-2.147445412228436157e-01
-2.146729716380294806e-01
-2.146014259057679729e-01
-2.145299040181095906e-01
-2.144584059671073850e-01
-2.143869317448171830e-01
-2.143154813432974204e-01
-2.142440547546091145e-01
-2.141726519708160026e-01
-2.141012729839844864e-01
-2.140299177861834934e-01
-2.139585863694846712e-01
-2.138872787259623320e-01
-2.138159948476934524e-01
-2.137447347267575348e-01
-2.136734983552367739e-01
-2.136022857252160845e-01
-2.135310968287828792e-01
-2.134599316580273742e-01
-2.133887902050422558e-01
-2.133176724619229025e-01
-2.132465784207674131e-01
-2.131755080736763841e-01
-2.131044614127531600e-01
-2.130334384301036665e-01
-2.129624391178363829e-01
-2.128914634680625917e-01
-2.128205114728960734e-01
-2.127495831244532176e-01
-2.126786784148532450e-01
-2.126077973362176798e-01
-2.125369398806709609e-01
-2.124661060403399970e-01
-2.123952958073543618e-01
-2.123245091738462376e-01
-2.122537461319504992e-01
-2.121830066738045473e-01
-2.121122907915483913e-01
-2.120415984773248164e-01
-2.119709297232790501e-01
-2.119002845215590403e-01
-2.118296628643153157e-01
-2.117590647437010143e-01
-2.116884901518718831e-01
-2.116179390809863337e-01
-2.115474115232053032e-01
-2.114769074706924767e-01
-2.114064269156140374e-01
-2.113359698501387773e-01
-2.112655362664381531e-01
-2.111951261566862859e-01
-2.111247395130597115e-01
-2.110543763277377693e-01
-2.109840365929022687e-01
-2.109137203007377670e-01
-2.108434274434312361e-01
-2.107731580131724514e-01
-2.107029120021536583e-01
-2.106326894025697671e-01
-2.105624902066181858e-01
-2.104923144064991536e-01
-2.104221619944151855e-01
-2.103520329625717389e-01
-2.102819273031765468e-01
-2.102118450084401735e-01
-2.101417860705757090e-01
-2.100717504817987968e-01
-2.100017382343276895e-01
-2.099317493203833040e-01
-2.098617837321890278e-01
-2.097918414619709404e-01
-2.097219225019577027e-01
-2.096520268443804735e-01
-2.095821544814731596e-01
-2.095123054054720546e-01
-2.094424796086162555e-01
-2.093726770831472739e-01
-2.093028978213093139e-01
-2.092331418153490774e-01
-2.091634090575159588e-01
-2.090936995400618226e-01
-2.090240132552411978e-01
-2.089543501953111115e-01
-2.088847103525312832e-01
-2.088150937191639300e-01
-2.087455002874738785e-01
-2.086759300497285363e-01
-2.086063829981978091e-01
-2.085368591251543224e-01
-2.084673584228731724e-01
-2.083978808836320640e-01
-2.083284264997113111e-01
-2.082589952633936703e-01
-2.081895871669645903e-01
-2.081202022027121012e-01
-2.080508403629267311e-01
-2.079815016399015892e-01
-2.079121860259324495e-01
-2.078428935133175004e-01
-2.077736240943575952e-01
-2.077043777613561681e-01
-2.076351545066190962e-01
-2.075659543224550041e-01
-2.074967772011749589e-01
-2.074276231350925259e-01
-2.073584921165240458e-01
-2.072893841377882185e-01
-2.072202991912064085e-01
-2.071512372691024784e-01
-2.070821983638028996e-01
-2.070131824676366972e-01
-2.069441895729354219e-01
-2.068752196720332337e-01
-2.068062727572667070e-01
-2.067373488209751919e-01
-2.066684478555004256e-01
-2.065995698531867264e-01
-2.065307148063810216e-01
-2.064618827074327367e-01
-2.063930735486938228e-01
-2.063242873225188678e-01
-2.062555240212649299e-01
-2.061867836372916762e-01
-2.061180661629612165e-01
-2.060493715906383250e-01
-2.059806999126903015e-01
-2.059120511214869165e-01
-2.058434252094005212e-01
-2.057748221688060486e-01
-2.057062419920809015e-01
-2.056376846716050644e-01
-2.055691501997611026e-01
-2.055006385689339965e-01
-2.054321497715114186e-01
-2.053636837998834563e-01
-2.052952406464428059e-01
-2.052268203035846617e-01
-2.051584227637067437e-01
-2.050900480192093533e-01
-2.050216960624953177e-01
-2.049533668859699065e-01
-2.048850604820410259e-01
-2.048167768431190805e-01
-2.047485159616170003e-01
-2.046802778299502412e-01
-2.046120624405367849e-01
-2.045438697857971666e-01
-2.044756998581543639e-01
-2.044075526500340190e-01
-2.043394281538641333e-01
-2.042713263620753728e-01
-2.042032472671008736e-01
-2.041351908613762978e-01
-2.040671571373397497e-01
-2.039991460874320539e-01
-2.039311577040963108e-01
-2.038631919797783132e-01
-2.037952489069262962e-01
-2.037273284779910210e-01
-2.036594306854258296e-01
-2.035915555216864514e-01
-2.035237029792311969e-01
-2.034558730505209856e-01
-2.033880657280190685e-01
-2.033202810041913333e-01
-2.032525188715061659e-01
-2.031847793224343668e-01
-2.031170623494494010e-01
-2.030493679450271205e-01
-2.029816961016459587e-01
-2.029140468117867357e-01
-2.028464200679329921e-01
-2.027788158625705439e-01
-2.027112341881877888e-01
-2.026436750372757889e-01
-2.025761384023278822e-01
-2.025086242758399602e-01
-2.024411326503105235e-01
-2.023736635182404875e-01
-2.023062168721332654e-01
-2.022387927044947686e-01
-2.021713910078334897e-01
-2.021040117746602804e-01
-2.020366549974886017e-01
-2.019693206688343567e-01
-2.019020087812159192e-01
-2.018347193271542439e-01
-2.017674522991727282e-01
-2.017002076897971563e-01
-2.016329854915560327e-01
-2.015657856969801931e-01
-2.014986082986029159e-01
-2.014314532889601439e-01
-2.013643206605901514e-01
-2.012972104060337386e-01
-2.012301225178342867e-01
-2.011630569885375641e-01
-2.010960138106917816e-01
-2.010289929768477590e-01
-2.009619944795587310e-01
-2.008950183113803745e-01
-2.008280644648709479e-01
-2.007611329325910965e-01
-2.006942237071040191e-01
-2.006273367809753294e-01
-2.005604721467731388e-01
-2.004936297970680847e-01
-2.004268097244332192e-01
-2.003600119214440367e-01
-2.002932363806786686e-01
-2.002264830947175223e-01
-2.001597520561435861e-01
-2.000930432575423190e-01
-2.000263566915016222e-01
-1.999596923506118673e-01
-1.998930502274658960e-01
-1.998264303146590481e-01
-1.997598326047891060e-01
-1.996932570904563498e-01
-1.996267037642634745e-01
-1.995601726188156733e-01
-1.994936636467205815e-01
-1.994271768405883050e-01
-1.993607121930314474e-01
-1.992942696966650273e-01
-1.992278493441065612e-01
-1.991614511279760358e-01
-1.990950750408958247e-01
-1.990287210754907998e-01
-1.989623892243883307e-01
-1.988960794802182297e-01
-1.988297918356126959e-01
-1.987635262832064542e-01
-1.986972828156366722e-01
-1.986310614255429596e-01
-1.985648621055673968e-01
-1.984986848483545063e-01
-1.984325296465512534e-01
-1.983663964928070178e-01
-1.983002853797737608e-01
-1.982341963001056639e-01
-1.981681292464596289e-01
-1.981020842114948610e-01
-1.980360611878729526e-01
-1.979700601682580496e-01
-1.979040811453167126e-01
-1.978381241117179168e-01
-1.977721890601331356e-01
-1.977062759832362016e-01
-1.976403848737034730e-01
-1.975745157242137229e-01
-1.975086685274481391e-01
-1.974428432760903795e-01
-1.973770399628264893e-01
-1.973112585803450947e-01
-1.972454991213370146e-01
-1.971797615784957325e-01
-1.971140459445170079e-01
-1.970483522120992093e-01
-1.969826803739429255e-01
-1.969170304227513546e-01
-1.968514023512300259e-01
-1.967857961520869392e-01
-1.967202118180325365e-01
-1.966546493417795916e-01
-1.965891087160434869e-01
-1.965235899335418812e-01
-1.964580929869949033e-01
-1.963926178691251245e-01
-1.963271645726575587e-01
-1.962617330903195789e-01
-1.961963234148410284e-01
-1.961309355389541931e-01
-1.960655694553936901e-01
-1.960002251568966902e-01
-1.959349026362026680e-01
-1.958696018860535959e-01
-1.958043228991938334e-01
-1.957390656683701269e-01
-1.956738301863317209e-01
-1.956086164458301913e-01
-1.955434244396195842e-01
-1.954782541604563051e-01
-1.954131056010993128e-01
-1.953479787543097312e-01
-1.952828736128513765e-01
-1.952177901694902851e-01
-1.951527284169949639e-01
-1.950876883481363344e-01
-1.950226699556877052e-01
-1.949576732324248551e-01
-1.948926981711258666e-01
-1.948277447645713478e-01
-1.947628130055442386e-01
-1.946979028868298378e-01
-1.946330144012159702e-01
-1.945681475414928197e-01
-1.945033023004529016e-01
-1.944384786708912294e-01
-1.943736766456051757e-01
-1.943088962173945000e-01
-1.942441373790613768e-01
-1.941794001234103950e-01
-1.941146844432484753e-01
-1.940499903313850638e-01
-1.939853177806318829e-01
-1.939206667838030973e-01
-1.938560373337152865e-01
-1.937914294231873613e-01
-1.937268430450406476e-01
-1.936622781920989411e-01
-1.935977348571883694e-01
-1.935332130331374190e-01
-1.934687127127769912e-01
-1.934042338889403745e-01
-1.933397765544632996e-01
-1.932753407021838288e-01
-1.932109263249424114e-01
-1.931465334155818836e-01
-1.930821619669474687e-01
-1.930178119718868601e-01
-1.929534834232499441e-01
-1.928891763138892157e-01
-1.928248906366593629e-01
-1.927606263844175438e-01
-1.926963835500233035e-01
-1.926321621263385742e-01
-1.925679621062275637e-01
-1.925037834825570338e-01
-1.924396262481959385e-01
-1.923754903960157581e-01
-1.923113759188902760e-01
-1.922472828096956077e-01
-1.921832110613103939e-01
-1.921191606666154683e-01
-1.920551316184941348e-01
-1.919911239098320566e-01
-1.919271375335173391e-01
-1.918631724824402529e-01
-1.917992287494936499e-01
-1.917353063275727132e-01
-1.916714052095748744e-01
-1.916075253884000074e-01
-1.915436668569504008e-01
-1.914798296081306472e-01
-1.914160136348476982e-01
-1.913522189300108922e-01
-1.912884454865319828e-01
-1.912246932973249713e-01
-1.911609623553063020e-01
-1.910972526533947502e-01
-1.910335641845114785e-01
-1.909698969415799807e-01
-1.909062509175261102e-01
-1.908426261052781070e-01
-1.907790224977665150e-01
-1.907154400879242651e-01
-1.906518788686867028e-01
-1.905883388329914496e-01
-1.905248199737784309e-01
-1.904613222839900977e-01
-1.903978457565710658e-01
-1.903343903844684493e-01
-1.902709561606316380e-01
-1.902075430780123255e-01
-1.901441511295647036e-01
-1.900807803082451564e-01
-1.900174306070125385e-01
-1.899541020188279250e-01
-1.898907945366548611e-01
-1.898275081534591679e-01
-1.897642428622090260e-01
-1.897009986558749195e-01
-1.896377755274297749e-01
-1.895745734698487672e-01
-1.895113924761094581e-01
-1.894482325391917132e-01
-1.893850936520777850e-01
-1.893219758077522297e-01
-1.892588789992019904e-01
-1.891958032194162587e-01
-1.891327484613866405e-01
-1.890697147181070181e-01
-1.890067019825736605e-01
-1.889437102477851960e-01
-1.888807395067425288e-01
-1.888177897524488669e-01
-1.887548609779098052e-01
-1.886919531761332702e-01
-1.886290663401295198e-01
-1.885662004629111155e-01
-1.885033555374929226e-01
-1.884405315568922212e-01
-1.883777285141285673e-01
-1.883149464022238206e-01
-1.882521852142022001e-01
-1.881894449430902838e-01
-1.881267255819168149e-01
-1.880640271237130901e-01
-1.880013495615125707e-01
-1.879386928883511054e-01
-1.878760570972667632e-01
-1.878134421813001109e-01
-1.877508481334939083e-01
-1.876882749468932188e-01
-1.876257226145454926e-01
-1.875631911295004561e-01
-1.875006804848102226e-01
-1.874381906735291259e-01
-1.873757216887138310e-01
-1.873132735234233903e-01
-1.872508461707190486e-01
-1.871884396236644932e-01
-1.871260538753256319e-01
-1.870636889187707319e-01
-1.870013447470703360e-01
-1.869390213532973466e-01
-1.868767187305269417e-01
-1.868144368718365478e-01
-1.867521757703060337e-01
-1.866899354190174332e-01
-1.866277158110551948e-01
-1.865655169395060431e-01
-1.865033387974589230e-01
-1.864411813780051941e-01
-1.863790446742385198e-01
-1.863169286792547286e-01
-1.862548333861521188e-01
-1.861927587880311818e-01
-1.861307048779947404e-01
-1.860686716491479487e-01
-1.860066590945982090e-01
-1.859446672074551721e-01
-1.858826959808309309e-01
-1.858207454078397713e-01
-1.857588154815982828e-01
-1.856969061952253863e-01
-1.856350175418422510e-01
-1.855731495145723775e-01
-1.855113021065415146e-01
-1.854494753108777427e-01
-1.853876691207114180e-01
-1.853258835291752005e-01
-1.852641185294039983e-01
-1.852023741145350511e-01
-1.851406502777078744e-01
-1.850789470120642044e-01
-1.850172643107482473e-01
-1.849556021669062078e-01
-1.848939605736868996e-01
-1.848323395242411349e-01
-1.847707390117221682e-01
-1.847091590292855301e-01
-1.846475995700889716e-01
-1.845860606272925475e-01
-1.845245421940585884e-01
-1.844630442635517287e-01
-1.844015668289389065e-01
-1.843401098833892249e-01
-1.842786734200741738e-01
-1.842172574321674638e-01
-1.841558619128451368e-01
-1.840944868552853719e-01
-1.840331322526688185e-01
-1.839717980981782353e-01
-1.839104843849987680e-01
-1.838491911063177553e-01
-1.837879182553248392e-01
-1.837266658252118823e-01
-1.836654338091731065e-01
-1.836042222004049540e-01
-1.835430309921061431e-01
-1.834818601774775848e-01
-1.834207097497226047e-01
-1.833595797020466378e-01
-1.832984700276575341e-01
-1.832373807197652527e-01
-1.831763117715821676e-01
-1.831152631763227900e-01
-1.830542349272039349e-01
-1.829932270174447206e-01
-1.829322394402664587e-01
-1.828712721888927639e-01
-1.828103252565495274e-01
-1.827493986364648604e-01
-1.826884923218690393e-01
-1.826276063059948107e-01
-1.825667405820770861e-01
-1.825058951433528864e-01
-1.824450699830616751e-01
-1.823842650944450805e-01
-1.823234804707470347e-01
-1.822627161052136902e-01
-1.822019719910934199e-01
-1.821412481216369006e-01
-1.820805444900970016e-01
-1.820198610897289238e-01
-1.819591979137900328e-01
-1.818985549555399983e-01
-1.818379322082406546e-01
-1.817773296651562509e-01
-1.817167473195530902e-01
-1.816561851646997794e-01
-1.815956431938672844e-01
-1.815351214003285973e-01
-1.814746197773591807e-01
-1.814141383182366341e-01
-1.813536770162406941e-01
-1.812932358646535125e-01
-1.812328148567594055e-01
-1.811724139858449101e-01
-1.811120332451988113e-01
-1.810516726281121425e-01
-1.809913321278782128e-01
-1.809310117377924410e-01
-1.808707114511526048e-01
-1.808104312612587028e-01
-1.807501711614128703e-01
-1.806899311449196022e-01
-1.806297112050855302e-01
-1.805695113352195624e-01
-1.805093315286327993e-01
-1.804491717786386451e-01
-1.803890320785525858e-01
-1.803289124216925776e-01
-1.802688128013785474e-01
-1.802087332109327533e-01
-1.801486736436797576e-01
-1.800886340929462870e-01
-1.800286145520611503e-01
-1.799686150143556540e-01
-1.799086354731631032e-01
-1.798486759218191067e-01
-1.797887363536615213e-01
-1.797288167620303689e-01
-1.796689171402679475e-01
-1.796090374817187474e-01
-1.795491777797294242e-01
-1.794893380276489092e-01
-1.794295182188283821e-01
-1.793697183466212153e-01
-1.793099384043828903e-01
-1.792501783854712205e-01
-1.791904382832462672e-01
-1.791307180910702013e-01
-1.790710178023073862e-01
-1.790113374103245447e-01
-1.789516769084905090e-01
-1.788920362901762762e-01
-1.788324155487551748e-01
-1.787728146776026150e-01
-1.787132336700963664e-01
-1.786536725196162523e-01
-1.785941312195443442e-01
-1.785346097632650175e-01
-1.784751081441647014e-01
-1.784156263556321564e-01
-1.783561643910583083e-01
-1.782967222438362198e-01
-1.782372999073612019e-01
-1.781778973750308137e-01
-1.781185146402448072e-01
-1.780591516964050436e-01
-1.779998085369155769e-01
-1.779404851551828759e-01
-1.778811815446153799e-01
-1.778218976986237487e-01
-1.777626336106209459e-01
-1.777033892740220444e-01
-1.776441646822443932e-01
-1.775849598287074227e-01
-1.775257747068328396e-01
-1.774666093100445152e-01
-1.774074636317685416e-01
-1.773483376654331478e-01
-1.772892314044687556e-01
-1.772301448423080628e-01
-1.771710779723858487e-01
-1.771120307881391687e-01
-1.770530032830071876e-01
-1.769939954504313184e-01
-1.769350072838551113e-01
-1.768760387767243647e-01
-1.768170899224870141e-01
-1.767581607145931044e-01
-1.766992511464950677e-01
-1.766403612116473065e-01
-1.765814909035065550e-01
-1.765226402155316288e-01
-1.764638091411835918e-01
-1.764049976739256176e-01
-1.763462058072231275e-01
-1.762874335345436805e-01
-1.762286808493570278e-01
-1.761699477451351137e-01
-1.761112342153519916e-01
-1.760525402534839912e-01
-1.759938658530095512e-01
-1.759352110074092479e-01
-1.758765757101658778e-01
-1.758179599547644856e-01
-1.757593637346921145e-01
-1.757007870434381114e-01
-1.756422298744940158e-01
-1.755836922213533935e-01
-1.755251740775120584e-01
-1.754666754364680448e-01
-1.754081962917215243e-01
-1.753497366367746946e-01
-1.752912964651321959e-01
-1.752328757703005280e-01
-1.751744745457886054e-01
-1.751160927851073690e-01
-1.750577304817699520e-01
-1.749993876292916251e-01
-1.749410642211899070e-01
-1.748827602509844259e-01
-1.748244757121968918e-01
-1.747662105983512904e-01
-1.747079649029737447e-01
-1.746497386195924317e-01
-1.745915317417378321e-01
-1.745333442629425080e-01
-1.744751761767411313e-01
-1.744170274766706219e-01
-1.743588981562700646e-01
-1.743007882090805427e-01
-1.742426976286454432e-01
-1.741846264085103180e-01
-1.741265745422227174e-01
-1.740685420233324399e-01
-1.740105288453915044e-01
-1.739525350019539007e-01
-1.738945604865759498e-01
-1.738366052928159988e-01
-1.737786694142346156e-01
-1.737207528443944493e-01
-1.736628555768603144e-01
-1.736049776051992177e-01
-1.735471189229802480e-01
-1.734892795237746588e-01
-1.734314594011558686e-01
-1.733736585486994330e-01
-1.733158769599830173e-01
-1.732581146285863960e-01
-1.732003715480916195e-01
-1.731426477120827645e-01
-1.730849431141459893e-01
-1.730272577478697837e-01
-1.729695916068446360e-01
-1.729119446846631436e-01
-1.728543169749201247e-01
-1.727967084712125068e-01
-1.727391191671393267e-01
-1.726815490563018141e-01
-1.726239981323033079e-01
-1.725664663887491457e-01
-1.725089538192470240e-01
-1.724514604174065824e-01
-1.723939861768397086e-01
-1.723365310911603443e-01
-1.722790951539846516e-01
-1.722216783589307909e-01
-1.721642806996191710e-01
-1.721069021696722268e-01
-1.720495427627145857e-01
-1.719922024723730125e-01
-1.719348812922763259e-01
-1.718775792160555094e-01
-1.718202962373436837e-01
-1.717630323497760791e-01
-1.717057875469899519e-01
-1.716485618226248899e-01
-1.715913551703224516e-01
-1.715341675837262769e-01
-1.714769990564822544e-01
-1.714198495822382984e-01
-1.713627191546444606e-01
-1.713056077673529298e-01
-1.712485154140180044e-01
-1.711914420882960641e-01
-1.711343877838456540e-01
-1.710773524943274004e-01
-1.710203362134040395e-01
-1.709633389347404442e-01
-1.709063606520035694e-01
-1.708494013588625071e-01
-1.707924610489884032e-01
-1.707355397160546240e-01
-1.706786373537365342e-01
-1.706217539557116636e-01
-1.705648895156596234e-01
-1.705080440272621622e-01
-1.704512174842030547e-01
-1.703944098801683515e-01
-1.703376212088459907e-01
-1.702808514639261583e-01
-1.702241006391011502e-01
-1.701673687280652325e-01
-1.701106557245149198e-01
-1.700539616221487527e-01
-1.699972864146673812e-01
-1.699406300957735927e-01
-1.698839926591721727e-01
-1.698273740985701552e-01
-1.697707744076764891e-01
-1.697141935802024271e-01
-1.696576316098611092e-01
-1.696010884903679794e-01
-1.695445642154403687e-01
-1.694880587787978565e-01
-1.694315721741620484e-01
-1.693751043952566593e-01
-1.693186554358075135e-01
-1.692622252895424340e-01
-1.692058139501914915e-01
-1.691494214114867278e-01
-1.690930476671622384e-01
-1.690366927109543671e-01
-1.689803565366014004e-01
-1.689240391378437622e-01
-1.688677405084240135e-01
-1.688114606420867136e-01
-1.687551995325785315e-01
-1.686989571736482729e-01
-1.686427335590467147e-01
-1.685865286825268816e-01
-1.685303425378437414e-01
-1.684741751187543712e-01
-1.684180264190179577e-01
-1.683618964323957967e-01
-1.683057851526511828e-01
-1.682496925735494919e-01
-1.681936186888582929e-01
-1.681375634923471252e-01
-1.680815269777876098e-01
-1.680255091389535327e-01
-1.679695099696205951e-01
-1.679135294635667186e-01
-1.678575676145718787e-01
-1.678016244164180493e-01
-1.677456998628893137e-01
-1.676897939477718646e-01
-1.676339066648538934e-01
-1.675780380079257281e-01
-1.675221879707797512e-01
-1.674663565472103710e-01
-1.674105437310141331e-01
-1.673547495159895537e-01
-1.672989738959373696e-01
-1.672432168646601769e-01
-1.671874784159628480e-01
-1.671317585436521702e-01
-1.670760572415370682e-01
-1.670203745034284926e-01
-1.669647103231394480e-01
-1.669090646944851042e-01
-1.668534376112825457e-01
-1.667978290673509945e-01
-1.667422390565117263e-01
-1.666866675725880986e-01
-1.666311146094054674e-01
-1.665755801607912978e-01
-1.665200642205751369e-01
-1.664645667825884745e-01
-1.664090878406649654e-01
-1.663536273886402628e-01
-1.662981854203521292e-01
-1.662427619296402703e-01
-1.661873569103466397e-01
-1.661319703563150230e-01
-1.660766022613913984e-01
-1.660212526194237703e-01
-1.659659214242621694e-01
-1.659106086697586246e-01
-1.658553143497673577e-01
-1.658000384581445330e-01
-1.657447809887483692e-01
-1.656895419354391108e-01
-1.656343212920791674e-01
-1.655791190525328638e-01
-1.655239352106666340e-01
-1.654687697603489382e-01
-1.654136226954502631e-01
-1.653584940098431488e-01
-1.653033836974022175e-01
-1.652482917520040895e-01
-1.651932181675274391e-01
-1.651381629378529947e-01
-1.650831260568634551e-01
-1.650281075184436841e-01
-1.649731073164804607e-01
-1.649181254448626455e-01
-1.648631618974812085e-01
-1.648082166682290073e-01
-1.647532897510010086e-01
-1.646983811396943442e-01
-1.646434908282079501e-01
-1.645886188104428993e-01
-1.645337650803023188e-01
-1.644789296316914173e-01
-1.644241124585172631e-01
-1.643693135546891171e-01
-1.643145329141182387e-01
-1.642597705307178024e-01
-1.642050263984032032e-01
-1.641503005110916402e-01
-1.640955928627025606e-01
-1.640409034471572991e-01
-1.639862322583792997e-01
-1.639315792902938940e-01
-1.638769445368285504e-01
-1.638223279919128195e-01
-1.637677296494781387e-01
-1.637131495034580275e-01
-1.636585875477880037e-01
-1.636040437764056943e-01
-1.635495181832506140e-01
-1.634950107622643867e-01
-1.634405215073906625e-01
-1.633860504125750068e-01
-1.633315974717651220e-01
-1.632771626789107089e-01
-1.632227460279634113e-01
-1.631683475128769822e-01
-1.631139671276070902e-01
-1.630596048661114850e-01
-1.630052607223499428e-01
-1.629509346902841826e-01
-1.628966267638780052e-01
-1.628423369370971818e-01
-1.627880652039095377e-01
-1.627338115582848410e-01
-1.626795759941949693e-01
-1.626253585056136597e-01
-1.625711590865168144e-01
-1.625169777308822783e-01
-1.624628144326898671e-01
-1.624086691859214227e-01
-1.623545419845608684e-01
-1.623004328225940152e-01
-1.622463416940087277e-01
-1.621922685927949803e-01
-1.621382135129445234e-01
-1.620841764484513003e-01
-1.620301573933111972e-01
-1.619761563415220429e-01
-1.619221732870837760e-01
-1.618682082239982778e-01
-1.618142611462694280e-01
-1.617603320479030771e-01
-1.617064209229071015e-01
-1.616525277652914316e-01
-1.615986525690678577e-01
-1.615447953282503346e-01
-1.614909560368546770e-01
-1.614371346888987258e-01
-1.613833312784023477e-01
-1.613295457993873805e-01
-1.612757782458776878e-01
-1.612220286118990764e-01
-1.611682968914793790e-01
-1.611145830786483713e-01
-1.610608871674378550e-01
-1.610072091518816861e-01
-1.609535490260155244e-01
-1.608999067838772501e-01
-1.608462824195065477e-01
-1.607926759269451278e-01
-1.607390873002368104e-01
-1.606855165334272195e-01
-1.606319636205640611e-01
-1.605784285556970670e-01
-1.605249113328778565e-01
-1.604714119461600197e-01
-1.604179303895992559e-01
-1.603644666572531519e-01
-1.603110207431812650e-01
-1.602575926414452345e-01
-1.602041823461085035e-01
-1.601507898512366523e-01
-1.600974151508971766e-01
-1.600440582391595423e-01
-1.599907191100951864e-01
-1.599373977577776273e-01
-1.598840941762821599e-01
-1.598308083596861884e-01
-1.597775403020691432e-01
-1.597242899975122865e-01
-1.596710574400989069e-01
-1.596178426239142911e-01
-1.595646455430457245e-01
-1.595114661915823240e-01
-1.594583045636153718e-01
-1.594051606532379817e-01
-1.593520344545452383e-01
-1.592989259616342801e-01
-1.592458351686041884e-01
-1.591927620695558765e-01
-1.591397066585924502e-01
-1.590866689298187919e-01
-1.590336488773418655e-01
-1.589806464952705500e-01
-1.589276617777156397e-01
-1.588746947187899827e-01
-1.588217453126083700e-01
-1.587688135532874800e-01
-1.587158994349460450e-01
-1.586630029517047402e-01
-1.586101240976861282e-01
-1.585572628670147977e-01
-1.585044192538172803e-01
-1.584515932522220782e-01
-1.583987848563595813e-01
-1.583459940603622884e-01
-1.582932208583645028e-01
-1.582404652445024706e-01
-1.581877272129145473e-01
-1.581350067577409202e-01
-1.580823038731237751e-01
-1.580296185532072128e-01
-1.579769507921373328e-01
-1.579243005840621217e-01
-1.578716679231315922e-01
-1.578190528034976725e-01
-1.577664552193142333e-01
-1.577138751647370885e-01
-1.576613126339239668e-01
-1.576087676210346789e-01
-1.575562401202308394e-01
-1.575037301256760613e-01
-1.574512376315359008e-01
-1.573987626319778566e-01
-1.573463051211713981e-01
-1.572938650932878546e-01
-1.572414425425006090e-01
-1.571890374629849318e-01
-1.571366498489180363e-01
-1.570842796944790509e-01
-1.570319269938490747e-01
-1.569795917412111497e-01
-1.569272739307502329e-01
-1.568749735566532522e-01
-1.568226906131090781e-01
-1.567704250943084410e-01
-1.567181769944440972e-01
-1.566659463077106906e-01
-1.566137330283048079e-01
-1.565615371504249786e-01
-1.565093586682716753e-01
-1.564571975760472577e-01
-1.564050538679560565e-01
-1.563529275382043449e-01
-1.563008185810003114e-01
-1.562487269905540599e-01
-1.561966527610776090e-01
-1.561445958867849482e-01
-1.560925563618920653e-01
-1.560405341806166690e-01
-1.559885293371785497e-01
-1.559365418257994129e-01
-1.558845716407028792e-01
-1.558326187761144566e-01
-1.557806832262615959e-01
-1.557287649853737188e-01
-1.556768640476821064e-01
-1.556249804074199827e-01
-1.555731140588225148e-01
-1.555212649961267568e-01
-1.554694332135717616e-01
-1.554176187053983582e-01
-1.553658214658494019e-01
-1.553140414891696908e-01
-1.552622787696058548e-01
-1.552105333014064947e-01
-1.551588050788220985e-01
-1.551070940961050415e-01
-1.550554003475097531e-01
-1.550037238272924667e-01
-1.549520645297112753e-01
-1.549004224490263260e-01
-1.548487975794995974e-01
-1.547971899153949560e-01
-1.547455994509782384e-01
-1.546940261805171968e-01
-1.546424700982814426e-01
-1.545909311985425028e-01
-1.545394094755738745e-01
-1.544879049236508872e-01
-1.544364175370508407e-01
-1.543849473100528946e-01
-1.543334942369381513e-01
-1.542820583119895728e-01
-1.542306395294920918e-01
-1.541792378837325006e-01
-1.541278533689994790e-01
-1.540764859795837050e-01
-1.540251357097776053e-01
-1.539738025538756327e-01
-1.539224865061741276e-01
-1.538711875609712620e-01
-1.538199057125671509e-01
-1.537686409552638522e-01
-1.537173932833652834e-01
-1.536661626911771938e-01
-1.536149491730073591e-01
-1.535637527231653865e-01
-1.535125733359627154e-01
-1.534614110057128389e-01
-1.534102657267309988e-01
-1.533591374933344076e-01
-1.533080262998421095e-01
-1.532569321405751750e-01
-1.532058550098563676e-01
-1.531547949020104771e-01
-1.531037518113642082e-01
-1.530527257322460699e-01
-1.530017166589865141e-01
-1.529507245859178244e-01
-1.528997495073742552e-01
-1.528487914176919482e-01
-1.527978503112088215e-01
-1.527469261822647362e-01
-1.526960190252015237e-01
-1.526451288343628199e-01
-1.525942556040940923e-01
-1.525433993287428625e-01
-1.524925600026583727e-01
-1.524417376201917806e-01
-1.523909321756962421e-01
-1.523401436635266337e-01
-1.522893720780398030e-01
-1.522386174135944847e-01
-1.521878796645512733e-01
-1.521371588252725671e-01
-1.520864548901228464e-01
-1.520357678534682566e-01
-1.519850977096768585e-01
-1.519344444531187388e-01
-1.518838080781657329e-01
-1.518331885791915359e-01
-1.517825859505717856e-01
-1.517320001866839518e-01
-1.516814312819074473e-01
-1.516308792306234332e-01
-1.515803440272150415e-01
-1.515298256660672360e-01
-1.514793241415669234e-01
-1.514288394481027589e-01
-1.513783715800653407e-01
-1.513279205318471821e-01
-1.512774862978425172e-01
-1.512270688724476619e-01
-1.511766682500605696e-01
-1.511262844250812198e-01
-1.510759173919114240e-01
-1.510255671449548254e-01
-1.509752336786169546e-01
-1.509249169873051744e-01
-1.508746170654288177e-01
-1.508243339073989386e-01
-1.507740675076285342e-01
-1.507238178605324330e-01
-1.506735849605273514e-01
-1.506233688020319206e-01
-1.505731693794664650e-01
-1.505229866872533628e-01
-1.504728207198166579e-01
-1.504226714715824198e-01
-1.503725389369785503e-01
-1.503224231104346720e-01
-1.502723239863824056e-01
-1.502222415592551763e-01
-1.501721758234883242e-01
-1.501221267735188825e-01
-1.500720944037859106e-01
-1.500220787087302998e-01
-1.499720796827946623e-01
-1.499220973204235807e-01
-1.498721316160634975e-01
-1.498221825641626037e-01
-1.497722501591710609e-01
-1.497223343955408070e-01
-1.496724352677256120e-01
-1.496225527701811608e-01
-1.495726868973649704e-01
-1.495228376437363338e-01
-1.494730050037564872e-01
-1.494231889718884987e-01
-1.493733895425971847e-01
-1.493236067103493048e-01
-1.492738404696134502e-01
-1.492240908148600165e-01
-1.491743577405612586e-01
-1.491246412411913191e-01
-1.490749413112260890e-01
-1.490252579451434023e-01
-1.489755911374228414e-01
-1.489259408825459041e-01
-1.488763071749958922e-01
-1.488266900092579392e-01
-1.487770893798190108e-01
-1.487275052811679599e-01
-1.486779377077954434e-01
-1.486283866541939225e-01
-1.485788521148577179e-01
-1.485293340842830379e-01
-1.484798325569678112e-01
-1.484303475274119655e-01
-1.483808789901170933e-01
-1.483314269395866747e-01
-1.482819913703261050e-01
-1.482325722768425003e-01
-1.481831696536448362e-01
-1.481337834952439758e-01
-1.480844137961525309e-01
-1.480350605508850004e-01
-1.479857237539576875e-01
-1.479364033998887273e-01
-1.478870994831980590e-01
-1.478378119984074812e-01
-1.477885409400406247e-01
-1.477392863026229242e-01
-1.476900480806815907e-01
-1.476408262687458062e-01
-1.475916208613463620e-01
-1.475424318530161039e-01
-1.474932592382895147e-01
-1.474441030117029927e-01
-1.473949631677947680e-01
-1.473458397011047916e-01
-1.472967326061749294e-01
-1.472476418775488516e-01
-1.471985675097720325e-01
-1.471495094973917506e-01
-1.471004678349571160e-01
-1.470514425170190431e-01
-1.470024335381303060e-01
-1.469534408928454550e-01
-1.469044645757208445e-01
-1.468555045813146609e-01
-1.468065609041869224e-01
-1.467576335388994513e-01
-1.467087224800158463e-01
-1.466598277221015656e-01
-1.466109492597238440e-01
-1.465620870874517201e-01
-1.465132411998561202e-01
-1.464644115915096911e-01
-1.464155982569869119e-01
-1.463668011908640931e-01
-1.463180203877193497e-01
-1.462692558421325451e-01
-1.462205075486854577e-01
-1.461717755019615594e-01
-1.461230596965462092e-01
-1.460743601270265424e-01
-1.460256767879914985e-01
-1.459770096740317658e-01
-1.459283587797399473e-01
-1.458797240997103672e-01
-1.458311056285391538e-01
-1.457825033608242671e-01
-1.457339172911654990e-01
-1.456853474141643345e-01
-1.456367937244241462e-01
-1.455882562165500549e-01
-1.455397348851490413e-01
-1.454912297248298347e-01
-1.454427407302029684e-01
-1.453942678958807799e-01
-1.453458112164773830e-01
-1.452973706866087233e-01
-1.452489463008925230e-01
-1.452005380539482804e-01
-1.451521459403972980e-01
-1.451037699548626825e-01
-1.450554100919693168e-01
-1.450070663463438880e-01
-1.449587387126148597e-01
-1.449104271854125270e-01
-1.448621317593689339e-01
-1.448138524291178730e-01
-1.447655891892949964e-01
-1.447173420345377604e-01
-1.446691109594853697e-01
-1.446208959587787501e-01
-1.445726970270607148e-01
-1.445245141589758808e-01
-1.444763473491704753e-01
-1.444281965922927513e-01
-1.443800618829925719e-01
-1.443319432159216043e-01
-1.442838405857334028e-01
-1.442357539870831873e-01
-1.441876834146279818e-01
-1.441396288630266698e-01
-1.440915903269398279e-01
-1.440435678010298093e-01
-1.439955612799607987e-01
-1.439475707583987574e-01
-1.438995962310113952e-01
-1.438516376924682261e-01
-1.438036951374404848e-01
-1.437557685606012381e-01
-1.437078579566253289e-01
-1.436599633201893211e-01
-1.436120846459716105e-01
-1.435642219286523413e-01
-1.435163751629134621e-01
-1.434685443434385865e-01
-1.434207294649132713e-01
-1.433729305220247108e-01
-1.433251475094618754e-01
-1.432773804219156233e-01
-1.432296292540784222e-01
-1.431818940006446272e-01
-1.431341746563103146e-01
-1.430864712157733365e-01
-1.430387836737332941e-01
-1.429911120248915923e-01
-1.429434562639513850e-01
-1.428958163856175467e-01
-1.428481923845968116e-01
-1.428005842555976068e-01
-1.427529919933301084e-01
-1.427054155925063517e-01
-1.426578550478400098e-01
-1.426103103540465600e-01
-1.425627815058433390e-01
-1.425152684979493212e-01
-1.424677713250852573e-01
-1.424202899819737023e-01
-1.423728244633389872e-01
-1.423253747639071365e-01
-1.422779408784059507e-01
-1.422305228015650347e-01
-1.421831205281156585e-01
-1.421357340527909241e-01
-1.420883633703257098e-01
-1.420410084754565316e-01
-1.419936693629217928e-01
-1.419463460274615618e-01
-1.418990384638177393e-01
-1.418517466667338633e-01
-1.418044706309553038e-01
-1.417572103512292070e-01
-1.417099658223044123e-01
-1.416627370389315077e-01
-1.416155239958628576e-01
-1.415683266878526025e-01
-1.415211451096565487e-01
-1.414739792560323062e-01
-1.414268291217392615e-01
-1.413796947015384942e-01
-1.413325759901928047e-01
-1.412854729824668254e-01
-1.412383856731269094e-01
-1.411913140569410474e-01
-1.411442581286791731e-01
-1.410972178831127466e-01
-1.410501933150151432e-01
-1.410031844191613759e-01
-1.409561911903282616e-01
-1.409092136232942827e-01
-1.408622517128397811e-01
-1.408153054537467086e-01
-1.407683748407988211e-01
-1.407214598687816232e-01
-1.406745605324823400e-01
-1.406276768266898902e-01
-1.405808087461950517e-01
-1.405339562857902125e-01
-1.404871194402695367e-01
-1.404402982044289372e-01
-1.403934925730661032e-01
-1.403467025409803337e-01
-1.402999281029727596e-01
-1.402531692538462327e-01
-1.402064259884053532e-01
-1.401596983014563591e-01
-1.401129861878073479e-01
-1.400662896422680270e-01
-1.400196086596499634e-01
-1.399729432347663061e-01
-1.399262933624320360e-01
-1.398796590374638549e-01
-1.398330402546801576e-01
-1.397864370089010599e-01
-1.397398492949484816e-01
-1.396932771076459245e-01
-1.396467204418187502e-01
-1.396001792922940132e-01
-1.395536536539004335e-01
-1.395071435214685351e-01
-1.394606488898304797e-01
-1.394141697538202329e-01
-1.393677061082734259e-01
-1.393212579480274660e-01
-1.392748252679213983e-01
-1.392284080627960718e-01
-1.391820063274940011e-01
-1.391356200568594492e-01
-1.390892492457383722e-01
-1.390428938889784749e-01
-1.389965539814291551e-01
-1.389502295179415037e-01
-1.389039204933684157e-01
-1.388576269025644239e-01
-1.388113487403857260e-01
-1.387650860016904075e-01
-1.387188386813381358e-01
-1.386726067741902990e-01
-1.386263902751100063e-01
-1.385801891789621154e-01
-1.385340034806131770e-01
-1.384878331749314073e-01
-1.384416782567868265e-01
-1.383955387210510646e-01
-1.383494145625975280e-01
-1.383033057763013163e-01
-1.382572123570392220e-01
-1.382111342996897307e-01
-1.381650715991331047e-01
-1.381190242502512433e-01
-1.380729922479277672e-01
-1.380269755870480175e-01
-1.379809742624990565e-01
-1.379349882691695561e-01
-1.378890176019500202e-01
-1.378430622557325902e-01
-1.377971222254111006e-01
-1.377511975058811067e-01
-1.377052880920398847e-01
-1.376593939787863485e-01
-1.376135151610211882e-01
-1.375676516336467592e-01
-1.375218033915670546e-01
-1.374759704296878993e-01
-1.374301527429167002e-01
-1.373843503261626131e-01
-1.373385631743364865e-01
-1.372927912823508623e-01
-1.372470346451199474e-01
-1.372012932575596977e-01
-1.371555671145877342e-01
-1.371098562111233710e-01
-1.370641605420876152e-01
-1.370184801024031673e-01
-1.369728148869944206e-01
-1.369271648907874617e-01
-1.368815301087100977e-01
-1.368359105356917460e-01
-1.367903061666636277e-01
-1.367447169965585463e-01
-1.366991430203110536e-01
-1.366535842328573669e-01
-1.366080406291354243e-01
-1.365625122040847461e-01
-1.365169989526467120e-01
-1.364715008697642840e-01
-1.364260179503820336e-01
-1.363805501894464201e-01
-1.363350975819053734e-01
-1.362896601227086557e-01
-1.362442378068076387e-01
-1.361988306291554152e-01
-1.361534385847067430e-01
-1.361080616684180455e-01
-1.360626998752474393e-01
-1.360173532001547614e-01
-1.359720216381014590e-01
-1.359267051840507001e-01
-1.358814038329673179e-01
-1.358361175798178389e-01
-1.357908464195704545e-01
-1.357455903471950220e-01
-1.357003493576630915e-01
-1.356551234459479338e-01
-1.356099126070244021e-01
-1.355647168358690702e-01
-1.355195361274601773e-01
-1.354743704767776558e-01
-1.354292198788031309e-01
-1.353840843285198381e-01
-1.353389638209127055e-01
-1.352938583509683823e-01
-1.352487679136750998e-01
-1.352036925040228377e-01
-1.351586321170032412e-01
-1.351135867476095653e-01
-1.350685563908367581e-01
-1.350235410416814885e-01
-1.349785406951420352e-01
-1.349335553462183146e-01
-1.348885849899120193e-01
-1.348436296212264240e-01
-1.347986892351664689e-01
-1.347537638267388149e-01
-1.347088533909516772e-01
-1.346639579228151029e-01
-1.346190774173406102e-01
-1.345742118695415768e-01
-1.345293612744328515e-01
-1.344845256270310874e-01
-1.344397049223545471e-01
-1.343948991554231032e-01
-1.343501083212583769e-01
-1.343053324148836269e-01
-1.342605714313236942e-01
-1.342158253656051958e-01
-1.341710942127563311e-01
-1.341263779678069090e-01
-1.340816766257885428e-01
-1.340369901817344278e-01
-1.339923186306792857e-01
-1.339476619676597258e-01
-1.339030201877138559e-01
-1.338583932858814496e-01
-1.338137812572040009e-01
-1.337691840967246415e-01
-1.337246017994880576e-01
-1.336800343605407115e-01
-1.336354817749306756e-01
-1.335909440377076041e-01
-1.335464211439229276e-01
-1.335019130886296035e-01
-1.334574198668823375e-01
-1.334129414737374175e-01
-1.333684779042527691e-01
-1.333240291534880384e-01
-1.332795952165044540e-01
-1.332351760883649372e-01
-1.331907717641340194e-01
-1.331463822388778695e-01
-1.331020075076643217e-01
-1.330576475655628477e-01
-1.330133024076445847e-01
-1.329689720289822796e-01
-1.329246564246503448e-01
-1.328803555897248023e-01
-1.328360695192833674e-01
-1.327917982084053372e-01
-1.327475416521716745e-01
-1.327032998456650070e-01
-1.326590727839696005e-01
-1.326148604621712745e-01
-1.325706628753575977e-01
-1.325264800186176928e-01
-1.324823118870423755e-01
-1.324381584757240715e-01
-1.323940197797568719e-01
-1.323498957942363941e-01
-1.323057865142600875e-01
-1.322616919349268449e-01
-1.322176120513372521e-01
-1.321735468585936435e-01
-1.321294963517997967e-01
-1.320854605260612102e-01
-1.320414393764850480e-01
-1.319974328981800837e-01
-1.319534410862566454e-01
-1.319094639358268650e-01
-1.318655014420042904e-01
-1.318215535999042176e-01
-1.317776204046435806e-01
-1.317337018513408953e-01
-1.316897979351163428e-01
-1.316459086510916865e-01
-1.316020339943903550e-01
-1.315581739601373867e-01
-1.315143285434594023e-01
-1.314704977394847707e-01
-1.314266815433433322e-01
-1.313828799501666478e-01
-1.313390929550878883e-01
-1.312953205532417789e-01
-1.312515627397647933e-01
-1.312078195097948763e-01
-1.311640908584717491e-01
-1.311203767809366039e-01
-1.310766772723323537e-01
-1.310329923278034658e-01
-1.309893219424961008e-01
-1.309456661115580012e-01
-1.309020248301384637e-01
-1.308583980933885060e-01
-1.308147858964606725e-01
-1.307711882345091725e-01
-1.307276051026898811e-01
-1.306840364961601442e-01
-1.306404824100790563e-01
-1.305969428396072385e-01
-1.305534177799070050e-01
-1.305099072261421966e-01
-1.304664111734783472e-01
-1.304229296170825170e-01
