-1.300000000000000044e+00
-1.040958623791850446e+00
-8.335345049589409916e-01
-6.674422547423696228e-01
-5.344459776593436517e-01
-4.279508841502772665e-01
-3.426762795504448289e-01
-2.743937141284172876e-01
-2.197173100278859426e-01
-1.759358682075965186e-01
-1.408784301884646317e-01
-1.128066283161079930e-01
-9.032848658964201527e-02
-7.232939776119565178e-02
-5.791685411783659837e-02
-4.637619135142811294e-02
-3.713515101991549106e-02
-2.973550438461058584e-02
-2.381033055535443366e-02
-1.906582225148522811e-02
-1.526671699412776931e-02
-1.222463131694376780e-02
-9.788719532345030450e-03
-7.838193856210996444e-03
-6.276334991980873912e-03
-5.025696181314649562e-03
-4.024262908074812198e-03
-3.222377829666266038e-03
-2.580278454543665813e-03
-2.066125468493489915e-03
-1.654423941741750255e-03
-1.324759130433677753e-03
-1.060784185593792884e-03
-8.494095738275947872e-04
-6.801540161593809964e-04
-5.446247604828993727e-04
-4.361014162732654146e-04
-3.492027154749965858e-04
-2.796196754809455857e-04
-2.239019327490531896e-04
-1.792866521375305181e-04
-1.435615282102554590e-04
-1.149550852578479275e-04
-9.204883642144947318e-05
-7.370694621762546785e-05
-5.901990869123031246e-05
-4.725944840580294270e-05
-3.784240797974349569e-05
-3.030183148581812192e-05
-2.426380984757674339e-05
-1.942894008221588662e-05
-1.555747902285981049e-05
-1.245745534869749518e-05
-9.975150442868120916e-06
-7.987476059326672494e-06
-6.395870835605425496e-06
-5.121413002294038325e-06
-4.100906946721304021e-06
-3.283749578121110529e-06
-2.629421109013864231e-06
-2.105475830006392761e-06
-1.685933248023431194e-06
-1.349989810513379555e-06
-1.080987334834638219e-06
-8.655869910814509538e-07
-6.931078792371346816e-07
-5.549974031615202720e-07
-4.444071792331279560e-07
-3.558534505367195896e-07
-2.849451678017573539e-07
-2.281662536392734183e-07
-1.827012533723693227e-07
-1.462957271350368686e-07
-1.171444606039355049e-07
-9.380195115008573093e-08
-7.511073075244872535e-08
-6.014397147389947542e-08
-4.815952751911289054e-08
-3.856313499135503546e-08
-3.087894456130782644e-08
-2.472592587283374464e-08
-1.979897366812641889e-08
-1.585377875543382786e-08
-1.269471362704375879e-08
-1.016513202049160578e-08
-8.139601414394938570e-09
-6.517683297340585373e-09
-5.218952796546763429e-09
-4.179010708252255548e-09
-3.346290181287444592e-09
-2.679499709170125520e-09
-2.145575638237230515e-09
-1.718042664323653886e-09
-1.375701021130792407e-09
-1.101575262850272292e-09
-8.820725150921279340e-10
-7.063084549191680737e-10
-5.655675978501564529e-10
-4.528711294764323368e-10
-3.626308520729601927e-10
-2.903720867064116003e-10
-2.325117905888264183e-10
-1.861808873436330814e-10
-1.490820002042876923e-10
-1.193755336652244700e-10
-9.558845479889990414e-11
-7.654125104450158651e-11
-6.128944257737766734e-11
-4.907674907562827432e-11
-3.929758859841847587e-11
-3.146704903519080127e-11
-2.519684312189446034e-11
-2.017605472312802378e-11
-1.615572166010494448e-11
-1.293649060435926716e-11
-1.035873188939230056e-11
-8.294624070623515799e-12
-6.641815736482323115e-12
-5.318350283482845435e-12
-4.258601993797926583e-12
-3.410021900570083276e-12
-2.730532080551928496e-12
-2.186439166762181435e-12
-1.750763620028740218e-12
-1.401901914223038832e-12
-1.122555297939059034e-12
-8.988720139022264733e-13
-7.197604419666702995e-13
-5.763391070226459993e-13
-4.614962797567045085e-13
-3.695373325081525996e-13
-2.959023639133832592e-13
-2.369400903969469513e-13
-1.897267926313244862e-13
-1.519213391953426754e-13
-1.216490985949222815e-13
-9.740898327606886475e-14
-7.799901628924622226e-14
-6.245672973351665353e-14
-5.001143956149314889e-14
-4.004603023060096724e-14
-3.206635424397942711e-14
-2.567672921833437972e-14
-2.056031746968721117e-14
-1.646341521382242757e-14
-1.318287234145724771e-14
-1.055601896168230592e-14
-8.452599208518076149e-15
-6.768312338125437819e-15
-5.419640843760316616e-15
-4.339709133974498006e-15
-3.474967421353092299e-15
-2.782536388194794674e-15
-2.228080961004617058e-15
-1.784107762203224337e-15
-1.428601816030329108e-15
-1.143934907970362196e-15
-9.159914673140663252e-16
-7.334686286310171106e-16
-5.873157648109539407e-16
-4.702857002068224486e-16
-3.765753502125238084e-16
-3.015379679316640820e-16
-2.414527293224125702e-16
-1.933402314048038304e-16
-1.548147547744174360e-16
-1.239659646712696135e-16
-9.926418460094859306e-17
-7.948454538001824184e-17
-6.364624843961903456e-17
-5.096393168093852951e-17
-4.080872629662438412e-17
-3.267707351110188590e-17
-2.616575497820136834e-17
-2.095189868660251893e-17
-1.677696894048619850e-17
-1.343394653822078565e-17
-1.075706346193816510e-17
-8.613583059523660579e-18
-6.897218128891194685e-18
-5.522860531879065686e-18
-4.422360998968587700e-18
-3.541149861074691122e-18
-2.835531143096165709e-18
-2.270515843412553858e-18
-1.818086959735622817e-18
-1.455810230415618981e-18
-1.165721703042723607e-18
-9.334369690181895835e-19
-7.474378943581627866e-19
-5.985014783699632941e-19
-4.792425194318349122e-19
-3.837474103771557282e-19
-3.072809047614544986e-19
-2.460513136446125380e-19
-1.970224898720561903e-19
-1.577632768563534895e-19
-1.263269565856019626e-19
-1.011547191347393607e-19
-8.099836709273039949e-20
-6.485842210633524537e-20
-5.193456447470901182e-20
-4.158594827909405347e-20
-3.329942422283426055e-20
-2.666409447081737472e-20
-2.135093775769074293e-20
-1.709649444993171855e-20
-1.368980256481995677e-20
-1.096193695219779786e-20
-8.777632926040662114e-21
-7.028578992954868352e-21
-5.628046089014319392e-21
-4.506587008813396474e-21
-3.608592777455868472e-21
-2.889535208804365010e-21
-2.313758918734685842e-21
-1.852713307563215607e-21
-1.483536842247580058e-21
-1.187923438192730463e-21
-9.512147287624529837e-22
-7.616732115254632117e-22
-6.099002292682001511e-22
-4.883699256225847422e-22
-3.910560659057035578e-22
-3.131332186081974251e-22
-2.507374802353093378e-22
-2.007748787375262216e-22
-1.607679549712239587e-22
-1.287329147359042969e-22
-1.030812598155389779e-22
-8.254102027408689058e-23
-6.609368220837598697e-23
-5.292368344074387414e-23
-4.237797283113255659e-23
-3.393362790568016345e-23
-2.717192508073967920e-23
-2.175757672140158954e-23
-1.742210547765831907e-23
-1.395053149352282910e-23
-1.117071235743253832e-23
-8.944807201821233956e-24
-7.162441688377899832e-24
-5.735234956094802550e-24
-4.592417143861049097e-24
-3.677320176885924517e-24
-2.944567808133214791e-24
-2.357825579397030035e-24
-1.887999130977197717e-24
-1.511791520847862132e-24
-1.210548016155369612e-24
-9.693310745623455392e-25
-7.761796472116120530e-25
-6.215160749051109468e-25
-4.976711676905672494e-25
-3.985039183231204505e-25
-3.190969926102274950e-25
-2.555128971412776962e-25
-2.045987336686548798e-25
-1.638298586379065422e-25
-1.311846955259451837e-25
-1.050444923978776341e-25
-8.411305403339098530e-26
-6.735246843809869522e-26
-5.393164065715948329e-26
-4.318508187485644488e-26
-3.457991030522229723e-26
-2.768942757089969729e-26
-2.217196032137530065e-26
-1.775391792531258714e-26
-1.421622613111297831e-26
-1.138346399150547662e-26
-9.115165392755104753e-27
-7.298853863751895025e-27
-5.844465287130005774e-27
-4.679881955453921883e-27
-3.747356522967382406e-27
-3.000648530004264589e-27
-2.402731510981754192e-27
-1.923956990009909529e-27
-1.540584323504175231e-27
-1.233603490177081994e-27
-9.877924549535074449e-28
-7.909623650002902950e-28
-6.333531499552693182e-28
-5.071495564243588516e-28
-4.060936187016526500e-28
-3.251743495802500656e-28
-2.603792641780519184e-28
-2.084954157713229394e-28
-1.669500777447881688e-28
-1.336831716701219230e-28
-1.070451156968145672e-28
-8.571502793799721000e-29
-6.863522886201309618e-29
-5.495879490756954308e-29
-4.400756270172445602e-29
-3.523850146647771051e-29
-2.821678614694731558e-29
-2.259423605796541432e-29
-1.809204990194466582e-29
-1.448698105192437234e-29
-1.160026758362302153e-29
-9.288768138050276385e-30
-7.437864075158831199e-30
-5.955775962790871418e-30
-4.769012576799552077e-30
-3.818726745224043509e-30
-3.057797336419636863e-30
-2.448492697810612670e-30
-1.960599683905626369e-30
-1.569925499050118507e-30
-1.257098066882257882e-30
-1.006605441287046896e-30
-8.060266268181122681e-31
-6.454156678401356153e-31
-5.168084656681240806e-31
-4.138278686045114670e-31
-3.313674527609771640e-31
-2.653383135349812555e-31
-2.124663120743283063e-31
-1.701297229377086399e-31
-1.362292325040980008e-31
-1.090838418366807580e-31
-8.734751221249227332e-32
-6.994242008027479828e-32
-5.600551180879530189e-32
-4.484570807480172007e-32
-3.590963581578183393e-32
-2.875418852281776754e-32
-2.302455424074124100e-32
-1.843662176604846598e-32
-1.476289263150504959e-32
-1.182120030529112868e-32
-9.465677231818137048e-33
-7.579521803454768294e-33
-6.069206604249740449e-33
-4.859840734052445347e-33
-3.891456247974500060e-33
-3.116034569567467455e-33
-2.495125428634467697e-33
-1.997940255676438383e-33
-1.599825491513307539e-33
-1.281040109194463454e-33
-1.025776730068632476e-33
-8.213777948076589741e-34
-6.577079222278154925e-34
-5.266513335225150089e-34
-4.217094210474897312e-34
-3.376785065951203134e-34
-2.703918103918011971e-34
-2.165128360231065778e-34
-1.733699260152939821e-34
-1.388237843013647987e-34
-1.111613965045588507e-34
-8.901108794166543029e-35
-7.127450738920934750e-35
-5.707216394100998664e-35
-4.569981633296699626e-35
-3.659355224423488314e-35
-2.930182598754941000e-35
-2.346306804199039968e-35
-1.878775616840362967e-35
-1.504405908092188125e-35
-1.204634079778433396e-35
-9.645955645068692649e-36
-7.723877471882979769e-36
-6.184797587283267149e-36
-4.952398757607312218e-36
-3.965570919374937496e-36
-3.175380959062685918e-36
-2.542646302431322265e-36
-2.035991996744897948e-36
-1.630294943832905628e-36
-1.305438139313174659e-36
-1.045313145342175084e-36
-8.370213332360997392e-37
-6.702342885614344072e-37
-5.366816635684817295e-37
-4.297410814788954554e-37
-3.441097575100689917e-37
-2.755415535469473893e-37
-2.206364279828438883e-37
-1.766718403318251366e-37
-1.414677505958377373e-37
-1.132785192085947345e-37
-9.070634727735132496e-38
-7.263196494693695669e-38
-5.815913098035456630e-38
-4.657019149710729602e-38
-3.729049419273240597e-38
-2.985989347337267352e-38
-2.390993355124117029e-38
-1.914557809573418872e-38
-1.533058048171924152e-38
-1.227576920013889517e-38
-9.829667548125438844e-39
-7.870982464021542262e-39
-6.302590056644308075e-39
-5.046719593606700958e-39
-4.041097140633972749e-39
-3.235857629325812545e-39
-2.591072234314874039e-39
-2.074768451675159599e-39
-1.661344701648083839e-39
-1.330300841747296421e-39
-1.065221641118766942e-39
-8.529628104402161952e-40
-6.829992256165257455e-40
-5.469030261143644262e-40
-4.379257087781629094e-40
-3.506634947175263146e-40
-2.807893760578460935e-40
-2.248385557511892414e-40
-1.800366412077746549e-40
-1.441620725105777544e-40
-1.154359635412238526e-40
-9.243389364919965940e-41
-7.401527594214810102e-41
-5.926679983408704217e-41
-4.745714337833686545e-41
-3.800070973862035845e-41
-3.042858962509812783e-41
-2.436530983082259370e-41
-1.951021491519613346e-41
-1.562255882154282673e-41
-1.250956717767736976e-41
-1.001687833346665901e-41
-8.020889142073799519e-42
-6.422625940707758514e-42
-5.142836815668492257e-42
-4.118061795403309441e-42
-3.297486107102199699e-42
-2.640420461555254401e-42
-2.114283422994140666e-42
-1.692985817158400564e-42
-1.355637066406399135e-42
-1.085509303852029162e-42
-8.692079008085004416e-43
-6.960072770881746549e-43
-5.573190594667806416e-43
-4.462662162734715401e-43
-3.573420510283279171e-43
-2.861371458933870171e-43
-2.291207150807003253e-43
-1.834655263481607663e-43
-1.469077090927926254e-43
-1.176344974474199760e-43
-9.419434197947169481e-44
-7.542493276609935802e-44
-6.039556477830174269e-44
-4.836098768827087305e-44
-3.872445168399750425e-44
-3.100811687082181948e-44
-2.482935897248256416e-44
-1.988179641971499187e-44
-1.592009803044317334e-44
-1.274781795107815813e-44
-1.020765463900252443e-44
-8.173650865506655408e-45
-6.544947966394476701e-45
-5.240784636836325186e-45
-4.196492279346658687e-45
-3.360288329124458765e-45
-2.690708549714800424e-45
-2.154550976104666640e-45
-1.725229553057938133e-45
-1.381455831750930202e-45
-1.106183354960527662e-45
-8.857623868008887936e-46
-7.092630732083324248e-46
-5.679334712256385404e-46
-4.547655727787425910e-46
-3.641478036828279299e-46
-2.915867665988454098e-46
-2.334844302112707903e-46
-1.869597162688825258e-46
-1.497056376552094815e-46
-1.198749034980363854e-46
-9.598831890192003886e-47
-7.686143718787440706e-47
-6.154582759827152779e-47
-4.928204615140595141e-47
-3.946197764570282764e-47
-3.159868149398146248e-47
-2.530224615508596106e-47
-2.026045487418548393e-47
-1.622330401786836785e-47
-1.299060632599765128e-47
-1.040206437179409894e-47
-8.329322010043812625e-48
-6.669599674380341619e-48
-5.340597921758070026e-48
-4.276416509891492922e-48
-3.424286649921053022e-48
-2.741954398900502516e-48
-2.195585444291892161e-48
-1.758087386544224690e-48
-1.407766328002231992e-48
-1.127251153398231439e-48
-9.026321610070834924e-49
-7.227713323939934740e-49
-5.787500396038919875e-49
-4.634268036504172900e-49
-3.710831751970756420e-49
-2.971401779734273045e-49
-2.379312544126788574e-49
-1.905204547311482643e-49
-1.525568541239480090e-49
-1.221579791683694082e-49
-9.781646298484505189e-50
-7.832530053299353661e-50
-6.271799773146731640e-50
-5.022064661963780450e-50
-4.021355014701129279e-50
-3.220049370678244496e-50
-2.578413970340820046e-50
-2.064632506255110812e-50
-1.653228471036350823e-50
-1.323801872325764611e-50
-1.060017673222549033e-50
-8.487957987021363559e-51
-6.796625434594517988e-51
-5.442312199095500800e-51
-4.357862936166166282e-51
-3.489503849773139236e-51
-2.794176250135529760e-51
-2.237401433825366933e-51
-1.791571013403655785e-51
-1.434577920413888313e-51
-1.148720198274005029e-51
-9.198232282440149093e-52
-7.365368629266621182e-52
-5.897726147723847341e-52
-4.722529918642981827e-52
-3.781506342251081823e-52
-3.027993567607593653e-52
-2.424627705374889293e-52
-1.941490091842043863e-52
-1.554623733930303542e-52
-1.244845371220191952e-52
-9.967942495838600213e-53
-7.981704386541835502e-53
-6.391249241329254872e-53
-5.117712318895974501e-53
-4.097943671108150420e-53
-3.281376772502489872e-53
-2.627521114805201935e-53
-2.103954433578180332e-53
-1.684715008998709284e-53
-1.349014320960584970e-53
-1.080206223863553283e-53
-8.649615263110806796e-54
-6.926070462012886543e-54
-5.545963674171059133e-54
-4.440860549126664828e-54
-3.555963142823423651e-54
-2.847392691852300428e-54
-2.280013829158128500e-54
-1.825692352174474964e-54
-1.461900152605258420e-54
-1.170598131520829222e-54
-9.373417076932509147e-55
-7.505645646639055482e-55
-6.010051202303565672e-55
-4.812472791129634813e-55
-3.853526964376921645e-55
-3.085663173525091824e-55
-2.470805915844502019e-55
-1.978466712164799451e-55
-1.584232296856209987e-55
-1.268554055001563419e-55
-1.015778679461545537e-55
-8.133719817302977590e-56
-6.512973682560211531e-56
-5.215181631838749990e-56
-4.175990995618035025e-56
-3.343872184435139482e-56
-2.677563528650330376e-56
-2.144025266076216051e-56
-1.716801223345925786e-56
-1.374706952906406873e-56
-1.100779275241947858e-56
-8.814351380418780270e-57
-7.057980832752872787e-57
-5.651589241855109140e-57
-4.525438891875603944e-57
-3.623688185339166345e-57
-2.901622666508785837e-57
-2.323437798224840261e-57
-1.860463548389293601e-57
-1.489742749958622671e-57
-1.192892740616003726e-57
-9.551938350791935533e-58
-7.648594307834544160e-58
-6.124515542019675946e-58
-4.904128669240430559e-58
-3.926919254177419761e-58
-3.144431125054105326e-58
-2.517863612726585171e-58
-2.016147570153404814e-58
-1.614404769221660405e-58
-1.292714282163089582e-58
-1.035124677012731701e-58
-8.288630455662692229e-59
-6.637016424804462332e-59
-5.314507295114089096e-59
-4.255524769272180916e-59
-3.407557851795132821e-59
-2.728559024535194791e-59
-2.184859267011517272e-59
-1.749498535205561987e-59
-1.400888913487252705e-59
-1.121744150360724754e-59
-8.982224976969624082e-60
-7.192403500473096857e-60
-5.759226499698713532e-60
-4.611628070178377624e-60
-3.692703084132862524e-60
-2.956885477331416831e-60
-2.367688797840837491e-60
-1.895896978898279364e-60
-1.518115623080821282e-60
-1.215611961353160925e-60
-9.733859648885310821e-61
-7.794265495605310363e-61
-6.241159910595044494e-61
-4.997530177998342112e-61
-4.001709335728740201e-61
-3.204318340719447271e-61
-2.565817546266369732e-61
-2.054546078355697179e-61
-1.645151890955443185e-61
-1.317334652567329122e-61
-1.054839128469101989e-61
-8.446491442253725868e-62
-6.763421621229250064e-62
-5.415724663814463416e-62
-4.336573302215392476e-62
-3.472456443574297187e-62
-2.780525754369400890e-62
-2.226470971297038521e-62
-1.782818583226042555e-62
-1.427569522204275823e-62
-1.143108311693033360e-62
-9.153295807576907636e-63
-7.329386313088393935e-63
-5.868913761316529490e-63
-4.699458763179283459e-63
-3.763032405142790272e-63
-3.013200795185808970e-63
-2.412782579203930108e-63
-1.932005256274715586e-63
-1.547028871331028174e-63
-1.238763880666920389e-63
-9.919245726323703386e-64
-7.942711061790263998e-64
-6.360025827736498791e-64
-5.092710563785513730e-64
-4.077923830652580301e-64
-3.265346137449287661e-64
-2.614684785725630952e-64
-2.093675904768019397e-64
-1.676484606533431711e-64
-1.342423929865578216e-64
-1.074929051213962203e-64
-8.607358967888911286e-65
-6.892234265920020648e-65
-5.518869766386994722e-65
-4.419165443772785819e-65
-3.538591060506402061e-65
-2.833482215774512220e-65
-2.268875190670231251e-65
-1.816773227719647033e-65
-1.454758276053049364e-65
-1.164879363838444257e-65
-9.327624765113733965e-66
-7.468978029799625214e-66
-5.980690070024411989e-66
-4.788962234321796069e-66
-3.834701182177485665e-66
-3.070588665578794092e-66
-2.458735193501335010e-66
-1.968801233304458172e-66
-1.576492786415610594e-66
-1.262356739511510157e-66
-1.010816257150969833e-66
-8.093983845771508564e-67
-6.481155603913818684e-67
-5.189703706177635074e-67
-4.155589867592386897e-67
-3.327536238163308592e-67
-2.664482725458512397e-67
-2.133550977700334041e-67
-1.708414068874371289e-67
-1.367991044616992247e-67
-1.095401596280054674e-67
-8.771290293562362552e-68
-7.023500209896488641e-68
-5.623979317458134690e-68
-4.503330592719241509e-68
-3.605985243289894561e-68
-2.887447258668266364e-68
-2.312087018965269736e-68
-1.851374554883903367e-68
-1.482464852903988636e-68
-1.187065056229814024e-68
-9.505273902187500181e-69
-7.611228338450483871e-69
-6.094595212737613902e-69
-4.880170342476836080e-69
-3.907734925826507045e-69
-3.129069515793602899e-69
-2.505562997622707901e-69
-2.006298007560846975e-69
-1.606517856051474631e-69
-1.286398935794128042e-69
-1.030067742962729243e-69
-8.248137693283488549e-70
-6.604592355420198134e-70
-5.288544130003340321e-70
-4.234735091869777921e-70
-3.390910779504454720e-70
-2.715229091102989340e-70
-2.174185490734021019e-70
-1.740951643309754688e-70
-1.394045097467593371e-70
-1.116264050895102080e-70
-8.938343770831594363e-71
-7.157266177433274656e-71
-5.731090730902194108e-71
-4.589098707743185058e-71
-3.674662980967134614e-71
-2.942440091974224496e-71
-2.356121837485719537e-71
-1.886634881103880751e-71
-1.510699114947372944e-71
-1.209673285891706548e-71
-9.686306453227604679e-72
-7.756187873213740843e-72
-6.210669734131973082e-72
-4.973115553282827461e-72
-3.982159632540963611e-72
-3.188664162160981897e-72
-2.553282659982668440e-72
-2.044508926067028371e-72
-1.637114767699180783e-72
-1.310899027364187121e-72
-1.049685882657762288e-72
-8.405227475578086716e-73
-6.730380019719353453e-73
-5.389267017633368713e-73
-4.315387675324927961e-73
-3.455492319718862569e-73
-2.766941945890641147e-73
-2.215593907774100238e-73
-1.774108911629323592e-73
-1.420595362389620662e-73
-1.137523841075519317e-73
-9.108578862587575972e-74
-7.293579782691468304e-74
-5.840242133158867424e-74
-4.676500318110921626e-74
-3.744648719463741423e-74
-2.998480290459213992e-74
-2.400995320479531714e-74
-1.922566757336177439e-74
-1.539471112203550171e-74
-1.232712100251313065e-74
-9.870786856993820288e-75
-7.903908232614544982e-75
-6.328954951076508935e-75
-5.067830950702445061e-75
-4.058001793886983792e-75
-3.249393817468791223e-75
-2.601911166453876079e-75
-2.083447590046506017e-75
-1.668294412367111395e-75
-1.335865735059492635e-75
-1.069677659337084141e-75
-8.565309108957014944e-76
-6.858563371085876434e-76
-5.491908221503773340e-76
-4.397576326344370565e-76
-3.521303846685405991e-76
-2.819639697075819957e-76
-2.257790968197613381e-76
-1.807897676203622622e-76
-1.447651289982611927e-76
-1.159188534269836271e-76
-9.282056164221641114e-77
-7.432489546666951286e-77
-5.951472376804380619e-77
-4.765566534533432493e-77
-3.815967370289529657e-77
-3.055587801700900465e-77
-2.446723440718311344e-77
-1.959182973576445008e-77
-1.568791086100422077e-77
-1.256189700003082479e-77
-1.005878077951334765e-77
-8.054441997896973814e-78
-6.449492967340049468e-78
-5.164350248798055812e-78
-4.135288405975300612e-78
-3.311280098512722235e-78
-2.651465826413172589e-78
-2.123127859764738770e-78
-1.700067888488327303e-78
-1.361307945810434706e-78
-1.090050189098255682e-78
-8.728439574675072235e-79
-6.989188036541560763e-79
-5.596504276877479336e-79
-4.481330300079780318e-79
-3.588368786098260622e-79
-2.873341102488042250e-79
-2.300791692100378228e-79
-1.842329964185065908e-79
-1.475222510837356462e-79
-1.181265842052309974e-79
-9.458837425192971758e-80
-7.574044914461279056e-80
-6.064821054381116477e-80
-4.856329060240281470e-80
-3.888644319406201751e-80
-3.113782953188500924e-80
-2.493322475182844260e-80
-1.996496563412005441e-80
-1.598669473118851568e-80
-1.280114442027563198e-80
-1.025035513745443338e-80
-8.207842751740404106e-81
-6.572326688578116809e-81
-5.262707803732833670e-81
-4.214046979071021210e-81
-3.374345033790824314e-81
-2.701964278902876793e-81
-2.163563859462661592e-81
-1.732446505870786826e-81
-1.387234715803263555e-81
-1.110810723568366231e-81
-8.894676939222683450e-82
-7.122300512097148169e-82
-5.703092414849686667e-82
-4.566679408861386834e-82
-3.656711009805307275e-82
-2.928065277208782386e-82
-2.344611385643028955e-82
-1.877418031788965742e-82
-1.503318838963915059e-82
-1.203763622867868937e-82
-9.638985571009391861e-83
-7.718296272882598521e-83
-6.180328512490627242e-83
-4.948820202264412541e-83
-3.962705436263413572e-83
-3.173086459557862496e-83
-2.540809010856836112e-83
-2.034520808661172009e-83
-1.629116908507540828e-83
-1.304494842366179042e-83
-1.044557812194658657e-83
-8.364165097332323476e-84
-6.697499837605252869e-84
-5.362938625999740259e-84
-4.294305547385239567e-84
-3.438611071344476797e-84
-2.753424498909419853e-84
-2.204769982384228400e-84
-1.765441789723272953e-84
-1.413655273703805876e-84
-1.131966652485260127e-84
-9.064080374994744765e-85
-7.257948179302452035e-85
-5.811710575599384883e-85
-4.653654032809569618e-85
-3.726354844305347443e-85
-2.983831700375511773e-85
-2.389265646499515518e-85
-1.913174368656358155e-85
-1.531950275284930157e-85
-1.226689884829336330e-85
-9.822564725625550161e-86
-7.865294968379601106e-86
-6.298035866154880744e-86
-5.043072882941880351e-86
-4.038177083007034876e-86
-3.233519429965204593e-86
-2.589199950631359110e-86
-2.073269244100927997e-86
-1.660144230068660282e-86
-1.329339579252494401e-86
-1.064451922285157960e-86
-8.523464677804160280e-87
-6.825056969958202555e-87
-5.465078392883555679e-87
-4.376092679054313545e-87
-3.504101086749185489e-87
-2.805864803761569640e-87
-2.246760895899704473e-87
-1.799065484757758874e-87
-1.440579023942187017e-87
-1.153525506327889756e-87
-9.236710181353109763e-88
-7.396179322111880272e-88
-5.922397421894827380e-88
-4.742285130649234263e-88
-3.797325079407147398e-88
-3.040660222115321773e-88
-2.434770369409052318e-88
-1.949611702299389562e-88
-1.561127011195420207e-88
-1.250052788567927147e-88
-1.000964023426789345e-88
-8.015093325319212384e-89
-6.417985013451908571e-89
-5.139120651630591130e-89
-4.115086123862787535e-89
-3.295103375600861577e-89
-2.638512519321024801e-89
-2.112755662284588390e-89
-1.691762482015579574e-89
-1.354657496201239696e-89
-1.084724925349959609e-89
-8.685798196038496692e-90
-6.955043489755514668e-90
-5.569163461160249235e-90
-4.459437486308612393e-90
-3.570838391256594518e-90
-2.859303859650420022e-90
-2.289551546726533009e-90
-1.833329559369953503e-90
-1.468015550060503361e-90
-1.175494958996929427e-90
-9.412627806090218790e-91
-7.537043144071166488e-91
-6.035192352855441111e-91
-4.832604250728816095e-91
-3.869646977053294522e-91
-3.098571070610600437e-91
-2.481141751833870079e-91
-1.986743002631899824e-91
-1.590859432190598804e-91
-1.273860650138036212e-91
-1.020027868669441115e-91
-8.167744664611300874e-92
-6.540218650428426718e-92
-5.236997696652097564e-92
-4.193459934698598606e-92
-3.357860217346222164e-92
-2.688764269795465546e-92
-2.152994118451515141e-92
-1.723982918904066749e-92
-1.380457605156171886e-92
-1.105384037589502604e-92
-8.851223434851080422e-93
-7.087505665858998938e-93
-5.675230880038221836e-93
-4.544369635835048179e-93
-3.638846740092533899e-93
-2.913760688273970653e-93
-2.333157166249641991e-93
-1.868246209899465857e-93
-1.495974618124058622e-93
-1.197882830546114817e-93
-9.591895867301247962e-94
-7.680589785831435657e-94
-6.150135517975987578e-94
-4.924643542250479490e-94
-3.943346280312653543e-94
-3.157584859299279214e-94
-2.528396299724723463e-94
-2.024581486586030080e-94
-1.621158121562337550e-94
-1.298121943977309097e-94
-1.039454794089731733e-94
-8.323303322688319240e-95
-6.664780286298241604e-95
-5.336738857461560210e-95
-4.273326412769077787e-95
-3.421812293576489541e-95
-2.739973089227227270e-95
-2.193998935529739938e-95
-1.756817009638313891e-95
-1.406749089697887554e-95
-1.126436612640263128e-95
-9.019799277559651933e-96
-7.222490648343972042e-96
-5.783318404346012648e-96
-4.630919359336975476e-96
-3.708150340912634540e-96
-2.969254673607440692e-96
-2.377593275943001530e-96
-1.903827864971106950e-96
-1.524466180197606024e-96
-1.220697089965929957e-96
-9.774578175674178491e-97
-7.826870342996826789e-97
-6.267267831417824729e-97
-5.018435766713532841e-97
-4.018449222542989624e-97
-3.217722594212119750e-97
-2.576550833396203642e-97
-2.063140622816800570e-97
-1.652033864166480340e-97
-1.322845305923277850e-97
-1.059251714725719390e-97
-8.481824670846428524e-98
-6.791714258929236180e-98
-5.438379637048015419e-98
-4.354713986645453617e-98
-3.486982368112057081e-98
-2.792157205458732242e-98
-2.235784709234463626e-98
-1.790276441553503611e-98
-1.433541308312728924e-98
-1.147890144192290619e-98
-9.191585728943291152e-99
-7.360046485281200748e-99
-5.893464507971012319e-99
-4.719117464295196525e-99
-3.778773862419065142e-99
-3.025805568803338874e-99
-2.422875692894785461e-99
-1.940087189918874758e-99
-1.553500377887798462e-99
-1.243945858020147630e-99
-9.960739757201671986e-100
-7.975936884311813702e-100
-6.386630986572360135e-100
-5.114014309575930296e-100
-4.094982536729197933e-100
-3.279005681450199943e-100
-2.625622493513949462e-100
-2.102434136496300028e-100
-1.683497650261678700e-100
-1.348039536287076788e-100
-1.079425677315685431e-100
-8.643365134954975533e-101
-6.921065750625488365e-101
-5.541956214572287142e-101
-4.437651626335250416e-101
-3.553393638321316229e-101
-2.845335193490499925e-101
-2.278366313263362072e-101
-1.824373124575635890e-101
-1.460843797723907588e-101
-1.169752268656594537e-101
-9.366643936601199749e-102
-7.500222139840463424e-102
-6.005708397554960354e-102
-4.808995344933930552e-102
-3.850742443141390429e-102
-3.083433503222541635e-102
-2.469020535437077373e-102
-1.977037091294139998e-102
-1.583087545953104970e-102
-1.267637410136424393e-102
-1.015044687632822568e-102
-8.127842470196038013e-103
-6.508267470901854578e-103
-5.211413192137859956e-103
-4.172973464998835764e-103
-3.341455934803900205e-103
-2.675628747195813092e-103
-2.142476014199175542e-103
-1.715560679421391302e-103
-1.373713602986070989e-103
-1.099983862806550728e-103
-8.807982215541353232e-104
-7.052880804209971842e-104
-5.647505458244865668e-104
-4.522168853593462764e-104
-3.621069743377685750e-104
-2.899525982092945029e-104
-2.321758904590897074e-104
-1.859119195461076665e-104
-1.488666276286278331e-104
-1.192030767883336458e-104
-9.545036212718251260e-105
-7.643067507718851282e-105
-6.120090026448594379e-105
-4.900584993395475366e-105
-3.924081700384662616e-105
-3.142158989599366880e-105
-2.516044228883483035e-105
-2.014690721459970215e-105
-1.613238215982482560e-105
-1.291780179351949690e-105
-1.034376705953682024e-105
-8.282641171629889738e-106
-6.632220581062704600e-106
-5.310667083651670682e-106
-4.252449768318990637e-106
-3.405095583517909433e-106
-2.726587394229606247e-106
-2.183280508881170008e-106
-1.748234364520384215e-106
-1.399876644735959910e-106
-1.120933588909760757e-106
-8.975734508258131602e-107
-7.187206339413546691e-107
-5.755064938449186190e-107
-4.608295752431351680e-107
-3.690034772674415354e-107
-2.954748860544090955e-107
-2.365977928863458134e-107
-1.894527022116601896e-107
-1.517018647445352372e-107
-1.214733571931752527e-107
-9.726826056245106521e-108
-7.788633434901196354e-108
-6.236650108933762004e-108
-4.993919011128417039e-108
-3.998817739347931254e-108
-3.202002931343104022e-108
-2.563963511375667177e-108
-2.053061483272398638e-108
-1.643963120144059909e-108
-1.316382759315195939e-108
-1.054076911938505027e-108
-8.440388089402021536e-109
-6.758534438317692117e-109
-5.411811313662435715e-109
-4.333439736377830522e-109
-3.469947280203659641e-109
-2.778516573408502297e-109
-2.224862144952418567e-109
-1.781530335797158003e-109
-1.426537974303716438e-109
-1.142282312706154967e-109
-9.146681724741258388e-110
-7.324090169576108142e-110
-5.864672941114859232e-110
-4.696062979824761383e-110
-3.760313274398622455e-110
-3.011023485495532420e-110
-2.411039125897260966e-110
-1.930609208001771675e-110
-1.545911003262604546e-110
-1.237868761893007258e-110
-9.912078175500730883e-111
-7.936971735758777765e-111
-6.355430134715554959e-111
-5.089030620491319846e-111
-4.074977162416306207e-111
-3.262986629978608835e-111
-2.612795439841322386e-111
-2.092163034851406643e-111
-1.675273195005452264e-111
-1.341453907344838569e-111
-1.074152317899903895e-111
-8.601139373722331599e-112
-6.887254004239876953e-112
-5.514881884583391822e-112
-4.415972197654228791e-112
-3.536034108902453685e-112
-2.831434768987943346e-112
-2.267235723447743846e-112
-1.815460444993745483e-112
-1.453707081822475181e-112
-1.164037633300293229e-112
-9.320884713862985304e-113
-7.463581018665576870e-113
-5.976368481345420686e-113
-4.785501776626369212e-113
-3.831930264269763784e-113
-3.068369887969668890e-113
-2.456958535280954277e-113
-1.967378596615143813e-113
-1.575353628007714745e-113
-1.261444572766460782e-113
-1.010085851120511948e-113
-8.088135211492473247e-114
-6.476472383690430274e-114
-5.185953676578966400e-114
-4.152587078630687329e-114
-3.325131792728610777e-114
-2.662557396065600918e-114
-2.132009294442494670e-114
-1.707179585426368980e-114
-1.367002547546894989e-114
-1.094610069703354048e-114
-8.764952244208443577e-115
-7.018425096717672696e-115
-5.619915484511820361e-115
-4.500076529679922049e-115
-3.603379593302760516e-115
-2.885360817264658027e-115
-2.310416327294406575e-115
-1.850036769574301191e-115
-1.481393638169517844e-115
-1.186207294525333895e-115
-9.498405483392371349e-116
-7.605728538622327817e-116
-6.090191317306654547e-116
-4.876643978686593332e-116
-3.904911234443367381e-116
-3.126808480488829509e-116
-2.503752502084860094e-116
-2.004848276065878337e-116
-1.605357001819221245e-116
-1.285469396391101388e-116
-1.029323425995241137e-116
-8.242177668928553388e-117
-6.599819940996719318e-117
-5.284722679272240307e-117
-4.231675113335983279e-117
-3.388460540240323161e-117
-2.713267092878103329e-117
-2.172614445370836581e-117
-1.739693648525872843e-117
-1.393037773991464884e-117
-1.115457449310930027e-117
-8.931885010254354865e-118
-7.152094406262594137e-118
-5.726949500286503758e-118
-4.585782669495097518e-118
-3.672007705112388289e-118
-2.940313913282183225e-118
-2.354419326681851122e-118
-1.885271617024353589e-118
-1.509607498408842429e-118
-1.208799187699628275e-118
-9.679307222065415009e-119
-7.750583327030514905e-119
-6.206181964376688669e-119
-4.969522028184093072e-119
-3.979282162585973575e-119
-3.186360064342432599e-119
-2.551437682679377221e-119
-2.043031583732750577e-119
-1.635931804435165573e-119
-1.309951784432413684e-119
-1.048927389812642723e-119
-8.399153939668765117e-120
-6.725516712348801489e-120
-5.385372785519734081e-120
-4.312269418016146380e-120
-3.452995414459802175e-120
-2.764942580458172137e-120
-2.213992941090159818e-120
-1.772826957724669380e-120
-1.419568853949348453e-120
-1.136701877372983560e-120
-9.101997091782971227e-121
-7.288309512630590782e-121
-5.836022030797981464e-121
-4.673121124306421888e-121
-3.741942872592774140e-121
-2.996313617662980159e-121
-2.399260384531704809e-121
-1.921177529231087329e-121
-1.538358705298621339e-121
-1.231821354435273458e-121
-9.863654322079596063e-122
-7.898196945131563624e-122
-6.324381709570076211e-122
-5.064168985175672637e-122
-4.055069521121389602e-122
-3.247045836989825779e-122
-2.600031050663049926e-122
-2.081942111010977245e-122
-1.667088918994056045e-122
-1.334900451426681087e-122
-1.068904720627929218e-122
-8.559119899611188359e-123
-6.853607439668191110e-123
-5.487939821851187069e-123
-4.394398680312822171e-123
-3.518759386654715638e-123
-2.817602252759019290e-123
-2.256159510326790715e-123
-1.806591306865120470e-123
-1.446605231191331669e-123
-1.158350915870008189e-123
-9.275349040400505978e-124
-7.427118901757162123e-124
-5.947171900547328137e-124
-4.762122982344054416e-124
-3.813209989252599144e-124
-3.053379863570536205e-124
-2.444955462073933024e-124
-1.957767286948444575e-124
-1.567657492866572842e-124
-1.255281989501046173e-124
-1.005151240201305333e-124
-8.048621936173969072e-125
-6.444832626231153238e-125
-5.160618539361813485e-125
-4.132300286652883037e-125
-3.308887399606790024e-125
-2.649549902905425642e-125
-2.121593708150957648e-125
-1.698839435909427543e-125
-1.360324277882761748e-125
-1.089262529396518065e-125
-8.722132488835555867e-126
-6.984137717006454799e-126
-5.592460297129038007e-126
-4.478092134238438107e-126
-3.585775865592454238e-126
-2.871264854056252869e-126
-2.299129162323297458e-126
-1.840998714409041834e-126
-1.474156529349069180e-126
-1.180412270803821623e-126
-9.452002560945780614e-127
-7.568571983014695521e-127
-6.060438673468063448e-127
-4.852819923929647608e-127
-3.885834422710344160e-127
-3.111532963805795081e-127
-2.491520824527875179e-127
-1.995053914345582427e-127
-1.597514290052083476e-127
-1.279189443738785635e-127
-1.024294833017985100e-127
-8.201911844119217217e-128
-6.567577589012962272e-128
-5.258905022080837506e-128
-4.211001949567142202e-128
-3.371906764773987597e-128
-2.700011865702722414e-128
-2.162000489187349776e-128
-1.731194656816735844e-128
-1.386232313442879106e-128
-1.110008062505602662e-128
-8.888249731874991064e-129
-7.117154006777549916e-129
-5.698971415545974485e-129
-4.563379570581379947e-129
-3.654068705870930148e-129
-2.925949485618651987e-129
-2.342917192180034605e-129
-1.876061427715369376e-129
-1.502232555341194019e-129
-1.202893794941048633e-129
-9.632020533458327814e-130
-7.712719106802739022e-130
-6.175862667008029963e-130
-4.945244232750850878e-130
-3.959842023722214329e-130
-3.170793618036142789e-130
-2.538973046891435007e-130
-2.033050683643609533e-130
-1.627939724419107384e-130
-1.303552227036452094e-130
-1.043803024843583287e-130
-8.358121232699541054e-131
-6.692660289135618031e-131
-5.359063418526874976e-131
-4.291202523817653680e-131
-3.436126364311778234e-131
-2.751434901052969920e-131
-2.203176836963931075e-131
-1.764166098596954742e-131
-1.412633780104394272e-131
-1.131148704353338847e-131
-9.057530758365991269e-132
-7.252703656293044673e-132
-5.807511089865293268e-132
-4.650291347509267106e-132
-3.723662216411050941e-132
-2.981675612508581003e-132
-2.387539186300488862e-132
-1.911791927400350656e-132
-1.530843302863865880e-132
-1.225803490607792795e-132
-9.815467035556356546e-133
-7.859611582466887631e-133
-6.293484966479360333e-133
-5.039428807354625285e-133
-4.035259135385494204e-133
-3.231182920164884440e-133
-2.587329019841960943e-133
-2.071771119839529433e-133
-1.658944625938341376e-133
-1.328379011356654690e-133
-1.063682759642918051e-133
-8.517305704838480872e-134
-6.820125249940835370e-134
-5.461129380205246647e-134
-4.372930556898199419e-134
-3.501569057266193517e-134
-2.803837313049169383e-134
-2.245137408252219368e-134
-1.797765497475243860e-134
-1.439538075501761118e-134
-1.152691979977132883e-134
-9.230035824099168510e-135
-7.390834914618642510e-135
-5.918117954918563347e-135
-4.738858401376791319e-135
-3.794581169108924169e-135
-3.038463070509286160e-135
-2.433011027938220924e-135
-1.948202931779191967e-135
-1.559998955947771686e-135
-1.249149512538542828e-135
-1.000240736524960156e-135
-8.009301696565867368e-136
-6.413347439685297182e-136
-5.135407172856732680e-136
-4.112112602513620894e-136
-3.292722365838212849e-136
-2.636605955747361869e-136
-2.111229005520117658e-136
-1.690540030842803660e-136
-1.353678633824035607e-136
-1.083941113632224241e-136
-8.679521922446144538e-137
-6.950017842738982552e-137
-5.565139237620254837e-137
-4.456215140002440032e-137
-3.568258138044091236e-137
-2.857237754394172749e-137
-2.287897138969427997e-137
-1.832004813199267659e-137
-1.466954776252264367e-137
-1.174645557732637900e-137
-9.405826332465922318e-138
-7.531596949745239341e-138
-6.030831381355119637e-138
-4.829112257735453185e-138
-3.866850807652785973e-138
-3.096332073186633905e-138
-2.479348902851606543e-138
-1.985307401394020298e-138
-1.589709892583754663e-138
-1.272940170778665417e-138
-1.019290806417780199e-138
-8.161842731479471115e-139
-6.535492751820257186e-139
-5.233213492874142897e-139
-4.190429781193212008e-139
-3.355433860098070605e-139
-2.686821394794032252e-139
-2.151438385768675671e-139
-1.722737185555928165e-139
-1.379460099870256533e-139
-1.104585297797463034e-139
-8.844827626584239394e-140
-7.082384302957853037e-140
-5.671130013209203565e-140
-4.541085918380930409e-140
-3.636217344706411447e-140
-2.911655233041245259e-140
-2.331471249494565642e-140
-1.866896233295471962e-140
-1.494893641364178237e-140
-1.197017252022794845e-140
-9.584964856313409021e-141
-7.675039866093227463e-141
-6.145691489658766867e-141
-4.921085042557258779e-141
-3.940496856510024627e-141
-3.155303219083663239e-141
-2.526569305064080724e-141
-2.023118543626323731e-141
-1.619986688416167244e-141
-1.297183933642153872e-141
-1.038703694130020754e-141
-8.317288984378093273e-142
-6.659964380659448883e-142
-5.332882581687660948e-142
-4.270238548520832930e-142
-3.419339725177790020e-142
-2.737993211229118585e-142
-2.192413573163442226e-142
-1.755547550694442964e-142
-1.405732586440022643e-142
-1.125622660461567995e-142
-9.013281658022984300e-143
-7.217271746602978782e-143
-5.779139434519688669e-143
-4.627573101891376467e-143
-3.705470867416155589e-143
-2.967109118958685353e-143
-2.375875250085740981e-143
-1.902452177407966068e-143
-1.523364615711158079e-143
-1.219815026079906610e-143
-9.767515160221166820e-144
-7.821214722345997913e-144
-6.262739164425998143e-144
-5.014809493667822670e-144
-4.015545530082100336e-144
-3.215397499052117848e-144
-2.574689042736176328e-144
-2.061649817399032651e-144
-1.650840120508002643e-144
-1.321889430726439859e-144
-1.058486309703060628e-144
-8.475695786546197046e-145
-6.786806632031890493e-145
-5.434449916631750793e-145
-4.351567312525145125e-145
-3.484462708449036190e-145
-2.790139619724089128e-145
-2.234169152873143361e-145
-1.788982805148474692e-145
-1.432505445257406464e-145
-1.147060689899594191e-145
-9.184943978181573411e-146
-7.354728187025442313e-146
-5.889205947637759211e-146
-4.715707475753649161e-146
-3.776043357050544300e-146
-3.023619151025898723e-146
-2.421124946401986934e-146
-1.938685301719010924e-146
-1.552377833571459622e-146
-1.243046994799623486e-146
-9.953542223193870753e-147
-7.970173549623001635e-147
-6.382016068921320157e-147
-5.110318972401652162e-147
-4.092023542037364967e-147
-3.276636303725416640e-147
-2.623725244148002659e-147
-2.100914937966326501e-147
-1.682281171176272699e-147
-1.347065455983526324e-147
-1.078645694783187912e-147
-8.637119523080803705e-148
-6.916064655594132050e-148
-5.537951650725137721e-148
-4.434445022280469402e-148
-3.550825990518207302e-148
-2.843279181857033858e-148
-2.276719987847613862e-148
-1.823054850237873484e-148
-1.459788206154356095e-148
-1.168907017004617545e-148
-9.359875690475579439e-149
-7.494802552015534051e-149
-6.001368730875145311e-149
-4.805520411507074304e-149
-3.847959933973861188e-149
-3.081205444058142322e-149
-2.467236445128231596e-149
-1.975608503453665368e-149
-1.581943622235839654e-149
-1.266721427629998345e-149
-1.014311226179509964e-149
-8.121969370003386950e-150
-6.503564659906335676e-150
-5.207647475474899025e-150
-4.169958114818016567e-150
-3.339041431131226088e-150
-2.673695363795623044e-150
-2.140927881796404230e-150
-1.714321031901922122e-150
-1.372720970850798961e-150
-1.099189025128501091e-150
-8.801617652960485568e-151
-7.047784460898265781e-151
-5.643424625537077457e-151
-4.518901178209290908e-151
-3.618453193476988458e-151
-2.897430812720776102e-151
-2.320081224109287860e-151
-1.857775813949308242e-151
-1.487590580463418907e-151
-1.191169418003777588e-151
-9.538139062062644940e-152
-7.637544701215354231e-152
-6.115667708712171237e-152
-4.897043878176339349e-152
-3.921246196980551520e-152
-3.139888495967775793e-152
-2.514226159709582959e-152
-2.013234925471338783e-152
-1.612072505683323299e-152
-1.290846751514447409e-152
-1.033629275371270312e-152
-8.276656215395679483e-153
-6.627428202751151100e-153
-5.306829647088532855e-153
-4.249376989331807688e-153
-3.402635094451974481e-153
-2.724617188605044868e-153
-2.181702891546084948e-153
-1.746971107312691409e-153
-1.398865107440256132e-153
-1.120123613162645159e-153
-8.969248729496421788e-154
-7.182012933771798832e-154
-5.750906384303646446e-154
-4.604965842584963860e-154
-3.687368389312071059e-154
-2.952613787655262483e-154
-2.364268296143419903e-154
-1.893158055252416941e-154
-1.515922464473845940e-154
-1.213855817226026851e-154
-9.719797546010220790e-155
-7.783005443869781209e-155
-6.232143566011629154e-155
-4.990310453652814669e-155
-3.995928232406527391e-155
-3.199689195059134288e-155
-2.562110816192607119e-155
-2.051577960943118513e-155
-1.642775208326942985e-155
-1.315431553891826302e-155
-1.053315246178215442e-155
-8.434289146774170973e-156
-6.753650786837328676e-156
-5.407900791259146116e-156
-4.330308434824571904e-156
-3.467439929930153696e-156
-2.776508844262292353e-156
-2.223254481130122361e-156
-1.780243019243278791e-156
-1.425507171789712263e-156
-1.141456910578171101e-156
-9.140072421178019826e-157
-7.318797853005584509e-157
-5.860435185288764652e-157
-4.692669650230378237e-157
-3.757596108471975525e-157
-3.008847749108134942e-157
-2.409296932392916702e-157
-1.929214168499833830e-157
-1.544793942954856493e-157
-1.236974289923279649e-157
-9.904915803880234778e-158
-7.931236556908657679e-158
-6.350837762497844571e-158
-5.085353336288484323e-158
-4.072032623413940541e-158
-3.260628827464974748e-158
-2.610907459180112448e-158
-2.090651258119992336e-158
-1.674062658831749178e-158
-1.340484585752933036e-158
-1.073376145845810029e-158
-8.594924273774214906e-159
-6.882277341248553732e-159
-5.510896884384525974e-159
-4.412781258944366704e-159
-3.533479004927253410e-159
-2.829388801666498144e-159
-2.265597440888317105e-159
-1.814148610871865957e-159
-1.452656647174663806e-159
-1.163196510988471072e-159
-9.314149532907946838e-160
-7.458187907359463102e-160
-5.972050015404522330e-160
-4.782043819424541924e-160
-3.829161348600356773e-160
-3.066152713627652668e-160
-2.455183160856514419e-160
-1.965956987909313010e-160
-1.574215292744643725e-160
-1.260533065144260767e-160
-1.009355972874372698e-160
-8.082290803379882639e-161
-6.471792547517135132e-161
-5.182206356715191087e-161
-4.149586459455069945e-161
-3.322729084722784505e-161
-2.660633457897048075e-161
-2.130468725190035628e-161
-1.705945994004140962e-161
-1.366014764755199917e-161
-1.093819115076086350e-161
-8.758618774668307927e-162
-7.013353650766252565e-162
-5.615854588051647838e-162
-4.496824817994888489e-162
-3.600775826133052700e-162
-2.883275883503386134e-162
-2.308746842849151857e-162
-1.848699950935398260e-162
-1.480323197484431913e-162
-1.185350152631249007e-162
-9.491542027649823838e-163
-7.600232712896006336e-163
-6.085790604087676437e-163
-4.873120163012646784e-163
-3.902089583432254334e-163
-3.124549078986253102e-163
-2.501943314793540824e-163
-2.003399592132837234e-163
-1.604196986409121613e-163
-1.284540528664202018e-163
-1.028579646863950287e-163
-8.236221951229218007e-164
-6.595050975073647857e-164
-5.280903989884401651e-164
-4.228617345913018706e-164
-3.386012071495334804e-164
-2.711306512374118668e-164
-2.171044535229990069e-164
-1.738436562756779909e-164
-1.392031178397477730e-164
-1.114651430569213071e-164
-8.925430916714908011e-165
-7.146926372163636666e-165
-5.722811262083918413e-165
-4.582469027384108625e-165
-3.669354347934238828e-165
-2.938189270946508699e-165
-2.352718046095721979e-165
-1.883909338026183576e-165
-1.508516670661799873e-165
-1.207925721122431741e-165
-9.672313048479825660e-166
-7.744982830638040075e-166
-6.201697437440334295e-166
-4.965931099731765043e-166
-3.976406771863223103e-166
-3.184057631442545813e-166
-2.549594038538731144e-166
-2.041555308911666469e-166
-1.634749695968939374e-166
-1.309005225969201916e-166
-1.048169445047101363e-166
-8.393084792437627179e-167
-6.720656919157019645e-167
-5.381481367340940425e-167
-4.309153413929750422e-167
-3.450500313440183488e-167
-2.762944659747707346e-167
-2.212393131249229261e-167
-1.771545930147481467e-167
-1.418543087254126378e-167
-1.135880507613452877e-167
-9.095420076902160545e-168
-7.283043050816399814e-168
-5.831804977841993777e-168
-4.669744372274481238e-168
-3.739238980940424567e-168
-2.994148510483508696e-168
-2.397526702231778632e-168
-1.919789304968761789e-168
-1.537247102208140515e-168
-1.230931252263527549e-168
-9.856526941066810538e-169
-7.892489784569339407e-169
-6.319811772643451147e-169
-5.060509665749553606e-169
-4.052139367187675704e-169
-3.244699553138797186e-169
-2.598152293425671752e-169
-2.080437719820007800e-169
-1.665884296698828534e-169
-1.333935865298580528e-169
-1.068132340436763866e-169
-8.552935162527806356e-170
-6.848655089358321552e-170
-5.483974289725727502e-170
-4.391223330417497691e-170
-3.516216765226181455e-170
-2.815566280679734524e-170
-2.254529231331613082e-170
-1.805285881496594405e-170
-1.445559928271954299e-170
-1.157513902725084726e-170
-9.268646763081774012e-171
-7.421752137623331001e-171
-5.942874531772737245e-171
-4.758681918432113894e-171
-3.810454600672480185e-171
-3.051173520874865496e-171
-2.443188760953996392e-171
-1.956352623281824821e-171
-1.566524718756163038e-171
-1.254374934901785219e-171
-1.004424927657189263e-171
-8.042806079971154626e-172
-6.440175652639575736e-172
-5.156889526422640531e-172
-4.129314326516526690e-172
-3.306496429642178898e-172
-2.647635363825360297e-172
-2.120060665100203369e-172
-1.697611870998407030e-172
-1.359341320743999054e-172
-1.088475438850046774e-172
-8.715829960435138377e-173
-6.979091046783295228e-173
-5.588419239521167168e-173
-4.474856308264729383e-173
-3.583184818705772031e-173
-2.869190105901375575e-173
-2.297467833874054202e-173
-1.839668426581202986e-173
-1.473091318128673907e-173
-1.179559316337644142e-173
-9.445172635505250373e-174
-7.563103006255328602e-174
-6.056059459221501580e-174
-4.849313323286763497e-174
-3.883026556418494326e-174
-3.109284600243521552e-174
-2.489720475728207544e-174
-1.993612307723392040e-174
-1.596359941709403080e-174
-1.278265113844806617e-174
-1.023554687499241936e-174
-8.195985222115094155e-175
-6.562831921100936928e-175
-5.255104988281856917e-175
-4.207959120371950966e-175
-3.369470257626710208e-175
-2.698060863297423251e-175
-2.160438248588246367e-175
-1.729943712336678668e-175
-1.385230635408724944e-175
-1.109205981438038329e-175
-8.881827168764782370e-176
-7.112011220272614504e-176
-5.694853394036255979e-176
-4.560082116732532743e-176
-3.651428311239765110e-176
-2.923835222879017541e-176
-2.341224222924816181e-176
-1.874705803910727681e-176
-1.501147056656618722e-176
-1.202024595543423649e-176
-9.625060528775617237e-177
-7.707145970728817626e-177
-6.171400048502095912e-177
-4.941670847198199934e-177
-3.956980680255163865e-177
-3.168502433299484835e-177
-2.537138409575800209e-177
-2.031581620924309694e-177
-1.626763390952440663e-177
-1.302610292831389000e-177
-1.043048782894502720e-177
-8.352081735304763240e-178
-6.687824237676801906e-178
-5.355191011241370149e-178
-4.288101742464822770e-178
-3.433643452704299814e-178
-2.749446740860881628e-178
-2.201584842735010536e-178
-1.762891329272630387e-178
-1.411613024626316715e-178
-1.130331347262809917e-178
-9.050985874426734454e-179
-7.247462922925132117e-179
-5.803314638638892010e-179
-4.646931092052771329e-179
-3.720971534183891095e-179
-2.979521082609760651e-179
-2.385813973624800814e-179
-1.910410485082941076e-179
-1.529737130330343931e-179
-1.224917736886122668e-179
-9.808374474209215442e-180
-7.853932303313749888e-180
-6.288937355239837312e-180
-5.035787364941501260e-180
-4.032343296244508030e-180
-3.228848098703808561e-180
-2.585459440968944413e-180
-2.070274078108201807e-180
-1.657745888630340300e-180
-1.327419137557866507e-180
-1.062914152790148355e-180
-8.511151182286972736e-181
-6.815197093537136004e-181
-5.457183221045069730e-181
-4.369770719660783230e-181
-3.499038857403064776e-181
-2.801811287381907370e-181
-2.243515093721173015e-181
-1.796466449550939790e-181
-1.438497879240589483e-181
-1.151859055924438527e-181
-9.223366289671878139e-182
-7.385494368942249735e-182
-5.913841580243488852e-182
-4.735434148225573667e-182
-3.791839241533688485e-182
-3.036267506543706099e-182
-2.431252957750484358e-182
-1.946795179222918655e-182
-1.558871715821911780e-182
-1.248246889207769201e-182
-9.995179722632074013e-183
-8.003514252787098142e-183
-6.408713216984357387e-183
-5.131696377406644103e-183
-4.109141229802162440e-183
-3.290343076570141267e-183
-2.634700769838058406e-183
-2.109703451903028392e-183
-1.689318463001541485e-183
-1.352700478763259473e-183
-1.083157868289208484e-183
-8.673250184028014161e-184
-6.944995827206274729e-184
-5.561117921945186335e-184
-4.452995122132476884e-184
-3.565679749297551720e-184
-2.855173142085558615e-184
-2.286243926671528407e-184
-1.830681024277273441e-184
-1.465894768948856608e-184
-1.173796770237434337e-184
-9.399029773520546025e-185
-7.526154690786548238e-185
-6.026473561050535654e-185
-4.825622788022382627e-185
-3.864056658737185308e-185
-3.094094693640768074e-185
-2.477557349364569946e-185
-1.983872837507624282e-185
-1.588561183623043783e-185
-1.272020356548758505e-185
-1.018554276760158766e-185
-8.155945063027320648e-186
-6.530770268100618130e-186
-5.229432023525162188e-186
-4.187401817247737441e-186
-3.353009256112054795e-186
-2.684879923695168091e-186
-2.149883777243133427e-186
-1.721492352362633031e-186
-1.378463315371992717e-186
-1.103787135167055423e-186
-8.838436439866460230e-187
-7.077266640703904070e-187
-5.667032109627292654e-187
-4.537804573709090038e-187
-3.633589849295807108e-187
-2.909551299189981820e-187
-2.329786550966596188e-187
-1.865547232171488054e-187
-1.493813445707627353e-187
-1.196152298958126150e-187
-9.578038853606932740e-188
-7.669493956673885319e-188
-6.141250672553161471e-188
-4.917529114201288774e-188
-3.937649491673306898e-188
-3.153023227559152716e-188
-2.524743630572071599e-188
-2.021656657775021061e-188
-1.618816101736234388e-188
-1.296246601104175331e-188
-1.037953136907949579e-188
-8.311278991970202348e-189
-6.655151954947205186e-189
-5.329029092421109696e-189
-4.267152915533365882e-189
-3.416868943433051786e-189
-2.736014763871662408e-189
-2.190829356364624863e-189
-1.754279009049300881e-189
-1.404716817697679855e-189
-1.124809296436796197e-189
-9.006768748054767135e-190
-7.212056615989597576e-190
-5.774963484376457576e-190
-4.624229262418976578e-190
-3.702793330081254407e-190
-2.964965114666924449e-190
-2.374158465657313829e-190
-1.901077483903487020e-190
-1.522263847204488634e-190
-1.218933599564663299e-190
-9.760457248434387942e-191
-7.815563188391836123e-191
-6.258213769805047711e-191
-5.011185840931868788e-191
-4.012643935801239781e-191
-3.213074083983343853e-191
-2.572828597388254673e-191
-2.060160089222751846e-191
-1.649647239437075412e-191
-1.320934246235717212e-191
-1.057721457754653027e-191
-8.469571330918356510e-192
-6.781902551338175651e-192
-5.430523035793370546e-192
-4.348422912161056720e-192
-3.481944869467963970e-192
-2.788123491877263918e-192
-2.232554763897128463e-192
-1.787690103512522697e-192
-1.431470330706688161e-192
-1.146231834962530784e-192
-9.178307026684582913e-193
-7.349413731720457413e-193
-5.884950464498927651e-193
-4.712299951237173031e-193
-3.773314824718631093e-193
-3.021434313132668248e-193
-2.419375464981567204e-193
-1.937284426509973044e-193
-1.551256100394763655e-193
-1.242148781088950674e-193
-9.946349890054387252e-194
-7.964414379463978749e-194
-6.377404485965590176e-194
-5.106626305442055806e-194
-4.089066685486300511e-194
-3.274268638089919689e-194
-2.621829365716059783e-194
-2.099396837194486469e-194
-1.681065571106863495e-194
-1.346092079540961876e-194
-1.077866275858508601e-194
-8.630878424225974942e-195
-6.911067174305375395e-195
-5.533949980536854658e-195
-4.431240735286573916e-195
-3.548260198072515182e-195
-2.841224655877646624e-195
-2.275074852050654123e-195
-1.821737528472370813e-195
-1.458733377345041577e-195
-1.168062376123391824e-195
-9.353112335018747073e-196
-7.489386880332025598e-196
-5.997032199996243295e-196
-4.802047989033432789e-196
-3.845179435420487621e-196
-3.078978994867699710e-196
-2.465453643985750804e-196
-1.974180947896918266e-196
-1.580800525106900346e-196
-1.265806107003617883e-196
-1.013578294718305728e-196
-8.116100513655780972e-197
-6.498865247116460760e-197
-5.203884479882301974e-197
-4.166944943500012584e-197
-3.336628672155504468e-197
-2.671763377439539489e-197
-2.139380868059284356e-197
-1.713082280139686963e-197
-1.371729055981848149e-197
-1.098394761792422950e-197
-8.795257689350852799e-198
-7.042691800154843630e-198
-5.639346741599452972e-198
-4.515635864015681045e-198
-3.615838534269890073e-198
-2.895337157297935870e-198
-2.318404755903268371e-198
-1.856433403151947699e-198
-1.486515661927892784e-198
-1.190308690527293224e-198
-9.531246895221253689e-199
-7.632025885438307773e-199
-6.111248586499685248e-199
-4.893505321732740796e-199
-3.918412742484051872e-199
-3.137619642972786838e-199
-2.512409404254776457e-199
-2.011780181426721849e-199
-1.610907637715127808e-199
-1.289913998162853661e-199
-1.032882384874953281e-199
-8.270675583832837313e-200
-6.622639287365719072e-200
-5.302994983420314339e-200
-4.246306430704817527e-200
-3.400176383311495574e-200
-2.722648406631894815e-200
-2.180126414181994924e-200
-1.745708762922412950e-200
-1.397854301071598033e-200
-1.119314222696154072e-200
-8.962767637295584082e-201
-7.176823280835245646e-201
-5.746750835088863253e-201
-4.601638338899024849e-201
-3.684703932652396618e-201
-2.950480257549410796e-201
-2.362559898787415072e-201
-1.891790077590419598e-201
-1.514827073593529926e-201
-1.212978696777344061e-201
-9.712774114509537275e-202
-7.777381519569918701e-202
-6.227640279473555672e-202
-4.986704503685728362e-202
-3.993040813394834669e-202
-3.197377130658578583e-202
-2.560259459749129503e-202
-2.050095510592695027e-202
-1.641588154883391913e-202
-1.314481035800388325e-202
-1.052554130790192202e-202
-8.428194611182913816e-203
-6.748770664236000824e-203
-5.403993094561442368e-203
-4.327179395919467279e-203
-3.464934391443654486e-203
-2.774502565881705014e-203
-2.221647978990122410e-203
-1.778956632892015963e-203
-1.424477114123573317e-203
-1.140632104877732473e-203
-9.133467893433218728e-204
-7.313509360611720003e-204
-5.856200491623956182e-204
-4.689278772623071690e-204
-3.754880905943092241e-204
-3.006673584886764274e-204
-2.407555997780918092e-204
-1.927820137039864818e-204
-1.543677689824016249e-204
-1.236080464290293068e-204
-9.897758607720052272e-205
-7.925505522243187446e-205
-6.346248708683790657e-205
-5.081678709255572746e-205
-4.069090212106918742e-205
-3.258272728676862118e-205
-2.609020842755355917e-205
-2.089140573783732372e-205
-1.672852997379705448e-205
-1.339515964583414554e-205
-1.072600534646119801e-205
-8.588713664797082629e-206
-6.877304274345673987e-206
-5.506914763708182240e-206
-4.409592625976140682e-206
-3.530925747245219655e-206
-2.827344312741209360e-206
-2.263960342135989293e-206
-1.812837724668608708e-206
-1.451606971560748273e-206
-1.162355996463478956e-206
-9.307419218729387290e-207
-7.452798693063308894e-207
-5.967734669945596525e-207
-4.778588360908801938e-207
-3.826394433722576162e-207
-3.063937141394326615e-207
-2.453409069300426588e-207
-1.964536406444154482e-207
-1.573077780031601159e-207
-1.259622216168634158e-207
-1.008626622031179957e-207
-8.076450618380407834e-208
-6.467116092947735288e-208
-5.178461744628431646e-208
-4.146588008497786688e-208
-3.320328112890476050e-208
-2.658710909947568562e-208
-2.128929269137986676e-208
-1.704713293963118659e-208
-1.365027695725776146e-208
-1.093028731985028170e-208
-8.752289881631377044e-209
-7.008285869392522928e-209
-5.611796625955897071e-209
-4.493575455965202938e-209
-3.598173940420264772e-209
-2.881192456295042426e-209
-2.307078564757176669e-209
-1.847364098268686681e-209
-1.479253530289494063e-209
-1.184493630099521795e-209
-9.484683531373873991e-210
-7.594740858400087990e-210
-6.081393070781416969e-210
-4.869598893613753427e-210
-3.899269971318813829e-210
-3.122291310105304279e-210
-2.500135434803423308e-210
-2.001951955004879427e-210
-1.603037809214823468e-210
-1.283612332128119100e-210
-1.027836405180250894e-210
-8.230270537073769472e-211
-6.590285455159131206e-211
-5.277088059844503407e-211
-4.225561788003158456e-211
-3.383565371990131420e-211
-2.709347348566757994e-211
-2.169475759490872293e-211
-1.737180385345679545e-211
-1.391025310159710771e-211
-1.113845994248827080e-211
-8.918981486840900547e-212
-7.141762072436028122e-212
-5.718676014132150209e-212
-4.579157779678792682e-212
-3.666702908046478538e-212
-2.936066163856626079e-212
-2.351017994838455313e-212
-1.882548043397614426e-212
-1.507426631136314537e-212
-1.207052885703718155e-212
-9.665323928816279991e-213
-7.739386381109979404e-213
-6.197216150979678896e-213
-4.962342766049816081e-213
-3.973533458869714341e-213
-3.181756862258355999e-213
-2.547751726597471702e-213
-2.040080100832460398e-213
-1.633568441682833788e-213
-1.308059351479961385e-213
-1.047412047965101906e-213
-8.387020030713453958e-214
-6.715800637605078770e-214
-5.377592761062900571e-214
-4.306039661437706633e-214
-3.448007015356378882e-214
-2.760948182715384197e-214
-2.210794477415383490e-214
-1.770265828228404856e-214
-1.417518061767976030e-214
-1.135059731367749392e-214
-9.088847814509074495e-215
-7.277780394496056415e-215
-5.827590972087598271e-215
-4.666370060250831285e-215
-3.736537043093975825e-215
-2.991984967789500637e-215
-2.395794272673879059e-215
-1.918402083823832793e-215
-1.536136302351279065e-215
-1.230041793271053902e-215
-9.849404710229906936e-216
-7.886786747946021846e-216
-6.315245137908957366e-216
-5.056852990512184719e-216
-4.049211330554795862e-216
-3.242354964689739597e-216
-2.596274893760064434e-216
-2.078934415687532513e-216
-1.664680544852090642e-216
-1.332971976170991646e-216
-1.067360518360038477e-216
-8.546754894475498284e-217
-6.843706317568785125e-217
-5.480011623055346037e-217
-4.388050274999231909e-217
-3.513675981071248677e-217
-2.813531779774140857e-217
-2.252900130360364297e-217
-1.803981399415685191e-217
-1.444515380678335361e-217
-1.156677494397747366e-217
-9.261949328763671071e-218
-7.416389251461248341e-218
-5.938580268235172989e-218
-4.755243340999603969e-218
-3.807701203109444026e-218
-3.048968772461215828e-218
-2.441423336435026389e-218
-1.954938981837459446e-218
-1.565392763177346410e-218
-1.253468535731386181e-218
-1.003699139939478065e-218
-8.036994426249666187e-219
-6.435522044131978153e-219
-5.153163208032075518e-219
-4.126330524006259603e-219
-3.304107187369102985e-219
-2.645722208172678046e-219
-2.118528729811499576e-219
-1.696385193113893437e-219
-1.358359073880538317e-219
-1.087688917047575948e-219
-8.709531986180659632e-220
-6.974048023235126181e-220
-5.584381101942675805e-220
-4.471622820467252462e-220
-3.580595644084457235e-220
-2.867116856939405699e-220
-2.295807705884646667e-220
-1.838339100006455493e-220
-1.472026876619582127e-220
-1.178706978208097417e-220
-9.438347645302646092e-221
-7.557637981325994075e-221
-6.051683409352365108e-221
-4.845809256479516621e-221
-3.880220719063612416e-221
-3.107037861326966651e-221
-2.487921427843133077e-221
-1.992171742792174760e-221
-1.595206427487647234e-221
-1.277341451862649946e-221
-1.022815076802534932e-221
-8.190062882630123141e-222
-6.558089682362549545e-222
-5.251307700350469674e-222
-4.204918489895644466e-222
-3.367035511075882815e-222
-2.696111270667553031e-222
-2.158877136849057973e-222
-1.728693671776978279e-222
-1.384229681177488434e-222
-1.108404479946416358e-222
-8.875409246536430934e-223
-7.106872149895360659e-223
-5.690738348168966462e-223
-4.556787045592135071e-223
-3.648789824532170712e-223
-2.921722487885313596e-223
-2.339532476992773544e-223
-1.873351159666814755e-223
-1.500062342342701189e-223
-1.201156024220859104e-223
-9.618105553324286254e-224
-7.701576861749005687e-224
-6.166940654641390630e-224
-4.938100043739316185e-224
-3.954121404367395794e-224
-3.166212904150710459e-224
-2.535305097951452330e-224
-2.030113619735261523e-224
-1.625587907492935602e-224
-1.301669039258779477e-224
-1.042295085953344531e-224
-8.346046601992743741e-225
-6.682991680701898818e-225
-5.351321402120143011e-225
-4.285003201706544480e-225
-3.431162335224878703e-225
-2.747460017293766343e-225
-2.199993998865689899e-225
-1.761617481084164716e-225
-1.410593006736254424e-225
-1.129514580786656847e-225
-9.044445719757175801e-226
-7.242225976460768482e-226
-5.799121219727473801e-226
-4.643573264684564530e-226
-3.718282796217206506e-226
-2.977368109553363508e-226
-2.384090007570936031e-226
-1.909030040982360948e-226
-1.528631757106460821e-226
-1.224032623201506879e-226
-9.801287037878719637e-227
-7.848257127952685484e-227
-6.284393030060477669e-227
-5.032148553798798615e-227
-4.029429564060625192e-227
-3.226514964361907539e-227
-2.583591213035501886e-227
-2.068778118124837988e-227
-1.656548017518299810e-227
-1.326459957354657402e-227
-1.062146101325241219e-227
-8.505001106934293786e-228
-6.810272498170714087e-228
-5.453239913341255365e-228
-4.366613165690880318e-228
-3.496510485837833604e-228
-2.799786725701315408e-228
-2.241893951458883238e-228
-1.795168340306177357e-228
-1.437458434615154192e-228
-1.151026733734657158e-228
-9.216701574584474097e-229
-7.380157682292400893e-229
-5.909568295634973245e-229
-4.732012369406494360e-229
-3.789099295248959515e-229
-3.034073529071367744e-229
-2.429496157927364506e-229
-1.945388443894998227e-229
-1.557745290228930019e-229
-1.247344918103724069e-229
-9.987957302639050046e-230
-7.997730990958655430e-230
-6.404082342927827574e-230
-5.127988263341674927e-230
-4.106172004175825847e-230
-3.287965506553621912e-230
-2.632796960597627931e-230
-2.108179000636316922e-230
-1.688097777853169517e-230
-1.351723030507850122e-230
-1.082375188911624650e-230
-8.666982977507276616e-231
-6.939977440533711422e-231
-5.557099512033849976e-231
-4.449777431016470990e-231
-3.563103223669730169e-231
-2.853110021645950565e-231
-2.284591908968552105e-231
-1.829358191912323475e-231
-1.464835527596368924e-231
-1.172948596067848053e-231
-9.392238125703323182e-232
-7.520716364351432810e-232
-6.022118889665008575e-232
-4.822135839766306629e-232
-3.861264528846728840e-232
-3.091858930803326449e-232
-2.475767090436719420e-232
-1.982439310223075847e-232
-1.587413304708294358e-232
-1.271101206967771532e-232
-1.017818279311729208e-232
-8.150051656173696391e-233
-6.526051196801943126e-233
-5.225653286629578608e-233
-4.184376041279186882e-233
-3.350586404121379679e-233
-2.682939855484350931e-233
-2.148330292062643627e-233
-1.720248418673836089e-233
-1.377467251140546240e-233
-1.102989549281291442e-233
-8.832049871358261210e-234
-7.072152676423499493e-234
-5.662937167150149749e-234
-4.534525600105105680e-234
-3.630964252487713271e-234
-2.907448885620927784e-234
-2.328103069785586944e-234
-1.864199205822641557e-234
-1.492734030590073410e-234
-1.195287970900159105e-234
-9.571117855563429190e-235
-7.663952054674065341e-235
-6.136813064338956657e-235
-4.913975755324403619e-235
-3.934804184314822375e-235
-3.150744883534598910e-235
-2.522919275294756454e-235
-2.020195828268380776e-235
-1.617646360910891085e-235
-1.295309945873677763e-235
-1.037203122031134284e-235
-8.305273342324576438e-236
-6.650343006646760002e-236
-5.325178387648552286e-236
-4.264069512194632428e-236
-3.414399947051255022e-236
-2.734037746121246760e-236
-2.189246284305512381e-236
-1.753011384040156612e-236
-1.403701782939825440e-236
-1.123996520140985621e-236
-9.000260544251656201e-237
-7.206845253779052881e-237
-5.770790551734654322e-237
-4.620887839172569387e-237
-3.700117727509091218e-237
-2.962822659611883882e-237
-2.372442921760809876e-237
-1.899703783738994995e-237
-1.521163874102473295e-237
-1.218052809959607914e-237
-9.753404436626260212e-238
-7.809915738181779619e-238
-6.253691645190388655e-238
-5.007564806612546154e-238
-4.009744438184284319e-238
-3.210752347791961740e-238
-2.570969496379817150e-238
-2.058671437509612868e-238
-1.648455220330355083e-238
-1.319979751952049686e-238
-1.056957158480910265e-238
-8.463451300762796025e-239
-6.777002014286024444e-239
-5.426598992481025890e-239
-4.345280783910443038e-239
-3.479428849852540191e-239
-2.786108820864880090e-239
-2.230941541462813918e-239
-1.786398335970244041e-239
-1.430435964119793226e-239
-1.145403578948011314e-239
-9.171674870984939086e-240
-7.344103116589366975e-240
-5.880698056331302428e-240
-4.708894888964350810e-240
-3.770588263997736158e-240
-3.019251053981952391e-240
-2.417627247719465891e-240
-1.935884563559893661e-240
-1.550135177771589521e-240
-1.241251216418870058e-240
-9.939162754025118709e-241
-7.958659370825946416e-241
-6.372796235294283300e-241
-5.102936306767813612e-241
-4.086111965530888952e-241
-3.271902683306663267e-241
-2.619934857227645074e-241
-2.097879833387550366e-241
-1.679850849418377905e-241
-1.345119406450781099e-241
-1.077087420134451080e-241
-8.624641835127708585e-242
