-9.000000000000000222e-01
-6.032880414320753726e-01
-4.043960677054994068e-01
-2.710747907209819507e-01
-1.817068661951898589e-01
-1.218017549129514349e-01
-8.164615796047126894e-02
-5.472905636269617680e-02
-3.668598358052958808e-02
-2.459135020256330434e-02
-1.648407499986076150e-02
-1.104960591276159254e-02
-7.406772344118027311e-03
-4.964907978684694224e-03
-3.328077344834638740e-03
-2.230876958999722642e-03
-1.495401545856540459e-03
-1.002397633060323054e-03
-6.719272275390112932e-04
-4.504062900965497386e-04
-3.019163651122606842e-04
-2.023805917609633887e-04
-1.356597675859288696e-04
-9.093546165338408207e-05
-6.095586284176850839e-05
-4.085993678623636808e-05
-2.738923470756326174e-05
-1.835955307005473163e-05
-1.230677645911286704e-05
-8.249478962622855603e-06
-5.529791117995388910e-06
-3.706729836782137346e-06
-2.484695314833478994e-06
-1.665541077823717319e-06
-1.116445571961042149e-06
-7.483758471932111317e-07
-5.016513323425136109e-07
-3.362669441896733993e-07
-2.254064735094859722e-07
-1.510944776996096945e-07
-1.012816572473332035e-07
-6.789112514859832420e-08
-4.550878213501968295e-08
-3.050544893577231896e-08
-2.044841393496469962e-08
-1.370698177024136591e-08
-9.188064651237875007e-09
-6.158943919996189097e-09
-4.128463571982771792e-09
-2.767391891627945458e-09
-1.855038260194702124e-09
-1.243469331971586605e-09
-8.335224198510979341e-10
-5.587267868463262105e-10
-3.745257654801733851e-10
-2.510521283582032381e-10
-1.682852742384162454e-10
-1.128049927746151332e-10
-7.561544794973009083e-11
-5.068655055066844822e-11
-3.397621089851187824e-11
-2.277493525360710521e-11
-1.526649564765658838e-11
-1.023343806534006501e-11
-6.859678675061601278e-12
-4.598180125256992428e-12
-3.082252313242433213e-12
-2.066095512506119123e-12
-1.384945239057131504e-12
-9.283565564016138917e-13
-6.222960096246183122e-13
-4.171374898193693943e-13
-2.796156213789101114e-13
-1.874319561949951736e-13
-1.256393975051788083e-13
-8.421860671956157461e-14
-5.645342033331399493e-14
-3.784185931669624982e-14
-2.536615687924205392e-14
-1.700344344704074631e-14
-1.139774899418475767e-14
-7.640139630484600019e-15
-5.121338748825156492e-15
-3.432936025876562963e-15
-2.301165834902985333e-15
-1.542517588387811779e-15
-1.033980460858902688e-15
-6.930978301228921613e-16
-4.645973693951761790e-16
-3.114289300410118523e-16
-2.087570547219212819e-16
-1.399340385314629239e-16
-9.380059115036328847e-17
-6.287641657808133651e-17
-4.214732245517557954e-17
-2.825219512843226451e-17
-1.893801273909860944e-17
-1.269452957109612296e-17
-8.509397646497888091e-18
-5.704019822136033310e-18
-3.823518829762430446e-18
-2.562981317984489318e-18
-1.718017755059848822e-18
-1.151621740661757224e-18
-7.719551382160332298e-19
-5.174570037864203907e-19
-3.468618025995777868e-19
-2.325084194865541475e-19
-1.558550544538998141e-19
-1.044727672764253409e-19
-7.003019017020417190e-20
-4.694264029877589850e-20
-3.146659280610996448e-20
-2.109268793837622599e-20
-1.413885154986774635e-20
-9.477555621798430567e-21
-6.352995520709264760e-21
-4.258540249906051040e-21
-2.854584896361630951e-21
-1.913485479141771969e-21
-1.282647674466841733e-21
-8.597844481961202520e-22
-5.763307508955508198e-22
-3.863260554720580381e-22
-2.589620992887972637e-22
-1.735874863167525968e-22
-1.163591718190566804e-22
-7.799788541041903787e-23
-5.228354613899431790e-23
-3.504670905479719044e-23
-2.349251162700934212e-23
-1.574750147530971731e-23
-1.055586591387592228e-23
-7.075808525335304236e-24
-4.743056296442137035e-24
-3.179365714980726326e-24
-2.131192572430016950e-24
-1.428581103262103329e-24
-9.576065509042921781e-25
-6.419028672861958110e-25
-4.302803595496921939e-25
-2.884255504215815025e-25
-1.933374282364494305e-25
-1.295979537958681558e-25
-8.687210635457111194e-26
-5.823211433080913660e-26
-3.903415355898065298e-26
-2.616537561061815985e-26
-1.753917578384926128e-26
-1.175686111885702239e-26
-7.880859686426868320e-27
-5.282698227806080064e-27
-3.541098519255366597e-27
-2.373669322443977826e-27
-1.591118129494034493e-27
-1.066558377810582949e-27
-7.149354609136877463e-28
-4.792355710721748284e-28
-3.212412100630142799e-28
-2.153344227179845280e-28
-1.443429801493774179e-28
-9.675599309865147543e-29
-6.485748174811261835e-29
-4.347527015115023739e-29
-2.914234508913113417e-29
-1.953469810173275435e-29
-1.309449973084574344e-29
-8.777505662394258856e-30
-5.883737999694171530e-30
-3.943987526816670469e-30
-2.643733900539722456e-30
-1.772147829915756997e-30
-1.187906214931098743e-30
-7.962773486786315557e-31
-5.337606690234017254e-31
-3.577904762317782332e-31
-2.398341284987975056e-31
-1.607656240562327621e-31
-1.077644205183216054e-31
-7.223665132284595400e-32
-4.842167544019024749e-32
-3.245801971019092780e-32
-2.175726126636105489e-32
-1.458432837367649365e-32
-9.776167666841789237e-33
-6.553161160489479389e-33
-4.392715290778246793e-33
-2.944525115935956045e-33
-1.973774211267275066e-33
-1.323060420160648575e-33
-8.868739217500131211e-34
-5.944893680552735045e-34
-3.984981405625123685e-34
-2.671212919269784643e-34
-1.790567567015931628e-34
-1.200253333952035359e-34
-8.045538700691531634e-35
-5.393085872229110885e-35
-3.615093570146753251e-35
-2.423269688363935819e-35
-1.624366249060873742e-35
-1.088845258849217287e-35
-7.298748040375013111e-36
-4.892497122426682286e-36
-3.279538896334314819e-36
-2.198340663966474969e-36
-1.473591815072016981e-36
-9.877781333168239927e-37
-6.621274837979276527e-37
-4.438373254208926370e-37
-2.975130564084661070e-37
-1.994289656679256167e-37
-1.336812334473649622e-37
-8.960921055853822255e-38
-6.006685014681715270e-38
-4.026401375563008757e-38
-2.698977555425341731e-38
-1.809178759201888098e-38
-1.212728789154903546e-38
-8.129164177750668893e-39
-5.449141705861067569e-39
-3.652668919127492325e-39
-2.448457198022510194e-39
-1.641249941694732085e-39
-1.100162736472812570e-39
-7.374611361591464199e-40
-4.943349827396911029e-40
-3.313626483870994820e-40
-2.221190257213306379e-40
-1.488908355469149665e-40
-9.980451173809228363e-41
-6.690096490284213560e-41
-4.484505787350221667e-41
-3.006054125823674179e-41
-2.015018340007765888e-41
-1.350707186436655374e-41
-9.054061033928826193e-42
-6.069118609072710940e-42
-4.068251865429350933e-42
-2.727030777719201592e-42
-1.827983396461329774e-42
-1.225333914468335910e-42
-8.213658859554519570e-43
-5.505780184857591879e-43
-3.690634826975883402e-43
-2.473906507119193272e-43
-1.658309123739995830e-43
-1.111597848166724272e-43
-7.451263207562319739e-44
-4.994731096316882032e-44
-3.348068378418752558e-44
-2.244277349552113778e-44
-1.504384096268528165e-44
-1.008418816665997692e-44
-6.759633476107621896e-45
-4.531117822888484397e-45
-3.037299107631497501e-45
-2.035962477651568698e-45
-1.364746461746225972e-45
-9.148169110647139026e-46
-6.132201139390768750e-46
-4.110537350056196877e-46
-2.755375585720907945e-46
-1.846983489465905079e-46
-1.238070057685861819e-46
-8.299031780633288667e-47
-5.563007365245306715e-47
-3.728995353167866652e-47
-2.499620336802155234e-47
-1.675545619236855035e-47
-1.123151816621656217e-47
-7.528711774228361671e-48
-5.046646423089858800e-48
-3.382868262651168868e-48
-2.267604409552854105e-48
-1.520020692202079188e-48
-1.018900340372016244e-48
-6.829893230639043607e-49
-4.578214344780438758e-49
-3.068868850354273986e-49
-2.057124309046804416e-49
-1.378931661541278859e-49
-9.243255348443584883e-50
-6.195939350687837745e-50
-4.153262350787136111e-50
-2.784015010177704776e-50
-1.866181069786219294e-50
-1.250938580609947958e-50
-8.385292069422126848e-51
-5.620829365997369739e-51
-3.767754599373808109e-51
-2.525601436503228373e-51
-1.692961271184535636e-51
-1.134825877236965755e-51
-7.606965342719241526e-52
-5.099101358723045148e-52
-3.418029857519603849e-52
-2.291173931443749767e-52
-1.535819815201022386e-52
-1.029490809228005055e-52
-6.900883266349799577e-53
-4.625800388786144492e-53
-3.100766729562832953e-53
-2.078506096906325040e-53
-1.393264302563616657e-53
-9.339329914342511244e-54
-6.260340058124059295e-54
-4.196431435960512083e-54
-2.812952113338438521e-54
-1.885578190109087235e-54
-1.263940859197713426e-54
-8.472448949237319402e-55
-5.679252369687412261e-55
-3.806916709896858401e-55
-2.551852584231928212e-55
-1.710557941738501315e-55
-1.146621278252774257e-55
-7.686032280238497946e-56
-5.152101511920850281e-56
-3.453556922651100384e-56
-2.314988435378173557e-56
-1.551783154574660973e-56
-1.040191355611810298e-56
-6.972611173795986638e-57
-4.673881043007511961e-57
-3.132996155913879305e-57
-2.100110127461660817e-57
-1.407745917320004748e-57
-9.436403081044503020e-58
-6.325410147696564366e-58
-4.240049221398236921e-58
-2.842189989281026193e-58
-1.905176924456880022e-58
-1.277078283708002479e-58
-8.560511739262586755e-59
-5.738282623151094348e-59
-3.846485872116128962e-59
-2.578376586872304809e-59
-1.728337512409497422e-59
-1.158539280883450116e-59
-7.765921040958862575e-60
-5.205652549684655074e-60
-3.489453256750141445e-60
-2.339050467704019556e-60
-1.567912417191032924e-60
-1.051003123671337800e-60
-7.045084622429678775e-61
-4.722461448432009341e-61
-3.165560575514548734e-61
-2.121938710707504882e-61
-1.422378054246251760e-61
-9.534485228024251643e-62
-6.391156576975302145e-62
-4.284120370899160934e-62
-2.871731764243329209e-62
-1.924979368409585348e-62
-1.290352258849961556e-62
-8.649489855544926088e-63
-5.797926438153801952e-63
-3.886466316934484510e-63
-2.605176280483470479e-63
-1.746301884264625524e-63
-1.170581159452380839e-63
-7.846640166925897103e-64
-5.259760197918833690e-64
-3.525722698005355504e-64
-2.363362601235835421e-64
-1.584209327659304198e-64
-1.061927269446698230e-64
-7.118311361420074305e-65
-4.771546799483091023e-65
-3.198463470290694984e-65
-2.143994180648557035e-65
-1.437162277872516270e-65
-9.633586842641840263e-66
-6.457586375847969425e-66
-4.328649596737502986e-66
-2.901580596957218459e-66
-1.944987639328524702e-66
-1.303764203933438624e-66
-8.739392812002762322e-67
-5.858190192065193089e-67
-3.926862319230648378e-67
-2.632254530602365619e-67
-1.764452978130887612e-67
-1.182748201528410981e-67
-7.928198288970894360e-68
-5.314430242042616596e-68
-3.562369124499281336e-68
-2.387927435530284982e-68
-1.600675628514417462e-68
-1.072964960993904162e-68
-7.192299220480576357e-69
-4.821142344574742909e-69
-3.231708358359692865e-69
-2.166278895549417372e-69
-1.452100168990711248e-69
-9.733718521262075298e-70
-6.524706647270497154e-70
-4.373641660167376676e-70
-2.931739678986769082e-70
-1.965203876582910561e-70
-1.317315553020465754e-70
-8.830230221441623548e-71
-5.919080328542008336e-71
-3.967678198316904047e-71
-2.659614232550374168e-71
-1.782792734800198339e-71
-1.195041708063299241e-71
-8.010604127634953161e-72
-5.369668527609513432e-72
-3.599396454623311956e-72
-2.412747597163601589e-72
-1.617313080403120263e-72
-1.084117378509854966e-72
-7.267056110707585364e-73
-4.871253386673054889e-73
-3.265298794405927343e-73
-2.188795238186348245e-73
-1.467193324823652818e-73
-9.834890970389680055e-74
-6.592524568027066920e-74
-4.419101371930961359e-74
-2.962212235068985950e-74
-1.985630241778765674e-74
-1.331007755078891952e-74
-8.922011796582708558e-75
-5.980603358215803740e-75
-4.008918318400207578e-75
-2.687258311743129707e-75
-1.801323115237298578e-75
-1.207462993530920550e-75
-8.093866494099728788e-76
-5.425480960931372307e-76
-3.636808647496981226e-76
-2.437825740012973308e-76
-1.634123462272353512e-76
-1.095385714458316025e-76
-7.342590025424968329e-77
-4.921885283863662377e-77
-3.299238370061606816e-77
-2.211545616102231511e-77
-1.482443359195555549e-77
-9.937115007812152856e-78
-6.661047389498045845e-78
-4.465033592773880548e-78
-2.993001523458846051e-78
-2.006268918989660817e-78
-1.344842274137052405e-78
-9.014747351102175634e-79
-6.042765859390434809e-79
-4.050587089049161944e-79
-2.715189724002785479e-79
-1.820046100789083074e-79
-1.220013386067916958e-79
-8.177994291131376742e-80
-5.481873509710349068e-80
-3.674609703390572347e-80
-2.463164545539831020e-80
-1.651108571559604747e-80
-1.106771173697666413e-80
-7.418909041039341263e-81
-4.973043449923683711e-81
-3.333530714290153898e-81
-2.234532461864180990e-81
-1.497851902704919546e-81
-1.004040156375725870e-81
-6.730282438434032932e-82
-4.511443233964057717e-82
-3.024110836277943321e-82
-2.027122114990695475e-82
-1.358820589440417785e-82
-9.108446800678700401e-83
-6.105574478744257203e-83
-4.092688965665851364e-83
-2.743411455874670963e-83
-1.838963693396599145e-83
-1.232694227615470626e-83
-8.262996514030880348e-84
-5.538852203677475010e-84
-3.712803664153666298e-84
-2.488766723076761445e-84
-1.668270224384772462e-84
-1.118274973609512615e-84
-7.496021317904274436e-85
-5.024733354901697871e-85
-3.368179493774499623e-85
-2.257758233323205774e-85
-1.513420602898589381e-85
-1.014476168206261759e-85
-6.800237117740764946e-86
-4.558335257817226387e-86
-3.055543499865903692e-86
-2.048192059494057662e-86
-1.372944195609879700e-86
-9.203120164055729921e-87
-6.169035932041323411e-87
-4.135228449961429118e-87
-2.771926524946093519e-87
-1.858077915809264538e-87
-1.245506874063063939e-87
-8.348882251596533085e-88
-5.596423135236288637e-88
-3.751394613646591046e-88
-2.514635010117417906e-88
-1.685610255744728421e-88
-1.129898344228945540e-88
-7.573935101191352333e-89
-5.076960525701646442e-89
-3.403188413309432281e-89
-2.281225413877519741e-89
-1.529151124448040635e-89
-1.025020652135454398e-89
-6.870918907269344451e-90
-4.605714678227905146e-90
-3.087302875136731389e-90
-2.069481005387603346e-90
-1.387214602801291572e-90
-9.298777564110940281e-91
-6.233157004849979524e-91
-4.178210090438382266e-91
-2.800737980169213167e-91
-1.877390811800779948e-91
-1.258452695393213683e-91
-8.435660687096484871e-92
-5.654592460115516042e-92
-3.790386678177389948e-92
-2.540772172608727632e-92
-1.703130519709192231e-92
-1.141642528376161705e-92
-7.652658721773480026e-93
-5.129730546674206332e-93
-3.438561216197059388e-93
-2.304936512737629187e-93
-1.545045149327504816e-93
-1.035674735624348146e-93
-6.942335364616578289e-94
-4.653586561204604908e-94
-3.119392357937573917e-94
-2.090991228975924209e-94
-1.401633336867251573e-94
-9.395429228939373473e-95
-6.297944553267196727e-95
-4.221638482876066468e-95
-2.829848902187295553e-95
-1.896904446388080341e-95
-1.271533075828059798e-95
-8.523341099248981746e-96
-5.713366398026163976e-96
-3.829784026943351215e-96
-2.567181005247208719e-96
-1.720832889619117849e-96
-1.153508781789122695e-96
-7.732200597114165373e-97
-5.183049060214335748e-97
-3.474301684647830589e-97
-2.328894065194819968e-97
-1.561104376993510038e-97
-1.046439557852751379e-97
-7.014494125933663682e-98
-4.701956025412548425e-98
-3.151815379412073243e-98
-2.112725030223324670e-98
-1.416201939519978613e-98
-9.493085492947882565e-99
-6.363405504653048220e-99
-4.265518270822447381e-99
-2.859262403663547315e-99
-1.916620906051765469e-99
-1.284749413977480739e-99
-8.611932863216406046e-100
-5.772751233327024211e-100
-3.869590872476041850e-100
-2.593864331777289344e-100
-1.738719258287145501e-100
-1.165498373258085235e-100
-7.812569232168180329e-101
-5.236921767363563972e-101
-3.510413640184265398e-101
-2.353100632892439262e-101
-1.577330524566942875e-101
-1.057316269841126314e-101
-7.087402906741302167e-102
-4.750828242720061294e-102
-3.184575406367508762e-102
-2.134684733000221101e-102
-1.430921968496276526e-102
-9.591756797958262111e-103
-6.429546858370184433e-103
-4.309854146090977310e-103
-2.888981629614578873e-103
-1.936542298959349495e-103
-1.298103122988386799e-103
-8.701445451606023407e-104
-5.832753315697120322e-104
-3.909811471092599118e-104
-2.620825005293446584e-104
-1.756791538199647976e-104
-1.177612584761036264e-104
-7.893773220291615521e-105
-5.291354428420742421e-105
-3.546900944049855365e-105
-2.377558804099338103e-105
-1.593725327016344264e-105
-1.068306034573753993e-105
-7.161069502756260387e-106
-4.800208438751961538e-106
-3.217675941644861052e-106
-2.156872685331201461e-106
-1.445794997724215643e-106
-9.691453694325876952e-107
-6.496375686532750908e-107
-4.354650849261416951e-107
-2.919009757746115422e-107
-1.956670755190845016e-107
-1.311595630696108912e-107
-8.791888435483542116e-108
-5.893379060813499008e-108
-3.950450123350066820e-108
-2.648065908545498716e-108
-1.775051661721615622e-108
-1.189852711600864689e-108
-7.975821244159174108e-109
-5.346352863556929215e-109
-3.583767497622231785e-109
-2.402271193987148800e-109
-1.610290537343546506e-109
-1.079410027122874254e-109
-7.235501790723523178e-110
-4.850101893448714994e-110
-3.251120524494065391e-110
-2.179291259646261304e-110
-1.460822617491139991e-110
-9.792186842065862266e-111
-6.563899134763132927e-111
-4.399913170187691610e-111
-2.949349998793012328e-111
-1.977008426966133409e-111
-1.325228379776815608e-111
-8.883271485397256671e-112
-5.954634951038537118e-112
-3.991511174505669098e-112
-2.675589954246318161e-112
-1.793501581302926636e-112
-1.202220062543928607e-112
-8.058722076694338270e-113
-5.401922953438294492e-113
-3.621017242829610598e-113
-2.427240444909443327e-113
-1.627027926771208273e-113
-1.090629434774571658e-113
-7.310707729259308546e-114
-4.900513941630036476e-114
-3.284912730951813018e-114
-2.201942853034601886e-114
-1.476006434614034660e-114
-9.893967011994021083e-115
-6.632124422954702234e-115
-4.445645948509185245e-115
-2.980005596862728861e-115
-1.997557488875532463e-115
-1.339002827901913417e-115
-8.975604372410311523e-116
-6.016527536111901884e-116
-4.032999014981084636e-116
-2.703400085383870029e-116
-1.812143269687308274e-116
-1.214715959959928869e-116
-8.142484582005838087e-117
-5.458070639854450338e-117
-3.658654162573089823e-117
-2.452469226684532562e-117
-1.643939284932108504e-117
-1.101965457155512096e-117
-7.386695359701419587e-118
-4.951449973566411123e-118
-3.319056174224276973e-118
-2.224829887500814658e-118
-1.491348072611046235e-118
-9.996805086877642382e-119
-6.701058846045286975e-119
-4.491854074168706763e-119
-3.010979829782038986e-119
-2.018320138111923519e-119
-1.352920447893796304e-119
-9.068896969147478397e-120
-6.079063433851545808e-120
-4.074918080832800588e-120
-2.731499275535364146e-120
-1.830978720123118157e-120
-1.227341739963232476e-120
-8.227117716336342398e-121
-5.514801926355013077e-121
-3.696682281151809195e-121
-2.477960236880727896e-121
-1.661026420060410972e-121
-1.113419306361333217e-121
-7.463472806970730172e-122
-5.002915435554475699e-122
-3.353554505073172329e-122
-2.247954810223725519e-122
-1.506849171875238772e-122
-1.010071206260140460e-122
-6.770709774795864360e-123
-4.538542487934962685e-123
-3.042276009447338219e-123
-2.039298594705906888e-123
-1.366982727883631571e-123
-9.163159250849005486e-124
-6.142249330860789778e-124
-4.117272854225072809e-124
-2.759890529185501946e-124
-1.850009946576887231e-124
-1.240098752555837863e-124
-8.312630529019398382e-125
-5.572122878889670250e-125
-3.735105664693647646e-125
-2.503716201105337428e-125
-1.678291159185144132e-125
-1.124992207086153783e-125
-7.541048280437432658e-126
-5.054915830499912686e-126
-3.388411412206868189e-126
-2.271320093818245039e-126
-1.522511389849866622e-126
-1.020569904933970920e-126
-6.841084656579430600e-127
-4.585716181931873030e-127
-3.073897482179019126e-127
-2.060495101763005388e-127
-1.381191171470018698e-127
-9.258401296438224762e-128
-6.206091983244681493e-128
-4.160067863910081955e-128
-2.788576882047494622e-128
-1.869238983948038417e-128
-1.252988361771689207e-128
-8.399032163448904008e-129
-5.630039626458012198e-129
-3.773928421589679264e-129
-2.529739873295259111e-129
-1.695735348325509050e-129
-1.136685396753777220e-129
-7.619430074800482982e-130
-5.107456718505420097e-130
-3.423630622673665715e-130
-2.294928236599688420e-130
-1.538336401205939184e-130
-1.031177727274688203e-130
-6.912191016176713716e-131
-4.633380200170812637e-131
-3.105847629079189659e-131
-2.081911925703972149e-131
-1.395547297880064960e-131
-9.354633289598452752e-132
-6.270598217330301552e-132
-4.203307685711941065e-132
-2.817561401388288948e-132
-1.888667888286880807e-132
-1.266011945822452388e-132
-8.486331858053950840e-133
-5.688558361764565408e-133
-3.813154702934314155e-133
-2.556034036012002181e-133
-1.713360852688167661e-133
-1.148500125649620937e-133
-7.698626570974089677e-134
-5.160543717466371743e-134
-3.459215902261065599e-134
-2.318781762850774434e-134
-1.554325898020767029e-134
-1.041895807515690700e-134
-6.984036456582335549e-135
-4.681539639090960559e-135
-3.138129866393016271e-135
-2.103551356506428856e-135
-1.410052642131753019e-135
-9.451865519863993292e-136
-6.335774930398047301e-136
-4.246996943015723396e-136
-2.846847186355584019e-136
-1.908298737014348728e-136
-1.279170897245166867e-136
-8.574538947288496980e-137
-5.747685341880611457e-137
-3.852788702967868697e-137
-2.582601500739071582e-137
-1.731169556867066469e-137
-1.160437657054655711e-137
-7.778646236983396648e-138
-5.214182503669781403e-138
-3.495171055898232349e-138
-2.342883223092057248e-138
-1.570481589959230435e-138
-1.052725291679559396e-138
-7.056628659815401380e-139
-4.730199648103979603e-139
-3.170747645874716458e-139
-2.125415707950182803e-139
-1.424708755197988946e-139
-9.550108383717160611e-140
-6.401629091418777848e-140
-4.291140307262776131e-140
-2.876437368309836729e-140
-1.928133629144017249e-140
-1.292466623050711287e-140
-8.663662862628998371e-141
-5.807426888914530604e-141
-3.892834659525885862e-141
-2.609445108182435361e-141
-1.749163365044363488e-141
-1.172499267380418057e-141
-7.859497628871683780e-142
-5.268378812402384566e-142
-3.531499928062633065e-142
-2.367235194353854937e-142
-1.586805204456497823e-142
-1.063667337700835229e-142
-7.129975387742459833e-143
-4.779365430144337778e-143
-3.203704455155568464e-143
-2.147507317864512311e-143
-1.439517204172763002e-143
-9.649372385702031717e-144
-6.468167741798592222e-144
-4.335742498448768427e-144
-2.906335111158921984e-144
-1.948174685506977038e-144
-1.305900544874533852e-144
-8.753713133582339962e-145
-5.867789390685828560e-145
-3.933296854492049459e-145
-2.636567728574855984e-145
-1.767344201194418579e-145
-1.184686246305422476e-145
-7.941189391612575239e-146
-5.323138438563593080e-146
-3.568206403191906813e-146
-2.391840280452316444e-146
-1.603298486902638584e-146
-1.074723115549471960e-146
-7.204084482907040643e-147
-4.829042242226717630e-147
-3.237003818117534091e-147
-2.169828548378011437e-147
-1.454479572438225954e-147
-9.749668139547108431e-148
-6.535397996133200457e-148
-4.380808285629331629e-148
-2.936543611696263688e-148
-1.968424048977946570e-148
-1.319474099128586661e-148
-8.844699388706776940e-149
-5.928779301409452320e-149
-3.974179614255793853e-149
-2.663972261981903632e-149
-1.785714009289416703e-149
-1.196999896913326892e-149
-8.023730260036149846e-150
-5.378467237284800413e-150
-3.605294406098007184e-150
-2.416701112267704136e-150
-1.619963200829612939e-150
-1.085893807356172436e-150
-7.278963869367802677e-151
-4.879235396006491694e-151
-3.270649295269866194e-151
-2.192381786171653187e-151
-1.469597459834313336e-151
-9.851006369299619001e-152
-6.603327042966446497e-152
-4.426342487429750786e-152
-2.967066099943315520e-152
-1.988883884704833204e-152
-1.333188737154839442e-152
-8.936631356638481409e-153
-5.990403142385580917e-153
-4.015487310175803999e-153
-2.691661638612631469e-153
-1.804274753507122009e-153
-1.209441535831863324e-153
-8.107129059762472937e-154
-5.434371124556664213e-154
-3.642767902387655180e-154
-2.441820348025559027e-154
-1.636801128099290778e-154
-1.097180607538727712e-154
-7.354621553547456707e-155
-4.929950258348747936e-155
-3.304644484129632219e-155
-2.215169442733246879e-155
-1.484872482829725020e-155
-9.953397910474413274e-156
-6.671962145560396717e-156
-4.472349972559935898e-156
-2.997905839493934475e-156
-2.009556380340131681e-156
-1.347045925380763916e-156
-9.029518867133744079e-157
-6.052667502696559010e-157
-4.057224359046067936e-157
-2.719638819132739221e-157
-1.823028418441307058e-157
-1.222012493373883580e-157
-8.191394708144801105e-158
-5.490856077859839372e-158
-3.680630898886160919e-158
-2.467200673581483721e-158
-1.653814069094338368e-158
-1.108584722929667029e-158
-7.431065625086376502e-159
-4.981192251901870367e-159
-3.338993019607117114e-159
-2.238193954615772161e-159
-1.500306274694682798e-159
-1.005685371120921175e-159
-6.741310642671602093e-160
-4.518835660336019198e-160
-3.029066127863997473e-160
-2.030443746274721430e-160
-1.361047145475678128e-160
-9.123371852119527965e-161
-6.115579039912809219e-161
-4.099395223569037756e-161
-2.747906794980983710e-161
-1.841977009313340732e-161
-1.234714113679535986e-161
-8.276536215224919904e-162
-5.547928136805330134e-162
-3.718887444065640143e-162
-2.492844802707497720e-162
-1.671003842910632079e-162
-1.120107372905546864e-162
-7.508304257709221796e-163
-5.032966855677061135e-163
-3.373698574393370661e-163
-2.261457783697786502e-163
-1.515900485675903252e-163
-1.016138483343742614e-163
-6.811379949335390137e-164
-4.565804521204832835e-164
-3.060550296843823563e-164
-2.051548215874671293e-164
-1.375193894509474524e-164
-9.218200346754897728e-165
-6.179144480802628772e-165
-4.142004412832579419e-165
-2.776468588689660442e-165
-1.861122552187002215e-165
-1.247547754859915304e-165
-8.362562684693758488e-166
-5.605593403779967860e-166
-3.757541628478735420e-166
-2.518755477382754492e-166
-1.688372287551668767e-166
-1.131749789516957936e-166
-7.586345710098496635e-167
-5.085279605635325237e-167
-3.408764859353646492e-167
-2.284963417446528018e-167
-1.531656783172543291e-167
-1.026700245407041828e-167
-6.882177557660268640e-168
-4.613261577276379857e-168
-3.092361712854243433e-168
-2.072872045719351993e-168
-1.389487685112617447e-168
-9.314014490506119090e-169
-6.243370622052814461e-169
-4.185056482791858205e-169
-2.805327254206852727e-169
-1.880467094185013724e-169
-1.260514789142560513e-169
-8.449483314866645091e-170
-5.663858044598582080e-170
-3.796597585194734142e-170
-2.544935468086589046e-170
-1.705921260125475564e-170
-1.143513217620510389e-170
-7.665198326777164432e-171
-5.138136095277690693e-171
-3.444195623924000356e-171
-2.308713369184404364e-171
-1.547576851914821022e-171
-1.037371786619197292e-171
-6.953711037626694189e-172
-4.661211902860564995e-172
-3.124503777307257363e-172
-2.094417515843177424e-172
-1.403930045637799993e-172
-9.410824528227686644e-173
-6.308264330995050281e-173
-4.228556036757438926e-173
-2.834485877223591507e-173
-1.900012703707822410e-173
-1.273616603017756024e-173
-8.537307399666361214e-174
-5.722728289164564529e-174
-3.836059490242333244e-174
-2.571387574094603947e-174
-1.723652637042605137e-174
-1.155398915011876458e-174
-7.744870539002623723e-175
-5.191541976244422489e-175
-3.479994656511996374e-175
-2.332710178356953199e-175
-1.563662394144072914e-175
-1.048154248026817178e-175
-7.025988037898028873e-176
-4.709660625009497823e-176
-3.156979926968676244e-176
-2.116186929979280300e-176
-1.418522520323680976e-176
-9.508640811259825138e-177
-6.373832546339826666e-177
-4.272507725886066063e-177
-2.863947575503637402e-177
-1.919761470655190468e-177
-1.286854597387063202e-177
-8.626044329616408126e-178
-5.782210432134067448e-178
-3.875931563055950217e-178
-2.598114623778563144e-178
-1.741568314217153738e-178
-1.167408152560213471e-178
-7.825370865665607120e-179
-5.245502958919039343e-179
-3.516165784902572785e-179
-2.356956410804885864e-179
-1.579915129794672484e-179
-1.059048782536391847e-179
-7.099016286637981944e-180
-4.758612924066762683e-180
-3.189793634326293228e-180
-2.138182615805716860e-180
-1.433266669459524509e-180
-9.607473798534777746e-181
-6.440082278919810837e-181
-4.316916249678929922e-181
-2.893715499216681368e-181
-1.939715506649012856e-181
-1.300230187713039269e-181
-8.715703592847026642e-182
-5.842310833590339311e-182
-3.916218066926656568e-182
-2.625119474907938388e-182
-1.759670207269382628e-182
-1.179542214344315211e-182
-7.906707914202793683e-183
-5.300024813038589630e-183
-3.552712876666137968e-183
-2.381454659038308632e-183
-1.596336796678292253e-183
-1.070056555037802122e-183
-7.172803592336527250e-184
-4.808074034219728418e-184
-3.222948407961004395e-184
-2.160406925194836904e-184
-1.448164069552349991e-184
-9.707334057694568066e-185
-6.507020612437300290e-185
-4.361786356483924155e-185
-2.923792831275827653e-185
-1.959876945259529546e-185
-1.313744804170511216e-185
-8.806294776106789270e-186
-5.903035919723448155e-186
-3.956923309458919606e-186
-2.652405014956056919e-186
-1.777960251730444111e-186
-1.191802397789515159e-186
-7.988890381516713107e-187
-5.355113368311776899e-187
-3.589639839572898992e-187
-2.406207542513788754e-187
-1.612929150669181937e-187
-1.081178742528815145e-187
-7.247357844646453802e-188
-4.858049244060271859e-188
-3.256447792921773263e-188
-2.182862234464028705e-188
-1.463216313495419686e-188
-9.808232266223146018e-189
-6.574654704223090713e-189
-4.407122844003104532e-189
-2.954182787676945856e-189
-1.980247942233348499e-189
-1.327399891799793019e-189
-8.897827565789600498e-190
-5.964392183517063118e-190
-3.998051643029855206e-190
-2.679974161408697217e-190
-1.796440403249740388e-190
-1.204190013806675789e-190
-8.071927054905204284e-191
-5.410774515040501883e-191
-3.626950622010496080e-191
-2.431217707914983284e-191
-1.629693965892270144e-191
-1.092416534240872753e-191
-7.322687015224521313e-192
-4.908543897149990054e-192
-3.290295371105425432e-192
-2.205550944630290208e-192
-1.478425010738473210e-192
-9.910179212584765092e-193
-6.642991786001406053e-193
-4.452930559806684533e-193
-2.984888617843189478e-193
-2.000830675723834266e-193
-1.341196910660750494e-193
-8.990311748969918946e-194
-6.026386185444058524e-194
-4.039607465255494639e-194
-2.707829862075882712e-194
-1.815112637803425816e-194
-1.216706386932290792e-194
-8.155826813002816492e-195
-5.467014204750874220e-195
-3.664649213405974976e-195
-2.456487829434818086e-195
-1.646633034912772507e-195
-1.103771131766496379e-195
-7.398799158585444608e-196
-4.959563392591275719e-196
-3.324494761638530648e-196
-2.228475481666832525e-196
-1.493791787460153572e-196
-1.001318579737972733e-196
-6.712039164662759736e-197
-4.499214401849857266e-197
-3.015913604972276339e-197
-2.021627346524458408e-197
-1.355137335989212928e-197
-9.083757214448719623e-198
-6.089024554165974901e-198
-4.081595219460766986e-198
-2.735975095407692952e-198
-1.833978951906089141e-198
-1.229352855470041233e-198
-8.240598626727414416e-199
-5.523838450829272331e-199
-3.702739644653185763e-199
-2.482020609061966832e-199
-1.663748168927766145e-199
-1.115243749187396157e-199
-7.475702412962713437e-200
-5.011113185605734787e-200
-3.359049621265111796e-200
-2.251638296762349736e-200
-1.509318286741381235e-200
-1.011726303450937760e-200
-6.781804223046766447e-201
-4.545979318997505091e-201
-3.047261066387367734e-201
-2.042640178303438243e-201
-1.369222658354638315e-201
-9.178173953812904255e-202
-6.152313987243110782e-202
-4.124019395154368237e-202
-2.764412870811808826e-202
-1.853041362824127346e-202
-1.242130771634170674e-202
-8.326251560241202944e-203
-5.581253329165006463e-203
-3.741225988542537329e-203
-2.507818776869621005e-203
-1.681041197960227508e-203
-1.126835613204531513e-203
-7.553405001178337100e-204
-5.063198788115806483e-204
-3.393963644737457619e-204
-2.275041866583620669e-204
-1.525006168741374347e-204
-1.022242205235317107e-204
-6.852294420729267230e-205
-4.593230311553102078e-205
-3.078934353892463947e-205
-2.063871417841954643e-205
-1.383454383819412065e-205
-9.273572062500562809e-206
-6.216261251850336558e-206
-4.166884528509736820e-206
-2.793146228975903412e-206
-1.872301908791335969e-206
-1.255041501693652225e-206
-8.412794771919460129e-207
-5.639264978801245380e-207
-3.780112360197305560e-207
-2.533885091307260406e-207
-1.698513971054141644e-207
-1.138547963269214537e-207
-7.631915231523772557e-208
-5.115825769335228026e-208
-3.429240565210983108e-208
-2.298688693539560076e-208
-1.540857110875076464e-208
-1.032867409496088300e-208
-6.923517294821451332e-209
-4.640972431793101334e-209
-3.110936854129755548e-209
-2.085323335274272128e-209
-1.397834034100195216e-209
-9.369961740882476607e-210
-6.280873185500305962e-210
-4.210195202848673598e-210
-2.822178242192614588e-210
-1.891762649227268396e-210
-1.268086426118554390e-210
-8.500237515329297037e-211
-5.697879602589532192e-211
-3.819402917513432797e-211
-2.560222339496171721e-211
-1.716168356472584887e-211
-1.150382051715571372e-211
-7.711241498645725289e-212
-5.168999756364252219e-212
-3.464884154644175531e-212
-2.322581306049293786e-212
-1.556872807992424894e-212
-1.043603052325140844e-212
-6.995480460775381464e-213
-4.689210784508208391e-213
-3.143271988942429826e-213
-2.106998224330353200e-213
-1.412363146730164790e-213
-9.467353295352261075e-214
-6.346156696775972423e-214
-4.253956049132346965e-214
-2.851512014687884113e-214
-1.911425664956804190e-214
-1.281266939727576806e-214
-8.588589140221026748e-215
-5.757103467854280404e-215
-3.859101861603888342e-215
-2.586833337526598886e-215
-1.734006241897395441e-215
-1.162339143894708464e-215
-7.791392284445441891e-216
-5.222726434791015302e-216
-3.500898224200743564e-216
-2.346722258812383713e-216
-1.573054972559922551e-216
-1.054450281622982773e-216
-7.068191613197865959e-217
-4.737950527547620161e-217
-3.175943215740374443e-217
-2.128898402581591689e-217
-1.427043275223723825e-217
-9.565757139427834028e-218
-6.412118766067156663e-218
-4.298171746456221073e-218
-2.881150682953520029e-218
-1.931293058433061131e-218
-1.294584451837116013e-218
-8.677859093524981546e-219
-5.816942907062589300e-219
-3.899213437248747065e-219
-2.613720930759423308e-219
-1.752029534630910594e-219
-1.174420518309618606e-219
-7.872376158985207198e-220
-5.277011549300653376e-220
-3.537286624657894432e-220
-2.371114133081849990e-220
-1.589405334843217090e-220
-1.065410257221420241e-220
-7.141658526674803148e-221
-4.787196872371578636e-221
-3.208954027869675592e-221
-2.151026211687899971e-221
-1.441875989242532938e-221
-9.665183794867044776e-222
-6.478766446318340343e-222
-4.342847022550117326e-222
-2.911097416081599967e-222
-1.951366953962092776e-222
-1.308040386412250827e-222
-8.768056920363553401e-223
-5.877404318501001476e-223
-3.939741933347745835e-223
-2.640887994130259838e-223
-1.770240161800403528e-223
-1.186627466752076033e-223
-7.954201781404235924e-224
-5.331860904287772872e-224
-3.574053246817886967e-224
-2.395759536940846851e-224
-1.605925643092364120e-224
-1.076484151007511619e-224
-7.215889056600077433e-225
-4.836955084608339431e-225
-3.242307954987055056e-225
-2.173384017648444823e-225
-1.456862874763261306e-225
-9.765643892789453471e-226
-6.546106863782435031e-226
-4.387986654284956741e-226
-2.941355416103795089e-226
-1.971649497929917762e-226
-1.321636182218557623e-226
-8.859192265071302461e-227
-5.938494166961310241e-227
-3.980691683379518784e-227
-2.668337432456706256e-227
-1.788640070563039605e-227
-1.198961294441033186e-227
-8.036877900846812975e-228
-5.387280364477956810e-228
-3.611202021923841917e-228
-2.420661105580038807e-228
-1.622617663729130006e-228
-1.087673147049176757e-228
-7.290891140016664398e-229
-4.887230484616916070e-229
-3.276008563435265523e-229
-2.195974211055126049e-229
-1.472005534247582119e-229
-9.867148174814653755e-230
-6.614147218782382691e-230
-4.433595468180803142e-230
-2.971927918334425743e-230
-1.992142859032578909e-230
-1.335373292976167057e-230
-8.951274872225679718e-231
-6.000218984428114492e-231
-4.022067065865862123e-231
-2.696072180749694945e-231
-1.807231228315377473e-231
-1.211423320161436414e-231
-8.120413357392794984e-232
-5.443275855556082535e-232
-3.648736922081119649e-232
-2.445821501581130630e-232
-1.639483181534857129e-232
-1.098978441721126946e-232
-7.366672796466976890e-233
-4.938028448057347697e-233
-3.310059456626796808e-233
-2.218799207346828142e-233
-1.487305586812599451e-233
-9.969707494213079881e-234
-6.682894786482921579e-234
-4.479678340926158855e-234
-3.002818191714547371e-234
-2.012849228506796051e-234
-1.349253187515507383e-234
-9.044314587691484899e-235
-6.062585370781609085e-235
-4.063872504837413597e-235
-2.724095204525646206e-235
-1.826015622903136744e-235
-1.224014876406255117e-235
-8.204817083008736333e-236
-5.499853364796540710e-236
-3.686661960679767001e-236
-2.471243415200757693e-236
-1.656523999842680200e-236
-1.110401243833585757e-236
-7.443242128845772068e-237
-4.989354406462420805e-237
-3.344464275428086120e-237
-2.241861447069556946e-237
-1.502764668405053449e-237
-1.007333281706030611e-237
-6.752356917664333573e-238
-4.526240199897926712e-238
-3.034029539164008381e-238
-2.033770820365722405e-238
-1.363277349933522089e-238
-9.138321359668036684e-239
-6.125599994501283464e-239
-4.106112470310105677e-239
-2.752409500125532085e-239
-1.844995262833119645e-239
-1.236737309517861210e-239
-8.290098102500243127e-240
-5.557018941708055480e-240
-3.724981192826324328e-240
-2.496929564657289131e-240
-1.673741940728861124e-240
-1.121942774761175852e-240
-7.520607324272814212e-241
-5.041213847822060327e-241
-3.379226698547662649e-241
-2.265163396135382261e-241
-1.518384431975748839e-241
-1.017803522341805269e-241
-6.822541039513326570e-242
-4.573286023686715829e-242
-3.065565297931894646e-242
-2.054909871635012894e-242
-1.377447279753502803e-242
-9.233305239759499830e-243
-6.189269593376838086e-243
-4.148791478759439658e-243
-2.781018095034358548e-243
-1.864172177489419352e-243
-1.249591979832951841e-243
-8.376265534474092306e-244
-5.614778698675539338e-244
-3.763698715776199891e-244
-2.522882696423436393e-244
-1.691138845208921570e-244
-1.133604268573128122e-244
-7.598776654961537043e-245
-5.093612317168475077e-245
-3.414350442932149309e-245
-2.288707546087875165e-245
-1.534166547655774719e-245
-1.028382590850979898e-245
-6.893454656414946924e-246
-4.620820842632764260e-246
-3.097428839955754000e-246
-2.076268642591305104e-246
-1.391764492084189696e-246
-9.329276384046633627e-247
-6.253600975233484719e-247
-4.191914093606646676e-247
-2.809924048203916860e-247
-1.883548417348742000e-247
-1.262580261827593089e-247
-8.463328592319810134e-248
-5.673138811618040907e-248
-3.802818669370463161e-248
-2.549105585517655892e-248
-1.708716573433939241e-248
-1.145386972166123936e-248
-7.677758479109479411e-249
-5.146555417167302615e-249
-3.449839264160633947e-249
-2.312496414367764402e-249
-1.550112702936285987e-249
-1.039071618392585980e-249
-6.965105350752602441e-250
-4.668849739359669046e-250
-3.129623572221126763e-250
-2.097849417005535548e-250
-1.406230517782861598e-250
-9.426245054169501735e-251
-6.318601018654261428e-251
-4.235484925705258770e-251
-2.839130450382069502e-251
-1.903126054201121374e-251
-1.275703544263748989e-251
-8.551296585187238234e-252
-5.732105520647245671e-252
-3.842345236481491040e-252
-2.575601035802858695e-252
-1.726477004888851473e-252
-1.157292145396593818e-252
-7.757561241789461839e-253
-5.200048808720721770e-253
-3.485696956848928772e-253
-2.336532544581314654e-253
-1.566224602847551782e-253
-1.049871747882945869e-253
-7.037500783724292089e-254
-4.717377849321486487e-254
-3.162152937124755779e-254
-2.119654502385246819e-254
-1.420846903618560940e-254
-9.524221618432109281e-255
-6.384276673720463012e-255
-4.279508633832655381e-255
-2.868640424440687027e-255
-1.922907181370821012e-255
-1.288963230338779498e-255
-8.640178918988583091e-256
-5.791685130732718554e-256
-3.882282643456772282e-256
-2.602371880285366060e-256
-1.744422038594779667e-256
-1.169321061216330062e-256
-7.838193475849907260e-257
-5.254098211568077720e-257
-3.521927355054163429e-257
-2.360818506774138274e-257
-1.582503970142485412e-257
-1.060784134117516863e-257
-7.110648696155458657e-258
-4.766410361350294260e-258
-3.195020412845150145e-258
-2.141686230222973501e-258
-1.435615212436991082e-258
-9.623216552902497512e-259
-6.450634962752675263e-259
-4.323989925191575890e-259
-2.898457125711794271e-259
-1.942893913939500886e-259
-1.302360737834319233e-259
-8.729985097401298748e-260
-5.851884012380616289e-260
-3.922635160573840463e-260
-2.629420981416933413e-260
-1.762553593310514637e-260
-1.181475005808212501e-260
-7.919663802833363066e-261
-5.308709404901563046e-261
-3.558534332683528337e-261
-2.385356897703879632e-261
-1.598952545480330759e-261
-1.071809943895202367e-261
-7.184556909332226713e-262
-4.815952518209358390e-262
-3.228229513711622958e-262
-2.163946956244834046e-262
-1.450537023328751850e-262
-9.723240442540396027e-263
-6.517682981059415264e-263
-4.368933555909550278e-263
-2.928583742324005130e-263
-1.963088388973896815e-263
-1.315897499268891739e-263
-8.820724722881263336e-264
-5.912708602309604292e-264
-3.963407102495584546e-264
-2.656751231402879960e-264
-1.780873607739058234e-264
-1.193755278723327524e-264
-8.001980933891266245e-265
-5.363888227982424014e-265
-3.595521803911283762e-265
-2.410150341119737054e-265
-1.615572087612230797e-265
-1.082950356142148968e-265
-7.259233325835338811e-266
-4.866009617157501844e-266
-3.261783790582583696e-266
-2.186439060661669185e-266
-1.465613931796883422e-266
-9.824303982325834881e-267
-6.585427897700917876e-267
-4.414344331550861051e-267
-2.959023495542404076e-267
-1.983492765752567886e-267
-1.329574962050648749e-267
-8.912407497696446266e-268
-5.974165404143715732e-268
-4.004602828730229741e-268
-2.684365552508959908e-268
-1.799384040734331167e-268
-1.206163193020858950e-268
-8.085153670721624717e-269
-5.419640580763459970e-269
-3.632893723594064144e-269
-2.435201488042213623e-269
-1.632364373570550853e-269
-1.094206562038649757e-269
-7.334685930382629712e-270
-4.916587010511152002e-270
-3.295686831224136644e-270
-2.209164948425263823e-270
-1.480847549928608812e-270
-9.926417978399314872e-271
-6.653876956249776155e-271
-4.460227107628931127e-271
-2.989779640115299752e-271
-2.004109225998322462e-271
-1.343394588631675364e-271
-9.005043224956339048e-272
-6.036260989105791263e-272
-4.046226744100620056e-272
-2.712266897375915590e-272
-1.818086871510005664e-272
-1.218700075407406294e-272
-8.169190906507481152e-273
-5.475972424524146005e-273
-3.670654087696582663e-273
-2.460513017045737251e-273
-1.649331198857425615e-273
-1.105579765146150826e-273
-7.410922790688560369e-274
-4.967690106220472461e-274
-3.329942260692572481e-274
-2.232127049483516764e-274
-1.496239506567220769e-274
-1.002959334922504370e-274
-6.723037475570661855e-275
-4.506586790123956856e-275
-3.020855464619562975e-275
-2.024939974110844315e-275
-1.357357856665418387e-275
-9.098641809667171305e-276
-6.099001996718029208e-276
-4.088283299211578517e-276
-2.740458249334303169e-276
-1.836984099852559200e-276
-1.231367266379792877e-276
-8.254101626865009034e-277
-5.532889782503124210e-277
-3.708806933717696777e-277
-2.486087634547001069e-277
-1.666474377638027820e-277
-1.117071181535561500e-277
-7.487952058320206111e-278
-5.019324368445975363e-278
-3.364553741724588526e-278
-2.255327819042003530e-278
-1.511791447485728322e-278
-1.013384112674942065e-278
-6.792916850600681453e-279
-4.553428336011022404e-279
-3.052254291814615583e-279
-2.045987237401696927e-279
-1.371466259163467217e-279
-9.193213259788023586e-280
-6.162395135516697152e-280
-4.130776990928976972e-280
-2.768942622722533870e-280
-1.856077746333454991e-280
-1.244166120367995488e-280
-8.339894910810764073e-281
-5.590398740546557309e-281
-3.747356341120833548e-281
-2.511928075092118900e-281
-1.683795742934002320e-281
-1.128682039918159629e-281
-7.565781969574711942e-282
-5.071495318141046027e-282
-3.399524975125911928e-282
-2.278769737825758914e-282
-1.527505035564019283e-282
-1.023917245758851101e-282
-6.863522553137736050e-283
-4.600756753786040557e-283
-3.083979478996707539e-283
-2.067253266334086681e-283
-1.385721304656264695e-283
-9.288767687297747341e-284
-6.226447183763925812e-284
-4.173712362859206207e-284
-2.797723063211363658e-284
-1.875369852526640695e-284
-1.257098005879536423e-284
-8.426579931725003056e-285
-5.648505447757026951e-285
-3.786306431773135766e-285
-2.538037101650974819e-285
-1.701297146818880512e-285
-1.140413581775959750e-285
-7.644420846357470471e-286
-5.124208533646256940e-286
-3.434859700169662180e-286
-2.302455312343742394e-286
-1.543381950965294839e-286
-1.034559860421654720e-286
-6.934862132644838904e-287
-4.648577104004877813e-287
-3.116034418356839309e-287
-2.088740334761640472e-287
-1.400124517353951357e-287
-9.385315309283492028e-288
-6.291164990177329242e-288
-4.217094005833565522e-288
-2.826802648127038444e-288
-1.894862481226226817e-288
-1.270164305646798756e-288
-8.514165958339105654e-289
-5.707216117149072130e-289
-3.825661370382795336e-289
-2.564417505911820521e-289
-1.718980460617450196e-289
-1.152267061495348718e-289
-7.723877097069305635e-290
-5.177469651281235102e-290
-3.470561694995041663e-290
-2.326387075158655714e-290
-1.559423891316924387e-290
-1.045313094616660253e-290
-7.006943217051122697e-291
-4.696894499822926350e-291
-3.148422537345916682e-291
-2.110450740173166993e-291
-1.414677437308858444e-291
-9.482866449024757198e-292
-6.356555474660239480e-292
-4.260926558402443366e-292
-2.856184486782544435e-292
-1.914557716666397650e-292
-1.283366416773737271e-292
-8.602662355723845915e-293
-5.766537026317999716e-293
-3.865425364947348805e-293
-2.591072108578894034e-293
-1.736847575104304596e-293
-1.164243746500832353e-293
-7.804159217511610277e-294
-5.231284365951364602e-294
-3.506634777010118902e-294
-2.350567585155650127e-294
-1.575632571891452592e-294
-1.056178098125555254e-294
-7.079773513572918204e-295
-4.745714107540205771e-295
-3.181147299038406121e-295
-2.132386803937622600e-295
-1.429381620581289353e-295
-9.581431537104595693e-296
-6.422625629039424952e-296
-4.305214707327481269e-296
-2.885871720809134388e-296
-1.934457664745772500e-296
-1.296705750886263721e-296
-8.692078586287782629e-297
-5.826474518105952965e-297
-3.905602667202350326e-297
-2.618003759676055022e-297
-1.754900400707370086e-297
-1.176344917390153099e-297
-7.885275791787756356e-298
-5.285658431755000957e-298
-3.543082803302757754e-298
-2.374999427817770567e-298
-1.592009725789461226e-298
-1.067156032680401456e-298
-7.153360809535531187e-299
-4.795041147157505122e-299
-3.214212202505110541e-299
-2.154550871551588131e-299
-1.444238639404620333e-299
-9.681021112521762775e-300
-6.489382517817731507e-300
-4.349963188086058699e-300
-2.915867524491249332e-300
-1.954564453250844538e-300
-1.310183734282759903e-300
-8.782424210795854484e-301
-5.887035001284655026e-301
-3.946197573074639545e-301
-2.645215338849180549e-301
-1.773140867711602274e-301
-1.188571868072141684e-301
-7.967235493227112851e-302
-5.340597662596899186e-302
-3.579909671049862888e-302
-2.399685215501628621e-302
-1.608557104126131461e-302
-1.078248072088685008e-302
-7.227712973203431186e-303
-4.844880892930221080e-303
-3.247620783186248907e-303
-2.176945312891754846e-303
-1.459250082354537643e-303
-9.781645823814264067e-304
-6.556833278923644548e-304
-4.395176785376209144e-304
-2.946175105108220673e-304
-1.974880232085017550e-304
-1.323801808086133086e-304
-8.873708889383793492e-305
-5.948224951238741716e-305
-3.987214423144782499e-305
-2.672709755676132377e-305
-1.791570926464768087e-305
-1.200925905904003630e-305
-8.050047085309818228e-306
-5.396107932814063836e-306
-3.617119317936873409e-306
-2.424627587715900083e-306
-1.625276476217040297e-306
-1.089455402358472693e-306
-7.302837954627239216e-307
-4.895238673936100386e-307
-3.281376613268362996e-307
-2.199572522466369226e-307
-1.474417554518417488e-307
-9.883316430205627783e-308
-6.624985124479623875e-308
-4.440860333626708517e-308
-2.976797703274567092e-308
-1.995407173497838918e-308
-1.337561428398946579e-308
-8.965942382597958049e-309
-6.010050910656091058e-309
-4.028657603107618278e-309
-2.700489949976988466e-309
-1.810192547587395724e-309
-1.213408351832040768e-309
-8.133719422601050072e-310
-5.452195177799046182e-310
-3.654715722577638755e-310
-2.449829211405475166e-310
-1.642169629768616437e-310
-1.100779221824862081e-310
-7.378743786487068819e-311
-4.946119874643415372e-311
-3.315483302068859759e-311
-2.222434919673162683e-311
-1.489742677666173294e-311
-9.986043802749481766e-312
-6.693845341572903583e-312
-4.487018717519372195e-312
-3.007738593288731786e-312
-2.016147472317990816e-312
-1.351464066458196698e-312
-9.059134552450025143e-313
-6.072519490254143962e-313
-4.070531544226844323e-313
-2.728558892135874000e-313
-1.829007722201227206e-313
-1.226020540508661579e-313
-8.218261451736117737e-314
-5.508865394433465962e-314
-3.692702904671684593e-314
-2.475292781149606298e-314
-1.659238371176127324e-314
-1.112220741229608527e-314
-7.455438585008559951e-315
-4.997529935915318023e-315
-3.349944498742938818e-315
-2.245534951184181066e-315
-1.505227086268786412e-315
-1.008983895500059158e-315
-6.763421294137120203e-316
-4.533656888724252976e-316
-3.039001097809334630e-316
-2.037103358597379384e-316
-1.365511230650006151e-316
-9.153295330102353911e-317
-6.135637225908021538e-317
-4.112841069689477556e-317
-2.756919900258072921e-317
-1.848018457739619652e-317
-1.238763876898715683e-317
-8.303682259150496069e-318
-5.566128744078108329e-318
-3.731084944263925652e-318
-2.501019587125890956e-318
-1.676483312094351424e-318
-1.123781955404665740e-318
-7.532920089012317810e-319
-5.049449713626707931e-319
-3.384744926529211825e-319
-2.268897665396756505e-319
-1.520882277593109237e-319
-1.019455053628828119e-319
-6.833421947630280953e-320
-4.580976668240037958e-320
-3.070617988903347272e-320
-2.058277480574633103e-320
-1.379925348834601598e-320
-9.248908890148135307e-321
-6.200523855307644129e-321
-4.160032737983295902e-321
-2.781589586086218044e-321
-1.867568141279911937e-321
-1.249986083978353757e-321
-8.399115979301191251e-322
-5.582941798006085949e-322
-3.804305472977598390e-322
-2.519734793790357375e-322
-1.679823195860238250e-322
-1.136350985434867052e-322
-7.410984687618698163e-323
-4.940656458412465442e-323
-3.458459520888725809e-323
-2.470328229206232721e-323
-1.482196937523739633e-323
-9.881312916824930884e-324
-9.881312916824930884e-324
-4.940656458412465442e-324
-4.940656458412465442e-324
0.000000000000000000e+00
0.000000000000000000e+00
0.000000000000000000e+00
0.000000000000000000e+00
0.000000000000000000e+00
0.000000000000000000e+00
0.000000000000000000e+00
0.000000000000000000e+00
0.000000000000000000e+00
0.000000000000000000e+00
0.000000000000000000e+00
0.000000000000000000e+00
0.000000000000000000e+00
0.000000000000000000e+00
0.000000000000000000e+00
0.000000000000000000e+00
0.000000000000000000e+00
0.000000000000000000e+00
0.000000000000000000e+00
0.000000000000000000e+00
0.000000000000000000e+00
0.000000000000000000e+00
0.000000000000000000e+00
0.000000000000000000e+00
0.000000000000000000e+00
0.000000000000000000e+00
0.000000000000000000e+00
0.000000000000000000e+00
0.000000000000000000e+00
0.000000000000000000e+00
0.000000000000000000e+00
0.000000000000000000e+00
0.000000000000000000e+00
0.000000000000000000e+00
0.000000000000000000e+00
0.000000000000000000e+00
0.000000000000000000e+00
0.000000000000000000e+00
0.000000000000000000e+00
0.000000000000000000e+00
0.000000000000000000e+00
0.000000000000000000e+00
0.000000000000000000e+00
0.000000000000000000e+00
0.000000000000000000e+00
0.000000000000000000e+00
0.000000000000000000e+00
0.000000000000000000e+00
0.000000000000000000e+00
0.000000000000000000e+00
0.000000000000000000e+00
0.000000000000000000e+00
0.000000000000000000e+00
0.000000000000000000e+00
0.000000000000000000e+00
0.000000000000000000e+00
0.000000000000000000e+00
0.000000000000000000e+00
0.000000000000000000e+00
0.000000000000000000e+00
0.000000000000000000e+00
0.000000000000000000e+00
0.000000000000000000e+00
0.000000000000000000e+00
0.000000000000000000e+00
0.000000000000000000e+00
0.000000000000000000e+00
0.000000000000000000e+00
0.000000000000000000e+00
0.000000000000000000e+00
0.000000000000000000e+00
0.000000000000000000e+00
0.000000000000000000e+00
0.000000000000000000e+00
0.000000000000000000e+00
0.000000000000000000e+00
0.000000000000000000e+00
0.000000000000000000e+00
0.000000000000000000e+00
0.000000000000000000e+00
0.000000000000000000e+00
0.000000000000000000e+00
0.000000000000000000e+00
0.000000000000000000e+00
0.000000000000000000e+00
0.000000000000000000e+00
0.000000000000000000e+00
0.000000000000000000e+00
0.000000000000000000e+00
0.000000000000000000e+00
0.000000000000000000e+00
0.000000000000000000e+00
0.000000000000000000e+00
0.000000000000000000e+00
0.000000000000000000e+00
0.000000000000000000e+00
0.000000000000000000e+00
0.000000000000000000e+00
0.000000000000000000e+00
0.000000000000000000e+00
0.000000000000000000e+00
0.000000000000000000e+00
0.000000000000000000e+00
0.000000000000000000e+00
0.000000000000000000e+00
0.000000000000000000e+00
0.000000000000000000e+00
0.000000000000000000e+00
0.000000000000000000e+00
0.000000000000000000e+00
0.000000000000000000e+00
0.000000000000000000e+00
0.000000000000000000e+00
0.000000000000000000e+00
0.000000000000000000e+00
0.000000000000000000e+00
0.000000000000000000e+00
0.000000000000000000e+00
0.000000000000000000e+00
0.000000000000000000e+00
0.000000000000000000e+00
0.000000000000000000e+00
0.000000000000000000e+00
0.000000000000000000e+00
0.000000000000000000e+00
0.000000000000000000e+00
0.000000000000000000e+00
0.000000000000000000e+00
0.000000000000000000e+00
0.000000000000000000e+00
0.000000000000000000e+00
0.000000000000000000e+00
0.000000000000000000e+00
0.000000000000000000e+00
0.000000000000000000e+00
0.000000000000000000e+00
0.000000000000000000e+00
0.000000000000000000e+00
0.000000000000000000e+00
0.000000000000000000e+00
0.000000000000000000e+00
0.000000000000000000e+00
0.000000000000000000e+00
0.000000000000000000e+00
0.000000000000000000e+00
0.000000000000000000e+00
0.000000000000000000e+00
0.000000000000000000e+00
0.000000000000000000e+00
0.000000000000000000e+00
0.000000000000000000e+00
0.000000000000000000e+00
0.000000000000000000e+00
0.000000000000000000e+00
0.000000000000000000e+00
0.000000000000000000e+00
0.000000000000000000e+00
0.000000000000000000e+00
0.000000000000000000e+00
0.000000000000000000e+00
0.000000000000000000e+00
0.000000000000000000e+00
0.000000000000000000e+00
0.000000000000000000e+00
0.000000000000000000e+00
0.000000000000000000e+00
0.000000000000000000e+00
0.000000000000000000e+00
0.000000000000000000e+00
0.000000000000000000e+00
0.000000000000000000e+00
0.000000000000000000e+00
0.000000000000000000e+00
0.000000000000000000e+00
0.000000000000000000e+00
0.000000000000000000e+00
0.000000000000000000e+00
0.000000000000000000e+00
0.000000000000000000e+00
0.000000000000000000e+00
0.000000000000000000e+00
0.000000000000000000e+00
0.000000000000000000e+00
0.000000000000000000e+00
0.000000000000000000e+00
0.000000000000000000e+00
0.000000000000000000e+00
0.000000000000000000e+00
0.000000000000000000e+00
0.000000000000000000e+00
0.000000000000000000e+00
0.000000000000000000e+00
0.000000000000000000e+00
0.000000000000000000e+00
0.000000000000000000e+00
0.000000000000000000e+00
0.000000000000000000e+00
0.000000000000000000e+00
0.000000000000000000e+00
0.000000000000000000e+00
0.000000000000000000e+00
0.000000000000000000e+00
0.000000000000000000e+00
0.000000000000000000e+00
0.000000000000000000e+00
0.000000000000000000e+00
0.000000000000000000e+00
0.000000000000000000e+00
0.000000000000000000e+00
0.000000000000000000e+00
0.000000000000000000e+00
0.000000000000000000e+00
0.000000000000000000e+00
0.000000000000000000e+00
0.000000000000000000e+00
0.000000000000000000e+00
0.000000000000000000e+00
0.000000000000000000e+00
0.000000000000000000e+00
0.000000000000000000e+00
0.000000000000000000e+00
0.000000000000000000e+00
0.000000000000000000e+00
0.000000000000000000e+00
0.000000000000000000e+00
0.000000000000000000e+00
0.000000000000000000e+00
0.000000000000000000e+00
0.000000000000000000e+00
0.000000000000000000e+00
0.000000000000000000e+00
0.000000000000000000e+00
0.000000000000000000e+00
0.000000000000000000e+00
0.000000000000000000e+00
0.000000000000000000e+00
0.000000000000000000e+00
0.000000000000000000e+00
0.000000000000000000e+00
0.000000000000000000e+00
0.000000000000000000e+00
0.000000000000000000e+00
0.000000000000000000e+00
0.000000000000000000e+00
0.000000000000000000e+00
0.000000000000000000e+00
0.000000000000000000e+00
0.000000000000000000e+00
0.000000000000000000e+00
0.000000000000000000e+00
0.000000000000000000e+00
0.000000000000000000e+00
0.000000000000000000e+00
0.000000000000000000e+00
0.000000000000000000e+00
0.000000000000000000e+00
0.000000000000000000e+00
0.000000000000000000e+00
0.000000000000000000e+00
0.000000000000000000e+00
0.000000000000000000e+00
0.000000000000000000e+00
0.000000000000000000e+00
0.000000000000000000e+00
0.000000000000000000e+00
0.000000000000000000e+00
0.000000000000000000e+00
0.000000000000000000e+00
0.000000000000000000e+00
0.000000000000000000e+00
0.000000000000000000e+00
0.000000000000000000e+00
0.000000000000000000e+00
0.000000000000000000e+00
0.000000000000000000e+00
0.000000000000000000e+00
0.000000000000000000e+00
0.000000000000000000e+00
0.000000000000000000e+00
0.000000000000000000e+00
0.000000000000000000e+00
0.000000000000000000e+00
0.000000000000000000e+00
0.000000000000000000e+00
0.000000000000000000e+00
0.000000000000000000e+00
0.000000000000000000e+00
0.000000000000000000e+00
0.000000000000000000e+00
0.000000000000000000e+00
0.000000000000000000e+00
0.000000000000000000e+00
0.000000000000000000e+00
0.000000000000000000e+00
0.000000000000000000e+00
0.000000000000000000e+00
0.000000000000000000e+00
0.000000000000000000e+00
0.000000000000000000e+00
0.000000000000000000e+00
0.000000000000000000e+00
0.000000000000000000e+00
0.000000000000000000e+00
0.000000000000000000e+00
0.000000000000000000e+00
0.000000000000000000e+00
0.000000000000000000e+00
0.000000000000000000e+00
0.000000000000000000e+00
0.000000000000000000e+00
0.000000000000000000e+00
0.000000000000000000e+00
0.000000000000000000e+00
0.000000000000000000e+00
0.000000000000000000e+00
0.000000000000000000e+00
0.000000000000000000e+00
0.000000000000000000e+00
0.000000000000000000e+00
0.000000000000000000e+00
0.000000000000000000e+00
0.000000000000000000e+00
0.000000000000000000e+00
0.000000000000000000e+00
0.000000000000000000e+00
0.000000000000000000e+00
0.000000000000000000e+00
0.000000000000000000e+00
0.000000000000000000e+00
0.000000000000000000e+00
0.000000000000000000e+00
0.000000000000000000e+00
0.000000000000000000e+00
0.000000000000000000e+00
0.000000000000000000e+00
0.000000000000000000e+00
0.000000000000000000e+00
0.000000000000000000e+00
0.000000000000000000e+00
0.000000000000000000e+00
0.000000000000000000e+00
0.000000000000000000e+00
0.000000000000000000e+00
0.000000000000000000e+00
0.000000000000000000e+00
0.000000000000000000e+00
0.000000000000000000e+00
0.000000000000000000e+00
0.000000000000000000e+00
0.000000000000000000e+00
0.000000000000000000e+00
0.000000000000000000e+00
0.000000000000000000e+00
0.000000000000000000e+00
0.000000000000000000e+00
0.000000000000000000e+00
0.000000000000000000e+00
0.000000000000000000e+00
0.000000000000000000e+00
0.000000000000000000e+00
0.000000000000000000e+00
0.000000000000000000e+00
0.000000000000000000e+00
0.000000000000000000e+00
0.000000000000000000e+00
0.000000000000000000e+00
0.000000000000000000e+00
0.000000000000000000e+00
0.000000000000000000e+00
0.000000000000000000e+00
0.000000000000000000e+00
0.000000000000000000e+00
0.000000000000000000e+00
0.000000000000000000e+00
0.000000000000000000e+00
0.000000000000000000e+00
0.000000000000000000e+00
0.000000000000000000e+00
0.000000000000000000e+00
0.000000000000000000e+00
0.000000000000000000e+00
0.000000000000000000e+00
0.000000000000000000e+00
0.000000000000000000e+00
0.000000000000000000e+00
0.000000000000000000e+00
0.000000000000000000e+00
0.000000000000000000e+00
0.000000000000000000e+00
0.000000000000000000e+00
0.000000000000000000e+00
0.000000000000000000e+00
0.000000000000000000e+00
0.000000000000000000e+00
0.000000000000000000e+00
0.000000000000000000e+00
0.000000000000000000e+00
0.000000000000000000e+00
0.000000000000000000e+00
0.000000000000000000e+00
0.000000000000000000e+00
0.000000000000000000e+00
0.000000000000000000e+00
0.000000000000000000e+00
0.000000000000000000e+00
0.000000000000000000e+00
0.000000000000000000e+00
0.000000000000000000e+00
0.000000000000000000e+00
0.000000000000000000e+00
0.000000000000000000e+00
0.000000000000000000e+00
0.000000000000000000e+00
0.000000000000000000e+00
0.000000000000000000e+00
0.000000000000000000e+00
0.000000000000000000e+00
0.000000000000000000e+00
0.000000000000000000e+00
0.000000000000000000e+00
0.000000000000000000e+00
0.000000000000000000e+00
0.000000000000000000e+00
0.000000000000000000e+00
0.000000000000000000e+00
0.000000000000000000e+00
0.000000000000000000e+00
0.000000000000000000e+00
0.000000000000000000e+00
0.000000000000000000e+00
0.000000000000000000e+00
0.000000000000000000e+00
0.000000000000000000e+00
0.000000000000000000e+00
0.000000000000000000e+00
0.000000000000000000e+00
0.000000000000000000e+00
0.000000000000000000e+00
0.000000000000000000e+00
0.000000000000000000e+00
0.000000000000000000e+00
0.000000000000000000e+00
0.000000000000000000e+00
0.000000000000000000e+00
0.000000000000000000e+00
0.000000000000000000e+00
0.000000000000000000e+00
0.000000000000000000e+00
0.000000000000000000e+00
0.000000000000000000e+00
0.000000000000000000e+00
0.000000000000000000e+00
0.000000000000000000e+00
0.000000000000000000e+00
0.000000000000000000e+00
0.000000000000000000e+00
0.000000000000000000e+00
0.000000000000000000e+00
0.000000000000000000e+00
0.000000000000000000e+00
0.000000000000000000e+00
0.000000000000000000e+00
0.000000000000000000e+00
0.000000000000000000e+00
0.000000000000000000e+00
0.000000000000000000e+00
0.000000000000000000e+00
0.000000000000000000e+00
0.000000000000000000e+00
0.000000000000000000e+00
0.000000000000000000e+00
0.000000000000000000e+00
0.000000000000000000e+00
0.000000000000000000e+00
0.000000000000000000e+00
0.000000000000000000e+00
0.000000000000000000e+00
0.000000000000000000e+00
0.000000000000000000e+00
0.000000000000000000e+00
0.000000000000000000e+00
0.000000000000000000e+00
0.000000000000000000e+00
0.000000000000000000e+00
0.000000000000000000e+00
0.000000000000000000e+00
0.000000000000000000e+00
0.000000000000000000e+00
0.000000000000000000e+00
0.000000000000000000e+00
0.000000000000000000e+00
0.000000000000000000e+00
0.000000000000000000e+00
0.000000000000000000e+00
0.000000000000000000e+00
0.000000000000000000e+00
0.000000000000000000e+00
0.000000000000000000e+00
0.000000000000000000e+00
0.000000000000000000e+00
0.000000000000000000e+00
0.000000000000000000e+00
0.000000000000000000e+00
0.000000000000000000e+00
0.000000000000000000e+00
0.000000000000000000e+00
0.000000000000000000e+00
0.000000000000000000e+00
0.000000000000000000e+00
0.000000000000000000e+00
0.000000000000000000e+00
0.000000000000000000e+00
0.000000000000000000e+00
0.000000000000000000e+00
0.000000000000000000e+00
0.000000000000000000e+00
0.000000000000000000e+00
0.000000000000000000e+00
0.000000000000000000e+00
0.000000000000000000e+00
0.000000000000000000e+00
0.000000000000000000e+00
0.000000000000000000e+00
0.000000000000000000e+00
0.000000000000000000e+00
0.000000000000000000e+00
0.000000000000000000e+00
0.000000000000000000e+00
0.000000000000000000e+00
0.000000000000000000e+00
0.000000000000000000e+00
0.000000000000000000e+00
0.000000000000000000e+00
0.000000000000000000e+00
0.000000000000000000e+00
0.000000000000000000e+00
0.000000000000000000e+00
0.000000000000000000e+00
0.000000000000000000e+00
0.000000000000000000e+00
0.000000000000000000e+00
0.000000000000000000e+00
0.000000000000000000e+00
0.000000000000000000e+00
0.000000000000000000e+00
0.000000000000000000e+00
0.000000000000000000e+00
0.000000000000000000e+00
0.000000000000000000e+00
0.000000000000000000e+00
0.000000000000000000e+00
0.000000000000000000e+00
0.000000000000000000e+00
0.000000000000000000e+00
0.000000000000000000e+00
0.000000000000000000e+00
0.000000000000000000e+00
0.000000000000000000e+00
0.000000000000000000e+00
0.000000000000000000e+00
0.000000000000000000e+00
0.000000000000000000e+00
0.000000000000000000e+00
0.000000000000000000e+00
0.000000000000000000e+00
0.000000000000000000e+00
0.000000000000000000e+00
0.000000000000000000e+00
0.000000000000000000e+00
0.000000000000000000e+00
0.000000000000000000e+00
0.000000000000000000e+00
0.000000000000000000e+00
0.000000000000000000e+00
0.000000000000000000e+00
0.000000000000000000e+00
0.000000000000000000e+00
0.000000000000000000e+00
0.000000000000000000e+00
0.000000000000000000e+00
0.000000000000000000e+00
0.000000000000000000e+00
0.000000000000000000e+00
0.000000000000000000e+00
0.000000000000000000e+00
0.000000000000000000e+00
0.000000000000000000e+00
0.000000000000000000e+00
0.000000000000000000e+00
0.000000000000000000e+00
0.000000000000000000e+00
0.000000000000000000e+00
0.000000000000000000e+00
0.000000000000000000e+00
0.000000000000000000e+00
0.000000000000000000e+00
0.000000000000000000e+00
0.000000000000000000e+00
0.000000000000000000e+00
0.000000000000000000e+00
0.000000000000000000e+00
0.000000000000000000e+00
0.000000000000000000e+00
0.000000000000000000e+00
0.000000000000000000e+00
0.000000000000000000e+00
0.000000000000000000e+00
0.000000000000000000e+00
0.000000000000000000e+00
0.000000000000000000e+00
0.000000000000000000e+00
0.000000000000000000e+00
0.000000000000000000e+00
0.000000000000000000e+00
0.000000000000000000e+00
0.000000000000000000e+00
0.000000000000000000e+00
0.000000000000000000e+00
0.000000000000000000e+00
0.000000000000000000e+00
0.000000000000000000e+00
0.000000000000000000e+00
0.000000000000000000e+00
0.000000000000000000e+00
0.000000000000000000e+00
0.000000000000000000e+00
0.000000000000000000e+00
0.000000000000000000e+00
0.000000000000000000e+00
0.000000000000000000e+00
0.000000000000000000e+00
0.000000000000000000e+00
0.000000000000000000e+00
0.000000000000000000e+00
0.000000000000000000e+00
0.000000000000000000e+00
0.000000000000000000e+00
