-9.000000000000000222e-01
-7.009207047642643795e-01
-5.458775937413701262e-01
-4.251298974669132091e-01
-3.310914970542981339e-01
-2.578543171741710660e-01
-2.008171441335868390e-01
-1.563965491054006285e-01
-1.218017549129514349e-01
-9.485930210567790344e-02
-7.387649876150892414e-02
-5.753507508603681458e-02
-4.480836153107754793e-02
-3.489678704854980856e-02
-2.717764508008665286e-02
-2.116597127040819801e-02
-1.648407499986076150e-02
-1.283781051809933065e-02
-9.998096884418074953e-03
-7.786525682808570839e-03
-6.064152299176920821e-03
-4.722766559263246594e-03
-3.678094294617659937e-03
-2.864502716858700112e-03
-2.230876958999722642e-03
-1.737408722604938307e-03
-1.353095273679815261e-03
-1.053791658712057008e-03
-8.206937689990646736e-04
-6.391569499582940928e-04
-4.977759331330503184e-04
-3.876682865181187761e-04
-3.019163651122606842e-04
-2.351327015715008024e-04
-1.831215321095797436e-04
-1.426151926041761408e-04
-1.110688236780116078e-04
-8.650048685525522278e-05
-6.736664689893054640e-05
-5.246519735778193172e-05
-4.085993678623636808e-05
-3.182175076536898704e-05
-2.478280441477244433e-05
-1.930086748493024836e-05
-1.503153071122109435e-05
-1.170656788866085791e-05
-9.117084238767639832e-06
-7.100392344480200760e-06
-5.529791117995388910e-06
-4.306605652916107795e-06
-3.353987854870803844e-06
-2.612088367785363646e-06
-2.034296466282949070e-06
-1.584311680940552409e-06
-1.233863177745676028e-06
-9.609336090313044633e-07
-7.483758471932111317e-07
-5.828356958257988345e-07
-4.539128963110992562e-07
-3.535077190932935633e-07
-2.753120884516432073e-07
-2.144132700751636150e-07
-1.669852226354380495e-07
-1.300482221498320407e-07
-1.012816572473332035e-07
-7.887823397499273043e-08
-6.143043038701382659e-08
-4.784206728981979800e-08
-3.725943946906650479e-08
-2.901768063531060287e-08
-2.259899240169583635e-08
-1.760011297906544676e-08
-1.370698177024136591e-08
-1.067500813620944641e-08
-8.313704695773534922e-09
-6.474719727292845052e-09
-5.042516793783541540e-09
-3.927116027649331656e-09
-3.058441037545564166e-09
-2.381916275018205452e-09
-1.855038260194702124e-09
-1.444705249667050501e-09
-1.125137579748068370e-09
-8.762580281708608304e-10
-6.824304385120716350e-10
-5.314773599049636013e-10
-4.139149840787085133e-10
-3.223573137254863094e-10
-2.510521283582032381e-10
-1.955195941571115307e-10
-1.522708130353617438e-10
-1.185886284308592111e-10
-9.235691668531701294e-11
-7.192763903658538877e-11
-5.601730160617004736e-11
-4.362631835643230316e-11
-3.397621089851187824e-11
-2.646069965356025314e-11
-2.060761361080997685e-11
-1.604922561733175154e-11
-1.249914947846761848e-11
-9.734347401557124418e-12
-7.581117379021782038e-12
-5.904180151338400523e-12
-4.598180125256992428e-12
-3.581066282253515770e-12
-2.788937224849643003e-12
-2.172026494649892717e-12
-1.691575934885174875e-12
-1.317400662713318086e-12
-1.025992667739919858e-12
-7.990438930613692342e-13
-6.222960096246183122e-13
-4.846446195978632413e-13
-3.774416092541590052e-13
-2.939518208508702444e-13
-2.289299082639230779e-13
-1.782907918244081700e-13
-1.388530082872698936e-13
-1.081388315859460858e-13
-8.421860671956157461e-14
-6.558951686237722589e-14
-5.108116709369450526e-14
-3.978205293277055828e-14
-3.098229397622979202e-14
-2.412903481003622988e-14
-1.879171120481340442e-14
-1.463499940156036912e-14
-1.139774899418475767e-14
-8.876575841922407017e-15
-6.913084216681886102e-15
-5.383915401390421943e-15
-4.192997530593058279e-15
-3.265509760242340564e-15
-2.543181558404050134e-15
-1.980631789177829910e-15
-1.542517588387811779e-15
-1.201313905737842783e-15
-9.355842105031997189e-16
-7.286337157691340486e-16
-5.674605084132290300e-16
-4.419386883143203834e-16
-3.441821965287422286e-16
-2.680493641758205625e-16
-2.087570547219212819e-16
-1.625801576891123847e-16
-1.266175541201532052e-16
-9.860985029936130351e-17
-7.679742863169659345e-17
-5.980989755623563662e-17
-4.657999505221682140e-17
-3.627653662212861751e-17
-2.825219512843226451e-17
-2.200283168950918055e-17
-1.713582254957807127e-17
-1.334539202018403772e-17
-1.039340175571420720e-17
-8.094389426125939138e-18
-6.303916823551780659e-18
-4.909495358599130050e-18
-3.823518829762430446e-18
-2.977759458707242114e-18
-2.319081398239483170e-18
-1.806102408955237846e-18
-1.406593970401490030e-18
-1.095456485612196791e-18
-8.531423688154280778e-19
-6.644279449048487123e-19
-5.174570037864203907e-19
-4.029959197546471250e-19
-3.138535378795002165e-19
-2.444293810702856127e-19
-1.903617933831972466e-19
-1.482539137537109951e-19
-1.154602641247906353e-19
-8.992054411401819567e-20
-7.003019017020417190e-20
-5.453956694319440677e-20
-4.247545744373510824e-20
-3.307991951849703714e-20
-2.576266722494454352e-20
-2.006398540879482709e-20
-1.562584754790265174e-20
-1.216942230646097795e-20
-9.477555621798430567e-21
-7.381127739859413416e-21
-5.748428063752580360e-21
-4.476880277480149377e-21
-3.486597865818468556e-21
-2.715365148154512270e-21
-2.114728503707535539e-21
-1.646952214670848897e-21
-1.282647674466841733e-21
-9.989270132794926061e-22
-7.779651401732485990e-22
-6.058798603691811769e-22
-4.718597097027117414e-22
-3.674847114163177134e-22
-2.861973810177974832e-22
-2.228907444496459046e-22
-1.735874863167525968e-22
-1.351900702748837017e-22
-1.052861325935576774e-22
-8.199692251042248888e-23
-6.385926746056233883e-23
-4.973364750465223662e-23
-3.873260362162037963e-23
-3.016498203091228594e-23
-2.349251162700934212e-23
-1.829598645142896223e-23
-1.424892857543669075e-23
-1.109707673247861073e-23
-8.642412049057807559e-24
-6.730717271431965940e-24
-5.241887881623445126e-24
-4.082386386980845941e-24
-3.179365714980726326e-24
-2.476092508497367066e-24
-1.928382784574988442e-24
-1.501826022688417170e-24
-1.169623282506752771e-24
-9.109035283148061124e-25
-7.094123811540765434e-25
-5.524909179633447798e-25
-4.302803595496921939e-25
-3.351026809575459459e-25
-2.609782303390639303e-25
-2.032500501526524891e-25
-1.582912982181880424e-25
-1.232773870057141249e-25
-9.600852553504680272e-26
-7.477151486822541579e-26
-5.823211433080913660e-26
-4.535121624073773946e-26
-3.531956272152716494e-26
-2.750690310526495979e-26
-2.142239767824960573e-26
-1.668378008708783957e-26
-1.299334099641511973e-26
-1.011922414272188293e-26
-7.880859686426868320e-27
-6.137619695065111472e-27
-4.779983024711185546e-27
-3.722654522713093839e-27
-2.899206257393264266e-27
-2.257904103543391547e-27
-1.758457483939731876e-27
-1.369488065490035466e-27
-1.066558377810582949e-27
-8.306364998302491726e-28
-6.469003565154890166e-28
-5.038065042234338258e-28
-3.923649000056772948e-28
-3.055740913741549093e-28
-2.379813416485248787e-28
-1.853400552322547449e-28
-1.443429801493774179e-28
-1.124144259711953776e-28
-8.754844297488942908e-29
-6.818279594552612630e-29
-5.310081487437355271e-29
-4.135495620589182780e-29
-3.220727227703220969e-29
-2.508304886994663418e-29
-1.953469810173275435e-29
-1.521363817869295654e-29
-1.184839332693109421e-29
-9.227538001151946070e-30
-7.186413821118281517e-30
-5.596784711362083976e-30
-4.358780315890857974e-30
-3.394621523252025265e-30
-2.643733900539722456e-30
-2.058942031972755524e-30
-1.603505666799011597e-30
-1.248811468962505391e-30
-9.725753499365506920e-31
-7.574424441265312253e-31
-5.898967686172613530e-31
-4.594120653304144653e-31
-3.577904762317782332e-31
-2.786475030647997393e-31
-2.170108935877577358e-31
-1.690082538611710386e-31
-1.316237604526107894e-31
-1.025086877112962851e-31
-7.983384626117965498e-32
-6.217466198380886173e-32
-4.842167544019024749e-32
-3.771083875044957846e-32
-2.936923074912960897e-32
-2.287277990562692362e-32
-1.781333890152214053e-32
-1.387304228562176412e-32
-1.080433619562494108e-32
-8.414425489719427561e-33
-6.553161160489479389e-33
-5.103607043382323311e-33
-3.974693161874890486e-33
-3.095494146936722831e-33
-2.410773265627270106e-33
-1.877512107078125883e-33
-1.462207899218487765e-33
-1.138768656924552339e-33
-8.868739217500131211e-34
-6.906981047445181422e-34
-5.379162248409659677e-34
-4.189295771329581517e-34
-3.262626827229203618e-34
-2.540936327915876552e-34
-1.978883201915465011e-34
-1.541155787258612853e-34
-1.200253333952035359e-34
-9.347582363659095087e-35
-7.279904464642156859e-35
-5.669595297748328614e-35
-4.415485257584352850e-35
-3.438783376246937717e-35
-2.678127186234044070e-35
-2.085727549803892019e-35
-1.624366249060873742e-35
-1.265057706763368975e-35
-9.852279326578275127e-36
-7.672962854577374278e-36
-5.975709479622661331e-36
-4.653887222137345967e-36
-3.624451012926569604e-36
-2.822725287071159299e-36
-2.198340663966474969e-36
-1.712069430554802718e-36
-1.333361013188694734e-36
-1.038422601188237230e-36
-8.087243349644442560e-37
-6.298351453592103746e-37
-4.905161044116450756e-37
-3.820143262249242665e-37
-2.975130564084661070e-37
-2.317034013048804503e-37
-1.804507903765488747e-37
-1.405352168511101791e-37
-1.094489369327542976e-37
-8.523891778956185594e-38
-6.638413592266987761e-38
-5.170001704009387673e-38
-4.026401375563008757e-38
-3.135764544248253028e-38
-2.442135882588086193e-38
-1.901937337726378016e-38
-1.481230287974046304e-38
-1.153583308183269797e-38
-8.984115837512323327e-39
-6.996836449458807087e-39
-5.449141705861067569e-39
-4.243795827591650593e-39
-3.305071513723538406e-39
-2.573992282994884775e-39
-2.004627205616169452e-39
-1.561205237500114864e-39
-1.215867861500267933e-39
-9.469188426477632844e-40
-7.374611361591464199e-40
-5.743353103254712107e-40
-4.472927894270352377e-40
-3.483519746679680590e-40
-2.712967906558836994e-40
-2.112861530075612319e-40
-1.645498214144333573e-40
-1.281515297718205264e-40
-9.980451173809228363e-41
-7.772783189568547953e-41
-6.053449634680237451e-41
-4.714431315772278414e-41
-3.671602800459804404e-41
-2.859447136125258737e-41
-2.226939668765637629e-41
-1.734342357887453416e-41
-1.350707186436655374e-41
-1.051931814497041381e-41
-8.192453208680196090e-42
-6.380288974195980748e-42
-4.968974049325679333e-42
-3.869840880676328719e-42
-3.013835108232459441e-42
-2.347177142339531916e-42
-1.827983396461329774e-42
-1.423634900605610110e-42
-1.108727975399430772e-42
-8.634782154542500153e-43
-6.724775103608691763e-43
-5.237260116669536065e-43
-4.078782280010872462e-43
-3.176558833650237677e-43
-2.473906507119193272e-43
-1.926680324989872062e-43
-1.500500145830381058e-43
-1.168590688571458164e-43
-9.100993433494038058e-44
-7.087860812732869355e-44
-5.520031551257483520e-44
-4.299004894698189084e-44
-3.348068378418752558e-44
-2.607478274889133238e-44
-2.030706122325332701e-44
-1.581515518254865376e-44
-1.231685524056467622e-44
-9.592376506328907206e-45
-7.470550334644700285e-45
-5.818070450595638727e-45
-4.531117822888484397e-45
-3.528838108654350364e-45
-2.748261882352223343e-45
-2.140348506061205089e-45
-1.666905092566177860e-45
-1.298186991396251954e-45
-1.011029045472512199e-45
-7.873902123219274793e-46
-6.132201139390768750e-46
-4.775763049308891906e-46
-3.719368002565245357e-46
-2.896646712928540212e-46
-2.255910728309957906e-46
-1.756905041746978550e-46
-1.368279022294646244e-46
-1.065616774023246618e-46
-8.299031780633288667e-47
-6.463292449491679295e-47
-5.033617220883619185e-47
-3.920185033305870864e-47
-3.053043173723413812e-47
-2.377712414446602110e-47
-1.851764290289614143e-47
-1.442155479341215915e-47
-1.123151816621656217e-47
-8.747115142930167993e-48
-6.812260122929757944e-48
-5.305393518223800061e-48
-4.131844626494651233e-48
-3.217883830643411139e-48
-2.506090447137900334e-48
-1.951745202678763926e-48
-1.520020692202079188e-48
-1.183793305371718085e-48
-9.219391532181808619e-49
-7.180069344705071117e-49
-5.591843628163298389e-49
-4.354932196426422273e-49
-3.391624604799770958e-49
-2.641399898102305601e-49
-2.057124309046804416e-49
-1.602090022760873957e-49
-1.247708964277053521e-49
-9.717167184241809388e-50
-7.567737412323279207e-50
-5.893759822796137004e-50
-4.590064765228415872e-50
-3.574746033508354202e-50
-2.784015010177704776e-50
-2.168193070008941700e-50
-1.688590460772957043e-50
-1.315075573136883420e-50
-1.024181886157081390e-50
-7.976336549466834088e-51
-6.211977150765837791e-51
-4.837892669438108605e-51
-3.767754599373808109e-51
-2.934330232413208991e-51
-2.285258682793504990e-51
-1.779761251680308791e-51
-1.386079456488768182e-51
-1.079479766112639966e-51
-8.406996871582609934e-52
-6.547375746867386956e-52
-5.099101358723045148e-52
-3.971184131133972085e-52
-3.092761311047874228e-52
-2.408644930897029368e-52
-1.875854558323576436e-52
-1.460916998950465608e-52
-1.137763302784949369e-52
-8.860909511588265057e-53
-6.900883266349799577e-53
-5.374413291717578326e-53
-4.185597280139016103e-53
-3.259746439393808593e-53
-2.538693079614121823e-53
-1.977136158381434517e-53
-1.539795188386250335e-53
-1.199193698484793212e-53
-9.339329914342511244e-54
-7.273477450652143703e-54
-5.664589934220095478e-54
-4.411587076549008110e-54
-3.435747469804057396e-54
-2.675762819918997761e-54
-2.083886179466265921e-54
-1.622932188400005940e-54
-1.263940859197713426e-54
-9.843581308991234706e-55
-7.666188831669418574e-55
-5.970433865277401371e-55
-4.649778569554074922e-55
-3.621251191077350258e-55
-2.820233263309297981e-55
-2.196399873909304895e-55
-1.710557941738501315e-55
-1.332183864514955572e-55
-1.037505836879337619e-55
-8.080103582027813806e-56
-6.292790996981325430e-56
-4.900830556153742967e-56
-3.816770674832803479e-56
-2.972503990363762166e-56
-2.314988435378173557e-56
-1.802914806273767771e-56
-1.404111462937040735e-56
-1.093523106854903175e-56
-8.516366519252740347e-57
-6.632552914117129691e-57
-5.165437403276948519e-57
-4.022846694578411554e-57
-3.132996155913879305e-57
-2.439979859585430374e-57
-1.900258225323589906e-57
-1.479922593919890026e-57
-1.152564875029875004e-57
-8.976184272138626268e-58
-6.990659340134790985e-58
-5.444330968282404260e-58
-4.240049221398236921e-58
-3.302153653886247079e-58
-2.571719851468710193e-58
-2.002857434164108506e-58
-1.559826938107392287e-58
-1.214794440853909049e-58
-9.460828618078138388e-59
-7.368100736263610390e-59
-5.738282623151094348e-59
-4.468979000395107854e-59
-3.480444345037373771e-59
-2.710572781351549853e-59
-2.110996204688623101e-59
-1.644045497272263026e-59
-1.280383920680655737e-59
-9.971640000581302415e-60
-7.765921040958862575e-60
-6.048105387969462264e-60
-4.710269212248999697e-60
-3.668361350976650510e-60
-2.856922692729492219e-60
-2.224973630272194736e-60
-1.732811205569211946e-60
-1.349514723812207344e-60
-1.051003123671337800e-60
-8.185220557257303119e-61
-6.374656179604149367e-61
-4.964587224486681539e-61
-3.866424418056520487e-61
-3.011174364468818902e-61
-2.345104953012856126e-61
-1.826369573791042334e-61
-1.422378054246251760e-61
-1.107749142470561940e-61
-8.627158996027509701e-62
-6.718838181787739273e-62
-5.232636437306345070e-62
-4.075181354902147635e-62
-3.173754430355781243e-62
-2.471722435637423256e-62
-1.924979368409585348e-62
-1.499175439513683343e-62
-1.167559006254674175e-62
-9.092958683532115178e-63
-7.081603343170741890e-63
-5.515158229062452461e-63
-4.295209547556540319e-63
-3.345112559092808484e-63
-2.605176280483470479e-63
-2.028913327279576518e-63
-1.580119288069343859e-63
-1.230598138894635866e-63
-9.583907942173558095e-64
-7.463955010249022445e-64
-5.812934006791675188e-64
-4.527117556431755246e-64
-3.525722698005355504e-64
-2.745835598099197774e-64
-2.138458913984994537e-64
-1.665433476777539918e-64
-1.297040895867680336e-64
-1.010136465377385901e-64
-7.866950702448890844e-65
-6.126787367451335582e-65
-4.771546799483091023e-65
-3.716084383899287530e-65
-2.894089428140184080e-65
-2.253919112914249414e-65
-1.755353970117223591e-65
-1.367071046494793294e-65
-1.064676001524390013e-65
-8.291705037045271720e-66
-6.457586375847969425e-66
-5.029173326261634338e-66
-3.916724124694382432e-66
-3.050347815386648161e-66
-2.375613267263270472e-66
-1.850129472819453691e-66
-1.440882282215276153e-66
-1.122160249702969970e-66
-8.739392812002762322e-67
-6.806245965556357970e-67
-5.300709687751881851e-67
-4.128196855655347221e-67
-3.215042943857295463e-67
-2.503877962284256865e-67
-1.950022117742212778e-67
-1.518678752304194418e-67
-1.182748201528410981e-67
-9.211252255266221551e-68
-7.173730469469576953e-68
-5.586906907166104091e-68
-4.351087474248001840e-68
-3.388630332156525428e-68
-2.639067956223016949e-68
-2.055308190885137204e-68
-1.600675628514417462e-68
-1.246607432930341514e-68
-9.708588449487838584e-69
-7.561056286979124484e-69
-5.888556557146311477e-69
-4.586012457865803242e-69
-3.571590093361105453e-69
-2.781557161519701056e-69
-2.166278895549417372e-69
-1.687099700204944421e-69
-1.313914567639143153e-69
-1.023277694166290910e-69
-7.969294695162089162e-70
-6.206492949119027800e-70
-4.833621568901052127e-70
-3.764428262930971644e-70
-2.931739678986769082e-70
-2.283241157756404916e-70
-1.778190001601549400e-70
-1.384855765697029217e-70
-1.078526754765796430e-70
-8.399574811750632223e-71
-6.541595440858240474e-71
-5.094599651876729756e-71
-3.967678198316904047e-71
-3.090030887824545601e-71
-2.406518475152584415e-71
-1.874198472924635882e-71
-1.459627238344937809e-71
-1.136758836215389529e-71
-8.853086718078842833e-72
-6.894790868638857046e-72
-5.369668527609513432e-72
-4.181902054136166784e-72
-3.256868594489162889e-72
-2.536451811748825927e-72
-1.975390657212869088e-72
-1.538435790709319609e-72
-1.198134998509494099e-72
-9.331084750644504347e-73
-7.267056110707585364e-73
-5.659588989642905192e-73
-4.407692336996195182e-73
-3.432714243590467627e-73
-2.673400540968621752e-73
-2.082046434769879841e-73
-1.621499393789808872e-73
-1.262824997633311612e-73
-9.834890970389680055e-74
-7.659420789161372728e-74
-5.965162908472274132e-74
-4.645673544266706283e-74
-3.618054194169019631e-74
-2.817743439613613591e-74
-2.194460797265395865e-74
-1.709047787329789650e-74
-1.331007755078891952e-74
-1.036589881929553858e-74
-8.072970117706316749e-75
-6.287235449381731106e-75
-4.896503891332787918e-75
-3.813401064882156211e-75
-2.969879735495552461e-75
-2.312944663631833271e-75
-1.801323115237298578e-75
-1.402871852711430897e-75
-1.092557697440494739e-75
-8.508847903173483896e-76
-6.626697410026990077e-76
-5.160877132106270865e-76
-4.019295151819669775e-76
-3.130230211632259629e-76
-2.437825740012973308e-76
-1.898580595313730584e-76
-1.478616054354507325e-76
-1.151547340993241496e-76
-8.968259709093305446e-77
-6.984487684229597180e-77
-5.439524477830592477e-77
-4.236305922870540615e-77
-3.299238370061606816e-77
-2.569449426143204999e-77
-2.001089225142699779e-77
-1.558449855536885504e-77
-1.213721967869644137e-77
-9.452476190078453257e-78
-7.361595858796909190e-78
-5.733216619486244402e-78
-4.465033592773880548e-78
-3.477371658492426055e-78
-2.708179770664210860e-78
-2.109132526091425441e-78
-1.642594062921372145e-78
-1.279253542471605357e-78
-9.962836606237548010e-79
-7.759064950550259261e-79
-6.042765859390434809e-79
-4.706110783210421018e-79
-3.665122763185057766e-79
-2.854400478021354311e-79
-2.223009327482423327e-79
-1.731281405018348372e-79
-1.348323313945251744e-79
-1.050075252733993824e-79
-8.177994291131376742e-80
-6.369028357886594368e-80
-4.960204272526063659e-80
-3.863010971637426932e-80
-3.008515969724656363e-80
-2.343034593104389241e-80
-1.824757175873088724e-80
-1.421122317485126931e-80
-1.106771173697666413e-80
-8.619542567566004137e-81
-6.712906501337712811e-81
-5.228016839926935503e-81
-4.071583608845588617e-81
-3.170952502909641429e-81
-2.469540292348259710e-81
-1.923279913507210795e-81
-1.497851902704919546e-81
-1.166528234751585179e-81
-9.084931026994381040e-82
-7.075351397972925927e-82
-5.510289209246674622e-82
-4.291417551111222714e-82
-3.342159349291790298e-82
-2.602876318377863225e-82
-2.027122114990695475e-82
-1.578724290536115957e-82
-1.229511713723375147e-82
-9.575446854432296776e-83
-7.457365508490492507e-83
-5.807802097662080784e-83
-4.523120821582976448e-83
-3.522610037775397868e-83
-2.743411455874670963e-83
-2.136570990122256984e-83
-1.663963160194860680e-83
-1.295895812161726790e-83
-1.009244673290507040e-83
-7.860005418692910686e-84
-6.121378375023523704e-84
-4.767334271944684663e-84
-3.712803664153666298e-84
-2.891534401033256252e-84
-2.251929255802605710e-84
-1.753804267840475450e-84
-1.365864137148134095e-84
-1.063736059580115599e-84
-8.284384761822846216e-85
-6.451885339772446382e-85
-5.024733354901697871e-85
-3.913266271522450115e-85
-3.047654836628600733e-85
-2.373515973297708720e-85
-1.848496098636743102e-85
-1.439610209122732488e-85
-1.121169558182373039e-85
-8.731677298682530945e-86
-6.800237117740764946e-86
-5.296029992367740434e-86
-4.124552305225642732e-86
-3.212204565128698806e-86
-2.501667430707772054e-86
-1.948300554019442256e-86
-1.517337997128793579e-86
-1.181704020347901613e-86
-9.203120164055729921e-87
-7.167397190466839636e-87
-5.581974544519360869e-87
-4.347246146356326765e-87
-3.385638702986454955e-87
-2.636738073082706613e-87
-2.053493676070998977e-87
-1.599262482956271807e-87
-1.245506874063063939e-87
-9.700017288411317580e-88
-7.554381060020899801e-88
-5.883357885164066029e-88
-4.581963728055099194e-88
-3.568436939414084418e-88
-2.779101482756616426e-88
-2.164366411005755378e-88
-1.685610255744728421e-88
-1.312754587127185600e-88
-1.022374300435230850e-88
-7.962259057710374653e-89
-6.201013589162227029e-89
-4.829354239075964887e-89
-3.761104863121569935e-89
-2.929151412612747810e-89
-2.281225413877519741e-89
-1.776620138690202006e-89
-1.383633155232357108e-89
-1.077574584778518430e-89
-8.392159304433541222e-90
-6.535820237952818898e-90
-5.090101919331590745e-90
-3.964175360688704365e-90
-3.087302875136731389e-90
-2.404393896735086147e-90
-1.872543849589391481e-90
-1.458338616395761147e-90
-1.135755256432287872e-90
-8.845270830869300236e-91
-6.888703849559667411e-91
-5.364927952384069860e-91
-4.178210090438382266e-91
-3.253993290270257671e-91
-2.534212522571573856e-91
-1.973646697048102101e-91
-1.537077593167353576e-91
-1.197077233200245385e-91
-9.322846866133018369e-92
-7.260640439799187755e-92
-5.654592460115516042e-92
-4.403801035887625575e-92
-3.429683695239946386e-92
-2.671040347540099840e-92
-2.080208314279547215e-92
-1.620067864112558661e-92
-1.261710121199678884e-92
-9.826208303994270737e-93
-7.652658721773480026e-93
-5.959896605095402086e-93
-4.641572143072906500e-93
-3.614860019707598899e-93
-2.815255814041791773e-93
-2.192523432522072753e-93
-1.707538966150594842e-93
-1.329832683963020340e-93
-1.035674735624348146e-93
-8.065842951115127030e-94
-6.281684806459431515e-94
-4.892181046278351128e-94
-3.810034429768664722e-94
-2.967257797432850026e-94
-2.310902696215435741e-94
-1.799732829414401932e-94
-1.401633336867251573e-94
-1.091593140331201511e-94
-8.501335924853137826e-95
-6.620847075428689645e-95
-5.156320886939884720e-95
-4.015746744516222666e-95
-3.127466709245679100e-95
-2.435673522190284499e-95
-1.896904446388080341e-95
-1.477310668258666809e-95
-1.150530705279590126e-95
-8.960342142194404660e-96
-6.978321476928712761e-96
-5.434722230756083890e-96
-4.232565929088410313e-96
-3.296325659975402009e-96
-2.567181005247208719e-96
-1.999322577172562204e-96
-1.557073988714330999e-96
-1.212650441710836625e-96
-9.444131135962844806e-97
-7.355096724116901257e-97
-5.728155088308167468e-97
-4.461091668328852702e-97
-3.474301684647830589e-97
-2.705788872630031508e-97
-2.107270492830162595e-97
-1.641143909959395615e-97
-1.278124162209244727e-97
-9.954040983910430451e-98
-7.752214912994300174e-98
-6.037431044777783440e-98
-4.701956025412548425e-98
-3.661887034558602720e-98
-2.851880490033264529e-98
-2.221046758863968177e-98
-1.729752955041464286e-98
-1.347132955906368744e-98
-1.049148200961176338e-98
-8.170774404665198214e-99
-6.363405504653048220e-99
-4.955825190024682417e-99
-3.859600538756217088e-99
-3.005859921926157619e-99
-2.340966060999043490e-99
-1.823146201449637240e-99
-1.419867689342634601e-99
-1.105794068317830058e-99
-8.611932863216406046e-100
-6.706980057631302947e-100
-5.223401320927555258e-100
-4.067989039034590047e-100
-3.168153049126031092e-100
-2.467360075549411950e-100
-1.921581958957002644e-100
-1.496529534371597768e-100
-1.165498373258085235e-100
-9.076910457618453432e-101
-7.069104972262275440e-101
-5.505424488011821653e-101
-4.287628902404095356e-101
-3.339208746711897415e-101
-2.600578386778110347e-101
-2.025332484061363058e-101
-1.577330524566942875e-101
-1.228426247695165047e-101
-9.566993236504621952e-102
-7.450781824228632456e-102
-5.802674719203449356e-102
-4.519127615224291449e-102
-3.519500125536288832e-102
-2.740989453787569152e-102
-2.134684733000221101e-102
-1.662494141671145003e-102
-1.294751739385110959e-102
-1.008353668516187828e-102
-7.853066266533309356e-103
-6.115974157887774992e-103
-4.763125463407475225e-103
-3.709525840769089420e-103
-2.888981629614578873e-103
-2.249941155422737283e-103
-1.752255933707809198e-103
-1.364658293313157400e-103
-1.062796947457174033e-103
-8.277070949255458320e-104
-6.446189336817727589e-104
-5.020297303340186291e-104
-3.909811471092599118e-104
-3.044964235348477632e-104
-2.371420530913816074e-104
-1.846864166467286726e-104
-1.438339259071240341e-104
-1.120179741287026119e-104
-8.723968596950596194e-105
-6.794233574795470178e-105
-5.291354428420742421e-105
-4.120910972362419621e-105
-3.209368692243397327e-105
-2.499458850684008264e-105
-1.946580510167459260e-105
-1.515998425629952228e-105
-1.180660761015623693e-105
-9.194995252206485313e-106
-7.161069502756260387e-106
-5.577046536375331277e-106
-4.343408209754773786e-106
-3.382649714955787166e-106
-2.634410246863831344e-106
-2.051680763188884714e-106
-1.597850584984041070e-106
-1.244407286816673660e-106
-9.691453694325876952e-107
-7.547711726241251910e-107
-5.878163802793912437e-107
-4.577918572637886331e-107
-3.565286569207513885e-107
-2.776647971972774067e-107
-2.162455614886025021e-107
-1.684122126230392718e-107
-1.311595630696108912e-107
-1.021471704259162844e-107
-7.955229631623184936e-108
-6.195539066620980771e-108
-4.825090676633900162e-108
-3.757784397353016023e-108
-2.926565431272036059e-108
-2.279211449584365367e-108
-1.775051661721615622e-108
-1.382411624140992780e-108
-1.076623255408017859e-108
-8.384750343846494346e-109
-6.530050133645880693e-109
-5.085608157578943873e-109
-3.960675615516805824e-109
-3.084577270856306691e-109
-2.402271193987148800e-109
-1.870890687027070310e-109
-1.457051132097680906e-109
-1.134752562652750969e-109
-8.837461843862458051e-110
-6.882622204363744597e-110
-5.360191562343122733e-110
-4.174521386165560873e-110
-3.251120524494065391e-110
-2.531975210335494567e-110
-1.971904276526668173e-110
-1.535720594700821213e-110
-1.196020401731883187e-110
-9.314616254381669017e-111
-7.254230432922079496e-111
-5.649600341740131499e-111
-4.399913170187691610e-111
-3.426655822388361839e-111
-2.668682237792244561e-111
-2.078371816561349540e-111
-1.618637598251517201e-111
-1.260596229027099533e-111
-9.817533303031650424e-112
-7.645902624230646836e-112
-5.954634951038537118e-112
-4.637474362773168619e-112
-3.611668665201308078e-112
-2.812770384653234653e-112
-2.190587778167995731e-112
-1.706031477023883988e-112
-1.328658650250666393e-112
-1.034760397249814831e-112
-8.058722076694338270e-113
-6.276139063884368024e-113
-4.887862017618179671e-113
-3.806670766866015020e-113
-2.964638174130277653e-113
-2.308862531536040332e-113
-1.798143947564494529e-113
-1.400395914438335461e-113
-1.090629434774571658e-113
-8.493830578431602770e-114
-6.615001905758374648e-114
-5.151768664223457910e-114
-4.012201469899955001e-114
-3.124705646598326517e-114
-2.433523204438417047e-114
-1.895229777239073498e-114
-1.476006434614034660e-114
-1.149514967095842615e-114
-8.952431565265425459e-115
-6.972160713421875012e-115
-5.429924223312641534e-115
-4.228829237134275320e-115
-3.293415521355425367e-115
-2.564914587011124234e-115
-1.997557488875532463e-115
-1.555699336566413788e-115
-1.211579861541588128e-115
-9.435793449221331163e-116
-7.348603327153605822e-116
-5.723098025668358909e-116
-4.457153223984928994e-116
-3.471234421108699457e-116
-2.703400085383870029e-116
-2.105410103452260801e-116
-1.639695037255068219e-116
-1.276995779012543426e-116
-9.945253126738475656e-117
-7.745370922947263081e-117
-6.032100939969818369e-117
-4.697804935614251938e-117
-3.658654162573089823e-117
-2.849362726799377531e-117
-2.219085922885828497e-117
-1.728225854446214455e-117
-1.345943648766959498e-117
-1.048221967629692107e-117
-8.163560892226530887e-118
-6.357787615517117897e-118
-4.951449973566411123e-118
-3.856193116752407517e-118
-3.003206219001337012e-118
-2.338899355083154367e-118
-1.821536649263964223e-118
-1.418614168840038243e-118
-1.104817825568811931e-118
-8.604329877042375084e-119
-6.701058846045286975e-119
-5.218789876707633635e-119
-4.064397642665025716e-119
-3.165356066821094325e-119
-2.465181783540090082e-119
-1.919885503434385007e-119
-1.495208333482137248e-119
-1.164469420970778815e-119
-9.068896969147478397e-120
-7.062864061165946789e-120
-5.500564061562922260e-120
-4.283843598479630970e-120
-3.336260749051361542e-120
-2.598282483891592015e-120
-2.023544433095486905e-120
-1.575937989074547260e-120
-1.227341739963232476e-120
-9.558547081795859805e-121
-7.444203952327507859e-121
-5.797551867415910369e-121
-4.515137934240596391e-121
-3.516392958861982031e-121
-2.738569589948485717e-121
-2.132800141147416813e-121
-1.661026420060410972e-121
-1.293608676645340461e-121
-1.007463450359354993e-121
-7.846133240556850967e-122
-6.110574711828254959e-122
-4.758920370588168066e-122
-3.706250911188525944e-122
-2.886431111892731730e-122
-2.247954810223725519e-122
-1.750708966511368596e-122
-1.363453514049183819e-122
-1.061858664422963105e-122
-8.269763593637598432e-123
-6.440498362540355856e-123
-5.015865168116529896e-123
-3.906359720709737310e-123
-3.042276009447338219e-123
-2.369326938476935942e-123
-1.845233675038012018e-123
-1.437069431069329646e-123
-1.119190798244772375e-123
-8.716266700793393933e-124
-6.788235332037105485e-124
-5.286682992263475948e-124
-4.117272854225072809e-124
-3.206535322989124818e-124
-2.497252220490050752e-124
-1.944861984844455821e-124
-1.514660036762669149e-124
-1.179618422717729712e-124
-9.186877513380234288e-125
-7.154747401401605929e-125
-5.572122878889670250e-125
-4.339573661449365516e-125
-3.379663365732809677e-125
-2.632084475750452232e-125
-2.049869450824540048e-125
-1.596439933496302576e-125
-1.243308670333382190e-125
-9.682897660551051348e-126
-7.541048280437432658e-126
-5.872974305983943174e-126
-4.573876988458535267e-126
-3.562138980283786594e-126
-2.774196627254188378e-126
-2.160546505699612346e-126
-1.682635310501045599e-126
-1.310437697441810771e-126
-1.020569904933970920e-126
-7.948206411416858760e-127
-6.190069377224610587e-127
-4.820830878248849253e-127
-3.754466863035013079e-127
-2.923981732947309010e-127
-2.277199263305847693e-127
-1.773484569472220437e-127
-1.381191171470018698e-127
-1.075672765912161401e-127
-8.377347924209753004e-128
-6.524285123436163167e-128
-5.081118363113201693e-128
-3.957178960071056521e-128
-3.081854072857026635e-128
-2.400150365252850852e-128
-1.869238983948038417e-128
-1.455764784446329618e-128
-1.133750754094576506e-128
-8.829659750966519104e-129
-6.876545928306791048e-129
-5.355459353791808904e-129
-4.170835938440140621e-129
-3.248250294919539289e-129
-2.529739873295259111e-129
-1.970163394289304522e-129
-1.534364794251127191e-129
-1.194964503279972854e-129
-9.306392908969752589e-130
-7.247826085075812164e-130
-5.644612630622397105e-130
-4.396028736863465211e-130
-3.423630622673665715e-130
-2.666326209885492421e-130
-2.076536940182632329e-130
-1.617208595090933180e-130
-1.259483320246625262e-130
-9.808865960734447465e-131
-7.639152491262435770e-131
-5.949377942197058813e-131
-4.633380200170812637e-131
-3.608480128160571421e-131
-2.810287149509056040e-131
-2.188653832693159521e-131
-1.704525318773664159e-131
-1.327485653025965709e-131
-1.033846866092677226e-131
-8.051607488888949569e-132
-6.270598217330301552e-132
-4.883546801982993821e-132
-3.803310073550210712e-132
-2.962020863544266410e-132
-2.306824168002113638e-132
-1.796556468448088110e-132
-1.399159584459368831e-132
-1.089666580018817855e-132
-8.486331858053950840e-133
-6.609161896456225378e-133
-5.147220460405800117e-133
-4.008659325205193850e-133
-3.121947021536294718e-133
-2.431374785079906149e-133
-1.893556586560299719e-133
-1.474703352403177889e-133
-1.148500125649620937e-133
-8.944527972135315037e-134
-6.966005388903069613e-134
-5.425130451757337206e-134
-4.225095844093138350e-134
-3.290507951931474352e-134
-2.562650169666917079e-134
-1.995793958874663280e-134
-1.554325898020767029e-134
-1.210510226526737969e-134
-9.427463123349672265e-135
-7.342115662841517630e-135
-5.718045427621800492e-135
-4.453218256669724312e-135
-3.468169865482257667e-135
-2.701013407062231114e-135
-2.103551356506428856e-135
-1.638247443678122851e-135
-1.275868392001249154e-135
-9.936473027866270919e-136
-7.738532975070144627e-136
-6.026775540808517569e-136
-4.693657510577263345e-136
-3.655424144706553614e-136
-2.846847186355584019e-136
-2.217126818018354455e-136
-1.726700102041306506e-136
-1.344755391599244228e-136
-1.047296552016985185e-136
-8.156353748188103464e-137
-6.352174686096283276e-137
-4.947078619738140287e-137
-3.852788702967868697e-137
-3.000554858880038547e-137
-2.336834473744482546e-137
-1.819928518060457417e-137
-1.417361754999465530e-137
-1.103842444689044390e-137
-8.596733603112817670e-138
-6.695142861960522179e-138
-5.214182503669781403e-138
-4.060809416935244406e-138
-3.162561553812903121e-138
-2.463005414621008197e-138
-1.918190545615951235e-138
-1.493888299005868405e-138
-1.163441377086979267e-138
-9.060890555330130046e-139
-7.056628659815401380e-139
-5.495707926108353759e-139
-4.280061636384911874e-139
-3.333315354010447998e-139
-2.595988607927273782e-139
-2.021757960698207494e-139
-1.574546682972610352e-139
-1.226258189681552089e-139
-9.550108383717160611e-140
-7.437631887655713281e-140
-5.792433538303120664e-140
-4.511151775519538875e-140
-3.513288535328575087e-140
-2.736151862469683685e-140
-2.130917213093672321e-140
-1.659559994217687655e-140
-1.292466623050711287e-140
-1.006574018125548140e-140
-7.839206335355074616e-141
-6.105180032632850562e-141
-4.754718990206368808e-141
-3.702978872857199841e-141
-2.883882845878055040e-141
-2.245970218656020878e-141
-1.749163365044363488e-141
-1.362249798416363949e-141
-1.060921209745527647e-141
-8.262462689268790787e-142
-6.434812412500799912e-142
-5.011436945773218558e-142
-3.902911017681152878e-142
-3.039590156828095425e-142
-2.367235194353854937e-142
-1.843604623076971700e-142
-1.435800724126407715e-142
-1.118202728284136434e-142
-8.708571604202668654e-143
-6.782242384786438229e-143
-5.282015680251750302e-143
-4.113637947975502518e-143
-3.203704455155568464e-143
-2.495047538404505582e-143
-1.943144976709809966e-143
-1.513322829482866728e-143
-1.178577004641090609e-143
-9.178766941244321366e-144
-7.148430881471001567e-144
-5.567203568221429432e-144
-4.335742498448768427e-144
-3.376679652987870055e-144
-2.629760757928232796e-144
-2.048059737564958925e-144
-1.595030527392606036e-144
-1.242211023756157286e-144
-9.674349180412268846e-145
-7.534390717411279345e-145
-5.867789390685828560e-145
-4.569838972364204763e-145
-3.558994170187466553e-145
-2.771747446688563425e-145
-2.158639081957220685e-145
-1.681149807396821595e-145
-1.309280786460986412e-145
-1.019668901756160821e-145
-7.941189391612575239e-146
-6.184604516706206795e-146
-4.816574840597741395e-146
-3.751152257579548025e-146
-2.921400315623020341e-146
-2.275188853472257407e-146
-1.771918860719525955e-146
-1.379971796267358376e-146
-1.074723115549471960e-146
-8.369952039748686575e-147
-6.518525202826379315e-147
-5.076632532431872059e-147
-3.953685391623711427e-147
-3.079133279014520819e-147
-2.398031408877731268e-147
-1.867588739063801353e-147
-1.454479572438225954e-147
-1.132749829976252600e-147
-8.821864546095062683e-148
-6.870475016648699553e-148
-5.350731323038529748e-148
-4.167153744387101199e-148
-3.245382599307611597e-148
-2.527506509707078929e-148
-1.968424048977946570e-148
-1.533010190760610218e-148
-1.193909537020806876e-148
-9.298176823482230711e-149
-7.241427391264348316e-149
-5.639629322871395195e-149
-4.392147732884698812e-149
-3.420608093735899005e-149
-2.663972261981903632e-149
-2.074703683712008358e-149
-1.615780853516040373e-149
-1.258371393990075238e-149
-9.800206270341259375e-150
-7.632408317603064013e-150
-5.944125574469970309e-150
-4.629289652071977327e-150
-3.605294406098007184e-150
-2.807806106672083738e-150
-2.186721594588891445e-150
-1.703020490224979543e-150
-1.326313691373861974e-150
-1.032934141440289232e-150
-8.044499182148865503e-151
-6.265062262474813522e-151
-4.879235396006491694e-151
-3.799952347199572035e-151
-2.959405863633049788e-151
-2.304787604023526249e-151
-1.794970390826789217e-151
-1.397924345965889263e-151
-1.088704575312815910e-151
-8.478839757870422962e-152
-6.603327042966446497e-152
-5.142676271938852664e-152
-4.005120307668711448e-152
-3.119190831907578671e-152
-2.429228262438769138e-152
-1.891884873046501521e-152
-1.473401420609560739e-152
-1.147486180149246301e-152
-8.936631356638481409e-153
-6.959855498570520718e-153
-5.420340912350543795e-153
-4.221365747052576768e-153
-3.287602949435352997e-153
-2.560387751448113407e-153
-1.994031985794224025e-153
-1.552953672005970227e-153
-1.209441535831863324e-153
-9.419140151849376724e-154
-7.335633726119605517e-154
-5.712997290226955895e-154
-4.449286763313567887e-154
-3.465108015377842823e-154
-2.698628835803265822e-154
-2.101694250542657235e-154
-1.636801128099290778e-154
-1.274742000295886454e-154
-9.927700680444452634e-155
-7.731701064028660186e-155
-6.021454843139535084e-155
-4.689513747066172905e-155
-3.652196978439253707e-155
-2.844333866739509546e-155
-2.215169442733246879e-155
-1.725175696636499995e-155
-1.343568183476262714e-155
-1.046371953401138435e-155
-8.149152966927621448e-156
-6.346566712011893373e-156
-4.942711125129774290e-156
-3.849387294746812566e-156
-2.997905839493934475e-156
-2.334771415372213921e-156
-1.818321806584612059e-156
-1.416110446843907453e-156
-1.102867924917632201e-156
-8.589144035501873840e-157
-6.689232100761945410e-157
-5.209579198219781727e-157
-4.057224359046067936e-157
-3.159769507921456688e-157
-2.460830967094377823e-157
-1.916497084179463971e-157
-1.492569429913030688e-157
-1.162414240804708646e-157
-9.052891209920595739e-158
-7.050398763346398238e-158
-5.490856077859839372e-158
-4.276283013169625345e-158
-3.330372559291451365e-158
-2.593696757095700921e-158
-2.019973065475895477e-158
-1.573156605175773468e-158
-1.225175596004845440e-158
-9.541677135685486495e-159
-7.431065625086376502e-159
-5.787319727872269518e-159
-4.507169135951512976e-159
-3.510186852514305589e-159
-2.733736269465091358e-159
-2.129035947370113996e-159
-1.658094862999014939e-159
-1.291325577710306736e-159
-1.005685371120921175e-159
-7.832285545524297765e-160
-6.099790116093169140e-160
-4.750521318984575666e-160
-3.699709723222590943e-160
-2.881336829582643914e-160
-2.243987379171442400e-160
-1.747619128101068681e-160
-1.361047145475678128e-160
-1.059984582693558453e-160
-8.255168230453596119e-161
-6.429131482263443667e-161
-5.007012632855792435e-161
-3.899465359316508278e-161
-3.036906675395513226e-161
-2.365145296912802850e-161
-1.841977009313340732e-161
-1.434533137252754331e-161
-1.117215530634324319e-161
-8.700883301175469016e-162
-6.776254728368364913e-162
-5.277352488744592151e-162
-4.110006250778115788e-162
-3.200876086534365649e-162
-2.492844802707497720e-162
-1.941429484424081092e-162
-1.511986802747387970e-162
-1.177536505973295529e-162
-9.170663529471685820e-163
-7.142119938036922710e-163
-5.562288600533049642e-163
-4.331914717764287235e-163
-3.373698574393370661e-163
-2.627439091584439570e-163
-2.046251621998382017e-163
-1.593622365573472300e-163
-1.241114346228724953e-163
-9.665808247240856670e-164
-7.527739031969221839e-164
-5.862609052854810040e-164
-4.565804521204832835e-164
-3.555852136465284688e-164
-2.769300428365292067e-164
-2.156733342170866224e-164
-1.679665615758878584e-164
-1.308124896851128136e-164
-1.018768694022859286e-164
-7.934178566736354163e-165
-6.179144480802628772e-165
-4.812322560360437166e-165
-3.747840578400896083e-165
-2.918821177285405258e-165
-2.273180218515273259e-165
-1.770354534242121952e-165
-1.378753497581776967e-165
-1.073774303579126227e-165
-8.362562684693758488e-166
-6.512770367323209225e-166
-5.072150662035555950e-166
-3.950194907449435337e-166
-3.076414887206296209e-166
-2.395914323208791153e-166
-1.865939951087001812e-166
-1.453195495070775754e-166
-1.131749789516957936e-166
-8.814076223167045704e-167
-6.864409464653545999e-167
-5.346007466394945049e-167
-4.163474801133959866e-167
-3.242517435421189832e-167
-2.525275117828706120e-167
-1.966686239235730263e-167
-1.531656783172543291e-167
-1.192855502131405566e-167
-9.289967991509725775e-168
-7.235034346496059894e-168
-5.634650414599642175e-168
-4.388270155223817650e-168
-3.417588233217184122e-168
-2.661620392245162128e-168
-2.072872045719351993e-168
-1.614354372413056150e-168
-1.257260449390034700e-168
-9.791554225096653487e-169
-7.625670097991396478e-169
-5.938877843759896626e-169
-4.625202715285623524e-169
-3.602111496528432001e-169
-2.805327254206852727e-169
-2.184791062347851002e-169
-1.701516990203913015e-169
-1.325142764380107037e-169
-1.032022222580633705e-169
-8.037397150928893537e-170
-6.259531194999299626e-170
-4.874927796325341361e-170
-3.796597585194734142e-170
-2.956793172356663704e-170
-2.302752838011552679e-170
-1.793385713463297269e-170
-1.396690197994285984e-170
-1.087743419906105620e-170
-8.471354272036430326e-171
-6.597497340737262093e-171
-5.138136095277690693e-171
-4.001584414529716297e-171
-3.116437075562071947e-171
-2.427083634840500875e-171
-1.890214635393573621e-171
-1.472100638217545237e-171
-1.146473129803739231e-171
-8.928741712614764291e-172
-6.953711037626694189e-172
-5.415555601355941805e-172
-4.217638943102739870e-172
-3.284700511600866093e-172
-2.558127330589799082e-172
-1.992271568259698126e-172
-1.551582657451548612e-172
-1.208373788623277386e-172
-9.410824528227686644e-173
-7.329157511931306931e-173
-5.707953609545771444e-173
-4.445358740849499025e-173
-3.462048868406903791e-173
-2.696246369746767683e-173
-2.099838784112215467e-173
-1.635356089390300135e-173
-1.273616603017756024e-173
-9.918936077629709478e-174
-7.724875184493227402e-174
-6.016138842812187867e-174
-4.685373641848428630e-174
-3.648972661253675702e-174
-2.841822765990510695e-174
-2.213213795503555777e-174
-1.723652637042605137e-174
-1.342382023471872868e-174
-1.045448171060871801e-174
-8.141958542827749055e-175
-6.340963688889165119e-175
-4.938347486334225462e-175
-3.845988889435798555e-175
-2.995259158776523314e-175
-2.332710178356953199e-175
-1.816716513583031762e-175
-1.414860243397217661e-175
-1.101894265494351699e-175
-8.581561168288916816e-176
-6.683326557838567605e-176
-5.204979956766593014e-176
-4.053642466200790058e-176
-3.156979926968676244e-176
-2.458658439263911383e-176
-1.914805117803852089e-176
-1.491251725174773821e-176
-1.161388011322697273e-176
-9.044898926678583691e-177
-7.044174366898990017e-177
-5.486008513032450880e-177
-4.272507725886066063e-177
-3.327432362598695823e-177
-2.591406929608999007e-177
-2.018189746036153174e-177
-1.571767754599635947e-177
-1.224093958088580332e-177
-9.533253331123618076e-178
-7.424505159497151739e-178
-5.782210432134067448e-178
-4.503190012429658042e-178
-3.507087907999547377e-178
-2.731322809050302212e-178
-2.127156342509164814e-178
-1.656631025261443057e-178
-1.290185539733996164e-178
-1.004797508652239280e-178
-7.825370865665607120e-179
-6.094404958004531985e-179
-4.746327353648182083e-179
-3.696443459734433006e-179
-2.878793061020349188e-179
-2.242006290223174557e-179
-1.746076254476823751e-179
-1.359845554288935959e-179
-1.059048782536391847e-179
-8.247880211501600034e-180
-6.423455567396590526e-180
-5.002592225912840736e-180
-3.896022742927842363e-180
-3.034225563056206305e-180
-2.363057244523447402e-180
-1.840350832477417333e-180
-1.433266669459524509e-180
-1.116229204525222175e-180
-8.693201785714142555e-181
-6.770272358111910301e-181
-5.272693414104242698e-181
-4.106377759799822792e-181
-3.198050214919103149e-181
-2.490644011680672010e-181
-1.939715506649012856e-181
-1.510651955513998032e-181
-1.176496925902650750e-181
-9.162567271740850151e-182
-7.135814566176199136e-182
-5.557377971990361174e-182
-4.328090316409869351e-182
-3.370720127623770647e-182
-2.625119474907938388e-182
-2.044445102714297418e-182
-1.592215446940393614e-182
-1.240018636895565666e-182
-9.657274854374024524e-183
-7.521093218922278491e-183
-5.857433288449703557e-183
-4.561773631833143707e-183
-3.552712876666137968e-183
-2.766855570375452083e-183
-2.154829284853880632e-183
-1.678182734429397633e-183
-1.306970027710526228e-183
-1.017869281031813693e-183
-7.927173931319041998e-184
-6.173689265254497890e-184
-4.808074034219728418e-184
-3.744531822915613413e-184
-2.916244315922475037e-184
-2.271173356867956933e-184
-1.768791588819676014e-184
-1.377536274462878094e-184
-1.072826329260955262e-184
-8.355179853280526683e-185
-6.507020612437300290e-185
-5.067672748427941723e-185
-3.946707504825299476e-185
-3.073698895311733906e-185
-2.393799106594490217e-185
-1.864292618731418395e-185
-1.451912551342268625e-185
-1.130750631936560257e-185
-8.806294776106789270e-186
-6.858349267589590326e-186
-5.341287780175968485e-186
-4.159799105810770479e-186
-3.239654801025157592e-186
-2.523045695919429237e-186
-1.964949963706988767e-186
-1.530304570431131756e-186
-1.191802397789515159e-186
-9.281766406648522733e-187
-7.228646945783730783e-187
-5.629675901923087473e-187
-4.384396000855918621e-187
-3.414571038761724976e-187
-2.659270598840572013e-187
-2.071042024775801138e-187
-1.612929150669181937e-187
-1.256150485579854826e-187
-9.782909818251163747e-188
-7.618937827170942063e-188
-5.933634745973077960e-188
-4.621119386623528724e-188
-3.598931396968854758e-188
-2.802850590179608935e-188
-2.182862234464028705e-188
-1.700014817537582163e-188
-1.323972871131260494e-188
-1.031111108802321920e-188
-8.030301389688728928e-189
-6.254005010588972765e-189
-4.870623999579181354e-189
-3.793245784918644324e-189
-2.954182787676945856e-189
-2.300719868378871217e-189
-1.791802435121404594e-189
-1.395457139581799896e-189
-1.086783113048888678e-189
-8.463875394712534405e-190
-6.591672785220918588e-190
-5.133599926880519109e-190
-3.998051643029855206e-190
-3.113685750351568194e-190
-2.424940900612075962e-190
-1.888545872298562792e-190
-1.470801004212389996e-190
-1.145460973822817911e-190
-8.920859033909446405e-191
-6.947572001278292503e-191
-5.410774515040501883e-191
-4.213915429336344317e-191
-3.281800636163819922e-191
-2.555868905328617694e-191
-1.990512704897781697e-191
-1.550212853287972865e-191
-1.207306984068029918e-191
-9.402516245997578491e-192
-7.322687015224521313e-192
-5.702914381643664991e-192
-4.441434186213262977e-192
-3.458992422182996912e-192
-2.693866007034173454e-192
-2.097984955767652843e-192
-1.633912326423874887e-192
-1.272492199288934558e-192
-9.910179212584765092e-193
-7.718055331138973668e-193
-6.010827535679463849e-193
-4.681237191694328421e-193
-3.645751190634527310e-193
-2.839313882149676993e-193
-2.211259874803678459e-193
-1.722130922071481816e-193
-1.341196910660750494e-193
-1.044525204275541498e-193
-8.134770470276108744e-194
-6.335365612357174522e-194
-4.933987699947417435e-194
-3.842593484383728042e-194
-2.992614814663125815e-194
-2.330650761090729482e-194
-1.815112637803425816e-194
-1.413611143684111499e-194
-1.100921465659650042e-194
-8.573984995558543798e-195
-6.677426228583469513e-195
-5.200384775722343217e-195
-4.050063735605173359e-195
-3.154192808778408447e-195
-2.456487829434818086e-195
-1.913114645169212067e-195
-1.489935183763155213e-195
-1.160362687840382823e-195
-9.036913699369303793e-196
-7.037955465617518782e-196
-5.481165227844597888e-196
-4.268735771589128072e-196
-3.324494761638530648e-196
-2.589119123680870877e-196
-2.016408000987811887e-196
-1.570380130160754024e-196
-1.223013275088970115e-196
-9.524836963460133898e-197
-7.417950485770214034e-197
-5.777105647102751455e-197
-4.499214401849857266e-197
-3.503991699366811907e-197
-2.728911479342575210e-197
-2.125278397044543668e-197
-1.655168479863030614e-197
-1.289046508232435147e-197
-1.003910430026880603e-197
-7.818462290384853424e-198
-6.089024554165974901e-198
-4.742137090925472619e-198
-3.693180079844711776e-198
-2.876251538206775176e-198
-2.240026950265769433e-198
-1.744534742968032061e-198
-1.358645023918775418e-198
-1.058113808544009737e-198
-8.240598626727414416e-199
-6.417784663472454235e-199
-4.998175721496000097e-199
-3.892583165829568549e-199
-3.031546817718636170e-199
-2.360971035556899114e-199
-1.838726091300618893e-199
-1.432001319758745490e-199
-1.115243749187396157e-199
-8.685527051826336094e-200
-6.764295269350220927e-200
-5.268038452696151158e-200
-4.102752472210035145e-200
-3.195226838105317490e-200
-2.488445163607190187e-200
-1.938003042047530092e-200
-1.509318286741381235e-200
-1.175458263618178749e-200
-9.154478161735915711e-201
-7.129514760970004981e-201
-5.552471678762580180e-201
-4.324269291402095676e-201
-3.367744310355581395e-201
-2.622801906089194934e-201
-2.042640178303438243e-201
-1.590809770395831897e-201
-1.238923894901915520e-201
-9.648748995154867354e-202
-7.514453273086041394e-202
-5.852262093432890259e-202
-4.557746301104633791e-202
-3.549576388341088353e-202
-2.764412870811808826e-202
-2.152926908520906841e-202
-1.676701162251581201e-202
-1.305816178138266063e-202
-1.016970662081390656e-202
-7.920175479896322363e-203
-6.168238865806195038e-203
-4.803829258861339122e-203
-3.741225988542537329e-203
-2.913669729524018775e-203
-2.269168266964754474e-203
-1.767230023232933318e-203
-1.376320125961105326e-203
-1.071879191855443514e-203
-8.347803539749641518e-204
-6.501275933683266388e-204
-5.063198788115806483e-204
-3.943223181030778159e-204
-3.070985301212085750e-204
-2.391685757384746361e-204
-1.862646740711966760e-204
-1.450630740251879778e-204
-1.129752356455615512e-204
-8.798520198843983209e-205
-6.852294420729267230e-205
-5.336572260699772062e-205
-4.156126655550119587e-205
-3.236794693886372379e-205
-2.520818242240075151e-205
-1.963215221037252618e-205
-1.528953551481513771e-205
-1.190750223173608286e-205
-9.273572062500562809e-206
-7.222265184144541259e-206
-5.624705780961112534e-206
-4.380525266758772819e-206
-3.411556508015806893e-206
-2.656922879935057797e-206
-2.069213619453755300e-206
-1.611505187172600542e-206
-1.255041501693652225e-206
-9.774273043061282427e-207
-7.612211499889849684e-207
-5.928396277019369240e-207
-4.617039662900285282e-207
-3.595754104938477376e-207
-2.800376112658305074e-207
-2.180935109432744487e-207
-1.698513971054141644e-207
-1.322804010714686874e-207
-1.030200799394593177e-207
-8.023211892892965857e-208
-6.248483704932848680e-208
-4.866324002410616989e-208
-3.789896943756561028e-208
-2.951574707557533696e-208
-2.298688693539560076e-208
-1.790220554565994154e-208
-1.394225169766520762e-208
-1.085823653992028960e-208
-8.456403120064461908e-209
-6.585853371873674205e-209
-5.129067763208669845e-209
-3.994521990413210862e-209
-3.110936854129755548e-209
-2.422800058081946368e-209
-1.886878582459665219e-209
-1.469502517580249631e-209
-1.144449711416899363e-209
-8.912983314373244650e-210
-6.941438384736249252e-210
-5.405997649674498022e-210
-4.210195202848673598e-210
-3.278903320862018682e-210
-2.553612473902770274e-210
-1.988755394336385001e-210
-1.548844258446656938e-210
-1.206241121333906010e-210
-9.394215298677753838e-211
-7.316222230951607454e-211
-5.697879602589532192e-211
-4.437513096343313739e-211
-3.455938674321786256e-211
-2.691487745808560475e-211
-2.096132764062797249e-211
-1.632469838073734714e-211
-1.271368788232273939e-211
-9.901430078478381899e-212
-7.711241498645725289e-212
-6.005520917598004527e-212
-4.677104393377028237e-212
-3.642532564068737306e-212
-2.836807213259824948e-212
-2.209307679109361344e-212
-1.720610550536038499e-212
-1.340012844118387946e-212
-1.043603052325140844e-212
-8.127588743665280564e-213
-6.329772478048856527e-213
-4.929631762568276097e-213
-3.839201076941843280e-213
-2.989972805090888516e-213
-2.328593161966988900e-213
-1.813510177994609891e-213
-1.412363146730164790e-213
-1.099949524654645901e-213
-8.566415511400578148e-214
-6.671531108393799011e-214
-5.195793651502328324e-214
-4.046488164467446949e-214
-3.151408151176419560e-214
-2.454319135913803796e-214
-1.911425664956804190e-214
-1.488619804651139823e-214
-1.159338269557909605e-214
-9.028935521763474827e-215
-7.031742054650617968e-215
-5.476326218518029466e-215
-4.264967147336307544e-215
-3.321559754119331772e-215
-2.586833337526598886e-215
-2.014627828940930764e-215
-1.568993730776641259e-215
-1.221933546162973065e-215
-9.516428026129421145e-216
-7.411401598792257628e-216
-5.772005368796072240e-216
-4.495242301110734157e-216
-3.500898224200743564e-216
-2.726502278460829623e-216
-2.123402109511263919e-216
-1.653707225662845262e-216
-1.287908482317064304e-216
-1.003024134552834203e-216
-7.811559814292654740e-217
-6.083648900380237835e-217
-4.737950527547620161e-217
-3.689919581007662558e-217
-2.873712259159277834e-217
-2.238049357755141259e-217
-1.742994592372158900e-217
-1.357445553428661304e-217
-1.057179659987038257e-217
-8.233323470450668026e-218
-6.412118766067156663e-218
-4.993763116159951969e-218
-3.889146625338469778e-218
-3.028870437293111571e-218
-2.358886668385703655e-218
-1.837102784515483763e-218
-1.430737087163316993e-218
-1.114259163852092177e-218
-8.677859093524981546e-219
-6.758323457420567494e-219
-5.263387600888981786e-219
-4.099130385180662117e-219
-3.192405953890489226e-219
-2.486248256771728471e-219
-1.936292089283737227e-219
-1.507985795389141202e-219
-1.174420518309618606e-219
-9.146396193146559937e-220
-7.123220517503858075e-220
-5.547569717022301964e-220
-4.320451639760180743e-220
-3.364771120267363905e-220
-2.620486383320271257e-220
-2.040836847357780914e-220
-1.589405334843217090e-220
-1.237830119393765840e-220
-9.640230662932354715e-221
-7.507819189280685656e-221
-5.847095463770318263e-221
-4.553722525877582606e-221
-3.546442669043357823e-221
-2.761972327768810070e-221
-2.151026211687899971e-221
-1.675220898069654141e-221
-1.304663347234228708e-221
-1.016072836470577541e-221
-7.913183207008691911e-222
-6.162793278205860141e-222
-4.799588230973914622e-222
-3.737923072702783486e-222
-2.911097416081599967e-222
-2.267164947241493282e-222
-1.765669836263715154e-222
-1.375105051127740653e-222
-1.070932890623728524e-222
-8.340433738346831528e-223
-6.495536326579676083e-223
-5.058728777609008442e-223
-3.939741933347745835e-223
-3.068274102790475616e-223
-2.389574273930934357e-223
-1.861002315744695814e-223
-1.449350060799666625e-223
-1.128754962295368752e-223
-8.790752485313671327e-224
-6.846244919349186877e-224
-5.331860904287772872e-224
-4.152457447487126640e-224
-3.233937111773661652e-224
-2.518592755053005110e-224
-1.961482009873247147e-224
-1.527603725269758164e-224
-1.189698977462882832e-224
-9.265384952673427484e-225
-7.215889056600077433e-225
-5.619740047836520294e-225
-4.376657949912816685e-225
-3.408544638627790755e-225
-2.654577233697162291e-225
-2.067386828326873793e-225
-1.610082480812477349e-225
-1.253933496866307660e-225
-9.765643892789453471e-226
-7.605491110900909361e-226
-5.923162432812236783e-226
-4.612963540933297325e-226
-3.592579617958692575e-226
-2.797903819712598421e-226
-2.179009685750646635e-226
-1.697014449582779425e-226
-1.321636182218557623e-226
-1.029291293647314598e-226
-8.016128655011079157e-227
-6.242967273723755876e-227
-4.862027801465215329e-227
-3.786551059096050464e-227
-2.948968929963861329e-227
-2.296659311909098120e-227
-1.788640070563039605e-227
-1.392994287587388253e-227
-1.084865041987051537e-227
-8.448937442263083642e-228
-6.580039096155801216e-228
-5.124539600726597864e-228
-3.990995453926298716e-228
-3.108190384752218409e-228
-2.420661105580038807e-228
-1.885212764576226823e-228
-1.468205177308173464e-228
-1.143439341797096413e-228
-8.905114547862303745e-229
-6.935310183215721087e-229
-5.401225001531492630e-229
-4.206478260737576337e-229
-3.276008563435265523e-229
-2.551358034552013172e-229
-1.986999635204628358e-229
-1.547476871859960487e-229
-1.205176199589425121e-229
-9.385921679792639109e-230
-7.309763154069383877e-230
-5.692849268455738989e-230
-4.433595468180803142e-230
-3.452887622441041424e-230
-2.689111584214644693e-230
-2.094282207552751491e-230
-1.631028623214593125e-230
-1.270246368971400371e-230
-9.892688668485353730e-231
-7.704433681698007802e-231
-6.000218984428114492e-231
-4.672975243672525304e-231
-3.639316779045451594e-231
-2.834302757365500946e-231
-2.207357206897694072e-231
-1.719091521250233165e-231
-1.338829822921094101e-231
-1.042681714490298592e-231
-8.120413357392794984e-232
-6.324184281601004640e-232
-4.925279670798732295e-232
-3.835811664463724172e-232
-2.987333127998776999e-232
-2.326537379380596672e-232
-1.811909132906502918e-232
-1.411116251561814749e-232
-1.098978441721126946e-232
-8.558852709910060553e-233
-6.665641192670769497e-233
-5.191206580525008229e-233
-4.042915749998306505e-233
-3.148625951990396954e-233
-2.452152357009068840e-233
-1.909738175849054017e-233
-1.487305586812599451e-233
-1.158314755676127976e-233
-9.020964387637313763e-234
-7.025534129151196514e-234
-5.471491481277832255e-234
-4.261201850187696783e-234
-3.318627337751497420e-234
-2.584549569363038191e-234
-2.012849228506796051e-234
-1.567608555365765823e-234
-1.220854770468292380e-234
-9.508026512571663717e-235
-7.404858493454490296e-235
-5.766909593235300077e-235
-4.491273707113648037e-235
-3.497807480088121058e-235
-2.724095204525646206e-235
-2.121527478445631857e-235
-1.652247261520961211e-235
-1.286771461100108904e-235
-1.002138621538700643e-235
-7.804663432004381665e-236
-6.078277992453771071e-236
-4.733767660248683649e-236
-3.686661960679767001e-236
-2.871175221896963440e-236
-2.236073511148569695e-236
-1.741455801487731794e-236
-1.356247141882886418e-236
-1.056246336136746837e-236
-8.226054736996006169e-237
-6.406457870760729712e-237
-4.989354406462420805e-237
-3.885713118773698105e-237
-3.026196419691786953e-237
-2.356804141383845457e-237
-1.835480910855668873e-237
-1.429473970687010250e-237
-1.113275447751234098e-237
-8.670197904828299522e-238
-6.752356917664333573e-238
-5.258740855054600915e-238
-4.095511495886112291e-238
-3.189587560074044882e-238
-2.484053289460478080e-238
-1.934582647022919075e-238
-1.506654480417800728e-238
-1.173383689167423926e-238
-9.138321359668036684e-239
-7.116931830867612158e-239
-5.542672082945503176e-239
-4.316637358505973278e-239
-3.361800555039732389e-239
-2.618172904794827169e-239
-2.039035108470546232e-239
-1.588002139186948315e-239
-1.236737309517861210e-239
-9.631719851061329492e-240
-7.501190962330957017e-240
-5.841933395431495509e-240
-4.549702303013039015e-240
-3.543311716328329520e-240
-2.759533939342586367e-240
-2.149127192872124835e-240
-1.673741940728861124e-240
-1.303511534099089997e-240
-1.015175803498979489e-240
-7.906197107201478706e-241
-6.157352498205386244e-241
-4.795350947249026265e-241
-3.734623072819745394e-241
-2.908527373588553727e-241
-2.265163396135382261e-241
-1.764111026694918379e-241
-1.373891049014902662e-241
-1.069987424827600017e-241
-8.333070443322907900e-242
-6.489801786649060344e-242
-5.054262713420490135e-242
-3.936263759060482042e-242
-3.065565297931894646e-242
-2.387464654585884435e-242
-1.859359342546787652e-242
-1.448070511986570811e-242
-1.127758448677751546e-242
-8.782991629456255794e-243
-6.840200758730126211e-243
-5.327153707264641087e-243
-4.148791478759439658e-243
-3.231082052457823533e-243
-2.516369232622114561e-243
-1.959750328862893260e-243
-1.526255090742864282e-243
-1.188648659837260750e-243
-9.257205070780346595e-244
-7.209518558176314130e-244
-5.614778698675539338e-244
-4.372794047301153956e-244
-3.405535428248116256e-244
-2.652233658297044886e-244
-2.065561649970075482e-244
-1.608661030478957727e-244
-1.252826470233465445e-244
-9.757022360704070096e-245
-7.598776654961537043e-245
-5.917933209268755070e-245
-4.608891017542778670e-245
-3.589407933553080048e-245
-2.795433709413852157e-245
-2.177085961915710307e-245
-1.695516251953717821e-245
-1.320469384731848753e-245
-1.028382590850979898e-245
-8.009051670517434010e-246
-6.237455712658321039e-246
-4.857735393391508091e-246
-3.783208128326985030e-246
-2.946365452863160460e-246
-2.294631721904363685e-246
-1.787060981879604508e-246
-1.391764492084189696e-246
-1.083907276286142914e-246
-8.441478355484417786e-247
-6.574229953531579604e-247
-5.120015435901879508e-247
-3.987472030818063545e-247
-3.105446340076433239e-247
-2.418524041437754742e-247
-1.883548417348742000e-247
-1.466908982384105629e-247
-1.142429864175219240e-247
-8.897252728238193972e-248
-6.929187391936098783e-248
-5.396456566888338618e-248
-4.202764600103463900e-248
-3.273116361625356873e-248
-2.549105585517655892e-248
-1.985245426132842394e-248
-1.546110692461182519e-248
-1.204112218003840869e-248
-9.377635382872376110e-249
-7.303309779539119248e-249
-5.687823375318115488e-249
-4.429681298669589007e-249
-3.449839264160633947e-249
-2.686737520398780773e-249
-2.092433284793894784e-249
-1.629588680722157398e-249
-1.269124940630713808e-249
-9.883954975786500881e-250
-7.697631874985035846e-250
-5.994921732033752155e-250
-4.668849739359669046e-250
-3.636103833056034793e-250
-2.831800512512976840e-250
-2.205408456647111605e-250
-1.717573833029068953e-250
-1.337647846145993498e-250
-1.041761190052277932e-250
-8.113244305861125218e-251
-6.318601018654261428e-251
-4.920931421243715859e-251
-3.832425244305286267e-251
-2.984695781327577495e-251
-2.324483411727835975e-251
-1.810309501290129422e-251
-1.409870457206357225e-251
-1.098008216101550695e-251
-8.551296585187238234e-252
-6.659756476819652197e-252
-5.186623559212005905e-252
-4.039346489410907264e-252
-3.145846209049944526e-252
-2.449987491030307174e-252
-1.908052176529549876e-252
-1.485992529222311698e-252
-1.157292145396593818e-252
-9.013000290772534943e-253
-7.019331684276449945e-253
-5.466661012352422795e-253
-4.257439877205985784e-253
-3.315697510247447404e-253
-2.582267817408619285e-253
-2.011072198297920208e-253
-1.566224602847551782e-253
-1.219776947163373645e-253
-9.499632416232829842e-254
-7.398321164652630744e-254
-5.761818316445216236e-254
-4.487308616762698554e-254
-3.494719464617852012e-254
-2.721690255659263717e-254
-2.119654502385246819e-254
-1.650788586298459258e-254
-1.285635443694577544e-254
-1.001253890293689874e-254
-7.797773138140162171e-255
-6.072911826196724193e-255
-4.729588485765604515e-255
-3.683407216319752423e-255
-2.868640424440687027e-255
-2.234099408904694592e-255
-1.739918369114338647e-255
-1.355049788346568577e-255
-1.055313836265049090e-255
-8.218792420693084937e-256
-6.400801973137101950e-256
-4.984949588964168926e-256
-3.882282643456772282e-256
-3.023524762828658060e-256
-2.354723452926742465e-256
-1.833860469055949349e-256
-1.428211969344467320e-256
-1.112292600117424342e-256
-8.662543479759790292e-257
-6.746395645427017924e-257
-5.254098211568077720e-257
-4.091895801503286297e-257
-3.186771654457353487e-257
-2.481860259961143373e-257
-1.932874713931538671e-257
-1.505324340788800135e-257
-1.172347775382763699e-257
-9.130253655001159076e-258
-7.110648696155458657e-258
-5.537778772711535139e-258
-4.312826444663947542e-258
-3.358832612355345160e-258
-2.615861468708115127e-258
-2.037234960236195213e-258
-1.586600182332391499e-258
-1.235645464421700057e-258
-9.623216552902497512e-259
-7.494568587066171075e-259
-5.836775884389486880e-259
-4.545685629374823444e-259
-3.540183527753544296e-259
-2.757097703630948616e-259
-2.147229850592155293e-259
-1.672264289075466415e-259
-1.302360737834319233e-259
-1.014279562466820377e-259
-7.899217175024817793e-260
-6.151916521560418349e-260
-4.791117404381166629e-260
-3.731325986319089176e-260
-2.905959600039989057e-260
-2.263163612085009958e-260
-1.762553593310514637e-260
-1.372678118675547476e-260
-1.069042793729499216e-260
-8.325713648933762751e-261
-6.484072309417897883e-261
-5.049800592066271956e-261
-3.932788655455656592e-261
-3.062858884523202838e-261
-2.385356897703879632e-261
-1.857717819836558535e-261
-1.446792092814414857e-261
-1.126762814825382987e-261
-8.775237625217486828e-262
-6.834161934157033410e-262
-5.322450665958284359e-262
-4.145128746507232652e-262
-3.228229513711622958e-262
-2.514147673212832528e-262
-1.958020176655304834e-262
-1.524907646848761789e-262
-1.187599269477389077e-262
-9.249032410440189259e-263
-7.203153683903622393e-263
-5.609821729607815783e-263
-4.368933555909550278e-263
-3.402528874529294805e-263
-2.649892151906480849e-263
-2.063738082959537412e-263
-1.607240835063167568e-263
-1.251720420931533566e-263
-9.748408440079469818e-264
-7.592068126833783303e-264
-5.912708602309604292e-264
-4.604822089551751652e-264
-3.586239049247407321e-264
-2.792965779835131068e-264
-2.175163936427237134e-264
-1.694019376998211732e-264
-1.319303617344340561e-264
-1.027474690296709599e-264
-8.001980933891266245e-265
-6.231949017436970434e-265
-4.853446774840984367e-265
-3.779868148841542641e-265
-2.943764274224455507e-265
-2.292605921943631811e-265
-1.785483287283840489e-265
-1.390535782297560970e-265
-1.082950356142148968e-265
-8.434025853909624081e-266
-6.568425939469289354e-266
-5.115495265205211160e-266
-3.983951718339882862e-266
-3.102704717961769089e-266
-2.416388863987968411e-266
-1.881885539478852228e-266
-1.465613931796883422e-266
-1.141421277763773186e-266
-8.889397849367902163e-267
-6.923070006120983480e-267
-5.391692342025177994e-267
-4.199054218049305661e-267
-3.270226713176084656e-267
-2.546855125042561357e-267
-1.983492765752567886e-267
-1.544745719184566164e-267
-1.203049175747140678e-267
-9.369356401452812668e-268
-7.296862102326530692e-268
-5.682801919255959861e-268
-4.425770584756224557e-268
-3.446793597102537047e-268
-2.684365552508959908e-268
-2.090585994343882350e-268
-1.628150009473127458e-268
-1.268004502335386845e-268
-9.875228993568661457e-269
-7.690836073200716280e-269
-5.989629156282526033e-269
-4.664727877220148614e-269
-3.632893723594064144e-269
-2.829300476750249334e-269
-2.203461426837393063e-269
-1.716057484688596963e-269
-1.336466912871024662e-269
-1.040841478292977030e-269
-8.106081583477690365e-270
-6.313022684853119832e-270
-4.916587010511152002e-270
-3.829041813824782633e-270
-2.982060763019893315e-270
-2.322431257406403970e-270
-1.808711281897614742e-270
-1.408625762691947082e-270
-1.097038847039043079e-270
-8.543747131337579050e-271
-6.653876956249776155e-271
-5.182044583988102839e-271
-4.035780379920866388e-271
-3.143068920186582286e-271
-2.447824536288705499e-271
-1.906367665683042049e-271
-1.484680630855959426e-271
-1.156270437921568655e-271
-9.005043224956339048e-272
-7.013134715187845512e-272
-5.461834807973547760e-272
-4.253681225456455435e-272
