-2.999999999999999889e-01
-2.940596019920265758e-01
-2.882368317456969198e-01
-2.825293600752746270e-01
-2.769349039159907377e-01
-2.714512254107878664e-01
-2.660761310151472103e-01
-2.608074706196417680e-01
-2.556431366898633817e-01
-2.505810634233816003e-01
-2.456192259233945241e-01
-2.407556393887435309e-01
-2.359883583199660351e-01
-2.313154757410698648e-01
-2.267351224367176177e-01
-2.222454662045153517e-01
-2.178447111221072652e-01
-2.135310968287828792e-01
-2.093028978213093139e-01
-2.051584227637067437e-01
-2.010960138106917816e-01
-1.971140459445170079e-01
-1.932109263249424114e-01
-1.893850936520777850e-01
-1.856350175418422510e-01
-1.819591979137900328e-01
-1.783561643910583083e-01
-1.748244757121968918e-01
-1.713627191546444606e-01
-1.679695099696205951e-01
-1.646434908282079501e-01
-1.613833312784023477e-01
-1.581877272129145473e-01
-1.550554003475097531e-01
-1.519850977096768585e-01
-1.489755911374228414e-01
-1.460256767879914985e-01
-1.431341746563103146e-01
-1.402999281029727596e-01
-1.375218033915670546e-01
-1.347986892351664689e-01
-1.321294963517997967e-01
-1.295131570287239020e-01
-1.269486246953246411e-01
-1.244348735044744081e-01
-1.219708979221797301e-01
-1.195557123253542381e-01
-1.171883506075563353e-01
-1.148678657925336077e-01
-1.125933296554198632e-01
-1.103638323514326974e-01
-1.081784820519234858e-01
-1.060364045876340394e-01
-1.039367430990172231e-01
-1.018786576934817278e-01
-9.986132510942385965e-02
-9.788393838691183957e-02
-9.594570654489117945e-02
-9.404585426478159760e-02
-9.218362158033936715e-02
-9.035826357366064099e-02
-8.856905007720426715e-02
-8.681526538171517593e-02
-8.509620794993111303e-02
-8.341119013595824083e-02
-8.175953791020378059e-02
-8.014059058975510352e-02
-7.855370057409778728e-02
-7.699823308606676409e-02
-7.547356591792694913e-02
-7.397908918248194410e-02
-7.251420506911093744e-02
-7.107832760463653199e-02
-6.967088241892764600e-02
-6.829130651514381256e-02
-6.693904804452893709e-02
-6.561356608566441817e-02
-6.431433042809338307e-02
-6.304082136022941263e-02
-6.179252946146503167e-02
-6.056895539839661502e-02
-5.936960972508439210e-02
-5.819401268726757254e-02
-5.704169403045616232e-02
-5.591219281182299022e-02
-5.480505721582040052e-02
-5.371984437344796276e-02
-5.265612018509905484e-02
-5.161345914691516101e-02
-5.059144418057864856e-02
-4.958966646647595955e-02
-4.860772528016422261e-02
-4.764522783207620488e-02
-4.670178911039919029e-02
-4.577703172706516777e-02
-4.487058576679051752e-02
-4.398208863910504224e-02
-4.311118493331087681e-02
-4.225752627631349650e-02
-4.142077119326784823e-02
-4.060058497098380931e-02
-3.979663952403651034e-02
-3.900861326352777353e-02
-3.823619096844622228e-02
-3.747906365957472119e-02
-3.673692847589456884e-02
-3.600948855343701765e-02
-3.529645290653375678e-02
-3.459753631141875008e-02
-3.391245919213495275e-02
-3.324094750870015824e-02
-3.258273264748738629e-02
-3.193755131377584017e-02
-3.130514542642950926e-02
-3.068526201466124231e-02
-3.007765311684112292e-02
-2.948207568130846098e-02
-2.889829146914790758e-02
-2.832606695889070339e-02
-2.776517325310298712e-02
-2.721538598682375285e-02
-2.667648523781590217e-02
-2.614825543859438869e-02
-2.563048529019636840e-02
-2.512296767765878971e-02
-2.462549958716963791e-02
-2.413788202485973172e-02
-2.365991993720248376e-02
-2.319142213298992089e-02
-2.273220120685364234e-02
-2.228207346430016375e-02
-2.184085884823067439e-02
-2.140838086691581460e-02
-2.098446652339660753e-02
-2.056894624628337331e-02
-2.016165382192492556e-02
-1.976242632792088449e-02
-1.937110406795054113e-02
-1.898753050789222033e-02
-1.861155221320749328e-02
-1.824301878756539111e-02
-1.788178281268180958e-02
-1.752769978935024911e-02
-1.718062807964020750e-02
-1.684042885024011546e-02
-1.650696601692216992e-02
-1.618010619010680495e-02
-1.585971862150510961e-02
-1.554567515181774946e-02
-1.523785015946954938e-02
-1.493612051035918264e-02
-1.464036550860388711e-02
-1.435046684825951047e-02
-1.406630856599654436e-02
-1.378777699471326126e-02
-1.351476071806734063e-02
-1.324715052590785813e-02
-1.298483937058976870e-02
-1.272772232415341452e-02
-1.247569653635194863e-02
-1.222866119350986269e-02
-1.198651747819616878e-02
-1.174916852969611937e-02
-1.151651940526562251e-02
-1.128847704215286615e-02
-1.106495022037200411e-02
-1.084584952621392775e-02
-1.063108731647959167e-02
-1.042057768342156791e-02
-1.021423642037980369e-02
-1.001198098809782423e-02
-9.813730481705945641e-03
-9.619405598358230294e-03
-9.428928605510313379e-03
-9.242223309825322447e-03
-9.059215026695549219e-03
-8.879830550367598732e-03
-8.703998124659115612e-03
-8.531647414255350351e-03
-8.362709476574104253e-03
-8.197116734187766957e-03
-8.034802947791451835e-03
-7.875703189706387275e-03
-7.719753817907981999e-03
-7.566892450568163050e-03
-7.417057941101815738e-03
-7.270190353707333547e-03
-7.126230939391498508e-03
-6.985122112469102466e-03
-6.846807427527894056e-03
-6.711231556849679876e-03
-6.578340268278485593e-03
-6.448080403526976721e-03
-6.320399856912429885e-03
-6.195247554513770051e-03
-6.072573433741317549e-03
-5.952328423311086490e-03
-5.834464423615616686e-03
-5.718934287483491176e-03
-5.605691801319831989e-03
-5.494691666620253254e-03
-5.385889481850860035e-03
-5.279241724687017481e-03
-5.174705734603883729e-03
-5.072239695811583786e-03
-4.971802620528376071e-03
-4.873354332584961188e-03
-4.776855451353509245e-03
-4.682267375994849344e-03
-4.589552270017655151e-03
-4.498673046143310435e-03
-4.409593351470534814e-03
-4.322277552933705136e-03
-4.236690723049188652e-03
-4.152798625943849783e-03
-4.070567703660279979e-03
-3.989965062733130154e-03
-3.910958461031320728e-03
-3.833516294860728202e-03
-3.757607586322315400e-03
-3.683201970920530702e-03
-3.610269685417132057e-03
-3.538781555925468378e-03
-3.468708986240560607e-03
-3.400023946400215855e-03
-3.332698961472691651e-03
-3.266707100566334978e-03
-3.202021966056877497e-03
-3.138617683028041040e-03
-3.076468888921206780e-03
-3.015550723390075794e-03
-2.955838818356177223e-03
-2.897309288261333028e-03
-2.839938720513096853e-03
-2.783704166119423031e-03
-2.728583130508744573e-03
-2.674553564531865785e-03
-2.621593855641987138e-03
-2.569682819249418087e-03
-2.518799690247441186e-03
-2.468924114706008959e-03
-2.420036141729884314e-03
-2.372116215478032187e-03
-2.325145167341007620e-03
-2.279104208273269837e-03
-2.233974921277301524e-03
-2.189739254036574771e-03
-2.146379511694373847e-03
-2.103878349775627297e-03
-2.062218767248874454e-03
-2.021384099725639840e-03
-1.981358012794443360e-03
-1.942124495486821428e-03
-1.903667853872734617e-03
-1.865972704782771670e-03
-1.829023969654691327e-03
-1.792806868501782731e-03
-1.757306914000686697e-03
-1.722509905696260500e-03
-1.688401924321219572e-03
-1.654969326228231336e-03
-1.622198737932288018e-03
-1.590077050761120638e-03
-1.558591415611569261e-03
-1.527729237809757152e-03
-1.497478172073065002e-03
-1.467826117571842653e-03
-1.438761213088926268e-03
-1.410271832274982706e-03
-1.382346578997825605e-03
-1.354974282783799741e-03
-1.328143994349453415e-03
-1.301844981221668288e-03
-1.276066723444537528e-03
-1.250798909371233494e-03
-1.226031431539219979e-03
-1.201754382627126137e-03
-1.177958051491687216e-03
-1.154632919283162884e-03
-1.131769655637661484e-03
-1.109359114944879652e-03
-1.087392332689726638e-03
-1.065860521866408448e-03
-1.044755069463498831e-03
-1.024067533018629050e-03
-1.003789637241381564e-03
-9.839132707030718260e-04
-9.644304825920609926e-04
-9.453334795333323375e-04
-9.266146224710305329e-04
-9.082664236127445129e-04
-8.902815434342831787e-04
-8.726527877437751778e-04
-8.553731048038896176e-04
-8.384355825110530701e-04
-8.218334456305104695e-04
-8.055600530861461344e-04
-7.896088953039594616e-04
-7.739735916081539159e-04
-7.586478876687766885e-04
-7.436256529999075472e-04
-7.289008785073792466e-04
-7.144676740850611956e-04
-7.003202662587405770e-04
-6.864529958766507232e-04
-6.728603158457410055e-04
-6.595367889127594016e-04
-6.464770854892844991e-04
-6.336759815198142031e-04
-6.211283563920781551e-04
-6.088291908887201627e-04
-5.967735651795489813e-04
-5.849566568535361638e-04
-5.733737389897913036e-04
-5.620201782667269986e-04
-5.508914331086721579e-04
-5.399830518691773121e-04
-5.292906710503005822e-04
-5.188100135571466990e-04
-5.085368869869751583e-04
-4.984671819521801529e-04
-4.885968704364841708e-04
-4.789220041836741927e-04
-4.694387131182499711e-04
-4.601432037973389108e-04
-4.510317578932716994e-04
-4.421007307061987942e-04
-4.333465497061629482e-04
-4.247657131040409486e-04
-4.163547884507786431e-04
-4.081104112643681495e-04
-4.000292836840078047e-04
-3.921081731509162469e-04
-3.843439111152633573e-04
-3.767333917687108150e-04
-3.692735708020442888e-04
-3.619614641874120860e-04
-3.547941469846717941e-04
-3.477687521713774101e-04
-3.408824694959297435e-04
-3.341325443534409636e-04
-3.275162766838532100e-04
-3.210310198918813244e-04
-3.146741797883364296e-04
-3.084432135524189001e-04
-3.023356287145531141e-04
-2.963489821593688514e-04
-2.904808791484204825e-04
-2.847289723622618233e-04
-2.790909609614847155e-04
-2.735645896663548731e-04
-2.681476478546680709e-04
-2.628379686774724678e-04
-2.576334281923011739e-04
-2.525319445135647029e-04
-2.475314769797713798e-04
-2.426300253372334231e-04
-2.378256289399407304e-04
-2.331163659652744512e-04
-2.285003526452541686e-04
-2.239757425130037554e-04
-2.195407256641418155e-04
-2.151935280327940279e-04
-2.109324106819448509e-04
-2.067556691078379380e-04
-2.026616325581533215e-04
-1.986486633636829131e-04
-1.947151562832423238e-04
-1.908595378615515314e-04
-1.870802657998333468e-04
-1.833758283388716955e-04
-1.797447436542894258e-04
-1.761855592637972276e-04
-1.726968514461828339e-04
-1.692772246718021441e-04
-1.659253110443500881e-04
-1.626397697536827093e-04
-1.594192865394758755e-04
-1.562625731655037766e-04
-1.531683669043265225e-04
-1.501354300321832552e-04
-1.471625493338851547e-04
-1.442485356175142138e-04
-1.413922232387296166e-04
-1.385924696344953725e-04
-1.358481548660390916e-04
-1.331581811708621951e-04
-1.305214725236196309e-04
-1.279369742056961378e-04
-1.254036523833038780e-04
-1.229204936939360423e-04
-1.204865048410074159e-04
-1.181007121965234872e-04
-1.157621614116151874e-04
-1.134699170347877270e-04
-1.112230621377264579e-04
-1.090206979485143415e-04
-1.068619434921102098e-04
-1.047459352379479181e-04
-1.026718267545118090e-04
-1.006387883707535478e-04
-9.864600684421198217e-05
-9.669268503570572083e-05
-9.477804159046657780e-05
-9.290131062558787064e-05
-9.106174142366003021e-05
-8.925859813247439514e-05
-8.749115947067210696e-05
-8.575871843922261114e-05
-8.406058203861359974e-05
-8.239607099164275562e-05
-8.076451947169734850e-05
-7.916527483641537706e-05
-7.759769736661905053e-05
-7.606116001041911517e-05
-7.455504813238554899e-05
-7.307875926768563719e-05
-7.163170288108923445e-05
-7.021330013074737633e-05
-6.882298363664751542e-05
-6.746019725365445840e-05
-6.612439584904414194e-05
-6.481504508444380964e-05
-6.353162120208927862e-05
-6.227361081531525668e-05
-6.104051070319324785e-05
-5.983182760923684226e-05
-5.864707804409247230e-05
-5.748578809213710482e-05
-5.634749322190608082e-05
-5.523173810027375832e-05
-5.413807641031452691e-05
-5.306607067276997364e-05
-5.201529207105167282e-05
-5.098532027970825248e-05
-4.997574329629005910e-05
-4.898615727654241782e-05
-4.801616637286295112e-05
-4.706538257595672460e-05
-4.613342555962767806e-05
-4.521992252864294974e-05
-4.432450806961008998e-05
-4.344682400480640152e-05
-4.258651924890334366e-05
-4.174324966852759538e-05
-4.091667794460341565e-05
-4.010647343742006454e-05
-3.931231205437178266e-05
-3.853387612031633573e-05
-3.777085425050094987e-05
-3.702294122600386701e-05
-3.628983787164298194e-05
-3.557125093630170821e-05
-3.486689297562456429e-05
-3.417648223703583914e-05
-3.349974254703443180e-05
-3.283640320072102933e-05
-3.218619885351239841e-05
-3.154886941500027628e-05
-3.092415994491135055e-05
-3.031182055112802284e-05
-2.971160628972809226e-05
-2.912327706700413462e-05
-2.854659754342251239e-05
-2.798133703948464120e-05
-2.742726944345197951e-05
-2.688417312089855281e-05
-2.635183082605390228e-05
-2.583002961490210543e-05
-2.531856076000120543e-05
-2.481721966698966921e-05
-2.432580579274559984e-05
-2.384412256516702783e-05
-2.337197730454035859e-05
-2.290918114646606292e-05
-2.245554896631017874e-05
-2.201089930515212368e-05
-2.157505429719870464e-05
-2.114783959863534931e-05
-2.072908431788644798e-05
-2.031862094725616946e-05
-1.991628529592335054e-05
-1.952191642426288312e-05
-1.913535657946784248e-05
-1.875645113244607813e-05
-1.838504851596663915e-05
-1.802100016403080922e-05
-1.766416045244382442e-05
-1.731438664056309947e-05
-1.697153881420016366e-05
-1.663547982965308422e-05
-1.630607525884724584e-05
-1.598319333556218571e-05
-1.566670490272343354e-05
-1.535648336073792668e-05
-1.505240461685258344e-05
-1.475434703551538733e-05
-1.446219138971964787e-05
-1.417582081331155977e-05
-1.389512075424228516e-05
-1.361997892874545659e-05
-1.335028527642226398e-05
-1.308593191621581604e-05
-1.282681310325725274e-05
-1.257282518656647003e-05
-1.232386656759021619e-05
-1.207983765956141203e-05
-1.184064084766305932e-05
-1.160618044998110943e-05
-1.137636267923029034e-05
-1.115109560523801953e-05
-1.093028911817108192e-05
-1.071385489249056282e-05
-1.050170635162034367e-05
-1.029375863331539081e-05
-1.008992855571569041e-05
-9.890134584072470087e-06
-9.694296798133098639e-06
-9.502336860171990826e-06
-9.314177983654452360e-06
-9.129744902521086682e-06
-8.948963841080284973e-06
-8.771762484497023994e-06
-8.598069949865940460e-06
-8.427816757857277519e-06
-8.260934804924146416e-06
-8.097357336060252841e-06
-7.937018918096985063e-06
-7.779855413529272542e-06
-7.625803954859773649e-06
-7.474802919450961286e-06
-7.326791904875296904e-06
-7.181711704753431034e-06
-7.039504285070911358e-06
-6.900112760963729448e-06
-6.763481373963663245e-06
-6.629555469694123332e-06
-6.498281476007726038e-06
-6.369606881556639395e-06
-6.243480214787399322e-06
-6.119851023351576645e-06
-5.998669853924206612e-06
-5.879888232421736755e-06
-5.763458644611792706e-06
-5.649334517106821037e-06
-5.537470198734167101e-06
-5.427820942274927297e-06
-5.320342886564508119e-06
-5.214993038947557536e-06
-5.111729258080361989e-06
-5.010510237073697271e-06
-4.911295486969556927e-06
-4.814045320545015788e-06
-4.718720836436812362e-06
-4.625283903580308359e-06
-4.533697145956509857e-06
-4.443923927641195473e-06
-4.355928338150039362e-06
-4.269675178073970037e-06
-4.185129944998890871e-06
-4.102258819704288730e-06
-4.021028652635074263e-06
-3.941406950641351412e-06
-3.863361863980678204e-06
-3.786862173577775584e-06
-3.711877278536466135e-06
-3.638377183898935419e-06
-3.566332488647306137e-06
-3.495714373942869842e-06
-3.426494591598151483e-06
-3.358645452777281943e-06
-3.292139816920059693e-06
-3.226951080885388056e-06
-3.163053168309653006e-06
-3.100420519175852082e-06
-3.039028079589212995e-06
-2.978851291755324260e-06
-2.919866084156684567e-06
-2.862048861923769030e-06
-2.805376497396788392e-06
-2.749826320874285060e-06
-2.695376111544971589e-06
-2.642004088599098224e-06
-2.589688902515860996e-06
-2.538409626523274611e-06
-2.488145748227210960e-06
-2.438877161406152838e-06
-2.390584157968457716e-06
-2.343247420068830248e-06
-2.296848012380944881e-06
-2.251367374523057429e-06
-2.206787313633614761e-06
-2.163089997093848409e-06
-2.120257945394504396e-06
-2.078274025143797161e-06
-2.037121442213841100e-06
-1.996783735022751795e-06
-1.957244767949809757e-06
-1.918488724880989333e-06
-1.880500102882315030e-06
-1.843263705998462900e-06
-1.806764639174187197e-06
-1.770988302296097506e-06
-1.735920384352415270e-06
-1.701546857708390774e-06
-1.667853972495043805e-06
-1.634828251109044365e-06
-1.602456482821486024e-06
-1.570725718493430535e-06
-1.539623265396061439e-06
-1.509136682133434537e-06
-1.479253773665748934e-06
-1.449962586431179057e-06
-1.421251403564273714e-06
-1.393108740209065513e-06
-1.365523338924969348e-06
-1.338484165183666415e-06
-1.311980402955130182e-06
-1.286001450381081625e-06
-1.260536915534097488e-06
-1.235576612260712449e-06
-1.211110556106805880e-06
-1.187128960323698355e-06
-1.163622231953315286e-06
-1.140580967990885638e-06
-1.117995951623601281e-06
-1.095858148543777761e-06
-1.074158703335008557e-06
-1.052888935929878594e-06
-1.032040338137828808e-06
-1.011604570241755313e-06
-9.915734576620192707e-07
-9.719389876865020302e-07
-9.526933062654204918e-07
-9.338287148695919081e-07
-9.153376674109267021e-07
-8.972127672238891288e-07
-8.794467641067391921e-07
-8.620325514213450911e-07
-8.449631632504400639e-07
-8.282317716111595940e-07
-8.118316837237626027e-07
-7.957563393344217176e-07
-7.799993080910406638e-07
-7.645542869710241018e-07
-7.494150977599904639e-07
-7.345756845803953578e-07
-7.200301114691053238e-07
-7.057725600029312319e-07
-6.917973269711858771e-07
-6.780988220943162507e-07
-6.646715657877225832e-07
-6.515101869698497882e-07
-6.386094209136819326e-07
-6.259641071407865609e-07
-6.135691873570469097e-07
-6.014197034292815679e-07
-5.895107954019231831e-07
-5.778376995529754631e-07
-5.663957464884542711e-07
-5.551803592745724045e-07
-5.441870516069028662e-07
-5.334114260158011825e-07
-5.228491721073530227e-07
-5.124960648391630377e-07
-5.023479628302797611e-07
-4.924008067045916525e-07
-4.826506174670170803e-07
-4.730934949118565691e-07
-4.637256160626573195e-07
-4.545432336429746840e-07
-4.455426745774064948e-07
-4.367203385223174316e-07
-4.280726964256520887e-07
-4.195962891152697593e-07
-4.112877259152253249e-07
-4.031436832894564250e-07
-3.951609035123240593e-07
-3.873361933654782859e-07
-3.796664228605308428e-07
-3.721485239870140319e-07
-3.647794894851384520e-07
-3.575563716428477655e-07
-3.504762811166966371e-07
-3.435363857760716836e-07
-3.367339095703032239e-07
-3.300661314182076792e-07
-3.235303841196204835e-07
-3.171240532884770367e-07
-3.108445763070261225e-07
-3.046894413007470892e-07
-2.986561861335688743e-07
-2.927423974229796922e-07
-2.869457095746437849e-07
-2.812638038361309416e-07
-2.756944073693871517e-07
-2.702352923415654913e-07
-2.648842750338657765e-07
-2.596392149680165906e-07
-2.544980140500574284e-07
-2.494586157310703420e-07
-2.445190041845349241e-07
-2.396772034999702014e-07
-2.349312768925436799e-07
-2.302793259283334009e-07
-2.257194897649263758e-07
-2.212499444070586578e-07
-2.168689019769919876e-07
-2.125746099993403970e-07
-2.083653507000544658e-07
-2.042394403192902751e-07
-2.001952284378822651e-07
-1.962310973171551154e-07
-1.923454612518043110e-07
-1.885367659355945670e-07
-1.848034878396158075e-07
-1.811441336028525690e-07
-1.775572394348178252e-07
-1.740413705300183816e-07
-1.705951204940132111e-07
-1.672171107808378615e-07
-1.639059901415661010e-07
-1.606604340837932604e-07
-1.574791443418213599e-07
-1.543608483573363530e-07
-1.513042987703663923e-07
-1.483082729203221431e-07
-1.453715723569160156e-07
-1.424930223607658687e-07
-1.396714714734926037e-07
-1.369057910371198207e-07
-1.341948747425967605e-07
-1.315376381872593772e-07
-1.289330184410556867e-07
-1.263799736213582557e-07
-1.238774824761981572e-07
-1.214245439757500859e-07
-1.190201769119080539e-07
-1.166634195057876341e-07
-1.143533290230025237e-07
-1.120889813965577998e-07
-1.098694708572115836e-07
-1.076939095711540505e-07
-1.055614272848629260e-07
-1.034711709769900179e-07
-1.014223045171420933e-07
-9.941400833141647222e-08
-9.744547907456118746e-08
-9.551592930862593083e-08
-9.362458718797699633e-08
-9.177069615054773577e-08
-8.995351461520427462e-08
-8.817231568510308603e-08
-8.642638685692235445e-08
-8.471502973585172076e-08
-8.303755975622420649e-08
-8.139330590768142041e-08
-7.978161046676012021e-08
-7.820182873379464695e-08
-7.665332877502763285e-08
-7.513549116982866181e-08
-7.364770876291737264e-08
-7.218938642149394032e-08
-7.075994079717707806e-08
-6.935880009265755117e-08
-6.798540383297128949e-08
-6.663920264130249821e-08
-6.531965801922475816e-08
-6.402624213129509449e-08
-6.275843759391244608e-08
-6.151573726835780415e-08
-6.029764405793126402e-08
-5.910367070910720921e-08
-5.793333961662614080e-08
-5.678618263244665423e-08
-5.566174087847934542e-08
-5.455956456302986764e-08
-5.347921280087615663e-08
-5.242025343690838229e-08
-5.138226287326150173e-08
-5.036482589986989154e-08
-4.936753552837820265e-08
-4.838999282934035727e-08
-4.743180677264283637e-08
-4.649259407108690370e-08
-4.557197902706891244e-08
-4.466959338229616609e-08
-4.378507617047893554e-08
-4.291807357293869812e-08
-4.206823877707624434e-08
-4.123523183764187560e-08
-4.041871954075306565e-08
-3.961837527060399287e-08
-3.883387887881521461e-08
-3.806491655636985593e-08
-3.731118070808608629e-08
-3.657236982957460561e-08
-3.584818838663304415e-08
-3.513834669702829382e-08
-3.444256081461995914e-08
-3.376055241577773229e-08
-3.309204868804852072e-08
-3.243678222102772653e-08
-3.179449089939153851e-08
-3.116491779804730293e-08
-3.054781107935995872e-08
-2.994292389241404513e-08
-2.935001427426940656e-08
-2.876884505317321253e-08
-2.819918375368800603e-08
-2.764080250369840465e-08
-2.709347794325922492e-08
-2.655699113524854452e-08
-2.603112747778980275e-08
-2.551567661840859794e-08
-2.501043236988831206e-08
-2.451519262779286492e-08
-2.402975928962212435e-08
-2.355393817556829466e-08
-2.308753895084139070e-08
-2.263037504953277473e-08
-2.218226359998625658e-08
-2.174302535164726619e-08
-2.131248460335980729e-08
-2.089046913308393838e-08
-2.047681012900460776e-08
-2.007134212200465507e-08
-1.967390291947496680e-08
-1.928433354043526966e-08
-1.890247815193962158e-08
-1.852818400674108984e-08
-1.816130138219106587e-08
-1.780168352034782868e-08
-1.744918656927167908e-08
-1.710366952548216006e-08
-1.676499417755480121e-08
-1.643302505083470252e-08
-1.610762935324485535e-08
-1.578867692216750855e-08
-1.547604017237758258e-08
-1.516959404500655878e-08
-1.486921595751749435e-08
-1.457478575467028838e-08
-1.428618566045801814e-08
-1.400330023099494836e-08
-1.372601630833743317e-08
-1.345422297521919832e-08
-1.318781151068313009e-08
-1.292667534659116599e-08
-1.267071002499580825e-08
-1.241981315635550049e-08
-1.217388437857745140e-08
-1.193282531687145597e-08
-1.169653954439866716e-08
-1.146493254369957994e-08
-1.123791166888573469e-08
-1.101538610858030680e-08
-1.079726684959208303e-08
-1.058346664130917418e-08
-1.037389996079755860e-08
-1.016848297859077299e-08
-9.967133525157002993e-09
-9.769771058030179830e-09
-9.576316629591889305e-09
-9.386692855491391169e-09
-9.200823883690664406e-09
-9.018635364122701055e-09
-8.840054418950462210e-09
-8.665009613414765106e-09
-8.493430927259438041e-09
-8.325249726722268499e-09
-8.160398737080569258e-09
-7.998812015740499932e-09
-7.840424925858973733e-09
-7.685174110488185197e-09
-7.532997467231946002e-09
-7.383834123403903517e-09
-7.237624411677658016e-09
-7.094309846219029419e-09
-6.953833099290946073e-09
-6.816137978321566263e-09
-6.681169403426592185e-09
-6.548873385376434214e-09
-6.419197003999902366e-09
-6.292088387015405374e-09
-6.167496689281345061e-09
-6.045372072457382890e-09
-5.925665685068438422e-09
-5.808329642963430782e-09
-5.693317010161057090e-09
-5.580581780074652890e-09
-5.470078857109028248e-09
-5.361764038621604122e-09
-5.255593997240768334e-09
-5.151526263534350625e-09
-5.049519209021278398e-09
-4.949532029519618700e-09
-4.851524728824424553e-09
-4.755458102708618477e-09
-4.661293723240849144e-09
-4.568993923413788911e-09
-4.478521782076823899e-09
-4.389841109167110593e-09
-4.302916431233058995e-09
-4.217712977244484307e-09
-4.134196664683715483e-09
-4.052334085912192140e-09
-3.972092494806875382e-09
-3.893439793661420935e-09
-3.816344520346653558e-09
-3.740775835725296091e-09
-3.666703511315905684e-09
-3.594097917201073992e-09
-3.522930010175053954e-09
-3.453171322126143755e-09
-3.384793948648981074e-09
-3.317770537882466991e-09
-3.252074279568635195e-09
-3.187678894328199514e-09
-3.124558623148447384e-09
-3.062688217079291255e-09
-3.002042927133343682e-09
-2.942598494386032809e-09
-2.884331140271646338e-09
-2.827217557071629642e-09
-2.771234898591178307e-09
-2.716360771020454499e-09
-2.662573223976766036e-09
-2.609850741724116980e-09
-2.558172234566632422e-09
-2.507517030412382463e-09
-2.457864866504312822e-09
-2.409195881314814093e-09
-2.361490606600880676e-09
-2.314729959616549008e-09
-2.268895235479542102e-09
-2.223968099689066052e-09
-2.179930580791769049e-09
-2.136765063192909897e-09
-2.094454280109916566e-09
-2.052981306665396228e-09
-2.012329553116991165e-09
-1.972482758221251167e-09
-1.933424982728920937e-09
-1.895140603009024903e-09
-1.857614304799211425e-09
-1.820831077079832057e-09
-1.784776206069362411e-09
-1.749435269338653933e-09
-1.714794130041795392e-09
-1.680838931261180306e-09
-1.647556090464553938e-09
-1.614932294071821165e-09
-1.582954492129434359e-09
-1.551609893090241000e-09
-1.520885958696686061e-09
-1.490770398965364905e-09
-1.461251167270833514e-09
-1.432316455526819234e-09
-1.403954689462823019e-09
-1.376154523994257195e-09
-1.348904838684260893e-09
-1.322194733295375828e-09
-1.296013523429302553e-09
-1.270350736253016220e-09
-1.245196106309466946e-09
-1.220539571411277403e-09
-1.196371268615730354e-09
-1.172681530279459164e-09
-1.149460880191262015e-09
-1.126700029781490704e-09
-1.104389874406495336e-09
-1.082521489706661406e-09
-1.061086128036522238e-09
-1.040075214965601358e-09
-1.019480345848521320e-09
-9.992932824630331553e-10
-9.795059497146181527e-10
-9.601104324063425990e-10
-9.410989720726724056e-10
-9.224639638759818192e-10
-9.041979535645284767e-10
-8.862936344906341808e-10
-8.687438446879423978e-10
-8.515415640065314556e-10
-8.346799113047617854e-10
-8.181521416967281053e-10
-8.019516438542137075e-10
-7.860719373620693421e-10
-7.705066701259715558e-10
-7.552496158314833930e-10
-7.402946714534569983e-10
-7.256358548147390782e-10
-7.112673021932208316e-10
-6.971832659762704387e-10
-6.833781123616113288e-10
-6.698463191037240224e-10
-6.565824733048839834e-10
-6.435812692499156564e-10
-6.308375062838453317e-10
-6.183460867315673403e-10
-6.061020138587064286e-10
-5.941003898728568867e-10
-5.823364139644006151e-10
-5.708053803861192373e-10
-5.595026765708300516e-10
-5.484237812863065289e-10
-5.375642628267120092e-10
-5.269197772398672769e-10
-5.164860665896091017e-10
-5.062589572525594930e-10
-4.962343582486204523e-10
-4.864082596045271019e-10
-4.767767307498037532e-10
-4.673359189444899140e-10
-4.580820477379826078e-10
-4.490114154584124626e-10
-4.401203937319243950e-10
-4.314054260312792104e-10
-4.228630262531956455e-10
-4.144897773238622015e-10
-4.062823298320608863e-10
-3.982374006893638547e-10
-3.903517718168453230e-10
-3.826222888578132257e-10
-3.750458599160227383e-10
-3.676194543188769122e-10
-3.603401014051166099e-10
-3.532048893365171361e-10
-3.462109639331135552e-10
-3.393555275314897689e-10
-3.326358378656804372e-10
-3.260492069702211253e-10
-3.195930001049305537e-10
-3.132646347009787898e-10
-3.070615793278248447e-10
-3.009813526806110670e-10
-2.950215225876076707e-10
-2.891797050373110747e-10
-2.834535632248112594e-10
-2.778408066170325930e-10
-2.723391900364942498e-10
-2.669465127632080626e-10
-2.616606176543614816e-10
-2.564793902814314006e-10
-2.514007580843846400e-10
-2.464226895426256304e-10
-2.415431933623642018e-10
-2.367603176800665024e-10
-2.320721492816872322e-10
-2.274768128373571772e-10
-2.229724701512266825e-10
-2.185573194261626012e-10
-2.142295945430054059e-10
-2.099875643540981125e-10
-2.058295319908032150e-10
-2.017538341847357498e-10
-1.977588406024291777e-10
-1.938429531931832417e-10
-1.900046055498217628e-10
-1.862422622821087282e-10
-1.825544184025718049e-10
-1.789395987244872691e-10
-1.753963572717850475e-10
-1.719232767006414081e-10
-1.685189677325189760e-10
-1.651820685984390879e-10
-1.619112444942555191e-10
-1.587051870467150066e-10
-1.555626137900905898e-10
-1.524822676531779974e-10
-1.494629164564501753e-10
-1.465033524191709394e-10
-1.436023916762634398e-10
-1.407588738047505271e-10
-1.379716613595695044e-10
-1.352396394185790016e-10
-1.325617151365751644e-10
-1.299368173081390312e-10
-1.273638959391401738e-10
-1.248419218267244703e-10
-1.223698861476210160e-10
-1.199468000545968650e-10
-1.175716942809065517e-10
-1.152436187525720770e-10
-1.129616422083407091e-10
-1.107248518271679807e-10
-1.085323528630771618e-10
-1.063832682872485213e-10
-1.042767384371976579e-10
-1.022119206728967315e-10
-1.001879890397087287e-10
-9.820413393799427248e-11
-9.625956179926093803e-11
-9.435349476872524819e-11
-9.248517039416038845e-11
-9.065384132090494396e-11
-8.885877499291217478e-11
-8.709925335971603640e-11
-8.537457258920263828e-11
-8.368404278606774174e-11
-8.202698771584937782e-11
-8.040274453442511739e-11
-7.881066352286550381e-11
-7.725010782753789822e-11
-7.572045320535620243e-11
-7.422108777407642243e-11
-7.275141176753397675e-11
-7.131083729573029962e-11
-6.989878810966875322e-11
-6.851469937084734704e-11
-6.715801742531577535e-11
-6.582819958220650646e-11
-6.452471389665092447e-11
-6.324703895699522054e-11
-6.199466367622740881e-11
-6.076708708753662663e-11
-5.956381814391948042e-11
-5.838437552175473893e-11
-5.722828742826742322e-11
-5.609509141280541084e-11
-5.498433418185286080e-11
-5.389557141770747348e-11
-5.282836760074637018e-11
-5.178229583521319014e-11
-5.075693767845391030e-11
-4.975188297353420521e-11
-4.876672968517119695e-11
-4.780108373891398272e-11
-4.685455886350862032e-11
-4.592677643638428591e-11
-4.501736533219983840e-11
-4.412596177438782146e-11
-4.325220918963956432e-11
-4.239575806527096496e-11
-4.155626580941279131e-11
-4.073339661396931687e-11
-3.992682132029061284e-11
-3.913621728750461358e-11
-3.836126826345693365e-11
-3.760166425820503792e-11
-3.685710142001863328e-11
-3.612728191383480921e-11
-3.541191380212002845e-11
-3.471071092809124964e-11
-3.402339280124934937e-11
-3.334968448517911607e-11
-3.268931648757146458e-11
-3.204202465242220847e-11
-3.140755005436660631e-11
-3.078563889510566667e-11
-3.017604240188343462e-11
-2.957851672797454673e-11
-2.899282285514233395e-11
-2.841872649802830072e-11
-2.785599801043478458e-11
-2.730441229346380266e-11
-2.676374870547388930e-11
-2.623379097382091017e-11
-2.571432710834600145e-11
-2.520514931657669371e-11
-2.470605392060715757e-11
-2.421684127562430282e-11
-2.373731569004713832e-11
-2.326728534724784333e-11
-2.280656222882205121e-11
-2.235496203937934250e-11
-2.191230413282251760e-11
-2.147841144008677228e-11
-2.105311039830969840e-11
-2.063623088140383087e-11
-2.022760613200386534e-11
-1.982707269476178284e-11
-1.943447035096210303e-11
-1.904964205443253453e-11
-1.867243386872334589e-11
-1.830269490553076125e-11
-1.794027726433956527e-11
-1.758503597326099701e-11
-1.723682893104200261e-11
-1.689551685022281500e-11
-1.656096320142033937e-11
-1.623303415871421883e-11
-1.591159854611492345e-11
-1.559652778509155128e-11
-1.528769584313869111e-11
-1.498497918336175127e-11
-1.468825671506054039e-11
-1.439740974529133495e-11
-1.411232193138832445e-11
-1.383287923442466596e-11
-1.355896987359563014e-11
-1.329048428150470537e-11
-1.302731506033520194e-11
-1.276935693888968350e-11
-1.251650673048008416e-11
-1.226866329165161246e-11
-1.202572748172420699e-11
-1.178760212313465924e-11
-1.155419196256449019e-11
-1.132540363283729221e-11
-1.110114561557062621e-11
-1.088132820456743589e-11
-1.066586346993238414e-11
-1.045466522289871163e-11
-1.024764898135155730e-11
-1.004473193603412454e-11
-9.845832917422648687e-12
-9.650872363257664527e-12
-9.459772286717996351e-12
-9.272456245224995011e-12
-9.088849309864481801e-12
-8.908878035414186920e-12
-8.732470430964651260e-12
-8.559555931122025511e-12
-8.390065367780780567e-12
-8.223930942455679250e-12
-8.061086199161433702e-12
-7.901465997829435632e-12
-7.745006488250852931e-12
-7.591645084535701199e-12
-7.441320440077621504e-12
-7.293972423014528691e-12
-7.149542092174903564e-12
-7.007971673500646114e-12
-6.869204536936658950e-12
-6.733185173778059508e-12
-6.599859174465972156e-12
-6.469173206822965173e-12
-6.341074994719481946e-12
-6.215513297162656928e-12
-6.092437887799334198e-12
-5.971799534824721189e-12
-5.853549981289092385e-12
-5.737641925794353574e-12
-5.624029003572844336e-12
-5.512665767940817792e-12
-5.403507672119157053e-12
-5.296511051414054167e-12
-5.191633105750626196e-12
-5.088831882552195857e-12
-4.988066259958782446e-12
-4.889295930377789795e-12
-4.792481384360428902e-12
-4.697583894797416934e-12
-4.604565501427609800e-12
-4.513388995653383829e-12
-4.424017905656757382e-12
-4.336416481810084884e-12
-4.250549682375794748e-12
-4.166383159489206430e-12
-4.083883245418928789e-12
-4.003016939099322504e-12
-3.923751892929625654e-12
-3.846056399834490180e-12
-3.769899380580710887e-12
-3.695250371345173393e-12
-3.622079511528835407e-12
-3.550357531812146591e-12
-3.480055742446913243e-12
-3.411146021780021537e-12
-3.343600805004394711e-12
-3.277393073132707814e-12
-3.212496342189419976e-12
-3.148884652616875196e-12
-3.086532558891065151e-12
-3.025415119343128138e-12
-2.965507886182333944e-12
-2.906786895716645737e-12
-2.849228658766918954e-12
-2.792810151270920781e-12
-2.737508805073386502e-12
-2.683302498898495435e-12
-2.630169549501008175e-12
-2.578088702992715253e-12
-2.527039126340594013e-12
-2.477000399033313313e-12
-2.427952504912758337e-12
-2.379875824167299902e-12
-2.332751125483609423e-12
-2.286559558353867093e-12
-2.241282645535341750e-12
-2.196902275659197678e-12
-2.153400695985737818e-12
-2.110760505303064672e-12
-2.068964646966361511e-12
-2.027996402075007794e-12
-1.987839382784796454e-12
-1.948477525752570758e-12
-1.909895085710699850e-12
-1.872076629168720390e-12
-1.835007028239763307e-12
-1.798671454589188019e-12
-1.763055373503054838e-12
-1.728144538074040868e-12
-1.693924983502491127e-12
-1.660383021510303890e-12
-1.627505234865462542e-12
-1.595278472014926275e-12
-1.563689841823859139e-12
-1.532726708418997409e-12
-1.502376686134131960e-12
-1.472627634555676263e-12
-1.443467653666339694e-12
-1.414885079084961810e-12
-1.386868477400598756e-12
-1.359406641599027325e-12
-1.332488586579758845e-12
-1.306103544761873609e-12
-1.280240961776839526e-12
-1.254890492246622864e-12
-1.230041995645401390e-12
-1.205685532243216653e-12
-1.181811359129946599e-12
-1.158409926318027150e-12
-1.135471872922306962e-12
-1.112988023415582345e-12
-1.090949383958262388e-12
-1.069347138800711267e-12
-1.048172646756832301e-12
-1.027417437747477670e-12
-1.007073209412300276e-12
-9.871318237887132422e-13
-9.675853040565749404e-13
-9.484258313473686552e-13
-9.296457416165476676e-13
-9.112375225778150837e-13
-8.931938106981091471e-13
-8.755073882520920392e-13
-8.581711804349632944e-13
-8.411782525324405628e-13
-8.245218071467933715e-13
-8.081951814777756469e-13
-7.921918446574282736e-13
-7.765053951376426899e-13
-7.611295581294554828e-13
-7.460581830930494975e-13
-7.312852412774557588e-13
-7.168048233089702921e-13
-7.026111368273360820e-13
-6.886985041687063743e-13
-6.750613600945131709e-13
-6.616942495652957979e-13
-6.485918255586123841e-13
-6.357488469301585004e-13
-6.231601763172411435e-13
-6.108207780837615944e-13
-5.987257163059032987e-13
-5.868701527976834502e-13
-5.752493451756222813e-13
-5.638586449617249918e-13
-5.526934957240277962e-13
-5.417494312539651191e-13
-5.310220737798260798e-13
-5.205071322155876901e-13
-5.102004004444212782e-13
-5.000977556361972270e-13
-4.901951565982866610e-13
-4.804886421590379784e-13
-4.709743295832535200e-13
-4.616484130190437673e-13
-4.525071619754359579e-13
-4.435469198301275383e-13
-4.347641023667873917e-13
-4.261551963413275729e-13
-4.177167580765492970e-13
-4.094454120846326130e-13
-4.013378497168948153e-13
-3.933908278402864187e-13
-3.856011675400950864e-13
-3.779657528483372425e-13
-3.704815294973279532e-13
-3.631455036979385448e-13
-3.559547409420328965e-13
-3.489063648286305999e-13
-3.419975559133066024e-13
-3.352255505803761330e-13
-3.285876399374114347e-13
-3.220811687316486417e-13
-3.157035342878513206e-13
-3.094521854672046137e-13
-3.033246216468300801e-13
-2.973183917194964870e-13
-2.914310931131487557e-13
-2.856603708298460164e-13
-2.800039165037309253e-13
-2.744594674776526529e-13
-2.690248058980738238e-13
-2.636977578278984592e-13
-2.584761923768722559e-13
-2.533580208491919481e-13
-2.483411959080032601e-13
-2.434237107564379271e-13
-2.386035983348678789e-13
-2.338789305340555384e-13
-2.292478174238841364e-13
-2.247084064973597669e-13
-2.202588819295872090e-13
-2.158974638514107366e-13
-2.116224076374460475e-13
-2.074320032082060704e-13
-2.033245743460463018e-13
-1.992984780246554024e-13
-1.953521037518228400e-13
-1.914838729252204403e-13
-1.876922382009398053e-13
-1.839756828745367754e-13
-1.803327202743253726e-13
-1.767618931666920166e-13
-1.732617731731819929e-13
-1.698309601991290389e-13
-1.664680818735987103e-13
-1.631717930004218444e-13
-1.599407750200974911e-13
-1.567737354823538727e-13
-1.536694075291475010e-13
-1.506265493879055702e-13
-1.476439438747995568e-13
-1.447203979078556238e-13
-1.418547420297058899e-13
-1.390458299397897729e-13
-1.362925380358182259e-13
-1.335937649643195680e-13
-1.309484311800805852e-13
-1.283554785143159937e-13
-1.258138697513863266e-13
-1.233225882138978418e-13
-1.208806373560180167e-13
-1.184870403648439134e-13
-1.161408397696640239e-13
-1.138410970589567587e-13
-1.115868923049750257e-13
-1.093773237957603514e-13
-1.072115076744477301e-13
-1.050885775857107383e-13
-1.030076843292077185e-13
-1.009679955198904989e-13
-9.896869525503912980e-14
-9.700898378788961697e-14
-9.508807720772598463e-14
-9.320520712630335785e-14
-9.135962037048392398e-14
-8.955057868095719516e-14
-8.777735841692649538e-14
-8.603925026664292622e-14
-8.433555896367133487e-14
-8.266560300877401936e-14
-8.102871439730324508e-14
-7.942423835198864862e-14
-7.785153306101883216e-14
-7.630996942130768001e-14
-7.479893078684488990e-14
-7.331781272202920228e-14
-7.186602275988619312e-14
-7.044298016507356901e-14
-6.904811570157897285e-14
-6.768087140501908272e-14
-6.634070035944484834e-14
-6.502706647856885449e-14
-6.373944429132339209e-14
-6.247731873166504945e-14
-6.124018493254139685e-14
-6.002754802393744510e-14
-5.883892293492084635e-14
-5.767383419960785988e-14
-5.653181576696941691e-14
-5.541241081440535952e-14
-5.431517156500905920e-14
-5.323965910845070437e-14
-5.218544322540730666e-14
-5.115210221546926758e-14
-5.013922272845435738e-14
-4.914639959906289843e-14
-4.817323568480511842e-14
-4.721934170713964077e-14
-4.628433609575663331e-14
-4.536784483594463958e-14
-4.446950131897968125e-14
-4.358894619547690578e-14
-4.272582723164602456e-14
-4.187979916839293611e-14
-4.105052358321213083e-14
-4.023766875481221477e-14
-3.944090953042363000e-14
-3.865992719573302293e-14
-3.789440934739326880e-14
-3.714404976805800885e-14
-3.640854830389056638e-14
-3.568761074449833886e-14
-3.498094870524519533e-14
-3.428827951189300781e-14
-3.360932608752874619e-14
-3.294381684172981135e-14
-3.229148556192431383e-14
-3.165207130690246880e-14
-3.102531830243663528e-14
-3.041097583896808883e-14
-2.980879817132032110e-14
-2.921854442039702509e-14
-2.863997847682767070e-14
-2.807286890652052382e-14
-2.751698885808589062e-14
-2.697211597209256724e-14
-2.643803229212109055e-14
-2.591452417757826301e-14
-2.540138221823796694e-14
-2.489840115047466929e-14
-2.440537977515467021e-14
-2.392212087715413748e-14
-2.344843114647032754e-14
-2.298412110089502565e-14
-2.252900501021911453e-14
-2.208290082193802674e-14
-2.164563008842824261e-14
-2.121701789556615735e-14
-2.079689279275964024e-14
-2.038508672436583066e-14
-1.998143496246654485e-14
-1.958577604097493273e-14
-1.919795169104686968e-14
-1.881780677777133164e-14
-1.844518923811426705e-14
-1.807995002009165604e-14
-1.772194302314628932e-14
-1.737102503970591057e-14
-1.702705569789816632e-14
-1.668989740540002009e-14
-1.635941529439896170e-14
-1.603547716764411317e-14
-1.571795344556553114e-14
-1.540671711444062755e-14
-1.510164367558719169e-14
-1.480261109556192292e-14
-1.450949975734566098e-14
-1.422219241249490793e-14
-1.394057413424091868e-14
-1.366453227151742127e-14
-1.339395640389872678e-14
-1.312873829743000943e-14
-1.286877186133249012e-14
-1.261395310556541608e-14
-1.236418009922885421e-14
-1.211935292978991319e-14
-1.187937366311641683e-14
-1.164414630430192472e-14
-1.141357675926650941e-14
-1.118757279711781224e-14
-1.096604401325763135e-14
-1.074890179321862079e-14
-1.053605927721749944e-14
-1.032743132540992962e-14
-1.012293448383344332e-14
-9.922486951024748256e-15
-9.726008545298053652e-15
-9.533420672671320556e-15
-9.344646295427594141e-15
-9.159609901299018605e-15
-8.978237473260720450e-15
-8.800456459923156341e-15
-8.626195746510546761e-15
-8.455385626414016922e-15
-8.287957773308031691e-15
-8.123845213818946379e-15
-7.962982300734739774e-15
-7.805304686745369728e-15
-7.650749298702812957e-15
-7.499254312391089214e-15
-7.350759127795711723e-15
-7.205204344862881400e-15
-7.062531739738669005e-15
-6.922684241478696826e-15
-6.785605909218978971e-15
-6.651241909798924909e-15
-6.519538495827198465e-15
-6.390442984182141374e-15
-6.263903734937800684e-15
-6.139870130707264379e-15
-6.018292556395037159e-15
-5.899122379350338989e-15
-5.782311929913393650e-15
-5.667814482346914909e-15
-5.555584236145262216e-15
-5.445576297713512210e-15
-5.337746662409498543e-15
-5.232052196941354233e-15
-5.128450622113612208e-15
-5.026900495914968611e-15
-4.927361196940925444e-15
-4.829792908144665616e-15
-4.734156600909777720e-15
-4.640414019438184375e-15
-4.548527665447378208e-15
-4.458460783170595402e-15
-4.370177344654015894e-15
-4.283642035345107668e-15
-4.198820239966324924e-15
-4.115678028668530798e-15
-4.034182143458658106e-15
-3.954299984895980392e-15
-3.875999599051964265e-15
-3.799249664728252819e-15
-3.724019480927756641e-15
-3.650278954573912574e-15
-3.577998588472907695e-15
-3.507149469514601559e-15
-3.437703257106692130e-15
-3.369632171838304550e-15
-3.302908984367656245e-15
-3.237507004530152641e-15
-3.173400070661772890e-15
-3.110562539134223321e-15
-3.048969274097069861e-15
-2.988595637422999765e-15
-2.929417478852392609e-15
-2.871411126332726113e-15
-2.814553376549605362e-15
-2.758821485644962676e-15
-2.704193160119355928e-15
-2.650646547914205243e-15
-2.598160229670626863e-15
-2.546713210161533208e-15
-2.496284909893114782e-15
-2.446855156872914123e-15
-2.398404178540615726e-15
-2.350912593858898600e-15
-2.304361405560628438e-15
-2.258731992549810610e-15
-2.214006102452857445e-15
-2.170165844317344107e-15
-2.127193681455503480e-15
-2.085072424429190637e-15
-2.043785224174000802e-15
-2.003315565259298570e-15
-1.963647259281944852e-15
-1.924764438390602398e-15
-1.886651548938484821e-15
-1.849293345261644957e-15
-1.812674883580470278e-15
-1.776781516022060983e-15
-1.741598884760784185e-15
-1.707112916275051967e-15
-1.673309815717626767e-15
-1.640176061397583923e-15
-1.607698399371417255e-15
-1.575863838141252439e-15
-1.544659643458153220e-15
-1.514073333228162555e-15
-1.484092672519387572e-15
-1.454705668667776157e-15
-1.425900566479976081e-15
-1.397665843531019361e-15
-1.369990205555267718e-15
-1.342862581928527882e-15
-1.316272121239622733e-15
-1.290208186949752012e-15
-1.264660353137657036e-15
-1.239618400329189001e-15
-1.215072311409309690e-15
-1.191012267615182751e-15
-1.167428644608468579e-15
-1.144312008625520790e-15
-1.121653112703728481e-15
-1.099442892982583534e-15
-1.077672465078073728e-15
-1.056333120528745045e-15
-1.035416323312264872e-15
-1.014913706430837371e-15
-9.948170685643453297e-16
-9.751183707896906433e-16
-9.558097333650963180e-16
-9.368834325781547415e-16
-9.183318976561833447e-16
-9.001477077378694314e-16
-8.823235889047738710e-16
-8.648524112717177366e-16
-8.477271861346833123e-16
-8.309410631752827384e-16
-8.144873277205201849e-16
-7.983593980568158232e-16
-7.825508227972737670e-16
-7.670552783009951109e-16
-7.518665661435823236e-16
-7.369786106376428274e-16
-7.223854564024761828e-16
-7.080812659817998441e-16
-6.940603175087258107e-16
-6.803170024169210409e-16
-6.668458231970925600e-16
-6.536413911979438116e-16
-6.406984244706044450e-16
-6.280117456558172498e-16
-6.155762799128896551e-16
-6.033870528897204277e-16
-5.914391887329792909e-16
-5.797279081376880755e-16
-5.682485264354647321e-16
-5.569964517205594019e-16
-5.459671830130646699e-16
-5.351563084584308728e-16
-5.245595035626966914e-16
-5.141725294626038605e-16
-5.039912312300213150e-16
-4.940115362099069671e-16
-4.842294523911813530e-16
-4.746410668098945825e-16
-4.652425439839601485e-16
-4.560301243789392895e-16
-4.470001229041495578e-16
-4.381489274386056931e-16
-4.294729973860977621e-16
-4.209688622589272853e-16
-4.126331202896564045e-16
-4.044624370703467344e-16
-3.964535442187724243e-16
-3.886032380710005999e-16
-3.809083783999054600e-16
-3.733658871590136821e-16
-3.659727472512637819e-16
-3.587260013221186437e-16
-3.516227505765769370e-16
-3.446601536196342130e-16
-3.378354253196668688e-16
-3.311458356943621997e-16
-3.245887088186696028e-16
-3.181614217544139009e-16
-3.118614035010665565e-16
-3.056861339673271851e-16
-2.996331429630463884e-16
-2.937000092111105163e-16
-2.878843593789134502e-16
-2.821838671289752731e-16
-2.765962521883923815e-16
-2.711192794366820077e-16
-2.657507580117202552e-16
-2.604885404333519475e-16
-2.553305217443838668e-16
-2.502746386685677378e-16
-2.453188687852568731e-16
-2.404612297204236936e-16
-2.356997783536695310e-16
-2.310326100409640209e-16
-2.264578578527491890e-16
-2.219736918271538720e-16
-2.175783182379796329e-16
-2.132699788771819708e-16
-2.090469503515743235e-16
-2.049075433934356687e-16
-2.008501021847928080e-16
-1.968730036950595444e-16
-1.929746570318140677e-16
-1.891535028044096767e-16
-1.854080125002073987e-16
-1.817366878731463204e-16
-1.781380603444213558e-16
-1.746106904150412092e-16
-1.711531670899994319e-16
-1.677641073138675185e-16
-1.644421554175445675e-16
-1.611859825759810814e-16
-1.579942862766219571e-16
-1.548657897983920350e-16
-1.517992417009873274e-16
-1.487934153242788020e-16
-1.458471082976396911e-16
-1.429591420589726345e-16
-1.401283613832775030e-16
-1.373536339205377401e-16
-1.346338497427724048e-16
-1.319679209000470854e-16
-1.293547809852765705e-16
-1.267933847076545011e-16
-1.242827074745156026e-16
-1.218217449814922206e-16
-1.194095128107721882e-16
-1.170450460373253465e-16
-1.147273988429140515e-16
-1.124556441377589845e-16
-1.102288731896883807e-16
-1.080461952606307761e-16
-1.059067372503133454e-16
-1.038096433470039426e-16
-1.017540746851811017e-16
-9.973920900997070291e-17
-9.776424034823884855e-17
-9.582837868618618637e-17
-9.393084965333673887e-17
-9.207089421277734617e-17
-9.024776835753068725e-17
-8.846074281294729753e-17
-8.670910274498076323e-17
-8.499214747424960488e-17
-8.330919019575129989e-17
-8.165955770413530936e-17
-8.004259012441018551e-17
-7.845764064798300909e-17
-7.690407527393140275e-17
-7.538127255539018581e-17
-7.388862335096866890e-17
-7.242553058108180016e-17
-7.099140898911450203e-17
-6.958568490730708162e-17
-6.820779602728408604e-17
-6.685719117512190575e-17
-6.553333009087039770e-17
-6.423568321244508125e-17
-6.296373146379149665e-17
-6.171696604725146811e-17
-6.049488824003376087e-17
-5.929700919472175857e-17
-5.812284974372455769e-17
-5.697194020760652132e-17
-5.584382020720792580e-17
-5.473803847948600490e-17
-5.365415269700651556e-17
-5.259172929100369133e-17
-5.155034327795004131e-17
-5.052957808955428595e-17
-4.952902540613105076e-17
-4.854828499326642696e-17
-4.758696454171785580e-17
-4.664467951048763720e-17
-4.572105297299862774e-17
-4.481571546632131432e-17
-4.392830484338105633e-17
-4.305846612809699385e-17
-4.220585137338439762e-17
-4.137011952197335730e-17
-4.055093626998034767e-17
-3.974797393318139696e-17
-3.896091131593604970e-17
-3.818943358270254043e-17
-3.743323213210162901e-17
-3.669200447346971128e-17
-3.596545410586068334e-17
-3.525329039943952109e-17
-3.455522847922829244e-17
-3.387098911115150790e-17
-3.320029859033816187e-17
-3.254288863163773061e-17
-3.189849626230069970e-17
-3.126686371678775871e-17
-3.064773833365839014e-17
-3.004087245450444456e-17
-2.944602332488282494e-17
-2.886295299720982773e-17
-2.829142823558042153e-17
-2.773122042246911938e-17
-2.718210546728153712e-17
-2.664386371671357731e-17
-2.611627986688875175e-17
-2.559914287723219679e-17
-2.509224588605299455e-17
-2.459538612779613379e-17
-2.410836485193306727e-17
-2.363098724346009708e-17
-2.316306234496837128e-17
-2.270440298025975194e-17
-2.225482567947247679e-17
-2.181415060569211961e-17
-2.138220148301310239e-17
-2.095880552602710909e-17
-2.054379337070614688e-17
-2.013699900665421942e-17
-1.973825971070199264e-17
-1.934741598181421148e-17
-1.896431147728828148e-17
-1.858879295021398947e-17
-1.822071018817365869e-17
-1.785991595315477386e-17
-1.750626592265240881e-17
-1.715961863193921757e-17
-1.681983541747665139e-17
-1.648678036144865089e-17
-1.616032023739178401e-17
-1.584032445690379994e-17
-1.552666501740560508e-17
-1.521921645093933390e-17
-1.491785577397914150e-17
-1.462246243823582536e-17
-1.433291828243667637e-17
-1.404910748505852651e-17
-1.377091651799842554e-17
-1.349823410116009886e-17
-1.323095115794118291e-17
-1.296896077160038400e-17
-1.271215814249001142e-17
-1.246044054613442522e-17
-1.221370729213862600e-17
-1.197185968391137290e-17
-1.173480097918452108e-17
-1.150243635131552705e-17
-1.127467285135483936e-17
-1.105141937086567010e-17
-1.083258660547915101e-17
-1.061808701917115728e-17
-1.040783480924729100e-17
-1.020174587202003011e-17
-9.999737769166739727e-18
-9.801729694752659335e-18
-9.607642442908023611e-18
-9.417398376144088170e-18
-9.230921394297598576e-18
-9.048136904089486171e-18
-8.868971789286378443e-18
-8.693354381453582501e-18
-8.521214431286243513e-18
-8.352483080509185571e-18
-8.187092834332199994e-18
-8.024977534451696848e-18
-7.866072332586045524e-18
-7.710313664535791306e-18
-7.557639224756959714e-18
-7.407987941437843610e-18
-7.261299952069843724e-18
-7.117516579501244589e-18
-6.976580308465983340e-18
-6.838434762576368116e-18
-6.703024681772130912e-18
-6.570295900215505017e-18
-6.440195324624031658e-18
-6.312670913032869044e-18
-6.187671653976942596e-18
-6.065147546086039968e-18
-5.945049578083240485e-18
-5.827329709180100787e-18
-5.711940849859356832e-18
-5.598836843038784392e-18
-5.487972445607620671e-18
-5.379303310328601394e-18
-5.272785968098753953e-18
-5.168377810560857719e-18
-5.066037073059845340e-18
-4.965722817936083084e-18
-4.867394918150050565e-18
-4.771014041230706897e-18
-4.676541633542226165e-18
-4.583939904861914637e-18
-4.493171813263528080e-18
-4.404201050300236050e-18
-4.316992026480496234e-18
-4.231509857032040216e-18
-4.147720347947250701e-18
-4.065589982305315670e-18
-3.985085906864921003e-18
-3.906175918922430994e-18
-3.828828453430577863e-18
-3.753012570371796948e-18
-3.678697942382025243e-18
-3.605854842619140018e-18
-3.534454132872034698e-18
-3.464467251904735605e-18
-3.395866204031711573e-18
-3.328623547919144449e-18
-3.262712385607960028e-18
-3.198106351754453629e-18
-3.134779603083612686e-18
-3.072706808051646554e-18
-3.011863136712849399e-18
-2.952224250787469692e-18
-2.893766293925897839e-18
-2.836465882165962568e-18
-2.780300094578962668e-18
-2.725246464100936984e-18
-2.671282968545675180e-18
-2.618388021795393607e-18
-2.566540465166154267e-18
-2.515719558943959301e-18
-2.465904974088716846e-18
-2.417076784102298828e-18
-2.369215457057624596e-18
-2.322301847785750545e-18
-2.276317190217412002e-18
-2.231243089876476695e-18
-2.187061516521781482e-18
-2.143754796934918760e-18
-2.101305607850593681e-18
-2.059696969027190231e-18
-2.018912236454404964e-18
-1.978935095695376136e-18
-1.939749555360792190e-18
-1.901339940712010975e-18
-1.863690887391065386e-18
-1.826787335274606069e-18
-1.790614522449758569e-18
-1.755157979309057260e-18
-1.720403522762497772e-18
-1.686337250564075558e-18
-1.652945535750662979e-18
-1.620215021191130101e-18
-1.588132614243217216e-18
-1.556685481516396687e-18
-1.525861043738254681e-18
-1.495646970722693544e-18
-1.466031176437657760e-18
-1.437001814170529217e-18
-1.408547271789358852e-18
-1.380656167097774966e-18
-1.353317343282034183e-18
-1.326519864448068413e-18
-1.300253011247058742e-18
-1.274506276587476623e-18
-1.249269361432173382e-18
-1.224532170678598431e-18
-1.200284809120599692e-18
-1.176517577490268545e-18
-1.153220968578035136e-18
-1.130385663429725943e-18
-1.108002527618790404e-18
-1.086062607592474196e-18
-1.064557127090215079e-18
-1.043477483633076476e-18
-1.022815245082616990e-18
-1.002562146267901824e-18
-9.827100856793744005e-19
-9.632511222280876928e-19
-9.441774720692184664e-19
-9.254815054883710813e-19
-9.071557438496370049e-19
-8.891928566040204809e-19
-8.715856583571021450e-19
-8.543271059948297085e-19
-8.374102958661292585e-19
-8.208284610214005913e-19
-8.045749685056000466e-19
-7.886433167050167271e-19
-7.730271327464942937e-19
-7.577201699482362914e-19
-7.427163053210333799e-19
-7.280095371189696307e-19
-7.135939824386818067e-19
-6.994638748660778891e-19
-6.856135621697345611e-19
-6.720375040398903123e-19
-6.587302698722863260e-19
-6.456865365958138946e-19
-6.329010865432485472e-19
-6.203688053640985839e-19
-6.080846799787842586e-19
-5.960437965733695363e-19
-5.842413386339365172e-19
-5.726725850199496393e-19
-5.613329080757029305e-19
-5.502177717792251535e-19
-5.393227299277976497e-19
-5.286434243594031023e-19
-5.181755832094290248e-19
-5.079150192018348992e-19
-4.978576279742157773e-19
-4.879993864359729074e-19
-4.783363511590530873e-19
-4.688646568004965804e-19
-4.595805145562724379e-19
-4.504802106456960472e-19
-4.415601048258574850e-19
-4.328166289354990706e-19
-4.242462854676770515e-19
-4.158456461707376842e-19
-4.076113506769462021e-19
-3.995401051583188222e-19
-3.916286810090244481e-19
-3.838739135539190266e-19
-3.762727007826249586e-19
-3.688220021086775954e-19
-3.615188371532684597e-19
-3.543602845530335583e-19
-3.473434807914892257e-19
-3.404656190535670891e-19
-3.337239481028686038e-19
-3.271157711811255607e-19
-3.206384449294543688e-19
-3.142893783309935526e-19
-3.080660316744438006e-19
-3.019659155381678941e-19
-2.959865897943709585e-19
-2.901256626330344015e-19
-2.843807896051427086e-19
-2.787496726848874871e-19
-2.732300593504200921e-19
-2.678197416828069391e-19
-2.625165554828463244e-19
-2.573183794053443778e-19
-2.522231341105638589e-19
-2.472287814324457327e-19
-2.423333235633300424e-19
-2.375348022547920497e-19
-2.328312980343289222e-19
-2.282209294375398541e-19
-2.237018522555104878e-19
-2.192722587971160234e-19
-2.149303771659079746e-19
-2.106744705513443599e-19
-2.065028365340301923e-19
-2.024138064047374916e-19
-1.984057444968949137e-19
-1.944770475322948690e-19
-1.906261439797709601e-19
-1.868514934265534311e-19
-1.831515859620942915e-19
-1.795249415740724538e-19
-1.759701095563792635e-19
-1.724856679288067969e-19
-1.690702228682454212e-19
-1.657224081511322754e-19
-1.624408846069399759e-19
-1.592243395824989200e-19
-1.560714864169092173e-19
-1.529810639268683163e-19
-1.499518359021717774e-19
-1.469825906112216359e-19
-1.440721403163089551e-19
-1.412193207985102853e-19
-1.384229908919814086e-19
-1.356820320274728215e-19
-1.329953477848940554e-19
-1.303618634547232871e-19
-1.277805256081166641e-19
-1.252503016755154108e-19
-1.227701795336106996e-19
-1.203391671004778602e-19
-1.179562919387279698e-19
-1.156206008665259289e-19
-1.133311595762982452e-19
-1.110870522610041608e-19
-1.088873812477941183e-19
-1.067312666389350961e-19
-1.046178459598333935e-19
-1.025462738140388639e-19
-1.005157215450725612e-19
-9.852537690495104851e-20
-9.657444372928142715e-20
-9.466214161877925726e-20
-9.278770562710399809e-20
-9.095038595486480287e-20
-8.914944764969618284e-20
-8.738417031226196051e-20
-8.565384780809045726e-20
-8.395778798510933826e-20
-8.229531239677374312e-20
-8.066575603068291959e-20
-7.906846704256154729e-20
-7.750280649551804917e-20
-7.596814810445672769e-20
-7.446387798555934583e-20
-7.298939441072166839e-20
-7.154410756685265146e-20
-7.012743931994505108e-20
-6.873882298380991197e-20
-6.737770309339863351e-20
-6.604353518260560329e-20
-6.473578556647828529e-20
-6.345393112773241152e-20
-6.219745910750134261e-20
-6.096586690022421576e-20
-5.975866185259581880e-20
-5.857536106650165861e-20
-5.741549120584892105e-20
-5.627858830722900832e-20
-5.516419759432277206e-20
-5.407187329598710142e-20
-5.300117846793736069e-20
-5.195168481796660472e-20
-5.092297253462177236e-20
-4.991463011927244169e-20
-4.892625422150845270e-20
-4.795744947779146698e-20
-4.700782835330713402e-20
-4.607701098694318028e-20
-4.516462503934235369e-20
-4.427030554396060736e-20
-4.339369476107474865e-20
-4.253444203468393645e-20
-4.169220365224014679e-20
-4.086664270716101752e-20
-4.005742896406028838e-20
-3.926423872665164247e-20
-3.848675470826354310e-20
-3.772466590492232819e-20
-3.697766747094559791e-20
-3.624546059699912554e-20
-3.552775239057095485e-20
-3.482425575880844497e-20
-3.413468929367930485e-20
-3.345877715940266118e-20
-3.279624898211298326e-20
-3.214683974170506936e-20
-3.151028966582408572e-20
-3.088634412595245576e-20
-3.027475353555439479e-20
-2.967527325023953546e-20
-2.908766346990015000e-20
-2.851168914278960746e-20
-2.794711987149690901e-20
-2.739372982078604103e-20
-2.685129762725828407e-20
-2.631960631080331350e-20
-2.579844318780561377e-20
-2.528759978606667966e-20
-2.478687176141484961e-20
-2.429605881596343732e-20
-2.381496461799035180e-20
-2.334339672340138863e-20
-2.288116649875122832e-20
-2.242808904578701783e-20
-2.198398312748613957e-20
-2.154867109556009164e-20
-2.112197881939156086e-20
-2.070373561638107486e-20
-2.029377418367048651e-20
-1.989193053122077224e-20
-1.949804391621267941e-20
-1.911195677874845674e-20
-1.873351467882536357e-20
-1.836256623455718768e-20
-1.799896306162044999e-20
-1.764255971389760478e-20
-1.729321362529771135e-20
-1.695078505272706640e-20
-1.661513702019099532e-20
-1.628613526400123549e-20
-1.596364817906832240e-20
-1.564754676625863283e-20
-1.533770458079207414e-20
-1.503399768166339333e-20
-1.473630458206324839e-20
-1.444450620078271057e-20
-1.415848581457836941e-20
-1.387812901148219065e-20
-1.360332364503488760e-20
-1.333395978942557053e-20
-1.306992969552061889e-20
-1.281112774776183410e-20
-1.255745042191955929e-20
-1.230879624368086865e-20
-1.206506574805920815e-20
-1.182616143960637405e-20
-1.159198775341363828e-20
-1.136245101688424930e-20
-1.113745941226289875e-20
-1.091692293990797109e-20
-1.070075338228984322e-20
-1.048886426870332049e-20
-1.028117084067759332e-20
-1.007759001807224323e-20
-9.878040365843853088e-21
-9.682442061470689637e-21
-9.490716863023132227e-21
-9.302788077865295017e-21
-9.118580531977499768e-21
-8.938020539885124678e-21
-8.761035875183961859e-21
-8.587555741648180671e-21
-8.417510744911328930e-21
-8.250832864707474296e-21
-8.087455427662016600e-21
-7.927313080621858354e-21
-7.770341764512809115e-21
-7.616478688715557019e-21
-7.465662305948141842e-21
-7.317832287646649574e-21
-7.172929499832560915e-21
-7.030895979458741497e-21
-6.891674911223285642e-21
-6.755210604842494287e-21
-6.621448472774363282e-21
-6.490335008382452125e-21
-6.361817764532893588e-21
-6.235845332614469963e-21
-6.112367321974806788e-21
-5.991334339763294390e-21
-5.872697971173167434e-21
-5.756410760075235117e-21
-5.642426190034458401e-21
-5.530698665703088678e-21
-5.421183494581592096e-21
-5.313836869141377131e-21
-5.208615849300883664e-21
-5.105478345249248988e-21
-5.004383100609702604e-21
-4.905289675936361295e-21
-4.808158432538164476e-21
-4.712950516622582367e-21
-4.619627843753860133e-21
-4.528153083618466650e-21
-4.438489645092731459e-21
-4.350601661605652309e-21
-4.264453976792012558e-21
-4.180012130429264041e-21
-4.097242344652895645e-21
-4.016111510445043951e-21
-3.936587174390208537e-21
-3.858637525693686701e-21
-3.782231383456600726e-21
-3.707338184203322029e-21
-3.633927969655585877e-21
-3.561971374748705266e-21
-3.491439615885333973e-21
-3.422304479421441084e-21
-3.354538310380675991e-21
-3.288114001391812492e-21
-3.223004981845633812e-21
-3.159185207266143522e-21
-3.096629148892591318e-21
-3.035311783467556747e-21
-2.975208583227251061e-21
-2.916295506090233878e-21
-2.858548986040091284e-21
-2.801945923698879190e-21
-2.746463677086903414e-21
-2.692080052565786230e-21
-2.638773295960556003e-21
-2.586522083857822496e-21
-2.535305515076072001e-21
-2.485103102304857512e-21
-2.435894763909732833e-21
-2.387660815899184870e-21
-2.340381964050915169e-21
-2.294039296193758425e-21
-2.248614274642677432e-21
-2.204088728783393004e-21
-2.160444847803848012e-21
-2.117665173569755045e-21
-2.075732593640987105e-21
-2.034630334426493820e-21
-1.994341954474522893e-21
-1.954851337895936472e-21
-1.916142687917526661e-21
-1.878200520563193976e-21
-1.841009658460106986e-21
-1.804555224767513989e-21
-1.768822637225897831e-21
-1.733797602323775720e-21
-1.699466109580205294e-21
-1.665814425940304783e-21
-1.632829090281947477e-21
-1.600496908031035957e-21
-1.568804945883580414e-21
-1.537740526632167646e-21
-1.507291224094877488e-21
-1.477444858144719996e-21
-1.448189489837337185e-21
-1.419513416635350159e-21
-1.391405167727105385e-21
-1.363853499438267917e-21
-1.336847390734171050e-21
-1.310376038811227827e-21
-1.284428854775731987e-21
-1.258995459408083509e-21
-1.234065679011037351e-21
-1.209629541340015053e-21
-1.185677271614146480e-21
-1.162199288606155997e-21
-1.139186200809805333e-21
-1.116628802683138703e-21
-1.094518070966119806e-21
-1.072845161071263816e-21
-1.051601403545621883e-21
-1.030778300602944343e-21
-1.010367522724394805e-21
-9.903609053266885231e-22
-9.707504454960941947e-22
-9.515282987872101917e-22
-9.326867760850610094e-22
-9.142183405293286523e-22
-8.961156044995549376e-22
-8.783713266599421143e-22
-8.609784090627732231e-22
-8.439298943090886228e-22
-8.272189627656762193e-22
-8.108389298371093430e-22
-7.947832432918013187e-22
-7.790454806410669311e-22
-7.636193465699949797e-22
-7.484986704192834035e-22
-7.336774037168495388e-22
-7.191496177584034784e-22
-7.049095012358451482e-22
-6.909513579126997786e-22
-6.772696043455321315e-22
-6.638587676504795860e-22
-6.507134833140601724e-22
-6.378284930472572289e-22
-6.251986426821710610e-22
-6.128188801102463305e-22
-6.006842532613972444e-22
-5.887899081230788630e-22
-5.771310867986464385e-22
-5.657031256041212571e-22
-5.545014532026427361e-22
-5.435215887759004449e-22
-5.327591402317156805e-22
-5.222098024471775153e-22
-5.118693555465045468e-22
-5.017336632130660427e-22
-4.917986710347875963e-22
-4.820604048823226985e-22
-4.725149693193719189e-22
-4.631585460444290677e-22
-4.539873923634369359e-22
-4.449978396926328333e-22
-4.361862920910926615e-22
-4.275492248222805464e-22
-4.190831829441296921e-22
-4.107847799270097704e-22
-4.026506962990611816e-22
-3.946776783183825440e-22
-3.868625366714677713e-22
-3.792021451974602030e-22
-3.716934396376248507e-22
-3.643334164096259261e-22
-3.571191314060318243e-22
-3.500476988166521274e-22
-3.431162899741664166e-22
-3.363221322226128295e-22
-3.296625078083055664e-22
-3.231347527926779058e-22
-3.167362559866905095e-22
-3.104644579063019069e-22
-3.043168497486571608e-22
-2.982909723885261166e-22
-2.923844153946143708e-22
-2.865948160653733860e-22
-2.809198584838716714e-22
-2.753572725914135923e-22
-2.699048332794692792e-22
-2.645603594996178116e-22
-2.593217133910828507e-22
-2.541867994255731944e-22
-2.491535635690381793e-22
-2.442199924600207799e-22
-2.393841126042991107e-22
-2.346439895854481650e-22
-2.299977272910613488e-22
-2.254434671542665122e-22
-2.209793874102879798e-22
-2.166037023677031068e-22
-2.123146616941531836e-22
-2.081105497161823958e-22
-2.039896847329408694e-22
-1.999504183434927244e-22
-1.959911347874216482e-22
-1.921102502985169242e-22
-1.883062124712344043e-22
-1.845774996397233734e-22
-1.809226202691356627e-22
-1.773401123589881158e-22
-1.738285428583517514e-22
-1.703865070926022889e-22
-1.670126282015414892e-22
-1.637055565886248489e-22
-1.604639693811146670e-22
-1.572865699009039216e-22
-1.541720871458357585e-22
-1.511192752812822949e-22
-1.481269131417907803e-22
-1.451938037426088705e-22
-1.423187738008661640e-22
-1.395006732662537803e-22
-1.367383748609806808e-22
-1.340307736288555643e-22
-1.313767864932818532e-22
-1.287753518240193303e-22
-1.262254290125148929e-22
-1.237259980556427466e-22
-1.212760591476956770e-22
-1.188746322804425158e-22
-1.165207568511186184e-22
-1.142134912781651073e-22
-1.119519126245897609e-22
-1.097351162287771288e-22
-1.075622153426095864e-22
-1.054323407767618557e-22
-1.033446405530073619e-22
-1.012982795634217321e-22
-9.929243923632247689e-23
-9.732631720883528527e-23
-9.539912700593248655e-23
-9.351009772583737790e-23
-9.165847373165119593e-23
-8.984351434908629953e-23
-8.806449357019117648e-23
-8.632069976293240948e-23
-8.461143538653742258e-23
-8.293601671246397823e-23
-8.129377355090439537e-23
-7.968404898269603065e-23
-7.810619909654890849e-23
-7.655959273147083474e-23
-7.504361122429299197e-23
-7.355764816220021382e-23
-7.210110914015350221e-23
-7.067341152312431313e-23
-6.927398421302859820e-23
-6.790226742028352470e-23
-6.655771243988269017e-23
-6.523978143190533691e-23
-6.394794720637655305e-23
-6.268169301238052973e-23
-6.144051233135695600e-23
-6.022390867448324396e-23
-5.903139538407589842e-23
