-5.999999999999999778e-01
-5.078890349343684329e-01
-4.299187863442735513e-01
-3.639183958275800657e-01
-3.080502714195552105e-01
-2.607589251042469192e-01
-2.207276647028653949e-01
-1.868419343487585926e-01
-1.581582828694360621e-01
-1.338780960890578742e-01
-1.133253617025370974e-01
-9.592784764781633888e-02
-8.120116994196761862e-02
-6.873530639561263589e-02
-5.818318071864302804e-02
-4.925099917433927582e-02
-4.169007073368092425e-02
-3.528988298545792518e-02
-2.987224102071836529e-02
-2.528630610556584224e-02
-2.140439600835143674e-02
-1.811843005339109844e-02
-1.533691992390444001e-02
-1.298242243169585308e-02
-1.098938333324050651e-02
-9.302312159405587769e-03
-7.874237242164580999e-03
-6.665397922945383302e-03
-5.642137530897123332e-03
-4.775966309223869145e-03
-4.042768199451279680e-03
-3.422129398804440743e-03
-2.896769996298864582e-03
-2.452062863078439958e-03
-2.075626401878854967e-03
-1.756979816890913296e-03
-1.487251305999815094e-03
-1.258931050848541549e-03
-1.065662127440627485e-03
-9.020635157865433988e-04
-7.635802808038847332e-04
-6.463567531873321134e-04
-5.471291793327097462e-04
-4.631348514595381039e-04
-3.920351879204283466e-04
-3.318506220887001762e-04
-2.809054869916660906e-04
-2.377813611599436186e-04
-2.012775767415070957e-04
-1.703777903419539767e-04
-1.442216858517084480e-04
-1.220810214063864957e-04
-1.033393535764860771e-04
-8.747487426450488988e-05
-7.404588245200773402e-05
-6.267848629902318420e-05
-5.305619319592980957e-05
-4.491109793262035749e-05
-3.801642364473579099e-05
-3.218020786096823822e-05
-2.723995785749091318e-05
-2.305812651315655739e-05
-1.951828270360274060e-05
-1.652186960984829283e-05
-1.398546068576220829e-05
-1.183843688467385154e-05
-1.002102047414739454e-05
-8.482610696120451206e-06
-7.180374933627603472e-06
-6.078056159178425990e-06
-5.144963461603378192e-06
-4.355117545477206966e-06
-3.686527411996925799e-06
-3.120578082563691254e-06
-2.641512317984354916e-06
-2.235991903247202563e-06
-1.892726283102140154e-06
-1.602158208866098500e-06
-1.356197644188632501e-06
-1.147996521145381601e-06
-9.717580753875658736e-07
-8.225754518304506498e-07
-6.962950873181164320e-07
-5.894010665458992608e-07
-4.989172314621406839e-07
-4.223243186657228772e-07
-3.574898177274140328e-07
-3.026085975407327846e-07
-2.561526476130093319e-07
-2.168285349867575096e-07
-1.835413923010954715e-07
-1.553644343438562544e-07
-1.315131543700418516e-07
-1.113234817569586908e-07
-9.423329285845925752e-08
-7.976676028095088104e-08
-6.752110483155546458e-08
-5.715538128433498133e-08
-4.838098573634471336e-08
-4.095362025800921552e-08
-3.466649111651479682e-08
-2.934455119621266581e-08
-2.483962631271100099e-08
-2.102628972682186788e-08
-1.779836999601001535e-08
-1.506599493446389200e-08
-1.275308937931823359e-08
-1.079525709548949425e-08
-9.137987846827577823e-09
-7.735139714612067079e-09
-6.547654407894730036e-09
-5.542469797182356615e-09
-4.691599394073047865e-09
-3.971353147590722845e-09
-3.361677862522360613e-09
-2.845598875594516864e-09
-2.408747444560044628e-09
-2.038960691697042639e-09
-1.725942963291870186e-09
-1.460979176630123593e-09
-1.236692173463134681e-09
-1.046837324151795404e-09
-8.861286638278888646e-10
-7.500917198320454766e-10
-6.349389328295964558e-10
-5.374642030618037826e-10
-4.549536256747143544e-10
-3.851099298063705381e-10
-3.259885176550006096e-10
-2.759433227191390089e-10
-2.335809797873438649e-10
-1.977220306720309840e-10
-1.673680855721354835e-10
-1.416740257667409589e-10
-1.199244737032285040e-10
-1.015138753569078206e-10
-8.592964031244602763e-11
-7.273787015090953579e-11
-6.157127779021133334e-11
-5.211896142757719177e-11
-4.411774836872303218e-11
-3.734486773744669178e-11
-3.161174805820568394e-11
-2.675876702311753220e-11
-2.265080726567458442e-11
-1.917349440441305485e-11
-1.623001261562813911e-11
-1.373840907387331790e-11
-1.162931221010513554e-11
-9.844000258901297642e-12
-8.332766318978412861e-12
-7.053534406799250809e-12
-5.970687971242738377e-12
-5.054078252681188026e-12
-4.278184877061707529e-12
-3.621405314136143193e-12
-3.065453416837994818e-12
-2.594850295856849178e-12
-2.196493354269831176e-12
-1.859291483233095335e-12
-1.573856261801576819e-12
-1.332240563219695709e-12
-1.127717289923449984e-12
-9.545920767633693935e-13
-8.080447477055724084e-13
-6.839951118266132048e-13
-5.789893620757392206e-13
-4.901039139031892645e-13
-4.148640064164121408e-13
-3.511747997463949275e-13
-2.972630502274450641e-13
-2.516277395027726533e-13
-2.129982829646328423e-13
-1.802991539626419330e-13
-1.526199388426153600e-13
-1.291899890841969279e-13
-1.093569647985908841e-13
-9.256867219151326663e-14
-7.835768930750586910e-14
-6.632835200346056233e-14
-5.614573781304104764e-14
-4.752634098923910077e-14
-4.023017909831070036e-14
-3.405411139579633263e-14
-2.882618295393076414e-14
-2.440083706885578689e-14
-2.065486265081985924e-14
-1.748396376404469293e-14
-1.479985580491358247e-14
-1.252780746987560137e-14
-1.060456007619780687e-14
-8.976566305006081048e-15
-7.598499329456505638e-15
-6.431990818978531296e-15
-5.444562682929515213e-15
-4.608722811121256876e-15
-3.901199634700650591e-15
-3.302294195924024232e-15
-2.795331687062038721e-15
-2.366197188105669837e-15
-2.002942677218999140e-15
-1.695454372269366625e-15
-1.435171141511910103e-15
-1.214846143380227676e-15
-1.028345058925207721e-15
-8.704752992617520699e-16
-7.368414327937578942e-16
-6.237228070021331131e-16
-5.279699575247825446e-16
-4.469169203360000530e-16
-3.783070056088193533e-16
-3.202299666459573276e-16
-2.710688145281325463e-16
-2.294547976858281031e-16
-1.942292929295271276e-16
-1.644115469032696794e-16
-1.391713698146141632e-16
-1.178060211760644177e-16
-9.972064400761474729e-17
-8.441170274676879524e-17
-7.145296374203880714e-17
-6.048362799690723012e-17
-5.119828575446439358e-17
-4.333841323688167816e-17
-3.668517479077764297e-17
-3.105333003481121016e-17
-2.628607637146456700e-17
-2.225068326752363661e-17
-1.883479675228817634e-17
-1.594331124284107037e-17
-1.349572160130796497e-17
-1.142388169971871366e-17
-9.670107086124239386e-18
-8.185568926139357416e-18
-6.928934503809471209e-18
-5.865216430438745959e-18
-4.964798520894537148e-18
-4.202611215701187363e-18
-3.557433590911389726e-18
-3.011302522218469854e-18
-2.549012553174953246e-18
-2.157692542779367877e-18
-1.826447305395485829e-18
-1.546054265492988587e-18
-1.308706681428999395e-18
-1.107796289071885523e-18
-9.377293136009931609e-19
-7.937707268574622558e-19
-6.719124140379779836e-19
-5.687615792102854173e-19
-4.814462826214331265e-19
-4.075354797555628349e-19
-3.449713358576135938e-19
-2.920119314145727723e-19
-2.471827633924461044e-19
-2.092356919196667869e-19
-1.771141894048410961e-19
-1.499239245500121053e-19
-1.269078622554648230e-19
-1.074251861441865782e-19
-9.093345686402592381e-20
-7.697350941652708621e-20
-6.515666902178592188e-20
-5.515392958168793700e-20
-4.668679344680277725e-20
-3.951951744646152707e-20
-3.345254929492531119e-20
-2.831697162915673883e-20
-2.396979898832723599e-20
-2.028999679292043759e-20
-1.717511148329636134e-20
-1.453841799356933116e-20
-1.230650514037724941e-20
-1.041723169860176733e-20
-8.817996256817628018e-21
-7.464272681549927703e-21
-6.318370414532287044e-21
-5.348385086991127997e-21
-4.527310233815464695e-21
-3.832285375835053323e-21
-3.243959535209938660e-21
-2.745952462839850755e-21
-2.324398577212311995e-21
-1.967560916971971919e-21
-1.665504358825785145e-21
-1.409819002471690296e-21
-1.193386020995804124e-21
-1.010179457512869987e-21
-8.550984496445610928e-22
-7.238252106064196895e-22
-6.127048127934311916e-22
-5.186434267821657013e-22
-4.390221825057475527e-22
-3.716242543127053791e-22
-3.145731398018078433e-22
-2.662804139836912169e-22
-2.254015041335006502e-22
-1.907982540118649731e-22
-1.615072351620813845e-22
-1.367129230023120115e-22
-1.157249908778350645e-22
-9.795908989122062903e-23
-8.292057937983477239e-23
-7.019075506237178886e-23
-5.941519141657121577e-23
-5.029387371500497096e-23
-4.257284497370822197e-23
-3.603713524684532738e-23
-3.050477640386583562e-23
-2.582173574774691780e-23
-2.185762741542249413e-23
-1.850208215662312013e-23
-1.566167441800622906e-23
-1.325732117602914812e-23
-1.122208009651396481e-23
-9.499285716957792364e-24
-8.040971758919223054e-24
-6.806535644286627601e-24
-5.761608032705205039e-24
-4.877095905667931498e-24
-4.128372554686722799e-24
-3.494591921082296506e-24
-2.958108197146554113e-24
-2.503984529133667950e-24
-2.119577143320484340e-24
-1.794183316316648182e-24
-1.518743388365671247e-24
-1.285588523049992233e-24
-1.088227190490936939e-24
-9.211644292796307682e-25
-7.797488550045018167e-25
-6.600431557656936491e-25
-5.587144689947858969e-25
-4.729415874360509983e-25
-4.003364107053745545e-25
-3.388774554704011553e-25
-2.868535730331281293e-25
-2.428163072921186447e-25
-2.055395666282010018e-25
-1.739854868927092639e-25
-1.472755350508742267e-25
-1.246660489440515249e-25
-1.055275321454586873e-25
-8.932712743393780464e-26
-7.561378090980301859e-26
-6.400568369003119799e-26
-5.417964153274077063e-26
-4.586207641858935125e-26
-3.882140955387275582e-26
-3.286161372184725947e-26
-2.781675546595820631e-26
-2.354637514768477471e-26
-1.993157624993374181e-26
-1.687171504383263370e-26
-1.428159845216640286e-26
-1.208911209198497015e-26
-1.023321245601936843e-26
-8.662227330943411720e-27
-7.332417132491617906e-27
-6.206757101928965551e-27
-5.253906457617911735e-27
-4.447335800658357027e-27
-3.764588479709047893e-27
-3.186655349807456911e-27
-2.697445517136925632e-27
-2.283338334144508700e-27
-1.932804171595509630e-27
-1.636083409047945138e-27
-1.384914706155814274e-27
-1.172304989293154465e-27
-9.923347494347443473e-28
-8.399932303704139274e-28
-7.110389185403886025e-28
-6.018814502304264108e-28
-5.094816481707131717e-28
-4.312669043436593145e-28
-3.650595530770570420e-28
-3.090162401764625028e-28
-2.615766000037848333e-28
-2.214198115622265012e-28
-1.874278240161473666e-28
-1.586542277656832450e-28
-1.342979043802842397e-28
-1.136807217490172177e-28
-9.622865343291827111e-29
-8.145579654179737960e-29
-6.895084315904022002e-29
-5.836562864992628605e-29
-4.940543801391441091e-29
-4.182080038899497813e-29
-3.540054324958236660e-29
-2.996591291197112525e-29
-2.536559764964748228e-29
-2.147151485135480459e-29
-1.817524492738916845e-29
-1.538501267644591173e-29
-1.302313206782183624e-29
-1.102384329624804529e-29
-9.331481888331967368e-30
-7.898928884620729941e-30
-6.686298947042018542e-30
-5.659829865826477848e-30
-4.790942547412187211e-30
-4.055445311385282177e-30
-3.432860342380998799e-30
-2.905853543927238649e-30
-2.459751920143020856e-30
-2.082135048165684257e-30
-1.762489267026481754e-30
-1.491914954853763320e-30
-1.262878744374728176e-30
-1.069003777866007556e-30
-9.048921618025966912e-31
-7.659746779626660328e-31
-6.483835666243670404e-31
-5.488448398669200210e-31
-4.645871267478677781e-31
-3.932645124115075686e-31
-3.328912228043576437e-31
-2.817863364803810199e-31
-2.385269841545187930e-31
-2.019087329800723001e-31
-1.709120525634516214e-31
-1.446739290585051426e-31
-1.224638370161451848e-31
-1.036633999941505850e-31
-8.774917363507384862e-32
-7.427807185634296027e-32
-6.287503038650676035e-32
-5.322256417411976269e-32
-4.505192792521008554e-32
-3.813563365977981695e-32
-3.228111696012682618e-32
-2.732537556580368680e-32
-2.313043104222556055e-32
-1.957948716608640416e-32
-1.657367806882238173e-32
-1.402931559947864672e-32
-1.187555926768142702e-32
-1.005244389294764436e-32
-8.509210045868521709e-33
-7.202890797083293596e-33
-6.097115426113768159e-33
-5.161096782754002494e-33
-4.368774106992985803e-33
-3.698087441744857296e-33
-3.130363436484535121e-33
-2.649795441249926876e-33
-2.243003415716513237e-33
-1.898661400271271063e-33
-1.607182177084846623e-33
-1.360450341472226837e-33
-1.151596351677446432e-33
-9.748052661456585100e-34
-8.251548431194272446e-34
-6.984784949055834022e-34
-5.912492811666754140e-34
-5.004817113623007295e-34
-4.236486223101707751e-34
-3.586108165606439357e-34
-3.035575025666840899e-34
-2.569558783761361346e-34
-2.175084551486135318e-34
-1.841169322924902759e-34
-1.558516184285170431e-34
-1.319255467943643127e-34
-1.116725644076303924e-34
-9.452878494273006831e-35
-8.001688893013567991e-35
-6.773283416196161906e-35
-5.733460629314771653e-35
-4.853269643094771239e-35
-4.108204058846096618e-35
-3.477519657934699022e-35
-2.943656838389568388e-35
-2.491751718046041280e-35
-2.109222292290784258e-35
-1.785418124156029380e-35
-1.511323813386553313e-35
-1.279307988423722225e-35
-1.082910832707249206e-35
-9.166642295727591679e-36
-7.759395181942822941e-36
-6.568186217718849639e-36
-5.559849598977384030e-36
-4.706311078674809372e-36
-3.983806319748440887e-36
-3.372219245170772957e-36
-2.854521963361507709e-36
-2.416300675284379625e-36
-2.045354363469067733e-36
-1.731355089601857012e-36
-1.465560442644316591e-36
-1.240570131421007062e-36
-1.050119944693039939e-36
-8.889073421257963781e-37
-7.524438202305717898e-37
-6.369299428320635576e-37
-5.391495566429628095e-37
-4.563802466811428719e-37
-3.863175384166613860e-37
-3.270107362744300364e-37
-2.768086120993279516e-37
-2.343134314344182550e-37
-1.983420376056440435e-37
-1.678929101107438236e-37
-1.421182801474485914e-37
-1.203005269176992359e-37
-1.018321975305433089e-37
-8.619909421505685342e-38
-7.296595795516952824e-38
-6.176434994818764271e-38
-5.228239348088987587e-38
-4.425609061511325000e-38
-3.746197192079620401e-38
-3.171087460931962189e-38
-2.684267583708672331e-38
-2.272183454325667051e-38
-1.923361769685522526e-38
-1.628090588392057375e-38
-1.378148929540277159e-38
-1.166577883033418165e-38
-9.874868586493642463e-39
-8.358895794163238650e-39
-7.075652530024264416e-39
-5.989410558341548015e-39
-5.069926580502986039e-39
-4.291600196932981094e-39
-3.632761137240711060e-39
-3.075065913567091808e-39
-2.602987098668628408e-39
-2.203381009149025278e-39
-1.865121757215679630e-39
-1.578791482178956975e-39
-1.336418137077446193e-39
-1.131253529848412428e-39
-9.575854392346888574e-40
-8.105785743335119551e-40
-6.861399497612027714e-40
-5.808049281902277894e-40
-4.916407574394308650e-40
-4.161649163838554699e-40
-3.522759962595675089e-40
-2.981951929513567980e-40
-2.524167812835528278e-40
-2.136661924122406905e-40
-1.808645271039224663e-40
-1.530985168744527880e-40
-1.295950966420827967e-40
-1.096998809429555512e-40
-9.285894444088757730e-41
-7.860339946184496012e-41
-6.653634115872818569e-41
-5.632179683195031673e-41
-4.767537173124848371e-41
-4.035633089786824797e-41
-3.416089658868373501e-41
-2.891657466819917661e-41
-2.447735200306536100e-41
-2.071963114430939667e-41
-1.753878911013247097e-41
-1.484626445843758164e-41
-1.256709154696040297e-41
-1.063781332952939853e-41
-9.004714576244368308e-42
-7.622326326646953578e-42
-6.452159936659312065e-42
-5.461635472453463847e-42
-4.623174615446149577e-42
-3.913432822953395514e-42
-3.312649366217119343e-42
-2.804097149473253451e-42
-2.373616991846996402e-42
-2.009223405488306294e-42
-1.700770893968327345e-42
-1.439671479970075191e-42
-1.218655597640886463e-42
-1.031569692338654894e-42
-8.732048925157129806e-43
-7.391519835996204618e-43
-6.256786460337226163e-43
-5.296255395218545859e-43
-4.483183402405794243e-43
-3.794932819469410349e-43
-3.212341278868498285e-43
-2.719188186673914842e-43
-2.301743106557905377e-43
-1.948383475094234726e-43
-1.649271004746128848e-43
-1.396077764909572727e-43
-1.181754314522099599e-43
-1.000333430553587372e-43
-8.467639677607417991e-44
-7.167702240053398612e-44
-6.067328955662691375e-44
-5.135883079868098403e-44
-4.347431168283308379e-44
-3.680021034171655182e-44
-3.115070552639349809e-44
-2.636850294554139895e-44
-2.232045585612501622e-44
-1.889385797343742178e-44
-1.599330548719374112e-44
-1.353804081550221552e-44
-1.145970414114579770e-44
-9.700430128133300283e-45
-8.211236827043117483e-45
-6.950661912840758007e-45
-5.883608285112996347e-45
-4.980366889763133523e-45
-4.215789555434779725e-45
-3.568588814660300742e-45
-3.020745215258989390e-45
-2.557005620267486436e-45
-2.164458527999037024e-45
-1.832174588234815666e-45
-1.550902305749750103e-45
-1.312810458907891229e-45
-1.111270061710785292e-45
-9.406697986562401778e-46
-7.962597937190482974e-46
-6.740193636483414660e-46
-5.705450735507194509e-46
-4.829559779870598254e-46
-4.088134092927179167e-46
-3.460530798565107856e-46
-2.929276079406514742e-46
-2.479578668376830238e-46
-2.098918028209581219e-46
-1.776695752922869425e-46
-1.503940485539971743e-46
-1.273058136332696959e-46
-1.077620447128941960e-46
-9.121860148630973013e-47
-7.721487912824063135e-47
-6.536098407169402752e-47
-5.532687853755524806e-47
-4.683319157728304237e-47
-3.964344078847150059e-47
-3.355744813922412303e-47
-2.840576658381762485e-47
-2.404496229471033718e-47
-2.035362115815608884e-47
-1.722896834572598468e-47
-1.458400684337606054e-47
-1.234509526859742681e-47
-1.044989753690125926e-47
-8.845647291966441296e-48
-7.487678777477707304e-48
-6.338183246986144472e-48
-5.365156287581675402e-48
-4.541506748619838427e-48
-3.844302466174067131e-48
-3.254131782568296594e-48
-2.754563084329767489e-48
-2.331687310943460637e-48
-1.973730696872996733e-48
-1.670726964758600121e-48
-1.414239842950113214e-48
-1.197128181669454468e-48
-1.013347128134719459e-48
-8.577798249364232465e-49
-7.260949457885593788e-49
-6.146261021454538320e-49
-5.202697631068760137e-49
-4.403988464831437593e-49
-3.727895752108865086e-49
-3.155595626457490186e-49
-2.671154028941039913e-49
-2.261083069866514099e-49
-1.913965497101562550e-49
-1.620136815367667471e-49
-1.371416206031202944e-49
-1.160878755624228942e-49
-9.826626514496762992e-50
-8.318059761847022840e-50
-7.041085574951445475e-50
-5.960150262587376512e-50
-5.045158274882185189e-50
-4.270634278868407308e-50
-3.615013870753547624e-50
-3.060043176818943598e-50
-2.590270626553441489e-50
-2.192616747898469567e-50
-1.856010006785136517e-50
-1.571078551957715156e-50
-1.329889282599827428e-50
-1.125726973848637871e-50
-9.529073105792818310e-51
-8.066186239200342679e-51
-6.827879241047208473e-51
-5.779674997306430204e-51
-4.892389261027148882e-51
-4.141318100510558131e-51
-3.505550089040882176e-51
-2.967384086061799696e-51
-2.511836399582538739e-51
-2.126223608161646892e-51
-1.799809427339833286e-51
-1.523505788529003228e-51
-1.289619807754859752e-51
-1.091639599321445929e-51
-9.240529709925121214e-52
-7.821939527760344906e-52
-6.621128863448714719e-52
-5.604664581055072548e-52
-4.744246142004806353e-52
-4.015917657589907835e-52
-3.399400905815362938e-52
-2.877530742349290841e-52
-2.435777186209620443e-52
-2.061840874031916152e-52
-1.745310619500499132e-52
-1.477373543664703005e-52
-1.250569705549050834e-52
-1.058584401449102839e-52
-8.960723500809433499e-53
-7.585088685232994560e-53
-6.420638953724274490e-53
-5.434953536448442660e-53
-4.600588844233200027e-53
-3.894314380379016971e-53
-3.296465953969584815e-53
-2.790398186759343914e-53
-2.362021070259680111e-53
-1.999407669781407626e-53
-1.692462053076080984e-53
-1.432638197999744356e-53
-1.212702052987016117e-53
-1.026530125590833479e-53
-8.689389913623033488e-54
-7.355409762330800008e-54
-6.226219942895007110e-54
-5.270381396810081395e-54
-4.461281535603243738e-54
-3.776393289480063459e-54
-3.196647905544408995e-54
-2.705904032953225873e-54
-2.290498313202704737e-54
-1.938864963018858180e-54
-1.641213758226195442e-54
-1.389257452977510710e-54
-1.175981045113538713e-54
-9.954464635063847178e-55
-8.426272394651422355e-55
-7.132685591022667680e-55
-6.037688002191354006e-55
-5.110792554446279049e-55
-4.326192497045772895e-55
-3.662042887108173434e-55
-3.099852379702716615e-55
-2.623968389277017790e-55
-2.221141288213677439e-55
-1.880155508872865079e-55
-1.591517278213285748e-55
-1.347190290855210153e-55
-1.140371961159000876e-55
-9.653040246987589153e-56
-8.171122158708651739e-56
-6.916705579195583826e-56
-5.854864869237985011e-56
-4.956036113514075575e-56
-4.195193997987550287e-56
-3.551155051667236184e-56
-3.005987853489328016e-56
-2.544513783221869137e-56
-2.153884416229579292e-56
-1.823223795865044926e-56
-1.543325623585448887e-56
-1.306396935920505623e-56
-1.105841131709781641e-56
-9.360743086246937482e-57
-7.923697953904272770e-57
-6.707265511532991195e-57
-5.677577679501827275e-57
-4.805965747345201788e-57
-4.068162175577898412e-57
-3.443624935517965302e-57
-2.914965575293604741e-57
-2.467465088171244708e-57
-2.088664103942586109e-57
-1.768015993422445734e-57
-1.496593227746396382e-57
-1.266838816882393176e-57
-1.072355906873003252e-57
-9.077296777464811993e-58
-7.683765833532499553e-58
-6.504167356424219099e-58
-5.505658802843093846e-58
-4.660439560089859949e-58
-3.944976917573356132e-58
-3.339350865841089354e-58
-2.826699480932157830e-58
-2.392749452366879105e-58
-2.025418683670549547e-58
-1.714479900979140129e-58
-1.451275903871125467e-58
-1.228478530400992024e-58
-1.039884625404928250e-58
-8.802433314000020871e-59
-7.451098934869201051e-59
-6.307219078718758631e-59
-5.338945685016894396e-59
-4.519319952550316619e-59
-3.825521748767395937e-59
-3.238234248503214760e-59
-2.741106112272810649e-59
-2.320296230024915848e-59
-1.964088355048698680e-59
-1.662564898619159667e-59
-1.407330803125748586e-59
-1.191279805721588148e-59
-1.008396584774546280e-59
-8.535892804537704912e-60
-7.225477264666525616e-60
-6.116234458152722023e-60
-5.177280693972574681e-60
-4.382473492076821935e-60
-3.709683720860510852e-60
-3.140179474832666281e-60
-2.658104538322483084e-60
-2.250036914538742210e-60
-1.904615128486327870e-60
-1.612221899213880567e-60
-1.364716374152961678e-60
-1.155207470379474492e-60
-9.778620121333498321e-61
-8.277423227356287974e-61
-7.006687491142251541e-61
-5.931032913271638049e-61
-5.020510970809084525e-61
-4.249770786402766475e-61
-3.597353305663989186e-61
-3.045093831219348303e-61
-2.577616278704346646e-61
-2.181905073703801899e-61
-1.846942770336341445e-61
-1.563403302008570520e-61
-1.323392323783908836e-61
-1.120227416943579897e-61
-9.482520361641677824e-62
-8.026780192032893226e-62
-6.794522742269688330e-62
-5.751439330685005604e-62
-4.868488285242008914e-62
-4.121086361301325721e-62
-3.488424291537563236e-62
-2.952887411451063328e-62
-2.499565229452828937e-62
-2.115836286903854306e-62
-1.791016749724543738e-62
-1.516062947614784238e-62
-1.283319578939723421e-62
-1.086306570766803918e-62
-9.195386597826746499e-63
-7.783726708364493418e-63
-6.588782410173580390e-63
-5.577283899492564463e-63
-4.721068895447161260e-63
-3.996298541945576668e-63
-3.382793682963873709e-63
-2.863473031704360213e-63
-2.423877591054885759e-63
-2.051768084199807289e-63
-1.736784186988980229e-63
-1.470156074365188530e-63
-1.244460249687035156e-63
-1.053412858712895906e-63
-8.916947336652532849e-64
-7.548032962288259472e-64
-6.389271961449037381e-64
-5.408401950722670517e-64
-4.578113412149400992e-64
-3.875289337861116343e-64
-3.280361603162914904e-64
-2.776766148110231382e-64
-2.350481798670237002e-64
-1.989639887262394326e-64
-1.684193803681006462e-64
-1.425639275989996302e-64
-1.206777593411829735e-64
-1.021515178830570252e-64
-8.646939305784534447e-65
-7.319476098585011050e-65
-6.195802753225745546e-65
-5.244633801632594177e-65
-4.439486666825618592e-65
-3.757944331363362116e-65
-3.181031199655394016e-65
-2.692684776815183173e-65
-2.279308454465171029e-65
-1.929392952093455632e-65
-1.633195874079877955e-65
-1.382470460575342894e-65
-1.170235980078149131e-65
-9.905833709456193390e-66
-8.385107204859909060e-66
-7.097840010162599736e-66
-6.008191854800106987e-66
-5.085824604724837229e-66
-4.305057583898646283e-66
-3.644152569371980103e-66
-3.084708552686498107e-66
-2.611149416462921446e-66
-2.210290261994674926e-66
-1.870970313482144243e-66
-1.583742178175513560e-66
-1.340608810764039666e-66
-1.134800858539077697e-66
-9.605881881435173034e-67
-8.131203464092819105e-67
-6.882915133721695793e-67
-5.826261874668507555e-67
-4.931824201333867606e-67
-4.174699056802288725e-67
-3.533806458501253909e-67
-2.991302586421762318e-67
-2.532082973024000542e-67
-2.143361962571530309e-67
-1.814316731142498353e-67
-1.535785956075373272e-67
-1.300014745161475021e-67
-1.100438723867528008e-67
-9.315012691157935338e-68
-7.884988010189405443e-68
-6.674498251607002369e-68
-5.649840792799575589e-68
-4.782486979646384360e-68
-4.048287827798012915e-68
-3.426801663328074357e-68
-2.900724982832001226e-68
-2.455410686900952768e-68
-2.078460273562726660e-68
-1.759378637482011162e-68
-1.489281863791485157e-68
-1.260649880910501075e-68
-1.067117085676278308e-68
-9.032951113435098099e-69
-7.646228039352990293e-69
-6.472392299658558026e-69
-5.478761797983756560e-69
-4.637671737022004400e-69
-3.925704371430874490e-69
-3.323037007739461421e-69
-2.812890098186590992e-69
-2.381060062240736969e-69
-2.015523828553710983e-69
-1.706104086952247192e-69
-1.444185930366278162e-69
-1.222476997399215009e-69
-1.034804437397566593e-69
-8.759430450927619735e-70
-7.414697797160652045e-70
-6.276406180883066132e-70
-5.312863130108059012e-70
-4.497241546481659441e-70
-3.806832781515455709e-70
-3.222414379267367656e-70
-2.727714882074584743e-70
-2.308960798388248860e-70
-1.954493119324512614e-70
-1.654442706932665978e-70
-1.400455516297033096e-70
-1.185460001067699493e-70
-1.003470226492624900e-70
-8.494192081978362959e-71
-7.190178365105308997e-71
-6.086354584765574862e-71
-5.151987927208163197e-71
-4.361063627238826983e-71
-3.691560661542875009e-71
-3.124838636321090109e-71
-2.645118798877935897e-71
-2.239044723414805781e-71
-1.895310439583356405e-71
-1.604345650101722742e-71
-1.358049273218872782e-71
-1.149563891280734514e-71
-9.730848255632916713e-72
-8.236985216077053530e-72
-6.972457453603258892e-72
-5.902057812052562224e-72
-4.995984077150423876e-72
-4.229009219152252746e-72
-3.579779018406342121e-72
-3.030217518227858025e-72
-2.565023751623224538e-72
-2.171245729659441758e-72
-1.837919830403521763e-72
-1.555765548250608353e-72
-1.316927104808579392e-72
-1.114754727233579387e-72
-9.436195043386283822e-73
-7.987566656729960242e-73
-6.761329201267596433e-73
-5.723341604842164587e-73
-4.844704073805056281e-73
-4.100953460979128022e-73
-3.471382159345679856e-73
-2.938461557997463455e-73
-2.487354008138477989e-73
-2.105499711222601423e-73
-1.782267027312414397e-73
-1.508656467495093726e-73
-1.277050128872603485e-73
-1.080999595859872529e-73
-9.150464025095303619e-74
-7.745700571512036433e-74
-6.556593980259786703e-74
-5.550036981817773969e-74
-4.698004877575717168e-74
-3.976775272314848897e-74
-3.366267592011447091e-74
-2.849483997729169634e-74
-2.412036129446013218e-74
-2.041744503351960865e-74
-1.728299408983265151e-74
-1.462973864843597047e-74
-1.238380640582707954e-74
-1.048266580711574342e-74
-8.873385033859280337e-75
-7.511158269079833898e-75
-6.358058207536976752e-75
-5.381980078470877506e-75
-4.555747780150994130e-75
-3.856357239108726060e-75
-3.264335927555191618e-75
-2.763200706579347526e-75
-2.338998900324205375e-75
-1.979919823663701395e-75
-1.675965947479986338e-75
-1.418674546080764262e-75
-1.200882076824865637e-75
-1.016524731780944806e-75
-8.604696083518868782e-76
-7.283717982936631591e-76
-6.165534161813042083e-76
-5.219011992163412142e-76
-4.417798273351326514e-76
-3.739585502645243626e-76
-3.165490786655019845e-76
-2.679530101213113081e-76
-2.268173261971219281e-76
-1.919967215144131704e-76
-1.625217160008648872e-76
-1.375716624925959208e-76
-1.164518981627997971e-76
-9.857440362363382164e-77
-8.344143120939796597e-77
-7.063164661747136687e-77
-5.978839806062203119e-77
-5.060978631880245939e-77
-4.284025921948450040e-77
-3.626349651887060884e-77
-3.069638708385866877e-77
-2.598393068665415695e-77
-2.199492246707737749e-77
-1.861829990876715433e-77
-1.576005062130368565e-77
-1.334059483428466456e-77
-1.129256972639220488e-77
-9.558953900443822452e-78
-8.091479785797626943e-78
-6.849289765999576939e-78
-5.797798615398842579e-78
-4.907730572531272793e-78
-4.154304240334712112e-78
-3.516542619078852976e-78
-2.976689061849253379e-78
-2.519712891537203377e-78
-2.132890914657488185e-78
-1.805453180442807320e-78
-1.528283122390487277e-78
-1.293663733562288462e-78
-1.095062708614248097e-78
-9.269505704511854370e-79
-7.846467177638432878e-79
-6.641891070825031607e-79
-5.622239410167594094e-79
-4.759122913666563246e-79
-4.028510572926956140e-79
-3.410060578511317430e-79
-2.886553960479690943e-79
-2.443415175456705078e-79
-2.068306292344513993e-79
-1.750783477945861709e-79
-1.482006218321615352e-79
-1.254491179983508778e-79
-1.061903857892482213e-79
-8.988822092968344963e-80
-7.608873629990775088e-80
-6.440772474789178339e-80
-5.451996194087584495e-80
-4.615015142468365228e-80
-3.906525978192850613e-80
-3.306802848350708981e-80
-2.799148178945130826e-80
-2.369427778737850471e-80
-2.005677313149770659e-80
-1.697769191609006201e-80
-1.437130593779308191e-80
-1.216504783915392482e-80
-1.029749067826394977e-80
-8.716637671381723758e-81
-7.378474491317776397e-81
-6.245743814472127425e-81
-5.286907997299149861e-81
-4.475271000891808229e-81
-3.788235116187878494e-81
-3.206671795441850429e-81
-2.714389072563725901e-81
-2.297680744167998490e-81
-1.944944759571240451e-81
-1.646360194898839729e-81
-1.393613817569230697e-81
-1.179668628127373566e-81
-9.985679351366129526e-82
-8.452695081549070768e-82
-7.155051912603931397e-82
-6.056620684662920693e-82
-5.126818724161689350e-82
-4.339758356829802351e-82
-3.673526139497782691e-82
-3.109572742992870909e-82
-2.632196499161393531e-82
-2.228106232861193434e-82
-1.886051207231889367e-82
-1.596507879129644295e-82
-1.351414743327130219e-82
-1.143947882974166489e-82
-9.683309771649204392e-83
-8.196744758155834316e-83
-6.938394641371914645e-83
-5.873224264000181886e-83
-4.971577005660328094e-83
-4.208349079177907950e-83
-3.562290587484276353e-83
-3.015413881055317632e-83
-2.552492743294830312e-83
-2.160638460114942324e-83
-1.828940970583114097e-83
-1.548165107502323021e-83
-1.310493470614004463e-83
-1.109308773463240332e-83
-9.390096039974639336e-84
-7.948544692806106816e-84
-6.728297821936713907e-84
-5.695381145890804903e-84
-4.821036056283039676e-84
-4.080918916682349136e-84
-3.454423283732043870e-84
-2.924106179715744373e-84
-2.475202442769110713e-84
-2.095213633208677699e-84
-1.773560050252778580e-84
-1.501286170535070549e-84
-1.270811307188962939e-84
-1.075718547319789137e-84
-9.105760914320893202e-85
-7.707860205195957246e-85
-6.524562801709872482e-85
-5.522923174548564144e-85
-4.675053535230257894e-85
-3.957347380457597490e-85
-3.349822236601131533e-85
-2.835563304915087375e-85
-2.400252517381008320e-85
-2.031769891085733536e-85
-1.719856081987083413e-85
-1.455826742844012050e-85
-1.232330732424495401e-85
-1.043145444018410571e-85
-8.830035547644729285e-86
-7.474463721215818833e-86
-6.326996943367145051e-86
-5.355687285998962220e-86
-4.533491411827176393e-86
-3.837517630060289615e-86
-3.248388542791513712e-86
-2.749701536817095155e-86
-2.327572099819329090e-86
-1.970247245862296635e-86
-1.667778287138514465e-86
-1.411743841232137158e-86
-1.195015361829858037e-86
-1.011558664752529112e-86
-8.562659233677754130e-87
-7.248134557773950634e-87
-6.135413442703820245e-87
-5.193515353897040247e-87
-4.396215835012570515e-87
-3.721316363012907246e-87
-3.150026293826862374e-87
-2.666439690649300248e-87
-2.257092468657636637e-87
-1.910587526106948438e-87
-1.617277424653470071e-87
-1.368995784047332652e-87
-1.158829912648375652e-87
-9.809283433134181057e-88
-8.303379160420425143e-88
-7.028658714133526644e-88
-5.949631152007080158e-88
-5.036254040013932457e-88
-4.263097006778358095e-88
-3.608633707673689443e-88
-3.054642485370066316e-88
-2.585699039940229972e-88
-2.188746983376569445e-88
-1.852734321837744005e-88
-1.568305744513270805e-88
-1.327542151771426858e-88
-1.123740170496485567e-88
-9.512255178507467438e-89
-8.051950171102524395e-89
-6.815828669568204734e-89
-5.769474408775048051e-89
-4.883754649252066303e-89
-4.134009059441483989e-89
-3.499363119349485313e-89
-2.962146929285496129e-89
-2.507403242081046507e-89
-2.122471021353102281e-89
-1.796632931185283370e-89
-1.520816942585012928e-89
-1.287343748802243959e-89
-1.089712957013252108e-89
-9.224221034882380139e-90
-7.808134532379597029e-90
-6.609443187146524871e-90
-5.594772869622360233e-90
-4.735872989049191587e-90
-4.008829936633151917e-90
-3.393401279554393830e-90
-2.872452168363247056e-90
-2.431478266141860146e-90
-2.058201916757821071e-90
-1.742230308670344850e-90
-1.474766116839952433e-90
-1.248362566392927727e-90
-1.056716098489169131e-90
-8.944908657687748708e-91
-7.571701709548585815e-91
-6.409307123455959710e-91
-5.425361349216597102e-91
-4.592469233039777547e-91
-3.887441277890623508e-91
-3.290647998319765461e-91
-2.785473393625587996e-91
-2.357852322873122854e-91
-1.995878901302944120e-91
-1.689475015047715995e-91
-1.430109724897200223e-91
-1.210561746713800660e-91
-1.024718395444902338e-91
-8.674053949033515132e-92
-7.342428148571993116e-92
-6.215231244088678459e-92
-5.261079664090271003e-92
-4.453407788845981195e-92
-3.769728306743677589e-92
-3.191006119461392093e-92
-2.701128364138132846e-92
-2.286455796826630811e-92
-1.935443046783968194e-92
-1.638317168669208203e-92
-1.386805542853031476e-92
-1.173905548002109540e-92
-9.936895931314684481e-93
-8.411400807997859228e-93
-7.120097064700399929e-93
-6.027032044716078449e-93
-5.101772481182319450e-93
-4.318557169870718131e-93
-3.655579722190825043e-93
-3.094381428715271142e-93
-2.619337329248409914e-93
-2.217221180532526353e-93
-1.876837209361194373e-93
-1.588708398318965482e-93
-1.344812625357217306e-93
-1.138359310767063086e-93
-9.636003529234033826e-94
-8.156700888477914906e-94
-6.904498237495653950e-94
-5.844531577579581976e-94
-4.947289170967132267e-94
-4.187789870972954344e-94
-3.544887593460661997e-94
-3.000682564655862337e-94
-2.540022953179109992e-94
-2.150083010668824898e-94
-1.820005975528916938e-94
-1.540601797476956983e-94
-1.304091266897887236e-94
-1.103889425018488949e-94
-9.344222245781676267e-95
-7.909713364370595847e-95
-6.695427812062636942e-95
-5.667557283235424552e-95
-4.797483665029530820e-95
-4.060982247908665633e-95
-3.437547257959922481e-95
-2.909820932310943684e-95
-2.463110241905335379e-95
-2.084977806163786067e-95
-1.764895609720186554e-95
-1.493951879967787230e-95
-1.264602964258720227e-95
-1.070463298487515329e-95
-9.061276193357910907e-96
-7.670204701863934173e-96
-6.492688106297941597e-96
-5.495941827395752671e-96
-4.652214317952474620e-96
-3.938014400421259291e-96
-3.333457222312602289e-96
-2.821710619392273126e-96
-2.388526472245356994e-96
-2.021844008173104954e-96
-1.711454003498138938e-96
-1.448714536952065330e-96
-1.226310380113268451e-96
-1.038049325809553999e-96
-8.786897838328185921e-97
-7.437948438625509515e-97
-6.296087423975229871e-97
-5.329522942708706827e-97
-4.511343773388081741e-97
-3.818770058872111472e-97
-3.232519066394727326e-97
-2.736268315063554423e-97
-2.316201123098553639e-97
-1.960621921874060061e-97
-1.659630626286273460e-97
-1.404846995220108310e-97
-1.189177307721324618e-97
-1.006616858640704469e-97
-8.520827748061630648e-98
-7.212724969675083667e-98
-6.105439873492051315e-98
-5.168143275329532800e-98
-4.374738834182812037e-98
-3.703136474304951374e-98
-3.134637350275031634e-98
-2.653413231167377923e-98
-2.246065808766097523e-98
-1.901253660022176028e-98
-1.609376477590179892e-98
-1.362307776748890401e-98
-1.153168636694309415e-98
-9.761361766787661913e-99
-8.262814345631555504e-99
-6.994321339741175590e-99
-5.920565192103397844e-99
-5.011650236138918457e-99
-4.242270336435365210e-99
-3.591004311838128098e-99
-3.039719523974313266e-99
-2.573067025837477652e-99
-2.178054214290090735e-99
-1.843683088217512277e-99
-1.560644040666028790e-99
-1.321056659483250202e-99
-1.118250319797593118e-99
-9.465784595617563329e-100
-8.012613671941434423e-100
-6.782531041906974693e-100
-5.741288575477604369e-100
-4.859895856465104955e-100
-4.113813027369252543e-100
-3.482267547285036670e-100
-2.947675839956473752e-100
-2.495153729424698396e-100
-2.112102032750687141e-100
-1.787855771827790869e-100
-1.513387237592399778e-100
-1.281054639304668175e-100
-1.084389340757749368e-100
-9.179157596175982113e-101
-7.769989155053900718e-101
-6.577153822351453384e-101
-5.567440512414848118e-101
-4.712736648174849659e-101
-3.989245446902295863e-101
-3.376823366905819680e-101
-2.858419268269396904e-101
-2.419599672665268486e-101
-2.048146904462423001e-101
-1.733718924518739914e-101
-1.467561385702137435e-101
-1.242263893151981390e-101
-1.051553683044628637e-101
-8.901209754387038275e-102
-7.534711386506556449e-102
-6.377995491003080773e-102
-5.398856624568897802e-102
-4.570033468002112178e-102
-3.868449812802299835e-102
-3.274572070193694942e-102
-2.771865414256135396e-102
-2.346333417024192290e-102
-1.986128358011145641e-102
-1.681221358343405568e-102
-1.423123155333480602e-102
-1.204647743258469571e-102
-1.019712299598995422e-102
-8.631678262567405731e-103
-7.306557904398945328e-103
-6.184867737928651670e-103
-5.235377511022205576e-103
-4.431651385983648755e-103
-3.751311909321248504e-103
-3.175416975604983318e-103
-2.687932438757068630e-103
-2.275285687148475307e-103
-1.925987753076385833e-103
-1.630313435342312290e-103
-1.380030528860877209e-103
-1.168170622471872716e-103
-9.888350834765425198e-104
-8.370308270935622410e-104
-7.085312983047825646e-104
-5.997587955280242205e-104
-5.076848597568695189e-104
-4.297459557878484853e-104
-3.637720979200669440e-104
-3.079264329144498339e-104
-2.606540980728399205e-104
-2.206389305365069173e-104
-1.867668224985592192e-104
-1.580947020609210510e-104
-1.338242760965974498e-104
-1.132798040624834263e-104
-9.588928393808267907e-105
-8.116852646643484819e-105
-6.870767429013592655e-105
-5.815979064633730796e-105
-4.923119990558907710e-105
-4.167331101451688841e-105
-3.527569618947161356e-105
-2.986023215718147837e-105
-2.527614082204468062e-105
-2.139579128162264626e-105
-1.811114630946767183e-105
-1.533075436778418380e-105
-1.297720340111639442e-105
-1.098496551923345357e-105
-9.298572560584477322e-106
-7.871071740104156665e-106
-6.662718383301197717e-106
-5.639869349557093641e-106
-4.774046335170840258e-106
-4.041142976503165591e-106
-3.420753677279924775e-106
-2.895605473169849352e-106
-2.451077115531540203e-106
-2.074791984595009633e-106
-1.756273497909220735e-106
-1.486653419889883783e-106
-1.258424951182895191e-106
-1.065233723322694006e-106
-9.017008795298537616e-107
-7.632733158398000145e-107
-6.460969129550583828e-107
-5.469092293247039376e-107
-4.629486677973630576e-107
-3.918775868529274756e-107
-3.317172156652406398e-107
-2.807925608922193894e-107
-2.376857712805009156e-107
-2.011966616554762879e-107
-1.703092972003576201e-107
-1.441637076590683045e-107
-1.220319439258755278e-107
-1.032978103861278506e-107
-8.743970871307393249e-108
-7.401611545537637210e-108
-6.265328908036864752e-108
-5.303486421082122787e-108
-4.489304333651587334e-108
-3.800114075908232593e-108
-3.216727117755933189e-108
-2.722900719140481720e-108
-2.304885697443884671e-108
-1.951043620848024039e-108
-1.651522769512280457e-108
-1.397983842632852688e-108
-1.183367774481077144e-108
-1.001699194922718880e-108
-8.479200623397063427e-109
-7.177488369386785412e-109
-6.075612735300903899e-109
-5.142895147944794464e-109
-4.353366755763920462e-109
-3.685045400500535187e-109
-3.119323586915857355e-109
-2.640450410344537216e-109
-2.235093017836594887e-109
-1.891965393029253168e-109
-1.601514129324765788e-109
-1.355652442627530471e-109
-1.147535017987504526e-109
-9.713674213984538190e-110
-8.222447703679190694e-110
-6.960151715033097927e-110
-5.891641229241638307e-110
-4.987166630165167108e-110
-4.221545411419041924e-110
-3.573461041562081231e-110
-3.024869466290909334e-110
-2.560496723394831807e-110
-2.167413682996043693e-110
-1.834676072934026966e-110
-1.553019766832703836e-110
-1.314602851017778732e-110
-1.112787288875658794e-110
-9.419541037237999844e-111
-7.973469344879221245e-111
-6.749396084415861284e-111
-5.713240439506187063e-111
-4.836153621948052258e-111
-4.093715659742616862e-111
-3.465255492870583459e-111
-2.933275446791794284e-111
-2.482964059779627998e-111
-2.101783700163621305e-111
-1.779121491861496497e-111
-1.505993829220896385e-111
-1.274796254233501222e-111
-1.079091732167678011e-111
-9.134314307605053593e-112
-7.732030130794393927e-112
-6.545022202021100282e-112
-5.540241683014239286e-112
-4.689713336148683155e-112
-3.969756634025690797e-112
-3.360326442965961539e-112
-2.844454923637476588e-112
-2.407779110134205385e-112
-2.038141014301951554e-112
-1.725249121356687108e-112
-1.460391852111996923e-112
-1.236195013991938296e-112
-1.046416487745112527e-112
-8.857724335004441852e-113
-7.497901773699986223e-113
-6.346836826462198494e-113
-5.372481384462891026e-113
-4.547707309262776318e-113
-3.849551127442553935e-113
-3.258574678412119203e-113
-2.758323914467116574e-113
-2.334870784925244007e-113
-1.976425449420185006e-113
-1.673008023542873755e-113
-1.416170717524462520e-113
-1.198762631709662875e-113
-1.014730660223988100e-113
-8.589509595658255716e-114
-7.270862898497144868e-114
-6.154652567762915980e-114
-5.209800921662598384e-114
-4.410001270505583099e-114
-3.732985482227294790e-114
-3.159903989987501426e-114
-2.674800979933302973e-114
-2.264170147233004164e-114
-1.916578651675701483e-114
-1.622348802958944578e-114
-1.373288613102884382e-114
-1.162463713992012786e-114
-9.840042897426898337e-115
-8.329416484811399146e-115
-7.050698833395734555e-115
-5.968287710176950006e-115
-5.052046475553941412e-115
-4.276465014854610006e-115
-3.619949482208427389e-115
-3.064221081716617039e-115
-2.593807146697763417e-115
-2.195610347570283427e-115
-1.858544034198938786e-115
-1.573223559853937912e-115
-1.331704992583688233e-115
-1.127263939167661550e-115
-9.542083236336664388e-116
-8.077199076943920480e-116
-6.837201406936235423e-116
-5.787566040368137932e-116
-4.899068884769070172e-116
-4.146972279937180443e-116
-3.510336248594920141e-116
-2.971435482656619141e-116
-2.515265832760301631e-116
-2.129126560673447695e-116
-1.802266723589246592e-116
-1.525585844896752140e-116
-1.291380537456956518e-116
-1.093130024836712193e-116
-9.253145889534822985e-117
-7.832618893238229718e-117
-6.630168751158983301e-117
-5.612316680796798368e-117
-4.750723504593420035e-117
-4.021400626646545344e-117
-3.404042138919898880e-117
-2.881459461353360640e-117
-2.439102775048726431e-117
-2.064655924208690249e-117
-1.747693508029863214e-117
-1.479390615257218998e-117
-1.252277119789893790e-117
-1.060029696400839642e-117
-8.972957658446396656e-118
-7.595444676092006976e-118
-6.429405110729837926e-118
-5.442373928151019711e-118
-4.606870070200893952e-118
-3.899631323370744829e-118
-3.300966649044274082e-118
-2.794207942889334221e-118
-2.365245959200108051e-118
-2.002137479334224528e-118
-1.694772786974948526e-118
-1.434594192016281939e-118
-1.214357766175976002e-118
-1.027931656546933676e-118
-8.701253617035478526e-119
-7.365452170458746205e-119
-6.234720657849119240e-119
-5.277577096667465732e-119
-4.467372564030190950e-119
-3.781549233729210044e-119
-3.201012318126002739e-119
-2.709598428443350294e-119
-2.293625551469580868e-119
-1.941512113061230680e-119
-1.643454522360060055e-119
-1.391154218866597464e-119
-1.177586622775097052e-119
-9.968055556547581650e-120
-8.437776861311706913e-120
-7.142423911805515299e-120
-6.045931312764985598e-120
-5.117770366199383064e-120
-4.332099087174687544e-120
-3.667042707708614611e-120
-3.104084636468677187e-120
-2.627550917284560287e-120
-2.224173832700907580e-120
-1.882722502361196437e-120
-1.593690191289139333e-120
-1.349029622063657822e-120
-1.141928921412956655e-120
-9.666219631001546805e-121
-8.182278266421549265e-121
-6.926149020495364732e-121
-5.862858569718576054e-121
-4.962802634885004379e-121
-4.200921734669063379e-121
-3.556003476093274211e-121
-3.010091956160397594e-121
-2.547987831129967667e-121
-2.156825134295271211e-121
-1.825713059965657073e-121
-1.545432740155021345e-121
-1.308180571588899982e-121
-1.107350946706940648e-121
-9.373523394277277573e-122
-7.934516251090655004e-122
-6.716423002395699595e-122
-5.685329328162799832e-122
-4.812527376274625882e-122
-4.073716474552169614e-122
-3.448326548094166226e-122
-2.918945404416958003e-122
-2.470833940792350629e-122
-2.091515776120142590e-122
-1.770429881806176800e-122
-1.498636540149150256e-122
-1.268568443489530654e-122
-1.073820004186860126e-122
-9.089690093661225458e-123
-7.694256549203336111e-123
-6.513047555520789543e-123
-5.513175729091731616e-123
-4.666802500786549557e-123
-3.950363030589779501e-123
-3.343910112077686598e-123
-2.830558799550633167e-123
-2.396016295048016849e-123
-2.028184006298225591e-123
-1.716820696046845236e-123
-1.453257344117693418e-123
-1.230155783358674567e-123
-1.041304389381595521e-123
-8.814451356599340844e-124
-7.461271988298481382e-124
-6.315830382532800637e-124
-5.346234996323114136e-124
-4.525490221358069763e-124
-3.830744768550713640e-124
-3.242655439298627315e-124
-2.744848569483381733e-124
-2.323464151659783532e-124
-1.966769942818555453e-124
-1.664834813660033695e-124
-1.409252244724862702e-124
-1.192906270920716745e-124
-1.009773357841779502e-124
-8.547546936944805427e-125
-7.235342274768797653e-125
-6.124585008920155143e-125
-5.184349282589831309e-125
-4.388456923162224553e-125
-3.714748585926446658e-125
-3.144466790549928220e-125
-2.661733672726057679e-125
-2.253108910488539522e-125
-1.907215516916715147e-125
-1.614423080497866339e-125
-1.366579633883026611e-125
-1.156784685689666371e-125
-9.791970960696727203e-126
-8.288724468889213290e-126
-7.016253785568246731e-126
-5.939130606678334654e-126
-5.027365520291621335e-126
-4.255573037271970153e-126
-3.602264804988103248e-126
-3.049251325639023511e-126
-2.581135521751863443e-126
-2.184884048629035298e-126
-1.849464418169458809e-126
-1.565537830815870010e-126
-1.325199163410578134e-126
-1.121756873667363624e-126
-9.495466933298347804e-127
-8.037739228340479494e-127
-6.803799366226472256e-127
-5.759291823332942522e-127
-4.875135276763463888e-127
-4.126712918149740118e-127
-3.493187069083704805e-127
-2.956919015603675191e-127
-2.502977908690008446e-127
-2.118725057510980114e-127
-1.793462041250927916e-127
-1.518132842203898394e-127
-1.285071706881821819e-127
-1.087789715049491433e-127
-9.207941143133456963e-128
-7.794353901530713330e-128
-6.597778134975855299e-128
-5.584898616139835678e-128
-4.727514613929161370e-128
-4.001754724844493640e-128
-3.387412242075467624e-128
-2.867382557587570398e-128
-2.427186933268078810e-128
-2.054569381904684167e-128
-1.739155434302087013e-128
-1.472163291880971463e-128
-1.246159322632025611e-128
-1.054851092910056209e-128
-8.929121726292877401e-129
-7.558338360630508756e-129
-6.397995292813287986e-129
-5.415786091302826958e-129
-4.584363952204526724e-129
-3.880580305788366193e-129
-3.284840310820407358e-129
-2.780557292293426867e-129
-2.353690932937670765e-129
-1.992356360772553852e-129
-1.686493248863506074e-129
-1.427585714314329226e-129
-1.208425217882038583e-129
-1.022909862834084741e-129
-8.658745050994010658e-130
-7.329469446153755592e-130
-6.204261939313167592e-130
-5.251794348062896925e-130
-4.445547938519227914e-130
-3.763075087081598070e-130
-3.185374290605668807e-130
-2.696361123934204544e-130
-2.282420415115777144e-130
-1.932027169912717882e-130
-1.635425691323310837e-130
-1.384357960121754886e-130
-1.171833713949892849e-130
-9.919358234693172952e-131
-8.396555468310834749e-131
-7.107530755955338474e-131
-6.016394894014393897e-131
-5.092768327508290513e-131
-4.310935318337424067e-131
-3.649127964158269221e-131
-3.088920133447208091e-131
-2.614714442609689023e-131
-2.213307991476733897e-131
-1.873524766339370610e-131
-1.585904475836205223e-131
-1.342439156217626957e-131
-1.136350212515776106e-131
-9.618996879701516457e-132
-8.142305070447483423e-132
-6.892312440617847758e-132
-5.834216523219123191e-132
-4.938557665960032015e-132
-4.180398811553533951e-132
-3.538631196734441514e-132
-2.995386639163621563e-132
-2.535540049033473495e-132
-2.146288314235046477e-132
-1.816793834346319320e-132
-1.537882778668075655e-132
-1.301789667166498426e-132
-1.101941162907917804e-132
-9.327730563062458354e-133
-7.895753456335858134e-133
-6.683611005030458663e-133
-5.657554572035966445e-133
-4.789016552799693419e-133
-4.053814992143740557e-133
-3.431480306937199817e-133
-2.904685369144319702e-133
-2.458763081537906965e-133
-2.081298014357529812e-133
-1.761780733204738434e-133
-1.491315193922254282e-133
-1.262371057706866414e-133
-1.068574030379677004e-133
-9.045283884091388298e-134
-7.656667504330805598e-134
-6.481229115979730927e-134
-5.486242001506001155e-134
-4.644003592602046083e-134
-3.931064171463914023e-134
-3.327573980516593091e-134
-2.816730562728759063e-134
-2.384310945290704297e-134
-2.018275641645322621e-134
-1.708433446444611142e-134
-1.446157690607223748e-134
-1.224146056409076103e-134
-1.036217265347178019e-134
-8.771389781324977804e-135
-7.424821151784153967e-135
-6.284975415566448584e-135
-5.320116830663690041e-135
-4.503381671439958136e-135
-3.812030285081200531e-135
-3.226813971050732258e-135
-2.731439056116259607e-135
-2.312113243654838444e-135
-1.957161606631343137e-135
-1.656701532671047770e-135
-1.402367571004285802e-135
-1.187078520434346146e-135
-1.004840273557901444e-135
-8.505789280008327185e-136
-7.199995181297406605e-136
-6.094664340268970107e-136
-5.159021983380096164e-136
-4.367017827240097832e-136
-3.696600783030399971e-136
-3.129105007051508515e-136
-2.648730203732767726e-136
-2.242101711625665922e-136
-1.897898124237055885e-136
-1.606536077870813472e-136
-1.359903430295139605e-136
-1.151133401360871004e-136
-9.744133871631311827e-137
-8.248231247223842503e-137
-6.981977013446567901e-137
-5.910115945488756490e-137
-5.002805139841034665e-137
-4.234783124064188532e-137
-3.584666523395449912e-137
-3.034354701881536392e-137
-2.568525801978578972e-137
-2.174210151284833894e-137
-1.840429159134339208e-137
-1.557889649162988285e-137
-1.318725117412695115e-137
-1.116276712044117887e-137
-9.449078366663102736e-138
-7.998472154439417563e-138
-6.770560505779681602e-138
-5.731155735408545113e-138
-4.851318592525269249e-138
-4.106552530194851026e-138
-3.476121669113187204e-138
-2.942473466400515368e-138
-2.490750015283667349e-138
-2.108374369208602081e-138
-1.784700372762823951e-138
-1.510716249949254419e-138
-1.278793697077300724e-138
-1.082475494481218544e-138
-9.162957237203170490e-139
-7.756275847246526952e-139
-6.565545757904524321e-139
-5.557614497999487168e-139
-4.704419106543600920e-139
-3.982204799915313234e-139
-3.370863587900124950e-139
-2.853374424256607916e-139
-2.415329304403450453e-139
-2.044532115770357107e-139
-1.730659071951515855e-139
-1.464971276423080898e-139
-1.240071412981861025e-139
-1.049697788648406839e-139
-8.885499947489498268e-140
-7.521413322066656681e-140
-6.366738922478107074e-140
-5.389328145027374774e-140
-4.561967784204478284e-140
-3.861622358868746643e-140
-3.268792755211316965e-140
-2.766973329741323330e-140
-2.342192356885716880e-140
-1.982623026282196549e-140
-1.678254159095266750e-140
-1.420611475395781314e-140
-1.202521652092398334e-140
-1.017912602281522909e-140
-8.616444153671408967e-141
-7.293662509623283029e-141
-6.173952021916155630e-141
-5.226137556903382301e-141
-4.423829933683111183e-141
-3.744691192886952906e-141
-3.169812660137579011e-141
-2.683188488133312514e-141
-2.271270019641811856e-141
-1.922588563918703360e-141
-1.627436083840841863e-141
-1.377594903398874064e-141
-1.166108910029575707e-141
-9.870898815721303389e-142
-8.355535455752805960e-142
-7.072808064970184796e-142
-5.987002770656094513e-142
-5.067888432230048356e-142
-4.289874941667199213e-142
-3.631300740187405151e-142
-3.073829714150514449e-142
-2.601940678454101555e-142
-2.202495233560841067e-142
-1.864371964368007303e-142
-1.578156796235903170e-142
-1.335880887025587288e-142
-1.130798757497865632e-142
-9.572004827509384767e-143
-8.102527157051274799e-143
-6.858641163874065821e-143
-5.805714402801778799e-143
-4.914431141905837513e-143
-4.159976149856761284e-143
-3.521343786834500202e-143
-2.980753162612457875e-143
-2.523153078561441962e-143
-2.135802970103712006e-143
-1.807918182159852692e-143
-1.530369701295833392e-143
-1.295429984473206492e-143
-1.096557807731880470e-143
-9.282161445311876940e-144
-7.857180030940603684e-144
-6.650959305366564435e-144
-5.629915504984183216e-144
-4.765620587647333999e-144
-4.034010735205861266e-144
-3.414716365364440558e-144
-2.890494998965845428e-144
-2.446751192512256011e-144
-2.071130169816019903e-144
-1.753173838618821580e-144
-1.484029614947131161e-144
-1.256203948249249036e-144
-1.063353684928403881e-144
-9.001094613869687578e-145
-7.619262094652318468e-145
-6.449566120274844949e-145
-5.459439854286213873e-145
-4.621316064792931978e-145
-3.911859593790551662e-145
-3.311317656481660566e-145
-2.802969881519447692e-145
-2.372662780124977465e-145
-2.008415682703912834e-145
-1.700087171392632645e-145
-1.439092721304813612e-145
-1.218165689007603333e-145
-1.031154993633758419e-145
-8.728538576406575489e-146
-7.388548389930762750e-146
-6.254271185546598743e-146
-5.294126261075050456e-146
-4.481381129263421041e-146
-3.793407228191291926e-146
-3.211049893731827597e-146
-2.718095052755888525e-146
-2.300817788673536450e-146
-1.947600210415346672e-146
-1.648607985509674362e-146
-1.395516531242722333e-146
-1.181279240479683970e-146
-9.999312890586984963e-147
-8.464235623345343173e-147
-7.164820770329812697e-147
-6.064889844200761935e-147
-5.133818416590824413e-147
-4.345683468550919729e-147
-3.678541638287538832e-147
-3.113818271059699967e-147
-2.635790261082474470e-147
-2.231148286650932674e-147
-1.888626250171091310e-147
-1.598687605918487605e-147
-1.353259842219102020e-147
-1.145509725466868884e-147
-9.696530482921506823e-148
-8.207935848637660390e-148
-6.947867694946576509e-148
-5.881243030730041325e-148
-4.978364745153174389e-148
-4.214094776612040943e-148
-3.567154215359019832e-148
-3.019530853167870697e-148
-2.555977684950063563e-148
-2.163588399538407500e-148
-1.831438040394559565e-148
-1.550278831463531704e-148
-1.312282699318630931e-148
-1.110823322863324784e-148
-9.402916423861061942e-149
-7.959396913472046421e-149
-6.737484028404719434e-149
-5.703157101787206779e-149
-4.827618260842899167e-149
-4.086490632551645957e-149
-3.459139639391784446e-149
-2.928098488589798918e-149
-2.478581859271046193e-149
-2.098074247518420152e-149
-1.775981507987935682e-149
-1.503335890255433350e-149
-1.272546357473434194e-149
-1.077187235677360321e-149
-9.118193092863069593e-150
-7.718383817132707522e-150
-6.533470846894172555e-150
-5.530463672001415468e-150
-4.681436428520814382e-150
-3.962750382979980387e-150
-3.354395779495771277e-150
-2.839434725393484402e-150
-2.403529604065338032e-150
-2.034543885074843537e-150
-1.722204217203870175e-150
-1.457814396392594206e-150
-1.234013244828749055e-150
-1.044569660020542775e-150
-8.842091275825745587e-151
-7.484668674801085612e-151
-6.335635250080609337e-151
-5.362999454765909883e-151
-4.539681029057584403e-151
-3.842757027930007529e-151
-3.252823597337661130e-151
-2.753455729439223017e-151
-2.330749955265745987e-151
-1.972937242422033079e-151
-1.670055320066302391e-151
-1.413671307992523754e-151
-1.196646927217859365e-151
-1.012939755036407417e-151
-8.574349910535267635e-152
-7.258030502085438837e-152
-6.143790178713855236e-152
-5.200606107843915678e-152
-4.402218028644297665e-152
-3.726397110231312965e-152
-3.154327053496120842e-152
-2.670080205112474299e-152
-2.260174097619849094e-152
-1.913196068706409546e-152
-1.619485508292512688e-152
-1.370864886494772850e-152
-1.160412073712115130e-152
-9.822676137397071594e-153
-8.314715839825590459e-153
-7.038255006071142182e-153
-5.957754237758987959e-153
-5.043130083652497991e-153
-4.268917452058074806e-153
-3.613560608233695687e-153
-3.058813016654377431e-153
-2.589229318455558381e-153
-2.191735299623568488e-153
-1.855263876928969923e-153
-1.570446966670141885e-153
-1.329354657196149173e-153
-1.125274423214746091e-153
-9.525242347381451968e-154
-8.062943572212421274e-154
-6.825134382701930121e-154
-5.777351524879985614e-154
-4.890422484079736349e-154
-4.139653259767579542e-154
-3.504140831777246493e-154
-2.966191175542378371e-154
-2.510826622628383078e-154
-2.125368850423829194e-154
-1.799085890535510548e-154
-1.522893327846836534e-154
-1.289101370980246488e-154
-1.091200752066193687e-154
-9.236814948109094053e-155
-7.818795049771090485e-155
-6.618467120296301756e-155
-5.602411464120123864e-155
-4.742338919695531982e-155
-4.014303228759689228e-155
-3.398034321314398880e-155
-2.876373953543828522e-155
-2.434797985626168862e-155
-2.061011998632992842e-155
-1.744608991623173777e-155
-1.476779628488831114e-155
-1.250066967206522195e-155
-1.058158842629795816e-155
-8.957121223175084413e-156
-7.582039423047429562e-156
-6.418057809010066881e-156
-5.432768644618413608e-156
-4.598739373228151050e-156
-3.892748836972694494e-156
-3.295140750086515676e-156
-2.789276425890533061e-156
-2.361071520184634992e-156
-1.998603892995956144e-156
-1.691781670716281113e-156
-1.432062266766296831e-156
-1.212214537723074706e-156
-1.026117452829287204e-156
-8.685896714113314045e-157
-7.352452832784213811e-157
-6.223716956071946244e-157
-5.268262664206942546e-157
-4.459488067174629842e-157
-3.774875151231020769e-157
-3.195362829260872939e-157
-2.704816239364045075e-157
-2.289577515808977547e-157
-1.938085524852823858e-157
-1.640553978062918333e-157
-1.388698961126831412e-157
-1.175508291968488812e-157
-9.950462866086871796e-158
-8.422884970345057301e-158
-7.129818198253183940e-158
-6.035260806613730223e-158
-5.108737977747013394e-158
-4.324453335417642895e-158
-3.660570718573226248e-158
-3.098606215941880715e-158
-2.622913534427360648e-158
-2.220248372860967577e-158
-1.879399672344895417e-158
-1.590877476405422368e-158
-1.346648710317263584e-158
-1.139913523131056557e-158
-9.649159652861502935e-159
-8.167837306698968586e-159
-6.913925012000320085e-159
-5.852511169922611656e-159
-4.954043750057584672e-159
-4.193507498732230611e-159
-3.549727460868717544e-159
-3.004779423967675149e-159
-2.543490869715934909e-159
-2.153018538640754448e-159
-1.822490846310060737e-159
-1.542705195181865967e-159
-1.305871754615306680e-159
-1.105396575332676626e-159
-9.356979997757640297e-160
-7.920512568269162267e-160
-6.704569140806140742e-160
-5.675295250957856965e-160
-4.804033713294499226e-160
-4.066526744062112549e-160
-3.442240572627444752e-160
-2.913793737406244654e-160
-2.466473148815060313e-160
-2.087824445405316820e-160
-1.767305237815549061e-160
-1.495991586114294617e-160
-1.266329538235849874e-160
-1.071924811805857530e-160
-9.073647636504520855e-161
-7.680676902397844325e-161
-6.501552632669471665e-161
-5.503445486969063290e-161
-4.658566028650950005e-161
-3.943391007449423609e-161
-3.338008421903861360e-161
-2.825563126672523351e-161
-2.391787549253165087e-161
-2.024604450263675353e-161
-1.713790667280376895e-161
-1.450692480140984994e-161
-1.227984672875560422e-161
-1.039466584034921322e-161
-8.798894670200680191e-162
-7.448103537562161467e-162
-6.304683529639383092e-162
-5.336799389058792210e-162
-4.517503152245575950e-162
-3.823983860511549285e-162
-3.236932454199808458e-162
-2.740004167185410526e-162
-2.319363453646532806e-162
-1.963298776891043529e-162
-1.661896535138331731e-162
-1.406765045653603319e-162
-1.190800902360730684e-162
-1.007991201831591939e-162
-8.532461312009530050e-163
-7.222572568952532096e-163
-6.113775686314457213e-163
-5.175199388545661603e-163
-4.380711705069149179e-163
-3.708192400355366428e-163
-3.138917099279017444e-163
-2.657035960486446323e-163
-2.249132382928913877e-163
-1.903849459008967794e-163
-1.611573773994034914e-163
-1.364167747998921242e-163
-1.154743068366249611e-163
-9.774689043161803937e-164
-8.274095641524831990e-164
-7.003870750547719643e-164
-5.928648593834777953e-164
-5.018492687979481483e-164
-4.248062346871725385e-164
-3.595907142822984470e-164
-3.043869680803221762e-164
-2.576580057748505238e-164
-2.181027931601795535e-164
-1.846200285576860992e-164
-1.562774802228616004e-164
-1.322860310206117386e-164
-1.119777077172585723e-164
-9.478708317780027839e-165
-8.023553366569752313e-165
-6.791791293485728572e-165
-5.749127209206745507e-165
-4.866531116665072927e-165
-4.119429653868418860e-165
-3.487021918972018240e-165
-2.951700328702925063e-165
-2.498560385600597389e-165
-2.114985704946511358e-165
-1.790296747642182161e-165
-1.515453479010181932e-165
-1.282803674903996648e-165
-1.085869867428794592e-165
-9.191689983878512309e-166
-7.780597592213116697e-166
-6.586133670536566984e-166
-5.575041789795838992e-166
-4.719170990563548619e-166
-3.994692000146131751e-166
-3.381433774690370231e-166
-2.862321894203230657e-166
-2.422903174197412269e-166
-2.050943258137530906e-166
-1.736085986801000229e-166
-1.469565060665790236e-166
-1.243959967391334391e-166
-1.052989378892268659e-166
-8.913362657362579032e-167
-7.544998596779720074e-167
-6.386703426499238586e-167
-5.406227732828076550e-167
-4.576272976435696579e-167
-3.873731442663519367e-167
-3.279042873348947077e-167
-2.775649867422639785e-167
-2.349536887468276179e-167
-1.988840037198346175e-167
-1.683516745219137351e-167
-1.425066158375300798e-167
-1.206292459824811228e-167
-1.021104522115028672e-167
-8.643463171735193182e-168
-7.316533614639181313e-168
-6.193311994339816556e-168
-5.242525419754398256e-168
-4.437701960096761531e-168
-3.756433609733094313e-168
-3.179752401403885276e-168
-2.691602297465535191e-168
-2.278392155478122434e-168
-1.928617321746328919e-168
-1.632539317165810742e-168
-1.381914697146234584e-168
-1.169765536492012977e-168
-9.901851490473913626e-169
-8.381736329266896824e-169
-7.094986625576032242e-169
-6.005776516893664357e-169
-5.083780065327597260e-169
-4.303326918662941307e-169
-3.642687592878156649e-169
-3.083468476857082153e-169
-2.610099714935768090e-169
-2.209401708835412743e-169
-1.870218169471235053e-169
-1.583105502015748020e-169
-1.340069876030162403e-169
-1.134344660135941912e-169
-9.602020245323111228e-170
-8.127934659696014757e-170
-6.880148150537558033e-170
-5.823919673969889319e-170
-4.929841571246602403e-170
-4.173020796666199015e-170
-3.532385841966341987e-170
-2.990100060486966737e-170
-2.531065056796489305e-170
-2.142500315087411378e-170
-1.813587362293944978e-170
-1.535168558674368391e-170
-1.299492129544492701e-170
-1.099996339298641169e-170
-9.311267986628573841e-171
-7.881818186239960778e-171
-6.671815053562865360e-171
-5.647569514690952937e-171
-4.780564384235154982e-171
-4.046660385918163517e-171
-3.425424063518460462e-171
-2.899558869768867987e-171
-2.454423593503923805e-171
-2.077624717041381451e-171
-1.758671354156529210e-171
-1.488683161382187461e-171
-1.260143090262382261e-171
-1.066688096654269895e-171
-9.029319799762267080e-172
-7.643154198691593727e-172
-6.469790349713275657e-172
-5.476559294906151391e-172
-4.635807358417795935e-172
-3.924126209014023288e-172
-3.321701122094782260e-172
-2.811759295401826197e-172
-2.380102858348910572e-172
-2.014713572952343295e-172
-1.705418220393199101e-172
-1.443605356858289188e-172
-1.221985552534781454e-172
-1.034388438301032265e-172
-8.755909094599498613e-173
-7.411717033382279304e-173
-6.273883018818457284e-173
-5.310727319531280677e-173
-4.495433621860715480e-173
-3.805302406363847390e-173
-3.221118944669212851e-173
-2.726618320361533163e-173
-2.308032578937935861e-173
-1.953707398523078905e-173
-1.653777608633433079e-173
-1.399892522741476918e-173
-1.184983437311656119e-173
-1.003066823982417491e-173
-8.490777353451706229e-174
-7.187287859811827219e-174
-6.083907824859116734e-174
-5.149916789662150703e-174
-4.359310447156269334e-174
-3.690076626642652100e-174
-3.123582427898951971e-174
-2.644055441405866450e-174
-2.238144610747736584e-174
-1.894548510660340164e-174
-1.603700691192678586e-174
-1.357503327289100073e-174
-1.149101758028403275e-174
-9.726936382107014433e-175
-8.233673886627527285e-175
-6.969654473739144215e-175
-5.899685140822184039e-175
-4.993975654314877038e-175
-4.227309125926109892e-175
-3.578339920559699351e-175
-3.028999348200432428e-175
-2.563992592957199037e-175
-2.170372872693126837e-175
-1.837180972933144704e-175
-1.555140118904635373e-175
-1.316397690296965470e-175
-1.114306587524638059e-175
-9.432401622648118208e-176
-7.984355595400054743e-176
-6.758611096534520022e-176
-5.721040778859277410e-176
-4.842756466658250969e-176
-4.099304847122207032e-176
-3.469986637844394875e-176
-2.937280274549850707e-176
-2.486354073288228221e-176
-2.104653284645784046e-176
-1.781550542683626072e-176
-1.508049976350702323e-176
-1.276536745202568001e-176
-1.080565025965299574e-176
-9.146785470356128432e-177
-7.742586742151314569e-177
-6.553958180611321381e-177
-5.547805825585031552e-177
-4.696116244599326678e-177
-3.975176579015195134e-177
-3.364914327349680526e-177
-2.848338483924043896e-177
-2.411066472944295632e-177
-2.040923706843894036e-177
-1.727604619739332525e-177
-1.462385738445915993e-177
-1.237882802335180342e-177
-1.047845169733090631e-177
-8.869817866939480373e-178
-7.508138727472802301e-178
-6.355502220749077622e-178
-5.379816482365705475e-178
-4.553916335588050686e-178
-3.854806954756044783e-178
-3.263023640182170352e-178
-2.762089879300358548e-178
-2.338058605333031311e-178
-1.979123881137610615e-178
-1.675292196677634578e-178
-1.418104228339443027e-178
-1.200399313279422385e-178
-1.016116081262312555e-178
-8.601236931559973059e-179
-7.280789874019600824e-179
-6.163055571126462382e-179
-5.216913910443738080e-179
-4.416022285518169830e-179
-3.738082161400953808e-179
-3.164218235765454494e-179
-2.678452910141027082e-179
-2.267261439414547129e-179
-1.919195374013566011e-179
-1.624563810597059953e-179
-1.375163576589120366e-179
-1.164050836317882558e-179
-9.853477597867043080e-180
-8.340788713213836325e-180
-7.060325216909278693e-180
-5.976436267897952010e-180
-5.058944080749275049e-180
-4.282303711597726447e-180
-3.624891832298653663e-180
-3.068404690746179012e-180
-2.597348495285227956e-180
-2.198608034431038933e-180
-1.861081521343619124e-180
-1.575371496348964935e-180
-1.333523181572954347e-180
-1.128803002919536776e-180
-9.555111129730162680e-181
-8.088226950615339792e-181
-6.846536300463882546e-181
-5.795467857142760633e-181
-4.905757628262222765e-181
-4.152634179066851958e-181
-3.515128942736161263e-181
-2.975492410660169675e-181
-2.518699948174647362e-181
-2.132033476612735343e-181
-1.804727374807646680e-181
-1.527668741184544567e-181
-1.293143671099341904e-181
-1.094622485243531154e-181
-9.265779294130301115e-182
-7.843312839351004998e-182
