-1.000000000000000000e+00
-8.464817248906141289e-01
-7.165313105737892707e-01
-6.065306597126334243e-01
-5.134171190325920175e-01
-4.345982085070781986e-01
-3.678794411714423340e-01
-3.114032239145976821e-01
-2.635971381157267701e-01
-2.231301601484298180e-01
-1.888756028375618290e-01
-1.598797460796939074e-01
-1.353352832366127023e-01
-1.145588439926877311e-01
-9.697196786440505367e-02
-8.208499862389879997e-02
-6.948345122280154273e-02
-5.881647164242988224e-02
-4.978706836786394446e-02
-4.214384350927640605e-02
-3.567399334725239457e-02
-3.019738342231850087e-02
-2.556153320650740232e-02
-2.163737071949308963e-02
-1.831563888873417867e-02
-1.550385359900931410e-02
-1.312372873694096775e-02
-1.110899653824230608e-02
-9.403562551495206132e-03
-7.959943848706449443e-03
-6.737946999085467001e-03
-5.703548998007401671e-03
-4.827949993831441404e-03
-4.086771438464066597e-03
-3.459377336464758423e-03
-2.928299694818188754e-03
-2.478752176666358491e-03
-2.098218418080902582e-03
-1.776103545734379141e-03
-1.503439192977572367e-03
-1.272633801339807889e-03
-1.077261255312220297e-03
-9.118819655545162437e-04
-7.718914190992301732e-04
-6.533919798673806139e-04
-5.530843701478336269e-04
-4.681758116527768719e-04
-3.963022685999060581e-04
-3.354626279025118532e-04
-2.839629839032566279e-04
-2.403694764195140709e-04
-2.034683690106441685e-04
-1.722322559608101375e-04
-1.457914571075081633e-04
-1.234098040866795612e-04
-1.044641438317053160e-04
-8.842698865988301595e-05
-7.485182988770059808e-05
-6.336070607455964940e-05
-5.363367976828040156e-05
-4.539992976248485417e-05
-3.843021085526092786e-05
-3.253047117267123434e-05
-2.753644934974715811e-05
-2.330910114293701608e-05
-1.973072814112308590e-05
-1.670170079024565926e-05
-1.413768449353408704e-05
-1.196729155604600663e-05
-1.013009359863071055e-05
-8.574939102672297269e-06
-7.258529242462011610e-06
-6.144212353328209806e-06
-5.200963470939485423e-06
-4.402520529973925284e-06
-3.726653172078670938e-06
-3.154543805170233732e-06
-2.670263681443497500e-06
-2.260329406981054240e-06
-1.913327535242302668e-06
-1.619596792312609719e-06
-1.370959086384084452e-06
-1.160491812196860720e-06
-9.823351109098321718e-07
-8.315287191035678771e-07
-7.038738644428714973e-07
-5.958163628790234057e-07
-5.043476625678880272e-07
-4.269210793550155531e-07
-3.613808916445958582e-07
-3.059023205018257859e-07
-2.589407239064270995e-07
-2.191885906167364281e-07
-1.855391362615978357e-07
-1.570554880974321047e-07
-1.329446004682514684e-07
-1.125351747192591165e-07
-9.525896880722497550e-08
-8.063497622724119114e-08
-6.825603376334869915e-08
-5.777748519419133024e-08
-4.890758532702111079e-08
-4.139937718785166831e-08
-3.504381621136977981e-08
-2.966394999335002448e-08
-2.510999155743981890e-08
-2.125514896553038986e-08
-1.799209515914915653e-08
-1.522997974471262915e-08
-1.289189952435344458e-08
-1.091275734649121673e-08
-9.237449661970594358e-09
-7.819332323455080603e-09
-6.618921912651205018e-09
-5.602796437537267826e-09
-4.742664792657528520e-09
-4.014579074266740908e-09
-3.398267819495071066e-09
-2.876571605486450586e-09
-2.434965294383539252e-09
-2.061153622438557870e-09
-1.744728873586325881e-09
-1.476881106379814843e-09
-1.250152866386742564e-09
-1.058231554715994127e-09
-8.957736717696730054e-10
-7.582560427911906597e-10
-6.418498830106176152e-10
-5.433141960916677172e-10
-4.599055378652316642e-10
-3.893016329789064759e-10
-3.295367177867183153e-10
-2.789468092868924638e-10
-2.361233762779016068e-10
-1.998741228387141648e-10
-1.691897922615130429e-10
-1.432160671874100547e-10
-1.212297835848492263e-10
-1.026187963170189018e-10
-8.686493571262865727e-11
-7.352958061453838482e-11
-6.224144622907782609e-11
-5.268624676367614637e-11
-4.459794503852922248e-11
-3.775134544279097726e-11
-3.195582400735509465e-11
-2.705002102604689852e-11
-2.289734845645552983e-11
-1.938218701684189257e-11
-1.640666709816882886e-11
-1.388794386496402090e-11
-1.175589067799875135e-11
-9.951146618737897565e-12
-8.423463754468647248e-12
-7.130308128436180023e-12
-6.035675523560238655e-12
-5.109089028063325100e-12
-4.324750493094748764e-12
-3.660822257116385698e-12
-3.098819138721825559e-12
-2.623093769669294765e-12
-2.220400938699492916e-12
-1.879528816539083239e-12
-1.590986794605615790e-12
-1.346741246175954014e-12
-1.139991853044355375e-12
-9.649822701262321353e-13
-8.168398565053154745e-13
-6.914400106940203020e-13
-5.852913329106582629e-13
-4.954384170457418240e-13
-4.193795658379544558e-13
-3.549971382743880874e-13
-3.004985899377365803e-13
-2.543665647376922751e-13
-2.153166484736615548e-13
-1.822616079976514777e-13
-1.542811203191887735e-13
-1.305961488458431236e-13
-1.105472533391009372e-13
-9.357622968840174817e-14
-7.921056831539850129e-14
-6.705029849718450692e-14
-5.675685232632722736e-14
-4.804363825655127146e-14
-4.066806178142631463e-14
-3.442477108469976751e-14
-2.913993960674115803e-14
-2.466642634152263745e-14
-2.087967911645933614e-14
-1.767426679366301145e-14
-1.496094384167680333e-14
-1.266416554909417554e-14
-1.071998469829755321e-14
-9.074271138215858951e-15
-7.681204685202095319e-15
-6.501999391167751248e-15
-5.503823659873374114e-15
-4.658886145103397737e-15
-3.943661980176116658e-15
-3.338237795364998436e-15
-2.825757287115611041e-15
-2.391951902519850303e-15
-2.024743572300379526e-15
-1.713908431542013000e-15
-1.450792165436253548e-15
-1.228069054656263157e-15
-1.039538011670221954e-15
-8.799499292079708749e-16
-7.448615338933334216e-16
-6.305116760146989222e-16
-5.337166110765955953e-16
-4.517813575468875936e-16
-3.824246628097135544e-16
-3.237154882158785377e-16
-2.740192448387828154e-16
-2.319522830243569634e-16
-1.963433686267740214e-16
-1.662010733460245747e-16
-1.406861712446146670e-16
-1.190882729033980201e-16
-1.008060466615120543e-16
-8.533047625744065802e-17
-7.223068872813613232e-17
-6.114195798462941111e-17
-5.175555005801868771e-17
-4.381012728577428142e-17
-3.708447211253939744e-17
-3.139132792048029595e-17
-2.657218540473511830e-17
-2.249286933551327547e-17
-1.903980283286452329e-17
-1.611684514354039846e-17
-1.364261487689892954e-17
-1.154822417301578612e-17
-9.775360717397910189e-18
-8.274664201490895760e-18
-7.004352026168645348e-18
-5.929055984852316209e-18
-5.018837537030783347e-18
-4.248354255291588871e-18
-3.596154237965613128e-18
-3.044078842325809587e-18
-2.576757109154981043e-18
-2.181177802381665723e-18
-1.846327148453142474e-18
-1.562882189334988794e-18
-1.322951211429103760e-18
-1.119854023396629941e-18
-9.479359653504756634e-19
-8.024104710357218776e-19
-6.792257995926047409e-19
-5.749522264293559897e-19
-4.866865523576213033e-19
-4.119712723207435073e-19
-3.487261531994446529e-19
-2.951903156747351681e-19
-2.498732075833535007e-19
-2.115131037591080464e-19
-1.790419769069776343e-19
-1.515557614400432104e-19
-1.282891823608784891e-19
-1.085944483696432152e-19
-9.192321596947989099e-20
-7.781132241133796610e-20
-6.586586241076921579e-20
-5.575424882487551665e-20
-4.719495271526123138e-20
-3.994966498054539232e-20
-3.381666132153406366e-20
-2.862518580549393657e-20
-2.423069665594888526e-20
-2.051084190062875002e-20
-1.736205283100294705e-20
-1.469666042802937953e-20
-1.244045446924988051e-20
-1.053061735755381174e-20
-8.913975144985213329e-21
-7.545517056359108577e-21
-6.387142293058422706e-21
-5.406599225349898269e-21
-4.576587438066418302e-21
-3.873997628687186783e-21
-3.279268194953286657e-21
-2.775840598042975429e-21
-2.349698337452817098e-21
-1.988976701659673603e-21
-1.683632429188116770e-21
-1.425164082740935155e-21
-1.206375351010699514e-21
-1.021174687989052080e-21
-8.644057113036095336e-22
-7.317036375095792544e-22
-6.193737571878422984e-22
-5.242885663363463898e-22
-4.438006899728187105e-22
-3.756691735558344170e-22
-3.179970900197749552e-22
-2.691787252701356330e-22
-2.278548716705200427e-22
-1.928749847963917821e-22
-1.632651498187010601e-22
-1.382009656330579501e-22
-1.169845917706196442e-22
-9.902531902761868904e-23
-8.382312285834162218e-23
-7.095474162284703661e-23
-6.006189207807555152e-23
-5.084129400644306328e-23
-4.303622624624486691e-23
-3.642937902570415787e-23
-3.083680359437186786e-23
-2.610279069667704745e-23
-2.209553529338191353e-23
-1.870346682752327518e-23
-1.583214286159632110e-23
-1.340161959819870607e-23
-1.134422607381104600e-23
-9.602680054508675555e-24
-8.128493176113219408e-24
-6.880620924477871822e-24
-5.824319868470494177e-24
-4.930180328577590188e-24
-4.173307548556113127e-24
-3.532628572200807111e-24
-2.990305527194413514e-24
-2.531238980609452262e-24
-2.142647538416653783e-24
-1.813711984151561566e-24
-1.535274048799384675e-24
-1.299581425007503120e-24
-1.100071926276156051e-24
-9.311907816579765254e-25
-7.882359790600850584e-25
-6.672273511756243187e-25
-5.647957591173352895e-25
-4.780892883885468821e-25
-4.046938454868643925e-25
-3.425659443803350029e-25
-2.899758114878487961e-25
-2.454592250847903702e-25
-2.077767482400858824e-25
-1.758792202424311607e-25
-1.488785457232296859e-25
-1.260229681830050272e-25
-1.066761394833853338e-25
-9.029940255456796253e-26
-7.643679403098225400e-26
-6.470234925645459878e-26
-5.476935620307876387e-26
-4.636125910993034768e-26
-3.924395857947462834e-26
-3.321929374988957255e-26
-2.811952507305439046e-26
-2.380266408694400669e-26
-2.014852015330828358e-26
-1.705535409336561500e-26
-1.443704555157235430e-26
-1.222069522081936270e-26
-1.034459516988160973e-26
-8.756510762696520037e-27
-7.412226334430594806e-27
-6.274314132848413872e-27
-5.311092249679095210e-27
-4.495742528561542958e-27
-3.805563890240848073e-27
-3.221340285992515930e-27
-2.726805681746575588e-27
-2.308191176926357183e-27
-1.953841648821924108e-27
-1.653891249057907425e-27
-1.399988717284023272e-27
-1.185064864233980974e-27
-1.003135750384044048e-27
-8.491360802845220126e-28
-7.187781739060988875e-28
-6.084325884617617516e-28
-5.150270669607708380e-28
-4.359610000063080854e-28
-3.690330192703775468e-28
-3.123797066935789443e-28
-2.644237129428054308e-28
-2.238298406338070886e-28
-1.894678695816953777e-28
-1.603810890548637927e-28
-1.357596609029956364e-28
-1.149180719317336963e-28
-9.727604774987713969e-29
-8.234239668985735338e-29
-6.970133398165830248e-29
-5.900090541597060914e-29
-4.994318818661854022e-29
-4.227599608274580193e-29
-3.578585808559134099e-29
-3.029207487898194648e-29
-2.564168779407652049e-29
-2.170522011303639466e-29
-1.837307216041340928e-29
-1.555246981388661181e-29
-1.316488147436788277e-29
-1.114383157840336377e-29
-9.433049776377463781e-30
-7.984904245686979152e-30
-6.759075518975470062e-30
-5.721433903968331799e-30
-4.843089239878731082e-30
-4.099586533571701427e-30
-3.470225080276140545e-30
-2.937482111710802807e-30
-2.486524924756272200e-30
-2.104797907291213626e-30
-1.781672963110012769e-30
-1.508153603004327935e-30
-1.276624463271110055e-30
-1.080639277707278488e-30
-9.147413997782000058e-31
-7.743118779131129636e-31
-6.554408540191792811e-31
-5.548187046739294207e-31
-4.696438941339684103e-31
-3.975449735908646841e-31
-3.365145549667871523e-31
-2.848534209390860503e-31
-2.411232150975085856e-31
-2.041063950269086413e-31
-1.727723333235843230e-31
-1.462486227251230920e-31
-1.237967864272382708e-31
-1.047917173108446042e-31
-8.870427362353294511e-32
-7.508654654201681652e-32
-6.355938943296636524e-32
-5.380186160021138245e-32
-4.554229260967281316e-32
-3.855071840370927123e-32
-3.263247861014400875e-32
-2.762279678137063895e-32
-2.338219266579774362e-32
-1.979259877946904503e-32
-1.675407315491274014e-32
-1.418201674311420376e-32
-1.200481799513882357e-32
-1.016185904352294693e-32
-8.601827971256671280e-33
-7.281290178321643462e-33
-6.163479069574762843e-33
-5.217272394140891639e-33
-4.416325735416544680e-33
-3.738339026194188729e-33
-3.164435667118785446e-33
-2.678636961808077819e-33
-2.267417235787044842e-33
-1.919327252795744225e-33
-1.624675443576097517e-33
-1.375258071865712074e-33
-1.164130824842639032e-33
-9.854154686111257471e-34
-8.341361856038346346e-34
-7.060810371836180155e-34
-5.976846942677399071e-34
-5.059291709444734689e-34
-4.282597972935602386e-34
-3.625140919143559290e-34
-3.068615538208171479e-34
-2.597526973808617598e-34
-2.198759113239405282e-34
-1.861209406793839945e-34
-1.575479749045501174e-34
-1.333614815502261367e-34
-1.128880569366026949e-34
-9.555767715524620134e-35
-8.088782738491285042e-35
-6.847006764743494720e-35
-5.795866096557832060e-35
-4.906094730649280825e-35
-4.152919530076736002e-35
-3.515370487151307364e-35
-2.975696873593382478e-35
-2.518873022310922455e-35
-2.132179980706203797e-35
-1.804851387845415299e-35
-1.527773715954598613e-35
-1.293232530323803779e-35
-1.094697702953141651e-35
-9.266415998295640272e-36
-7.843851797791349622e-36
-6.639677199580734812e-36
-5.620365408617955597e-36
-4.757536605602513294e-36
-4.027167792140633042e-36
-3.408923939115113112e-36
-2.885591816003094908e-36
-2.442600737740527707e-36
-2.067616885701678437e-36
-1.750199907821733176e-36
-1.481512236876327408e-36
-1.254073033717619650e-36
-1.061549904720106013e-36
-8.985825944049380993e-37
-7.606337444685715088e-37
-6.438625640277690045e-37
-5.450178937907167692e-37
-4.613476868322132945e-37
-3.905223857240304251e-37
-3.305700626760734337e-37
-2.798215168512396990e-37
-2.368638002457476662e-37
-2.005008781961654071e-37
-1.697203292175722025e-37
-1.436651570250947661e-37
-1.216099299252825575e-37
-1.029405832469794045e-37
-8.713732246814979659e-38
-7.376015102518875522e-38
-6.243661986799367162e-38
-5.285145768219937504e-38
-4.473779306181120725e-38
-3.786972423876111751e-38
-3.205602949475871050e-38
-2.713484313986762379e-38
-2.296914882567128512e-38
-1.944296471722363739e-38
-1.645811431082273700e-38
-1.393149299027206529e-38
-1.179275421670710866e-38
-9.982350930569247561e-39
-8.449877634171643398e-39
-7.152666994888301823e-39
-6.054601895401185753e-39
-5.125109855945153014e-39
-4.338311831114381006e-39
-3.672301681915042238e-39
-3.108536262026132934e-39
-2.631319136964928183e-39
-2.227363561795743763e-39
-1.885422549747353993e-39
-1.595975732057814925e-39
-1.350964290555853313e-39
-1.143566582935338061e-39
-9.680082136503796761e-40
-8.194012623990514689e-40
-6.936081939730925043e-40
-5.871266604326125421e-40
-4.969919882522613571e-40
-4.206946354725880327e-40
-3.561103206870678175e-40
-3.014408785065374574e-40
-2.551641947907546466e-40
-2.159918277368046747e-40
-1.828331349049259390e-40
-1.547649074014793159e-40
-1.310056657697416104e-40
-1.108939019312136462e-40
-9.386966138658386801e-41
-7.945895288541413952e-41
-6.726055149644708165e-41
-5.693482764780622842e-41
-4.819429111366529265e-41
-4.079558667177560336e-41
-3.453271857384899530e-41
-2.923131518355411914e-41
-2.474377409739597195e-41
-2.094515257826734083e-41
-1.772968888254899797e-41
-1.500785762707394803e-41
-1.270387721107825554e-41
-1.075359989443218635e-41
-9.102725787422439958e-42
-7.705291025743583265e-42
-6.522388038255659403e-42
-5.521082277028532450e-42
-4.673495249122089510e-42
-3.956028319744993897e-42
-3.348705675813844035e-42
-2.834618156613879014e-42
-2.399452466616791880e-42
-2.031092662734810931e-42
-1.719282820564424770e-42
-1.455341487526188301e-42
-1.231919972666034103e-42
-1.042797743389537747e-42
-8.827092325364242834e-43
-7.471972337342990671e-43
-6.324888032449018044e-43
-5.353902131447497407e-43
-4.531980311123191536e-43
-3.836238510929842427e-43
-3.247305791823724810e-43
-2.748785007910214747e-43
-2.326796274849288011e-43
-1.969590524203499265e-43
-1.667222384255978954e-43
-1.411273279601236465e-43
-1.194617040008899835e-43
-1.011221492610448563e-43
-8.559805133113498002e-44
-7.245718613805514296e-44
-6.133368390286092468e-44
-5.191784254398916182e-44
-4.394750490923566658e-44
-3.720075976020836120e-44
-3.148976328906236881e-44
-2.665550914532290353e-44
-2.256340135917036168e-44
-1.909950690190966531e-44
-1.616738354688883381e-44
-1.368539471173852914e-44
-1.158443652140126418e-44
-9.806013808521660579e-45
-8.300611482938555872e-45
-7.026315925724632668e-45
-5.947648024433834986e-45
-5.034575358764982317e-45
-4.261676033779144474e-45
-3.607430879998394936e-45
-3.053624313724692672e-45
-2.584837176249583402e-45
-2.188017431513152204e-45
-1.852116769517975434e-45
-1.567782997760400244e-45
-1.327099656198413985e-45
-1.123365606080569110e-45
-9.509084559178657774e-46
-8.049266299784331202e-46
-6.813556821545298352e-46
-5.767551330941846686e-46
-4.882126799010857904e-46
-4.132631113961383989e-46
-3.498196713682635495e-46
-2.961159588204782765e-46
-2.506567475899953100e-46
-2.121763560554494997e-46
-1.796034078548236729e-46
-1.520310024771829030e-46
-1.286914652137343888e-46
-1.089349734528233824e-46
-9.221146422925875649e-47
-7.805531929547173404e-47
-6.607240131411916927e-47
-5.592908023204020668e-47
-4.734294430636271294e-47
-4.007493715785056683e-47
-3.392270193026015131e-47
-2.871494724287664033e-47
-2.430667807229343342e-47
-2.057515878099571296e-47
-1.741649589483543210e-47
-1.474274548661073630e-47
-1.247946462912951298e-47
-1.056363874497690705e-47
-8.941927145969459003e-48
-7.569177914366397175e-48
-6.407170776956778755e-48
-5.423552970947160990e-48
-4.590938473882945815e-48
-3.886145518239101163e-48
-3.289551161454994555e-48
-2.784544941264333636e-48
-2.357066404916855559e-48
-1.995213636115757548e-48
-1.688911880224532432e-48
-1.429633041560705461e-48
-1.210158242980932450e-48
-1.024376836909089745e-48
-8.671162718447933561e-49
-7.339980774719063161e-49
-6.213159586848108984e-49
-5.259326044095817230e-49
-4.451923381568399729e-49
-3.768471783110856705e-49
-3.189942495169270790e-49
-2.700228025612779308e-49
-2.285693676718671573e-49
-1.934797926040381571e-49
-1.637771085749460625e-49
-1.386343293641170600e-49
-1.173514262491907674e-49
-9.933583770978961803e-50
-8.408597124803642931e-50
-7.117723798114012180e-50
-6.025023117922579374e-50
-5.100071961364905997e-50
-4.317117710922402481e-50
-3.654361246497449437e-50
-3.093350011308561020e-50
-2.618464253262858514e-50
-2.216482137666379204e-50
-1.876211623081063355e-50
-1.588178850965469837e-50
-1.344364373200057074e-50
-1.137979873507868158e-50
-9.632791662177384464e-51
-8.153982101711915000e-51
-6.902196834184263948e-51
-5.842583481734803627e-51
-4.945640143436333222e-51
-4.186393999304231430e-51
-3.543706013602745116e-51
-2.999682378899722045e-51
-2.539176314215005379e-51
-2.149366346258099587e-51
-1.819399332202410030e-51
-1.540088284987520202e-51
-1.303656587960057534e-51
-1.103521477241452503e-51
-9.341107635091787827e-52
-7.907076903341344416e-52
-6.693196095983179725e-52
-5.665668176358938971e-52
-4.795884570582151773e-52
-4.059628643682700738e-52
-3.436401456719860253e-52
-2.908851032500832257e-52
-2.462289239441171675e-52
-2.084282842581751390e-52
-1.764307335748504918e-52
-1.493453916801572188e-52
-1.264181447538832550e-52
-1.070106492287379174e-52
-9.058255894080738694e-53
-7.667648073721999736e-53
-6.490523967298362082e-53
-5.494109923282641203e-53
-4.650663644598906987e-53
-3.936701783766133982e-53
-3.332346116302346043e-53
-2.820770088460135205e-53
-2.387730329999574004e-53
-2.021170088311693760e-53
-1.710883542651389209e-53
-1.448231652270505581e-53
-1.225901627055133296e-53
-1.037703323815834557e-53
-8.783968994683469378e-54
-7.435469226005406036e-54
-6.293988815800105958e-54
-5.327746509240682045e-54
-4.509840054922043315e-54
-3.817497188671174755e-54
-3.231441605031430589e-54
-2.735356263710325930e-54
-2.315429088295851088e-54
-1.959968408522564667e-54
-1.659077439177307815e-54
-1.404378732441903774e-54
-1.188780931837111280e-54
-1.006281333698559025e-54
-8.517987590743798898e-55
-7.210320828409621975e-55
-6.103404811846956448e-55
-5.166420632837861025e-55
-4.373280648795030012e-55
-3.701902147022795731e-55
-3.133592514788108707e-55
-2.652528797022143095e-55
-2.245317151425350437e-55
-1.900619935265001581e-55
-1.608840041164598252e-55
-1.361853693118108623e-55
-1.152784263199264062e-55
-9.758108115396641685e-56
-8.260060189190125958e-56
-6.991989996645917144e-56
-5.918591752778726822e-56
-5.009979755815546844e-56
-4.240856305369781744e-56
-3.589807360382632305e-56
-3.038706326441741770e-56
-2.572209372642414812e-56
-2.177328226534176264e-56
-1.843068552849636294e-56
-1.560123847707822914e-56
-1.320616325650712091e-56
-1.117877585255498495e-56
-9.462629465836378415e-57
-8.009942912242003735e-57
-6.780270292629831064e-57
-5.739374892529942547e-57
-4.858275958822674380e-57
-4.112441813618741557e-57
-3.481106839904310465e-57
-2.946693322370743172e-57
-2.494322046243993875e-57
-2.111398028137322055e-57
-1.787259844788338706e-57
-1.512882796244135332e-57
-1.280627638922083306e-57
-1.084027892737369897e-57
-9.176098004738489979e-58
-7.767399266816433485e-58
-6.574961529288926887e-58
-5.565584776401815825e-58
-4.711165801553596501e-58
-3.987915753944798625e-58
-3.375697806117582697e-58
-2.857466501631900215e-58
-2.418793173118542504e-58
-2.047464217334986648e-58
-1.733141042341547025e-58
-1.467072219000003478e-58
-1.241849822478200175e-58
-1.051203179786459742e-58
-8.898242808361491545e-59
-7.532199920917194365e-59
-6.375869581278993818e-59
-5.397057080838691561e-59
-4.568510187121350935e-59
-3.867160383374859893e-59
-3.273480591747831134e-59
-2.770941497698599444e-59
-2.345551338542914311e-59
-1.985466342869313580e-59
-1.680660974624244022e-59
-1.422648800756284226e-59
-1.204246210777754343e-59
-1.019372409692120300e-59
-8.628801156620958539e-60
-7.304122486794703777e-60
-6.182806201434185122e-60
-5.233632458054443985e-60
-4.430174230537471990e-60
-3.750061524231237200e-60
-3.174358547477213392e-60
-2.687036498689801038e-60
-2.274527290254936130e-60
-1.925345783965790959e-60
-1.629770020222249858e-60
-1.379570537892714800e-60
-1.167781248523708636e-60
-9.885054855452730541e-61
-8.367518284681808233e-61
-7.082951310671277228e-61
-5.995588842773315079e-61
-5.075156385365580506e-61
-4.296027131173911421e-61
-3.636508456173003395e-61
-3.078237950560569306e-61
-2.605672170014284431e-61
-2.205653872973181565e-61
-1.867045694905966668e-61
-1.580420060273613028e-61
-1.337796698672148813e-61
-1.132420457044948084e-61
-9.585732217808343536e-62
-8.114147142070015432e-62
-6.868477268835542869e-62
-5.814040485895939159e-62
-4.921479019085105402e-62
-4.165942049088048516e-62
-3.526393811506423700e-62
-2.985027916207572969e-62
-2.526771579357973947e-62
-2.138865964899539179e-62
-1.810510951278006603e-62
-1.532564432971124560e-62
-1.297287784727415606e-62
-1.098130401695596804e-62
-9.295473165820941132e-63
-7.868448159078602460e-63
-6.660497569909294987e-63
-5.637989471606456541e-63
-4.772455052840600354e-63
-4.039795985091476535e-63
-3.419613473666345661e-63
-2.894640311648300292e-63
-2.450260123941981063e-63
-2.074100416145058593e-63
-1.755688097854826509e-63
-1.486157889442088808e-63
-1.258005493714710002e-63
-1.064878660241506365e-63
-9.014003251204450637e-64
-7.630189020249001878e-64
-6.458815563101861021e-64
-5.467269338604857949e-64
-4.627943580183719195e-64
-3.917469664450395229e-64
-3.316066478770657322e-64
-2.806989672801677550e-64
-2.376065459983327226e-64
-2.011295989019716169e-64
-1.702525298050950589e-64
-1.441156550964089187e-64
-1.219912683097501842e-64
-1.032633792204290896e-64
-8.741056336054323348e-65
-7.399144444709365164e-65
-6.263240552272270193e-65
-5.301718666092323640e-65
-4.487807961358638481e-65
-3.798847424108618241e-65
-3.215654920155759808e-65
-2.721993123466463189e-65
-2.304117434292238368e-65
-1.950393300130248481e-65
-1.650972284909365635e-65
-1.397517867476651580e-65
-1.182973335027099991e-65
-1.001365309133351270e-65
-8.476374341208061697e-66
-7.175095973164410823e-66
-6.073587615619967365e-66
-5.141180921144163863e-66
-4.351915694104869252e-66
-3.683817103324458474e-66
-3.118283855803574001e-66
-2.639570296959189355e-66
-2.234348017940066197e-66
-1.891334764231796162e-66
-1.600980313572528971e-66
-1.355200577348803228e-66
-1.147152522286949255e-66
-9.710436457780846145e-67
-8.219707002223113117e-67
-6.957831761337147875e-67
-5.889677430835423840e-67
-4.985504310702937196e-67
-4.220138288373334567e-67
-3.572269937619217401e-67
-3.023861218570830698e-67
-2.559643260125622120e-67
-2.166691241935791866e-67
-1.834064539779213346e-67
-1.552502115192989388e-67
-1.314164668364901017e-67
-1.112416375267833756e-67
-9.416401321332625981e-68
-7.970811632743974209e-68
-6.747146379663355682e-68
-5.711336105546790733e-68
-4.834541638053335652e-68
-4.092351144834921142e-68
-3.464100455937877767e-68
-2.932297729136685408e-68
-2.482136439652475399e-68
-2.101083134850835330e-68
-1.778528476127130582e-68
-1.505491852239183085e-68
-1.274371339892165083e-68
-1.078732049943093039e-68
-9.131269663306261962e-69
-7.729452895036675030e-69
-6.542840619051457311e-69
-5.538395012899102540e-69
-4.688150163644318148e-69
-3.968433437067894948e-69
-3.359206380922851811e-69
-2.843506811587078653e-69
-2.406976550610463690e-69
-2.037461662332025015e-69
-1.724674062329277740e-69
-1.459905075154603332e-69
-1.235782966193441965e-69
-1.046067696813844312e-69
-8.854771883513432545e-70
-7.495402577469432830e-70
-6.344721302525759729e-70
-5.370690632112280070e-70
-4.546191470124308334e-70
-3.848267997313747993e-70
-3.257488532207521131e-70
-2.757404511554443405e-70
-2.334092527161722041e-70
-1.975766668446165928e-70
-1.672450377487708327e-70
-1.415698680329727106e-70
-1.198363060850884886e-70
-1.014392430794262450e-70
-8.586646545346939198e-71
-7.268439378731378305e-71
-6.152601102571458884e-71
-5.208064393868483515e-71
-4.408531331463226361e-71
-3.731741205691342968e-71
-3.158850732638927744e-71
-2.673909416836204771e-71
-2.263415455364788105e-71
-1.915939818801224190e-71
-1.621808042605486320e-71
-1.372830869346175588e-71
-1.162076242267209849e-71
-9.836763020087603372e-72
-8.326640128584039458e-72
-7.048348698587088245e-72
-5.966298364010570034e-72
-5.050362530379763710e-72
-4.275039586038707898e-72
-3.618742882765736599e-72
-3.063199717339202855e-72
-2.592942580417680839e-72
-2.194878508014298987e-72
-1.857924545389299062e-72
-1.572699173897714054e-72
-1.331261109454993332e-72
-1.126888200211266030e-72
-9.538902674736940560e-73
-8.074506789675094430e-73
-6.834922434965213371e-73
-5.785636932242799970e-73
-4.897435929995772634e-73
-4.145590013564129876e-73
-3.509166185371002371e-73
-2.970445045520690766e-73
-2.514427445825156524e-73
-2.128416881454339247e-73
-1.801665993099787705e-73
-1.525077337515884094e-73
-1.290950095252006229e-73
-1.092765663376631170e-73
-9.250061636362957139e-74
-7.830008129292862732e-74
-6.627958787191415615e-74
-5.610445986685745151e-74
-4.749139996215283117e-74
-4.020060215743355233e-74
-3.402907505586601572e-74
-2.880499014972108847e-74
-2.438289774739328608e-74
-2.063967734304513192e-74
-1.747110967852623969e-74
-1.478897505643213324e-74
-1.251859711513305715e-74
-1.059676367922829557e-74
-8.969966797451462837e-75
-7.592912966918323223e-75
-6.427262065181210264e-75
-5.440559879258653024e-75
-4.605334510965579374e-75
-3.898331500540342128e-75
-3.299866372772835904e-75
-2.793276579133310726e-75
-2.364457576801273852e-75
-2.001470128041442892e-75
-1.694207886301574840e-75
-1.434116013919811423e-75
-1.213952997156105265e-75
-1.027589026968840470e-75
-8.698353320272353570e-76
-7.362997122252211470e-76
-6.232642504408739172e-76
-5.275817977758366204e-76
-4.465883502021855237e-76
-3.780288769952032136e-76
-3.199945358573553146e-76
-2.708695266681081555e-76
-2.292861041543265500e-76
-1.940864969379996567e-76
-1.642906727060563796e-76
-1.390690520156632715e-76
-1.177194110291189397e-76
-9.964733010103671866e-77
-8.434964386467076821e-77
-7.140043203247416477e-77
-6.043916086478435574e-77
-5.116064513976444667e-77
-4.330655114442359876e-77
-3.665820411179563043e-77
-3.103049984794526104e-77
-2.626675103550614467e-77
-2.223432472380777490e-77
-1.882094954398701004e-77
-1.593158983407303934e-77
-1.348579964299604618e-77
-1.141548294333262855e-77
-9.662997692331403979e-78
-8.179550954218787988e-78
-6.923840400557853999e-78
-5.860904365131421786e-78
-4.961148436415422299e-78
-4.199521485895339121e-78
-3.554818191095813961e-78
-3.009088634071345454e-78
-2.547138537317478716e-78
-2.156106222603814264e-78
-1.825104514357080241e-78
-1.544917617418642475e-78
-1.307744529606405600e-78
-1.106981845137505308e-78
-9.370399016945990156e-79
-7.931871522777605409e-79
-6.714184288211593566e-79
-5.683434297518862783e-79
-4.810923267466151571e-79
-4.072358625761175429e-79
-3.447177153907523321e-79
-2.917972463243102849e-79
-2.470010363869359119e-79
-2.090818633305848114e-79
-1.769839763154137121e-79
-1.498137015494724160e-79
-1.268145604998462665e-79
-1.073462079131529798e-79
-9.086660323479307492e-80
-7.691691904113942047e-80
-6.510876630321418438e-80
-5.511338080584515343e-80
-4.665246964908551251e-80
-3.949046297896417826e-80
-3.342795521916284806e-80
-2.829615319348344042e-80
-2.395217656298846922e-80
-2.027507973192320929e-80
-1.716248446377325086e-80
-1.452772945230287293e-80
-1.229745748552962702e-80
-1.040957302412021206e-80
-8.811513328831916124e-81
-7.458785001486347360e-81
-6.313725193646464625e-81
-5.344452992403084204e-81
-4.523981787606209679e-81
-3.829467906946664306e-81
-3.241574599285400751e-81
-2.743933658164733115e-81
-2.322689695948717985e-81
-1.966114380212289277e-81
-1.664279891894354999e-81
-1.408782513591511795e-81
-1.192508652100655311e-81
-1.009436780777153449e-81
-8.544697873602816169e-82
-7.232930594716337447e-82
-6.122543565829637819e-82
-5.182621238321452100e-82
-4.386994165268989609e-82
-3.713510388101989155e-82
-3.143418678719815612e-82
-2.660846465216073824e-82
-2.252357905545217130e-82
-1.906579804956944149e-82
-1.613884961941534065e-82
-1.366124126359305719e-82
-1.156399106895319254e-82
-9.788707106666969567e-83
-8.285961676100546579e-83
-7.013915131963180649e-83
-5.937150979140460345e-83
-5.025689801758862720e-83
-4.254154572158050886e-83
-3.601064100191570662e-83
-3.048234950971856707e-83
-2.580275179170538369e-83
-2.184155784356674044e-83
-1.848847955772067219e-83
-1.565016006662439950e-83
-1.324757448801017803e-83
-1.121382970322785621e-83
-9.492301909818008781e-84
-8.035060093805065822e-84
-6.801531527803915227e-84
-5.757372139553406298e-84
-4.873510299526240926e-84
-4.125337404615184674e-84
-3.492022722014463290e-84
-2.955933417087964300e-84
-2.502143617558450839e-84
-2.118018845314938384e-84
-1.792864245532981896e-84
-1.517626819053482276e-84
-1.284643367532659655e-84
-1.087427133618312195e-84
-9.204871957580939859e-85
-7.791755892050430394e-85
-6.595578967429329341e-85
-5.583037061001886269e-85
-4.725938841525146197e-85
-4.000420862301680629e-85
-3.386283151809556179e-85
-2.866426803311805594e-85
-2.426377904740020179e-85
-2.053884554040825764e-85
-1.738575740030684333e-85
-1.471672591274121548e-85
-1.245743953535969948e-85
-1.054499490561190866e-85
-8.926145476664937272e-86
-7.555819019711960893e-86
-6.395862716767149834e-86
-5.413980904652523568e-86
-4.582835894695158830e-86
-3.879286833032215270e-86
-3.283745409770494749e-86
-2.779630478564191132e-86
-2.352906402053561930e-86
-1.991692269716430002e-86
-1.685931107920881794e-86
-1.427109872279625629e-86
-1.208022426295658528e-86
-1.022568907117303344e-86
-8.655858923161734043e-87
-7.327026391687618417e-87
-6.202193938354845707e-87
-5.250043823044770922e-87
-4.444066151082167526e-87
-3.761820781096060913e-87
-3.184312543511581027e-87
-2.695462374422450342e-87
-2.281659640078887753e-87
-1.931383187747292828e-87
-1.634880572189030213e-87
-1.383896526736737561e-87
-1.171443119022254403e-87
-9.916051920011801379e-88
-8.393756733356554838e-88
-7.105161677963930158e-88
-6.014389512789482964e-88
-5.091070808950110340e-88
-4.309498399900383844e-88
-3.647911638960949261e-88
-3.087890536396240287e-88
-2.613842907522118195e-88
-2.212570252952378375e-88
-1.872900284160809325e-88
-1.585375863084577953e-88
-1.341991695183754159e-88
-1.135971444928034262e-88
-9.615790681291746751e-89
-8.139591082086777172e-89
-6.890015099069140679e-89
-5.832271865582476220e-89
-4.936911548809160332e-89
-4.179005403468410729e-89
-3.537451702255170817e-89
-2.994388218642139067e-89
-2.534694904308355113e-89
-2.145572914670406714e-89
-1.816188261688753687e-89
-1.537370172480396806e-89
-1.301355755396599592e-89
-1.101573864524420783e-89
-9.324621449370600970e-90
-7.893121648415319892e-90
-6.681383227721919862e-90
-5.655668799257323050e-90
-4.787420280605411905e-90
-4.052463776903100097e-90
-3.430336527929701640e-90
-2.903717181117241416e-90
-2.457943528066587533e-90
-2.080604277321546138e-90
-1.761193497481948552e-90
-1.490818109614624930e-90
-1.261950284924764375e-90
-1.068217853909326618e-90
-9.042268915360995170e-91
-7.654115388399629972e-91
-6.479068796484372877e-91
-5.484413330532942617e-91
-4.642455656042646841e-91
-3.929753871455204757e-91
-3.326464835504906957e-91
-2.815791691746193234e-91
-2.383516208162000462e-91
-2.017602911189667902e-91
-1.707863992408170700e-91
-1.445675658172252522e-91
-1.223738024761998943e-91
-1.035871874014779743e-91
-8.768466106817118792e-92
-7.422346314743302446e-92
-6.282880511239462421e-92
-5.318343532435653942e-92
-4.501880606896888190e-92
-3.810759661377718358e-92
-3.225738411306613998e-92
-2.730528614448680338e-92
-2.311342571421719241e-92
-1.956509246670182680e-92
-1.656149321885780747e-92
-1.401900134666309871e-92
-1.186682844116733407e-92
-1.004505340786013132e-92
-8.502954135303866317e-93
-7.197595283117864119e-93
-6.092632870318042306e-93
-5.157302381192118428e-93
-4.365562215414016666e-93
-3.695368634220877398e-93
-3.128062015601990764e-93
-2.647847330531609136e-93
-2.241354375595362106e-93
-1.897265517945105285e-93
-1.606000588205672304e-93
-1.359450148079652449e-93
-1.150749706249275765e-93
-9.740885962632636981e-94
-8.245481951611887821e-94
-6.979649784954924261e-94
-5.908145989101103860e-94
-5.001137607759771094e-94
-4.233371588631849809e-94
-3.583471684448041675e-94
-3.033343292548195074e-94
-2.567669662461595149e-94
-2.173485444829812327e-94
-1.839815708364148248e-94
-1.557370374296946133e-94
-1.318285560728432730e-94
-1.115904635343772868e-94
-9.445928805392374475e-95
-7.995806108382551588e-95
-6.768303746514442500e-95
-5.729245429933204801e-95
-4.849701553851572918e-95
-4.105183736508892520e-95
-3.474963010272976778e-95
-2.941492682866977701e-95
-2.489919799946312105e-95
-2.107671607097867156e-95
-1.784105497479192160e-95
-1.510212698892985151e-95
-1.278367450310655640e-95
-1.082114684382990349e-95
-9.159903045659587785e-96
-7.753690529920791587e-96
-6.563357334035432983e-96
-5.555762037187670482e-96
-4.702851032320455627e-96
-3.980877453742261935e-96
-3.369740013621841867e-96
-2.852423339163564967e-96
-2.414524228253442356e-96
-2.043850633522114016e-96
-1.730082209682589929e-96
-1.464482973054697654e-96
-1.239658073104251586e-96
-1.049347903995871714e-96
-8.882538237847844365e-97
-7.518906288980136581e-97
-6.364616764786852973e-97
-5.387531777324545889e-97
-4.560447191772590705e-97
-3.860335205164256152e-97
-3.267703203123433348e-97
-2.766051043810456026e-97
-2.341411658700180604e-97
-1.981962179535541203e-97
-1.677694764401174115e-97
-1.420137958010271775e-97
-1.202120828279180654e-97
-1.017573312248675219e-97
-8.613572125549221982e-98
-7.291231390304687378e-98
-6.171894123841585624e-98
-5.224395583791720039e-98
-4.422355385278963422e-98
-3.743443014610162647e-98
-3.168756100036960372e-98
-2.682294129316966811e-98
-2.270512961248150884e-98
-1.921947727823849134e-98
-1.626893627797943598e-98
-1.377135724271925917e-98
-1.165720223290195932e-98
-9.867608653505663073e-99
-8.352750393564864095e-99
-7.070450560725608953e-99
-5.985007186396880163e-99
-5.066199206623855578e-99
-4.288445043062462889e-99
-3.630090357150151361e-99
-3.072805147029187535e-99
-2.601073401110048052e-99
-2.201761099138750336e-99
-1.863750532995988597e-99
-1.577630765936260690e-99
-1.335435611990239138e-99
-1.130421840317829082e-99
-9.568814292462673610e-100
-8.099826427441841592e-100
-6.856355045615420736e-100
-5.803779245475061286e-100
-4.912793066594123259e-100
-4.158589549041163824e-100
-3.520170054584478653e-100
-2.979759619712984697e-100
-2.522312062653999800e-100
-2.135091065507780546e-100
-1.807315567929582323e-100
-1.529859599362663686e-100
-1.294998192508983538e-100
-1.096192303725242273e-100
-9.279067520691413952e-101
-7.854561080291416310e-101
-6.648742411503826650e-101
-5.628038944843033434e-101
-4.764032113782327962e-101
-4.032666121108780916e-101
-3.413578174104038440e-101
-2.889531540864566841e-101
-2.445935642836895620e-101
-2.070439821919968984e-101
-1.752589471741047675e-101
-1.483534959064506432e-101
-1.255785231084426128e-101
-1.062999248500513462e-101
-8.998094374281496073e-102
-7.616722446670186964e-102
-6.447416354670499460e-102
-5.457620116989491966e-102
-4.619775690426892458e-102
-3.910555695040320748e-102
-3.310213930018575936e-102
-2.802035597239009545e-102
-2.371871925555801135e-102
-2.007746238764115951e-102
-1.699520499331659235e-102
-1.438613043761234355e-102
-1.217759650733157654e-102
-1.030811289654775377e-102
-8.725629185037010285e-103
-7.386085643306081424e-103
-6.252186515535414008e-103
-5.292361626008305365e-103
-4.479887397928448048e-103
-3.792142811914125677e-103
-3.209979588460642972e-103
-2.717189058903854064e-103
-2.300050881434795266e-103
-1.946951037453121193e-103
-1.648058472460904282e-103
-1.395051378489270360e-103
-1.180885497174637732e-103
-9.995979925467071581e-104
-8.461414329281159061e-104
-7.162432596464141215e-104
-6.062868298667783020e-104
-5.132107215240830771e-104
-4.344234967880665756e-104
-3.677315508941781852e-104
-3.112780374975986986e-104
-2.634911701015351056e-104
-2.230404601609957548e-104
-1.887996734374723772e-104
-1.598154732301378088e-104
-1.352808774440580803e-104
-1.145127904835598776e-104
-9.693298441056217993e-105
-8.205199984264846441e-105
-6.945551835752814734e-105
-5.879282698245269443e-105
-4.976705359530246653e-105
-4.212690137007446900e-105
-3.565965213603774635e-105
-3.018524384911278638e-105
-2.555125727964030763e-105
-2.162867233519399264e-105
-1.830827586538909058e-105
-1.549762093430746349e-105
-1.311845290017359573e-105
-1.110453063883532921e-105
-9.399782249261823058e-106
-7.956743891951400108e-106
-6.735238294171942813e-106
-5.701256128799874948e-106
-4.826009121949748758e-106
-4.085128525885900339e-106
-3.457986640991682722e-106
-2.927122496515367891e-106
-2.477755699816472892e-106
-2.097374918638158651e-106
-1.775389538871156798e-106
-1.502834799216422936e-106
-1.272122193066333317e-106
-1.076828188258430719e-106
-9.115153822078399363e-107
-7.715811129956050960e-107
-6.531293114215457725e-107
-5.528620261087343794e-107
-4.679876014870323561e-107
-3.961429521341682027e-107
-3.353277694257938233e-107
-2.838488286672627102e-107
-2.402728460984472044e-107
-2.033865732097925564e-107
-1.721630173102130995e-107
-1.457328478551232158e-107
-1.233601924256272969e-107
-1.044221484672810842e-107
-8.839144035136871815e-108
-7.482173889419312476e-108
-6.333523459847054825e-108
-5.361211862926555315e-108
-4.538167865234136579e-108
-3.841476162406474704e-108
-3.251739368080040191e-108
-2.752537949187134095e-108
-2.329973071054754542e-108
-1.972279624135128510e-108
-1.669498658204531404e-108
-1.413200103899510666e-108
-1.196248061564464267e-108
-1.012602122550150650e-108
-8.571491913241324106e-109
-7.255611259606533788e-109
-6.141742334167558488e-109
-5.198872644859762731e-109
-4.400750683907562026e-109
-3.725155029727658146e-109
-3.153275655048755201e-109
-2.669190215541276392e-109
-2.259420737712550785e-109
-1.912558363312507700e-109
-1.618945702330756483e-109
-1.370407950613198410e-109
-1.160025285838849615e-109
-9.819402048736064633e-110
-8.311944383608612437e-110
-7.035909019031737131e-110
-5.955768402603468916e-110
-5.041449110484849480e-110
-4.267494538991386738e-110
-3.612356138326739389e-110
-3.057793454890044845e-110
-2.588366278054506295e-110
-2.191004751696298035e-110
-1.854645481459431422e-110
-1.569923506206333307e-110
-1.328911557479870257e-110
-1.124899347402643695e-110
-9.522067399176978684e-111
-8.060256036580087836e-111
-6.822859432904362175e-111
-5.775425821450972185e-111
-4.888792411319657263e-111
-4.138273432966046664e-111
-3.502972833606035877e-111
-2.965202486435827372e-111
-2.509989715368160642e-111
-2.124660423722502098e-111
-1.798486220279463475e-111
-1.522385717934175537e-111
-1.288671688465732383e-111
-1.090837033670183442e-111
-9.233736138357065169e-112
-7.816188893581138899e-112
-6.616261056709485277e-112
-5.600544071609935898e-112
-4.740758206062460826e-112
-4.012965183557009130e-112
-3.396901690503252667e-112
-2.875415202261145181e-112
-2.433986420186661770e-112
-2.060325023319897390e-112
-1.744027479575187467e-112
-1.476287389167407052e-112
-1.249650295616664332e-112
-1.057806137743699787e-112
-8.954135640771486198e-113
-7.579512182104627390e-113
-6.415918545737590084e-113
-5.430957797353532583e-113
-4.597206524111861533e-113
-3.891451308208740300e-113
-3.294042415700308631e-113
-2.788346705904789496e-113
-2.360284529207437630e-113
-1.997937719516104840e-113
-1.691217767039980263e-113
-1.431584932609709430e-113
-1.211810483082857430e-113
-1.025775427960486045e-113
-8.683001536104330640e-114
-7.350002117509305646e-114
-6.221642470378825130e-114
-5.266506649979169044e-114
-4.458001633222171742e-114
-3.773616912055006940e-114
-3.194297752792836046e-114
-2.703914671598241203e-114
-2.288814355171474030e-114
-1.937439523320021370e-114
-1.640007149571149663e-114
-1.388236080801899858e-114
-1.175116472232622516e-114
-9.947146183628249709e-115
-8.420077459256569320e-115
-7.127441691424350611e-115
-6.033249137014045948e-115
-5.107035136194361732e-115
-4.323011911162938878e-115
-3.659350579283805712e-115
-3.097573390331564718e-115
-2.622039266423229854e-115
-2.219508320972813797e-115
-1.878773231946102584e-115
-1.590347206056110844e-115
-1.346199846157320193e-115
-1.139533567822706016e-115
-9.645943400613562844e-116
-8.165114807948450287e-116
-6.911620466561967593e-116
-5.850560414324867465e-116
-4.952392471094365424e-116
-4.192109721267169573e-116
-3.548544267789079774e-116
-3.003777872648744226e-116
-2.542643074827920139e-116
-2.152300895761594290e-116
-1.821883374727853608e-116
-1.542190981589137117e-116
-1.305436482206371620e-116
-1.105028125193163930e-116
-9.353861134661331318e-117
-7.917872507655700293e-117
-6.702334377744242475e-117
-5.673403564866498837e-117
-4.802432435588934869e-117
-4.065171291747877268e-117
-3.441093207014483748e-117
-2.912822513383105474e-117
-2.465651025428698330e-117
-2.087128532983156434e-117
-1.766716160668066069e-117
-1.495492943074399384e-117
-1.265907446015334555e-117
-1.071567518454972988e-117
-9.070623213585033145e-118
-7.678116783668157466e-118
-6.499385538951241968e-118
-5.501611081740457096e-118
-4.657013238148890809e-118
-3.942076598666846752e-118
-3.336895798890374213e-118
-2.824621311624914136e-118
-2.390990320027136565e-118
-2.023929610293293483e-118
-1.713219427578222940e-118
-1.450208936172579718e-118
-1.227575361743124441e-118
-1.039120109641519837e-118
-8.795961827779110287e-119
-7.445620940050318983e-119
-6.302582056215350073e-119
-5.335020530210004565e-119
-4.515997380738917340e-119
-3.822709252449301813e-119
-3.235853521768717708e-119
-2.739090870600100092e-119
-2.318590364777662715e-119
-1.962644371291828420e-119
-1.661342592757930275e-119
-1.406296143551951106e-119
-1.190403985300919354e-119
-1.007655218794164266e-119
-8.529617276998972002e-120
-7.220165145291146365e-120
-6.111737846181024581e-120
-5.173474394114462208e-120
-4.379251528807600478e-120
-3.706956387834846082e-120
-3.137870837268661072e-120
-2.656150318815232337e-120
-2.248382703439429818e-120
-1.903214869021594425e-120
-1.611036605166924525e-120
-1.363713044403591659e-120
-1.154358170082560875e-120
-9.771430949530960091e-121
-8.271337724808341492e-121
-7.001536224448439538e-121
-5.926672460155457447e-121
-5.016819926933996277e-121
-4.246646385216612636e-121
-3.594708557158785638e-121
-3.042855099942761860e-121
-2.575721233591702171e-121
-2.180300952648166851e-121
-1.845584911178234485e-121
-1.562253899046213072e-121
-1.322419375181775798e-121
-1.119403833732616635e-121
-9.475548880271334129e-122
-8.020878960457709983e-122
-6.789527457586949715e-122
-5.747210913490277043e-122
-4.864909007361596672e-122
-4.118056567987251228e-122
-3.485859626866904585e-122
-2.950716469676961423e-122
-2.497727566915250517e-122
-2.114280739149217756e-122
-1.789700006978100300e-122
-1.514948348943537666e-122
-1.282376091533889307e-122
-1.085507925920131725e-122
-9.188626215152886251e-123
-7.778004167977582371e-123
-6.583938384316298945e-123
-5.573183520129477887e-123
-4.717597999251055391e-123
-3.993360491746694748e-123
-3.380306677163709207e-123
-2.861367826744742284e-123
-2.422095573529489141e-123
-2.050259638931124278e-123
-1.735507315635992703e-123
-1.469075226099890253e-123
-1.243545331383080342e-123
-1.052638397088800106e-123
-8.910391660538524400e-124
-7.542483702263450445e-124
-6.384574614251189680e-124
-5.404425732164378859e-124
-4.574747615805636641e-124
-3.872440252766305886e-124
-3.277949904697592422e-124
-2.774724689433389632e-124
-2.348753741208104644e-124
-1.988177118201194785e-124
-1.682955596402965767e-124
-1.424591156157467641e-124
-1.205890379128132907e-124
-1.020764168153359295e-124
-8.640582137649719547e-125
-7.314094871937041621e-125
-6.191247643210744955e-125
-5.240777984249880891e-125
-4.436222787876762623e-125
-3.755181517480899466e-125
-3.178692528194525332e-125
-2.690705134163110477e-125
-2.277632723138377860e-125
-1.927974476149444126e-125
-1.631995160116121288e-125
-1.381454078148202259e-125
-1.169375630928041209e-125
-9.898551011130559069e-126
-8.378942533819369329e-126
-7.092621728786616921e-126
-6.003774674980172518e-126
-5.082085542731706071e-126
-4.301892536253105957e-126
-3.641473414381725606e-126
-3.082440696949098125e-126
-2.609229718026450016e-126
-2.208665272350963720e-126
-1.869594789445606149e-126
-1.582577822216391246e-126
-1.339623204723413194e-126
-1.133966561037745485e-126
-9.598819705554905024e-127
-8.125225461272440087e-127
-6.877854863582900197e-127
-5.821978448472841888e-127
-4.928198359339459062e-127
-4.171629847816680743e-127
-3.531208429184966857e-127
-2.989103402084879997e-127
-2.530221403673164058e-127
-2.141786178136369903e-127
-1.812982858415819192e-127
-1.534656857188909528e-127
-1.299058983588452188e-127
-1.099629689162642584e-127
-9.308164360233059121e-128
-7.879191023215269291e-128
-6.669591208074156579e-128
-5.645687070125779203e-128
-4.778970929312617159e-128
-4.045311555446797845e-128
-3.424282303174473868e-128
-2.898592390503478354e-128
-2.453605486468285771e-128
-2.076932204386709352e-128
-1.758085154850093852e-128
-1.488186954382146276e-128
-1.259723060105084921e-128
-1.066332548802214707e-128
-9.026310152171378478e-129
-7.640606587007544754e-129
-6.467633842980610962e-129
-5.474733851367346237e-129
-4.634262153822378539e-129
-3.922818221562784715e-129
-3.320593934620923301e-129
-2.810822081439176790e-129
-2.379309523857215430e-129
-2.014042029803397639e-129
-1.704849771390141181e-129
-1.443124175165668603e-129
-1.221578241025626092e-129
-1.034043656552194679e-129
-8.752990580104828743e-130
-7.409246564198713457e-130
-6.271791811802663450e-130
-5.308957151009448145e-130
-4.493935206557007574e-130
-3.804034025192961906e-130
-3.220045283187863003e-130
-2.725709485538851528e-130
-2.307263266869591477e-130
-1.953056189916488282e-130
-1.653226372448862292e-130
-1.399425911385139158e-130
-1.184588459325889812e-130
-1.002732482335732350e-130
-8.487947212513817856e-131
-7.184892197229040279e-131
-6.081879940263782035e-131
-5.148200222412013485e-131
-4.357857404349481872e-131
-3.688846652461223411e-131
-3.122541277232284600e-131
-2.643174126393675372e-131
-2.237398593696045178e-131
-1.893917020859626760e-131
-1.603166146616919451e-131
-1.357050845074580571e-131
-1.148718740102974668e-131
-9.723694205365206569e-132
-8.230929443266720441e-132
-6.967331352589223668e-132
-5.897718661224069190e-132
-4.992311065272702813e-132
-4.225900081722456138e-132
-3.577147190391744024e-132
-3.027989723910532305e-132
-2.563137964446792966e-132
-2.169649445277497585e-132
-1.836568604846529726e-132
-1.554621760510409778e-132
-1.315958909389309689e-132
-1.113935167505076522e-132
-9.429257620059944335e-133
-7.981694254666155699e-133
-6.756358320239568116e-133
-5.719133844895333550e-133
-4.841142281907199895e-133
-4.097938469229844942e-133
-3.468830023929216222e-133
-2.936301222007897260e-133
-2.485525323203757201e-133
-2.103951762844777422e-133
-1.780956717299461804e-133
-1.507547314015231318e-133
-1.276111250721800998e-133
-1.080204852663288553e-133
-9.143736669176668265e-134
-7.740005987670077456e-134
-6.551773619106523372e-134
-5.545956634194321818e-134
-4.694550937881264942e-134
-3.973851575484507651e-134
-3.363792736075537864e-134
-2.847389077407685317e-134
-2.410262817678706247e-134
-2.040243427348460171e-134
-1.727028775578630114e-134
-1.461898296887496301e-134
-1.237470191964025743e-134
-1.047495902594408057e-134
-8.866861384439483808e-135
-7.505636119066597301e-135
-6.353383808468667349e-135
-5.378023285084553967e-135
-4.552398426860432780e-135
-3.853522072758064074e-135
-3.261936011052238766e-135
-2.761169221118412848e-135
-2.337279285007143106e-135
-1.978464200723910244e-135
-1.674733789263169023e-135
-1.417631546668054582e-135
-1.199999196882901203e-135
-1.015777390044828326e-135
-8.598369972300160527e-136
-7.278363045400163308e-136
-6.161001305050667383e-136
-5.215175011752514573e-136
-4.414550339554613258e-136
-3.736836186042776664e-136
-3.163163540395093142e-136
-2.677560129784689184e-136
-2.266505717158566200e-136
-1.918555668934785006e-136
-1.624022311938551971e-136
-1.374705207870640544e-136
-1.163662835574427983e-136
-9.850193242481261772e-137
-8.338008566401724124e-137
-7.057971873440314539e-137
-5.974444205659083187e-137
-5.057257836469227320e-137
-4.280876336630965112e-137
-3.623683585474723634e-137
-3.067381931890565427e-137
-2.596482748604980713e-137
-2.197875195687825192e-137
-1.860461186740196559e-137
-1.574846394443850536e-137
-1.333078692406569713e-137
-1.128426750963280227e-137
-9.551926225680908920e-138
-8.085530987542115613e-138
-6.844254216991418973e-138
-5.793536115188645738e-138
-4.904122444000859345e-138
-4.151250025472779113e-138
-3.513957282014336801e-138
-2.974500621271373550e-138
-2.517860416582090798e-138
-2.131322828462167873e-138
-1.804125824135364240e-138
-1.527159539533861699e-138
-1.292712641207754641e-138
-1.094257626317420820e-138
-9.262690829999145529e-139
-7.840698510906001533e-139
-6.637007999858855638e-139
-5.618105979833542080e-139
-4.755624040427679860e-139
-4.025548840672417671e-139
-3.407553526283928760e-139
-2.884431786585859882e-139
-2.441618794038468226e-139
-2.066785688303101646e-139
-1.749496314414011460e-139
-1.480916657914916440e-139
-1.253568887011109540e-139
-1.061123153746351179e-139
-8.982213575045624935e-140
-7.603279640340798073e-140
-6.436037264781244872e-140
-5.447987925352194787e-140
-4.611622216235538884e-140
-3.903653928142861311e-140
-3.304371710470327738e-140
-2.797090265158778072e-140
-2.367685792326302424e-140
-2.004202753487330790e-140
-1.696521003802538220e-140
-1.436074025611901456e-140
-1.215610418270547288e-140
-1.028992003652692605e-140
-8.710229261505637945e-141
-7.373049889471852555e-141
-6.241151988144921509e-141
-5.283021100229298546e-141
-4.471980813555521440e-141
-3.785450032736352997e-141
-3.204314273197838933e-141
-2.712393473068069870e-141
-2.295991505664790010e-141
-1.943514850049292797e-141
-1.645149802620217280e-141
-1.392589242625467612e-141
-1.178801344161697417e-141
-9.978337951093491097e-142
-8.446480720383414412e-142
-7.149791569445332750e-142
-6.052167900312341919e-142
-5.123049523584191112e-142
-4.336567797423502955e-142
-3.670825389268068324e-142
-3.107286607280012049e-142
-2.630261327059838617e-142
-2.226468145042645602e-142
-1.884664595829775993e-142
-1.595334137918230734e-142
-1.350421192841879133e-142
-1.143106860645677667e-142
-9.676190671336297696e-143
-8.190718569843063129e-143
-6.933293583094602748e-143
-5.868906311390833669e-143
-4.967921937687429943e-143
-4.205255130935736906e-143
-3.559671616839520464e-143
-3.013196970266421382e-143
-2.550616168826389214e-143
-2.159049974122010972e-143
-1.827596346219800860e-143
-1.547026907551979490e-143
-1.309530005156767319e-143
-1.108493217561094148e-143
-9.383192508306972785e-144
-7.942700979412223331e-144
-6.723351225343101921e-144
-5.691193942274068165e-144
-4.817491664943075714e-144
-4.077918654187093352e-144
-3.451883616360033172e-144
-2.921956397698036250e-144
-2.473382691578552125e-144
-2.093673247082081774e-144
-1.772256141547339850e-144
-1.500182435644948072e-144
-1.269877015775386506e-144
-1.074927686712474253e-144
-9.099066423810356219e-145
-7.702193441321553534e-145
-6.519765989650920148e-145
-5.518862760802767609e-145
-4.671616469199079842e-145
-3.954437966874962441e-145
-3.347359471173188175e-145
-2.833478618987721431e-145
-2.398487868841356080e-145
-2.030276148346005614e-145
-1.718591656056264151e-145
-1.454756429401095915e-145
-1.231424731655127184e-145
-1.042378530924433124e-145
-8.823543768458417130e-146
-7.468968548772368698e-146
-6.322345380318820321e-146
-5.351749822886379328e-146
-4.530158421259814504e-146
-3.834696314455894380e-146
-3.246000350692244527e-146
-2.747679975849457269e-146
-2.325860885404537445e-146
-1.968798734132806691e-146
-1.666552148431164161e-146
-1.410705937224223825e-146
-1.194136795054968820e-146
-1.010814974033460434e-146
-8.556364027651374022e-147
-7.242805780918199363e-147
-6.130902730479231942e-147
-5.189697118432833278e-147
-4.392983768470790598e-147
-3.718580477751554364e-147
-3.147710416951819034e-147
-2.664479343197479249e-147
-2.255433070365169941e-147
-1.909182875778114991e-147
-1.616088413820251091e-147
-1.367989308106276732e-147
-1.157977949157762844e-147
-9.802071717883403135e-148
-8.297274575255290880e-148
-7.023491294353401803e-148
-5.945257025598366386e-148
-5.032551421946451509e-148
-4.259962808250105939e-148
-3.605980665897346064e-148
-3.052396733990932609e-148
-2.583798052439219564e-148
-2.187137832197718218e-148
-1.851372204772207915e-148
-1.567152737310177106e-148
-1.326566152245341012e-148
-1.122914004734119993e-148
-9.505261836312011298e-149
-8.046030434738164989e-149
-6.810817720919409639e-149
-5.765232732319641177e-149
-4.880164147649665153e-149
-4.130969765451743800e-149
-3.496790412530700253e-149
-2.959969179979893021e-149
-2.505559817092388844e-149
-2.120910595789057208e-149
-1.795312059462267129e-149
-1.519698848810511671e-149
-1.286397302855451290e-149
-1.088911807815695390e-149
-9.217439453335692809e-150
-7.802394047534691360e-150
-6.604583971633300464e-150
-5.590659632492952310e-150
-4.732391208989140489e-150
-4.005882673442230144e-150
-3.390906475124739410e-150
-2.870340362006450382e-150
-2.429690660654323677e-150
-2.056688741381248516e-150
-1.740949433367571246e-150
-1.473681879304290931e-150
-1.247444779133514269e-150
-1.055939208346768359e-150
-8.938332424609850258e-151
-7.566135048429307112e-151
-6.404595046550012774e-151
-5.421372662229435216e-151
-4.589092882398705480e-151
-3.884583258776243199e-151
-3.288228737370055245e-151
-2.783425533443837432e-151
-2.356118846654206257e-151
-1.994411545363098942e-151
-1.688232925060679141e-151
-1.429058318422544775e-151
-1.209671750347573252e-151
-1.023965029785642568e-151
-8.667676846406526978e-152
-7.337030047740496108e-152
-6.210661850385521609e-152
-5.257211755826868494e-152
-4.450133675187457447e-152
-3.766956829366415015e-152
-3.188660114510682435e-152
-2.699142513820854410e-152
-2.284774810824621558e-152
-1.934020122853525288e-152
-1.637112689566178528e-152
-1.385785973304265076e-152
-1.173042501011857101e-152
-9.929590396264979579e-153
-8.405216806087496652e-153
-7.114862420096791697e-153
-6.022601013722826674e-153
-5.098021694423962384e-153
-4.315382197425930459e-153
-3.652892166039281166e-153
-3.092106461548283470e-153
-2.617411611116903406e-153
-2.215591095326915554e-153
-1.875457372024576950e-153
-1.587540391230242127e-153
-1.343823928702070212e-153
-1.137522397116988442e-153
-9.628919208133309356e-154
-8.150704140132894577e-154
-6.899422099612632348e-154
-5.840234719628744155e-154
-4.943651959237297505e-154
-4.184711037713971907e-154
-3.542281417373048766e-154
-2.998476484225850913e-154
-2.538155546411394334e-154
-2.148502284967077425e-154
-1.818667920110322976e-154
-1.539469158018182397e-154
-1.303132508295181858e-154
-1.103077853382717014e-154
-9.337352440200206164e-155
-7.903898199492553303e-155
-6.690505381266149541e-155
-5.663390535523998134e-155
-4.793956589239714479e-155
-4.057996642710281712e-155
-3.435019997721654737e-155
-2.907681652705289835e-155
-2.461299380814718524e-155
-2.083444945344203866e-155
-1.763598071049659625e-155
-1.492853537195847437e-155
-1.263673237174571559e-155
-1.069676301501677813e-155
-9.054614407697357049e-156
-7.664565622046918933e-156
-6.487914728287823984e-156
-5.491901250144192965e-156
-4.648794043150888436e-156
-3.935119200307724986e-156
-3.331006488326593573e-156
-2.819636117860468694e-156
-2.386770444610494805e-156
-2.020357562871791263e-156
-1.710195754715478759e-156
-1.447649452352219007e-156
-1.225408805464035721e-156
-1.037286159345324374e-156
-8.780437773678238440e-157
-7.432480111957716834e-157
-6.291458585385034399e-157
-5.325604715434788231e-157
-4.508027065606741791e-157
-3.815962526348295804e-157
-3.230142541421373097e-157
-2.734256630104864104e-157
-2.314498268544719236e-157
-1.959180486614147966e-157
-1.658410477681145245e-157
-1.403814161724176379e-157
-1.188303033042197377e-157
-1.005876801102288451e-157
-8.514563296245022055e-158
-7.207422225696071492e-158
-6.100951197622043747e-158
-5.164343693236467859e-158
-4.371522557378934817e-158
-3.700413954768279295e-158
-3.132332787241492631e-158
-2.651462460675703946e-158
-2.244414517195439373e-158
-1.899855871885094194e-158
-1.608193275476917088e-158
-1.361306217783161465e-158
-1.152320835333386647e-158
-9.754185283204353097e-159
-8.256739583429307449e-159
-6.989179164553718359e-159
-5.916212434781196076e-159
-5.007965706612792084e-159
-4.239151449526558519e-159
-3.588364231067924248e-159
-3.037484743850101228e-159
-2.571175325303110113e-159
-2.176452924358844551e-159
-1.842327625554461043e-159
-1.559496666292940092e-159
-1.320085428044860420e-159
-1.117428190134356833e-159
-9.458825418263094941e-160
-8.006722855490831833e-160
-6.777544573436854038e-160
-5.737067621045741042e-160
-4.856322895677074213e-160
-4.110788581358433960e-160
-3.479707409008861683e-160
-2.945508729692582084e-160
-2.493319310190491345e-160
-2.110549230393083124e-160
-1.786541353009762655e-160
-1.512274606084086809e-160
-1.280112817066307440e-160
-1.083592105444912049e-160
-9.172409144948439606e-161
-7.764276714418250797e-161
-6.572318345749040139e-161
-5.563347369839769460e-161
-4.709271877787539314e-161
-3.986312582088608346e-161
-3.374340750439459053e-161
-2.856317778800628290e-161
-2.417820800234975055e-161
-2.046641121459267568e-161
-1.732444306724868805e-161
-1.466482445033446699e-161
-1.241350589593693578e-161
-1.050780588273230614e-161
-8.894665648431321007e-162
-7.529171920409294238e-162
-6.373306434185915475e-162
-5.394887423666347595e-162
-4.566673611975684209e-162
-3.865605756077554677e-162
-3.272164628151739132e-162
-2.769827558563886465e-162
-2.344608409422672199e-162
-1.984668170601217972e-162
-1.679985336385986688e-162
-1.422076885334921757e-162
-1.203762094825422098e-162
-1.018962614385742869e-162
-8.625332314242769749e-163
-7.301186175115248632e-163
-6.180320667258944047e-163
-5.231528498798362612e-163
-4.428393267477410538e-163
-3.748553971548189691e-163
-3.173082431681613298e-163
-2.685956289990058189e-163
-2.273612913331535609e-163
-1.924571780610416019e-163
-1.629114840526967271e-163
-1.379015940254138819e-163
-1.167311791757953325e-163
-9.881080989724630436e-164
-8.364154479965802215e-164
-7.080103911452875385e-164
-5.993178571371640527e-164
-5.073116134672036398e-164
-4.294300096247509115e-164
-3.635046552669659097e-164
-3.077000475961435373e-164
-2.604624670381026802e-164
-2.204767183676862310e-164
-1.866295128620976205e-164
-1.579784719630004576e-164
-1.337258894428292149e-164
-1.131965215580954826e-164
-9.581878682011243475e-165
-8.110885194441788212e-165
-6.865716089780698099e-165
-5.811703198286697549e-165
-4.919500547838208438e-165
-4.164267309334328981e-165
-3.524976174910852343e-165
-2.983827912736970510e-165
-2.525755798350303460e-165
-2.138006124839994493e-165
-1.809783112381324562e-165
-1.531948330646418799e-165
-1.296766265368852823e-165
-1.097688945089427790e-165
-9.291736316326397919e-166
-7.865284984272580831e-166
-6.657820000243553119e-166
-5.635722957817284121e-166
-4.770536490338718364e-166
-4.038171956995687416e-166
-3.418238763562551410e-166
-2.893476644668333716e-166
-2.449275101109650393e-166
-2.073266612318890802e-166
-1.754982298153781250e-166
-1.485560442893763222e-166
-1.257499766129953295e-166
-1.064450571083206481e-166
-9.010379554713460665e-167
-7.627121627392827883e-167
-6.456219071105866365e-167
-5.465071455581578964e-167
-4.626083112371066685e-167
-3.915894812447126839e-167
-3.314733395330576958e-167
-2.805861242031895647e-167
-2.375110263958834789e-167
-2.010487433041352109e-167
-1.701840870191714642e-167
-1.440577195289198864e-167
-1.219422269106530250e-167
-1.032218665723302759e-167
-8.737542366257330114e-168
-7.396169933494602551e-168
-6.260722682888490678e-168
-5.299587335673142598e-168
-4.486003829109225476e-168
-3.797320259130204527e-168
-3.214362202910548356e-168
-2.720898861943018060e-168
-2.303191161910391051e-168
-1.949609227486688530e-168
-1.650308581745652310e-168
-1.396956054877816255e-168
-1.182497770929338786e-168
-1.000962752815610805e-168
-8.472966775545996217e-169
-7.172211531104902766e-169
-6.071145988130261082e-169
-5.139114128095137118e-169
-4.350166191559613581e-169
-3.682336181392354669e-169
-3.117030282452058324e-169
-2.638509170026246603e-169
-2.233449793383604300e-169
-1.890574433559903285e-169
-1.600336707553852018e-169
-1.354655776616002410e-169
-1.146691358422926339e-169
-9.706532789949816021e-170
-8.216402618744337093e-170
-6.955034661110332428e-170
-5.887309736610570223e-170
-4.983500100811611719e-170
-4.218441761327482298e-170
-3.570833858479019208e-170
-3.022645603823241998e-170
-2.558614264457280836e-170
-2.165820215907487897e-170
-1.833327232164402132e-170
-1.551877997771428912e-170
-1.313636364373326919e-170
-1.111969175593810985e-170
-9.412615857818254896e-171
-7.967607307058592249e-171
-6.744433976530272989e-171
-5.709040105864100770e-171
-4.832598116281446951e-171
-4.090705989173206342e-171
-3.462707861735635598e-171
-2.931118923594215350e-171
-2.481138602303645691e-171
-2.100238483770637254e-171
-1.777813494423783312e-171
-1.504886633293711295e-171
-1.273859033115265659e-171
-1.078298391618879391e-171
-9.127598824843585269e-172
-7.726345597362993799e-172
-6.540210348356705863e-172
-5.536168536824637291e-172
-4.686265492336377378e-172
-3.966838097248184670e-172
-3.357855954920572062e-172
-2.842363700655332122e-172
-2.406008928097148934e-172
-2.036642587557969282e-172
-1.723980730501720489e-172
-1.459318182433249721e-172
-1.235286172230379884e-172
-1.045647169803076262e-172
-8.851212199218800890e-173
-7.492389369767859852e-173
-6.342170677273078983e-173
-5.368531574448688085e-173
-4.544363867269221938e-173
-3.846720964896559768e-173
-3.256178997538465201e-173
-2.756296014389055132e-173
-2.333154204569128137e-173
-1.974972395519426864e-173
-1.671778039970695938e-173
-1.415129558908617765e-173
-1.197881309968637930e-173
-1.013984637476519426e-173
-8.583194649436918737e-174
-7.265517411927115257e-174
-6.150127711071087283e-174
-5.205970713164920101e-174
-4.406759069009777866e-174
-3.730241017912894756e-174
-3.157580851100567239e-174
-2.672834485321130902e-174
-2.262505545481833454e-174
-1.915169596714005682e-174
-1.621156063684502518e-174
-1.372278981104587918e-174
-1.161609078956524073e-174
-9.832808568036973024e-175
-8.323292757191461730e-175
-7.045515209876850008e-175
-5.963899867599499292e-175
-5.048332247000720714e-175
-4.273320988261998395e-175
-3.617288121155211675e-175
-3.061968288221908027e-175
-2.591900198174392381e-175
-2.193996150494942730e-175
-1.857177645874396718e-175
-1.572066937108019655e-175
-1.330725932566675791e-175
-1.126435182755753337e-175
-9.535067964765462350e-176
-8.071260777763752083e-176
-6.832174745203678854e-176
-5.783311063073992160e-176
-4.895467124249751295e-176
-4.143923455480380368e-176
-3.507755474409640194e-176
-2.969250904472710003e-176
-2.513416627251170772e-176
-2.127561242004280177e-176
-1.800941709942166131e-176
-1.524464245059354739e-176
-1.290431123691885878e-176
-1.092326363435220259e-176
-9.246343042641719838e-177
-7.826860407665544171e-177
-6.625294298358658849e-177
-5.608190545582801315e-177
-4.747230806540073306e-177
-4.018444121573826345e-177
-3.401539511406489914e-177
-2.879341032898887542e-177
-2.437309564076526729e-177
-2.063138003891967236e-177
-1.746408616221817646e-177
-1.478302977823246692e-177
-1.251356454578800493e-177
-1.059250370124846380e-177
-8.966360803942842459e-178
-7.589860559313417810e-178
-6.424678257926741122e-178
-5.438372733636950587e-178
-4.603483132167264613e-178
-3.896764342221719126e-178
-3.298539801896017600e-178
-2.792153661129391055e-178
-2.363507047232405319e-178
-2.000665522132370688e-178
-1.693526802103854258e-178
-1.433539488593328980e-178
-1.213464979003266941e-178
-1.027175928521077132e-178
-8.694856517406230133e-179
-7.360037142530283278e-179
-6.230136935668256575e-179
-5.273697059609091051e-179
-4.464088183568378470e-179
-3.778769065690912110e-179
-3.198658956689276799e-179
-2.707606350995100036e-179
-2.291939294315200553e-179
-1.940084727196470872e-179
-1.642246266311174018e-179
-1.390131452202305997e-179
-1.176720869484879868e-179
-9.960727113163254206e-180
-8.431573467915458129e-180
-7.137172852662877982e-180
-6.041486387164423057e-180
-5.114007817910298782e-180
-4.328914158808713261e-180
-3.664346724051731841e-180
-3.101802535572698682e-180
-2.625619160581608368e-180
-2.222538635954924055e-180
-1.881338338199227960e-180
-1.592518521621693780e-180
-1.348037825102556632e-180
-1.141089383410647198e-180
-9.659113095237935459e-181
-8.176262713770371632e-181
-6.921056965111419931e-181
-5.858548237893602641e-181
-4.959154017766949816e-181
-4.197833246957745782e-181
-3.553389127687892507e-181
-3.007878958012744645e-181
-2.546114568640907700e-181
-2.155239451832236418e-181
-1.824370808739218635e-181
-1.544296549021716808e-181
-1.307218806558500833e-181
