-5.000000000000000000e-01
-4.168764590375902968e-01
-3.475719641994393649e-01
-2.897891393924047487e-01
-2.416125405949127170e-01
-2.014451607645665054e-01
-1.679554906195812047e-01
-1.400333804108244429e-01
-1.167532395454566885e-01
-9.734335416575506938e-02
-8.116030559092408947e-02
-6.766764161830635116e-02
-5.641809365852845648e-02
-4.703875022003693035e-02
-3.921869525856533367e-02
-3.269870161493010352e-02
-2.726263788871758145e-02
-2.273030389414526856e-02
-1.895145720047925267e-02
-1.580083274267646970e-02
-1.317399040722436708e-02
-1.098385294471774902e-02
-9.157819444367089334e-03
-7.635358684946691454e-03
-6.366002584124978367e-03
-5.307673230988336696e-03
-4.425288044526048091e-03
-3.689596820446802792e-03
-3.076212115568430303e-03
-2.564800827973403707e-03
-2.138410174604464878e-03
-1.782905723118127653e-03
-1.486502849302678972e-03
-1.239376088333179245e-03
-1.033333430240391052e-03
-8.615447628075622363e-04
-7.183154600431937214e-04
-5.988976109095286212e-04
-4.993326307240736730e-04
-4.163200379563530384e-04
-3.471080464992793596e-04
-2.894023466561496593e-04
-2.412900510223695591e-04
-2.011762841424098638e-04
-1.677313139512559266e-04
-1.398464724594438845e-04
-1.165974044955817322e-04
-9.721342623818345346e-05
-8.105197780217179837e-05
-6.757732300832549753e-05
-5.634279025390033296e-05
-4.697596578668725360e-05
-3.916634855405035217e-05
-3.265505739728911570e-05
-2.722624939490231257e-05
-2.269996488124242709e-05
-1.892616195993999473e-05
-1.577974276206345271e-05
-1.315640657434611404e-05
-1.096919237274456463e-05
-9.145596149703795073e-06
-7.625167477352662948e-06
-6.357505635054747039e-06
-5.300588874906300475e-06
-4.419381441969966549e-06
-3.684672173329759476e-06
-3.072106176664104903e-06
-2.561377489430483876e-06
-2.135555956104746464e-06
-1.780526010115164772e-06
-1.484518756642277339e-06
-1.237721845287837642e-06
-1.031954200274130052e-06
-8.603948257984954413e-07
-7.173566967062823741e-07
-5.980982391796352600e-07
-4.986661522116482504e-07
-4.157643595517839385e-07
-3.466447480079584607e-07
-2.890160701870710525e-07
-2.409679918890917177e-07
-2.009077664002466915e-07
-1.675074365001724382e-07
-1.396598139813115496e-07
-1.164417774447554176e-07
-9.708367173042558285e-08
-8.094379460269526291e-08
-6.748712495007523376e-08
-5.626758735962955823e-08
-4.691326515414120918e-08
-3.911407171869999277e-08
-3.261147143326796152e-08
-2.718990947021260730e-08
-2.266966636298970936e-08
-1.890090048193347348e-08
-1.575868093106059384e-08
-1.313884621128749819e-08
-1.095455136880196380e-08
-9.133389169943118364e-09
-7.614989872356314577e-09
-6.349020027190013270e-09
-5.293513974587446440e-09
-4.413482723184023383e-09
-3.679754099329080732e-09
-3.068005718114723859e-09
-2.557958720149495742e-09
-2.132705547240492801e-09
-1.778149473406889167e-09
-1.482537312226837150e-09
-1.236069810224462939e-09
-1.030576811219278935e-09
-8.592464236546868967e-10
-7.163992130677593857e-10
-5.972999344020064388e-10
-4.980005632737877689e-10
-4.152094228326035012e-10
-3.461820678989953198e-10
-2.886303092960871871e-10
-2.406463626205550808e-10
-2.006396070590655076e-10
-1.672838578669537957e-10
-1.394734046434462319e-10
-1.162863581153535524e-10
-9.695409041101166858e-11
-8.083575579950572209e-11
-6.739704728265073275e-11
-5.619248484156087081e-11
-4.685064821054681562e-11
-3.906186465925708242e-11
-3.256794364511342160e-11
-2.715361804982130400e-11
-2.263940828533745118e-11
-1.887567272139548863e-11
-1.573764721209554634e-11
-1.312130928672241867e-11
-1.093992990677176392e-11
-9.121198483308914019e-12
-7.604825851801706454e-12
-6.340545745393255119e-12
-5.286448517410788641e-12
-4.407591877645465847e-12
-3.674842589671364860e-12
-3.063910732605460072e-12
-2.554544514031662550e-12
-2.129858942926838938e-12
-1.775776108753774847e-12
-1.480558512521646700e-12
-1.234419980195974085e-12
-1.029201260618698279e-12
-8.580995543274957345e-13
-7.154430074195603289e-13
-5.965026951525426603e-13
-4.973358627231414758e-13
-4.146552268088574421e-13
-3.457200053470101510e-13
-2.882450632950362708e-13
-2.403251626430020606e-13
-2.003718056404950313e-13
-1.670605776527559821e-13
-1.392872441133103614e-13
-1.161311462301227562e-13
-9.682468204878019287e-14
-8.072786119987219866e-14
-6.730708984536147671e-14
-5.611748256571859512e-14
-4.678811484420087408e-14
-3.900972728258908669e-14
-3.252447395517569808e-14
-2.711737506898790386e-14
-2.260919059430785893e-14
-1.885047863332207041e-14
-1.571664156764614816e-14
-1.310379576936663662e-14
-1.092532796057065956e-14
-9.109024068054133283e-15
-7.594675397557200525e-15
-6.332082774547087769e-15
-5.279392490772230464e-15
-4.401708894845520219e-15
-3.669937635594937856e-15
-3.059821212831213771e-15
-2.551134864986367313e-15
-2.127016138085704673e-15
-1.773405911921960894e-15
-1.478582353996714303e-15
-1.232772352259232634e-15
-1.027827546018534235e-15
-8.569542157710064999e-16
-7.144880780559059914e-16
-5.957065200090359145e-16
-4.966720493739455576e-16
-4.141017704919080626e-16
-3.452585595277276882e-16
-2.878603314966749287e-16
-2.400043913834419882e-16
-2.001043616668028596e-16
-1.668375954592685125e-16
-1.391013320588108910e-16
-1.159761415121784817e-16
-9.669544641287907420e-17
-8.062011061131975544e-17
-6.721725247773180003e-17
-5.604258039830516324e-17
-4.672566494354993434e-17
-3.895765949568772352e-17
-3.248106228590896767e-17
-2.708118046305834782e-17
-2.257901323599551247e-17
-1.882531817276928501e-17
-1.569566396024014798e-17
-1.308630562797769414e-17
-1.091074550415000325e-17
-9.096865902460739617e-18
-7.584538491515268302e-18
-6.323631099554394425e-18
-5.272345882084412161e-18
-4.395833764289548379e-18
-3.665039228349824016e-18
-3.055737151496679573e-18
-2.547729766931083225e-18
-2.124177127645794435e-18
-1.771038878683239855e-18
-1.476608833126739303e-18
-1.231126923475008544e-18
-1.026455664968209942e-18
-8.558104059420465728e-19
-7.135344232732824569e-19
-5.949114075511913735e-19
-4.960091220420198320e-19
-4.135490528944431630e-19
-3.447977296179673955e-19
-2.874761132146779948e-19
-2.396840482696491944e-19
-1.998372746608914381e-19
-1.666149108887098934e-19
-1.389156681482982993e-19
-1.158213436850073481e-19
-9.656638327276276857e-20
-8.051250384163241895e-20
-6.712753501950034106e-20
-5.596777820570238781e-20
-4.666329839718861805e-20
-3.890566120566898305e-20
-3.243770855987092543e-20
-2.704503416746450589e-20
-2.254887615656653785e-20
-1.880019129485324708e-20
-1.567471435245553333e-20
-1.306883883135464730e-20
-1.089618251149619023e-20
-9.084723964839715822e-21
-7.574415115592651468e-21
-6.315190705338097077e-21
-5.265308678776905870e-21
-4.389966475496827489e-21
-3.660147359197676423e-21
-3.051658541316234671e-21
-2.544329213791464808e-21
-2.121341906542567640e-21
-1.768675004815023411e-21
-1.474637946391162766e-21
-1.229483690908026080e-21
-1.025085615020411927e-21
-8.546681228001552693e-22
-7.125820413704675773e-22
-5.941173563605974772e-22
-4.953470795447575490e-22
-4.129970730304609853e-22
-3.443375147956559413e-22
-2.870924077636343434e-22
-2.393641327301585160e-22
-1.995705441463049006e-22
-1.663925235438336791e-22
-1.387302520505647796e-22
-1.156667524724630800e-22
-9.643749239819589103e-23
-8.040504069884901812e-23
-6.703793731061867902e-23
-5.589307585446945142e-23
-4.660101509386141027e-23
-3.885373231977256047e-23
-3.239441269972215764e-23
-2.700893611772508915e-23
-2.251877930225947703e-23
-1.877509795474985365e-23
-1.565379270691996187e-23
-1.305139534833852372e-23
-1.088163895663010242e-23
-9.072598233530865138e-24
-7.564305251730100949e-24
-6.306761576841397165e-24
-5.258280868295952623e-24
-4.384107018000621928e-24
-3.655262019411903238e-24
-3.047585375014057906e-24
-2.540933199501218816e-24
-2.118510469718235335e-24
-1.766314286100403555e-24
-1.472669690274093650e-24
-1.227842651626891570e-24
-1.023717393731090084e-24
-8.535273643076166871e-25
-7.116309306484944636e-25
-5.933243650207356093e-25
-4.946859207011428585e-25
-4.124458299152859989e-25
-3.438779142398099856e-25
-2.867092144590467765e-25
-2.390446441942734411e-25
-1.993041696472191463e-25
-1.661704330279189248e-25
-1.385450834348440394e-25
-1.155123675987708034e-25
-9.630877355924827818e-26
-8.029772099126462684e-26
-6.694845919125369230e-26
-5.581847321134502020e-26
-4.653881492246029167e-26
-3.880187274536182790e-26
-3.235117462822729939e-26
-2.697288624944431036e-26
-2.248872261938398832e-26
-1.875003810769475417e-26
-1.563289898631136739e-26
-1.303397514781166171e-26
-1.086711481360729914e-26
-9.060488686903125390e-27
-7.554208881892655485e-27
-6.298343699027461041e-27
-5.251262438104544933e-27
-4.378255381348260019e-27
-3.650383200277481517e-27
-3.043517645323950627e-27
-2.537541718002151295e-27
-2.115682812121804403e-27
-1.763956718328061843e-27
-1.470704061264333288e-27
-1.226203802704159478e-27
-1.022350998659477931e-27
-8.523881284294162237e-28
-7.106810894106639247e-28
-5.925324321169904871e-28
-4.940256443317256434e-28
-4.118953225655453637e-28
-3.434189271305418899e-28
-2.863265326173376296e-28
-2.387255820920540739e-28
-1.990381506884451356e-28
-1.659486389447789659e-28
-1.383601619708142856e-28
-1.153581887885212532e-28
-9.618022652629667501e-29
-8.019054452743189633e-29
-6.685910050178368995e-29
-5.574397014324442395e-29
-4.647669777202554129e-29
-3.875008238992433869e-29
-3.230799426825337631e-29
-2.693688449831232253e-29
-2.245870605432219437e-29
-1.872501170898375848e-29
-1.561203315335705229e-29
-1.301657819869802249e-29
-1.085261005651819733e-29
-9.048395303354050145e-30
-7.544125988069266196e-30
-6.289937056879522902e-30
-5.244253375682487711e-30
-4.372411555100929782e-30
-3.645510893091019666e-30
-3.039455344989522650e-30
-2.534154763244205971e-30
-2.112858928708963967e-30
-1.761602297292314663e-30
-1.468741055855401404e-30
-1.224567141216256370e-30
-1.020986427368044777e-30
-8.512504131332561718e-31
-7.097325159625516966e-31
-5.917415562366225227e-31
-4.933662492586300650e-31
-4.113455499991934262e-31
-3.429605526490658158e-31
-2.859443615558337088e-31
-2.384069458543229849e-31
-1.987724867954323421e-31
-1.657271408987511476e-31
-1.381754873285916299e-31
-1.152042157666727956e-31
-9.605185107002567263e-32
-8.008351111615728725e-32
-6.676986108280194976e-32
-5.566956651726106413e-32
-4.641466353174653638e-32
-3.869836116107114245e-32
-3.226487154277058935e-32
-2.690093080010569122e-32
-2.242872955352650620e-32
-1.870001871397193463e-32
-1.559119517083450521e-32
-1.299920446996286553e-32
-1.083812465948756712e-32
-9.036318061310285062e-33
-7.534056552272976141e-33
-6.281541635400995136e-33
-5.237253668526294971e-33
-4.366575528833782220e-33
-3.640645089160821731e-33
-3.035398466763895448e-33
-2.530772329185349760e-33
-2.110038814442195865e-33
-1.759251018793065987e-33
-1.466780670545466345e-33
-1.222932664243546285e-33
-1.019623677422520944e-33
-8.501142163895691038e-34
-7.087852086119950621e-34
-5.909517359687817757e-34
-4.927077343055628735e-34
-4.107965112354716683e-34
-3.425027899776813266e-34
-2.855627005927810288e-34
-2.380887349126590426e-34
-1.985071774942593825e-34
-1.655059384947057209e-34
-1.379910591787335009e-34
-1.150504482585533804e-34
-9.592364696142596010e-35
-7.997662056650304345e-35
-6.668074077511306837e-35
-5.559526220066491140e-35
-4.635271209095956960e-35
-3.864670896653604743e-35
-3.222180637485150824e-35
-2.686502509068614251e-35
-2.239879306352239734e-35
-1.867505907807407938e-35
-1.557038500157057563e-35
-1.298185393061342385e-35
-1.082365859667479377e-35
-9.024256939227076493e-36
-7.524000556540733118e-36
-6.273157419615174869e-36
-5.230263304149095000e-36
-4.360747292135821061e-36
-3.635785779806715732e-36
-3.031347003410079288e-36
-2.527394409791630817e-36
-2.107222464290660047e-36
-1.756902878635901447e-36
-1.464822901837380936e-36
-1.221300368870263853e-36
-1.018262746391871549e-36
-8.489795361714781934e-37
-7.078391656690795778e-37
-5.901629699044932240e-37
-4.920500982977906312e-37
-4.102482052949602515e-37
-3.420456382997819287e-37
-2.851815490473294363e-37
-2.377709486994099263e-37
-1.982422223116388453e-37
-1.652850313380367168e-37
-1.378068771922350707e-37
-1.148968859898550690e-37
-9.579561397179250074e-38
-7.986987268778512146e-38
-6.659173941973460280e-38
-5.552105706090547140e-38
-4.629084333914896647e-38
-3.859512571417628443e-38
-3.217879868767274634e-38
-2.682916730600118742e-38
-2.236889653090560363e-38
-1.865013275676423426e-38
-1.554960260844183100e-38
-1.296452654969774914e-38
-1.080921184227359507e-38
-9.012211915588489160e-39
-7.513957982933777086e-39
-6.264784394565391683e-39
-5.223282270080720808e-39
-4.354926834610132291e-39
-3.630932956360139624e-39
-3.027300947700592876e-39
-2.524020999037115853e-39
-2.104409873230247011e-39
-1.754557872631930065e-39
-1.462867746238645084e-39
-1.219670252184544118e-39
-1.016903631848349768e-39
-8.478463704548184357e-40
-7.068943854461517080e-40
-5.893752566366873615e-40
-4.913933400621510010e-40
-4.097006311995257345e-40
-3.415890967998461887e-40
-2.848009062395396553e-40
-2.374535866476708620e-40
-1.979776207749123018e-40
-1.650644190346660992e-40
-1.376229410405365380e-40
-1.147435286866369001e-40
-9.566775187272619863e-41
-7.976326728957737737e-41
-6.650285685789634195e-41
-5.544695096560682311e-41
-4.622905716594589125e-41
-3.854361131197207829e-41
-3.213584840451209121e-41
-2.679335738208345417e-41
-2.233903990234346122e-41
-1.862523970557665943e-41
-1.552884795437439779e-41
-1.294722229630538594e-41
-1.079478437051259940e-41
-9.000182968907311867e-42
-7.503928813536974015e-42
-6.256422545314847562e-42
-5.216310553867650044e-42
-4.349114145873491601e-42
-3.626086610164051780e-42
-3.023260292417645100e-42
-2.520652090904022017e-42
-2.101601036243552823e-42
-1.752215996597876357e-42
-1.460915200261482490e-42
-1.218042311278408724e-42
-1.015546331367405465e-42
-8.467147172181141503e-43
-7.059508662578104415e-43
-5.885885947601478714e-43
-4.907374584270407344e-43
-4.091537879723464607e-43
-3.411331646634558437e-43
-2.844207714903799403e-43
-2.371366481912971687e-43
-1.977133724120604909e-43
-1.648441011910418052e-43
-1.374392503955107374e-43
-1.145903760753219027e-43
-9.554006043613285032e-44
-7.965680418170446796e-44
-6.641409293103899889e-44
-5.537294378257048598e-44
-4.616735346113083150e-44
-3.849216566802646400e-44
-3.209295544875018008e-44
-2.675759525505209274e-44
-2.230922312457448805e-44
-1.860037988010418060e-44
-1.550812100234365692e-44
-1.292994113956713504e-44
-1.078037615565436785e-44
-8.988170077724879202e-45
-7.493913030459208793e-45
-6.248071856946952802e-45
-5.209348143072980534e-45
-4.343309215556598117e-45
-3.621246732573118613e-45
-3.019225030353077556e-45
-2.517287679382491159e-45
-2.098795948319840612e-45
-1.749877246356048877e-45
-1.458965260422709667e-45
-1.216416543247743716e-45
-1.014190842527739628e-45
-8.455845744426244464e-46
-7.050086064209041943e-46
-5.878029828715423353e-46
-4.900824522224412285e-46
-4.086076746379043726e-46
-3.406778410772649176e-46
-2.840411441217207910e-46
-2.368201327648997562e-46
-1.974494767516858326e-46
-1.646240774141347332e-46
-1.372558049294704871e-46
-1.144374278827031937e-46
-9.541253943422266915e-47
-7.955048317424597940e-47
-6.632544748081779364e-47
-5.529903537977447224e-47
-4.610573211462937824e-47
-3.844078869056460620e-47
-3.205011974386993076e-47
-2.672188086111037273e-47
-2.227944614440798008e-47
-1.857555323599914896e-47
-1.548742171537507481e-47
-1.291268304865500302e-47
-1.076598717199597149e-47
-8.976173220611555515e-48
-7.483910615833243597e-48
-6.239732314564756492e-48
-5.202395025276339167e-48
-4.337512033303989766e-48
-3.616413314953392251e-48
-3.015195154308312316e-48
-2.513927758470722494e-48
-2.095994604455151545e-48
-1.747541617734332457e-48
-1.457017923243813623e-48
-1.214792945192362914e-48
-1.012837162911284532e-48
-8.444559401122662158e-49
-7.040676042545181669e-49
-5.870184195694112178e-49
-4.894283202798747499e-49
-4.080622902219775207e-49
-3.402231252290180692e-49
-2.836620234563499490e-49
-2.365040398038442114e-49
-1.971859333230227340e-49
-1.644043473114473417e-49
-1.370726043151659220e-49
-1.142846838359335787e-49
-9.528518863950854843e-50
-7.944430407753501979e-50
-6.623692034909644000e-50
-5.522522562537218492e-50
-4.604419301651470912e-50
-3.838948028793579336e-50
-3.200734121345637619e-50
-2.668621413654710781e-50
-2.224970890872517157e-50
-1.855075972897311924e-50
-1.546675005654280510e-50
-1.289544799278195903e-50
-1.075161739386878567e-50
-8.964192376165921734e-51
-7.473921551815585644e-51
-6.231403903291282375e-51
-5.195451188074150291e-51
-4.331722588774025270e-51
-3.611586348682500210e-51
-3.011170657094505515e-51
-2.510572322174925610e-51
-2.093196999652115715e-51
-1.745209106566155139e-51
-1.455073185250923927e-51
-1.213171514215899250e-51
-1.011485290103186170e-51
-8.433288122136596036e-52
-7.031278580800109772e-52
-5.862349034541659353e-52
-4.887750614324300594e-52
-4.075176337516621107e-52
-3.397690163075439909e-52
-2.832834088179469486e-52
-2.361883687442463972e-52
-1.969227416559339887e-52
-1.641849104909990147e-52
-1.368896482257820585e-52
-1.141321436625317734e-52
-9.515800782481109933e-53
-7.933826670215783665e-53
-6.614851137795068517e-53
-5.515151438769538487e-53
-4.598273605700674326e-53
-3.833824036860999868e-53
-3.196461978119610615e-53
-2.665059501773613467e-53
-2.222001136447725366e-53
-1.852599931479649076e-53
-1.544610598897050859e-53
-1.287823594120261646e-53
-1.073726679563844778e-53
-8.952227523015253552e-54
-7.463945820586874799e-54
-6.223086608269411048e-54
-5.188516619079172785e-54
-4.325940871638807660e-54
-3.606765825149578968e-54
-3.007151531532281974e-54
-2.507221364509275691e-54
-2.090403128920063471e-54
-1.742879708690581660e-54
-1.453131042974806136e-54
-1.211552247425869057e-54
-1.010135221691856230e-54
-8.422031887361121888e-55
-7.021893662209518871e-55
-5.854524331280772496e-55
-4.881226745147532969e-55
-4.069737042553350492e-55
-3.393155135027493435e-55
-2.829052995310981710e-55
-2.358731190229848826e-55
-1.966599012809098177e-55
-1.639657665613346423e-55
-1.367069363349459108e-55
-1.139798070903801102e-55
-9.503099676325007907e-56
-7.923237085895238533e-56
-6.606022040966704950e-56
-5.507790153524921982e-56
-4.592136112647126322e-56
-3.828706884117992093e-56
-3.192195537087891506e-56
-2.661502344113621983e-56
-2.219035345868654119e-56
-1.850127194929948495e-56
-1.542548947583106758e-56
-1.286104686321207406e-56
-1.072293535170465844e-56
-8.940278639815225799e-57
-7.453983404351323146e-57
-6.214780414661852314e-57
-5.181591305920773528e-57
-4.320166871584407719e-57
-3.601951735755205247e-57
-3.003137770451848582e-57
-2.503874879496078745e-57
-2.087612987274985938e-57
-1.740553419952155233e-57
-1.451191492950837132e-57
-1.209935141933631979e-57
-1.008786955268896885e-57
-8.410790676716151160e-58
-7.012521270031577183e-58
-5.846710071953068316e-58
-4.874711583630394024e-58
-4.064305007626704906e-58
-3.388626160056413206e-58
-2.825276949212913354e-58
-2.355582900776798250e-58
-1.963974117290643908e-58
-1.637469151315192537e-58
-1.365244683167162973e-58
-1.138276738477241570e-58
-9.490415522824944415e-59
-7.912661635901246885e-59
-6.597204728674161881e-59
-5.500438693671433779e-59
-4.586006811542298639e-59
-3.823596561436026339e-59
-3.187934790639496909e-59
-2.657949934329056559e-59
-2.216073513844574243e-59
-1.847657758837075599e-59
-1.540490048034651966e-59
-1.284388072814659484e-59
-1.070862303650174252e-59
-8.928345705250383572e-60
-7.444034285336474695e-60
-6.206485307651121000e-60
-5.174675236244829959e-60
-4.314400578310479270e-60
-3.597144071911589871e-60
-2.999129366693109934e-60
-2.500532861165406756e-60
-2.084826569739527355e-60
-1.738230236200990808e-60
-1.449254531719078912e-60
-1.208320194854455044e-60
-1.007440488429067517e-60
-8.399564470148397415e-61
-7.003161387546797809e-61
-5.838906242618543181e-61
-4.868205118150572815e-61
-4.058880223046548783e-61
-3.384103230082778250e-61
-2.821505943149145744e-61
-2.352438813467052752e-61
-1.961352725321460202e-61
-1.635283558111467248e-61
-1.363422438455792728e-61
-1.136757436631721965e-61
-9.477748299353554563e-62
-7.902100301368065142e-62
-6.588399185188354029e-62
-5.493097046094902977e-62
-4.579885691451887117e-62
-3.818493059698756750e-62
-3.183679731173646835e-62
-2.654402266082820676e-62
-2.213115635091912172e-62
-1.845191618795678651e-62
-1.538433896578798840e-62
-1.282673750538337473e-62
-1.069432982449769590e-62
-8.916428698033341592e-63
-7.434098445794543144e-63
-6.198201272439508631e-63
-5.167768397713710520e-63
-4.308641981530484047e-63
-3.592342825042250884e-63
-2.995126313105398816e-63
-2.497195303555370577e-63
-2.082043871342974646e-63
-1.735910153292741899e-63
-1.447320155824150146e-63
-1.206707403307404026e-63
-1.006095818770466661e-63
-8.388353247631341174e-64
-6.993813998058012424e-64
-5.831112829355882104e-64
-4.861707337101064302e-64
-4.053462679135506690e-64
-3.379586337038050671e-64
-2.817739970392550942e-64
-2.349298922691850093e-64
-1.958734832225197614e-64
-1.633100882103249469e-64
-1.361602625964728551e-64
-1.135240162656947462e-64
-9.465097983313676856e-65
-7.891553063455243794e-65
-6.579605394800906084e-65
-5.485765197698426875e-65
-4.573772741456309966e-65
-3.813396369802004942e-65
-3.179430351099705841e-65
-2.650859333046161820e-65
-2.210161704334052932e-65
-1.842728770406521501e-65
-1.536380489547562426e-65
-1.280961716434048060e-65
-1.068005569019473952e-65
-8.904527596905254153e-66
-7.424175868000693058e-66
-6.189928294248882341e-66
-5.160870778006250569e-66
-4.302891070971616075e-66
-3.587547986582205412e-66
-2.991128602547636940e-66
-2.493862200712216457e-66
-2.079264887121250131e-66
-1.733593167088594336e-66
-1.445388361815302032e-66
-1.205096764415406787e-66
-1.004752943894298605e-66
-8.377156989164952962e-67
-6.984479084890335468e-67
-5.823329818262353959e-67
-4.855218228890423073e-67
-4.048052366229179327e-67
-3.375075472864700110e-67
-2.813979024224979132e-67
-2.346163222849913363e-67
-1.956120433331775424e-67
-1.630921119396846064e-67
-1.359785242447553178e-67
-1.133724913846208584e-67
-9.452464552138310535e-68
-7.881019903347479092e-68
-6.570823341824505085e-68
-5.478443135402661979e-68
-4.567667950650887016e-68
-3.808306482653745462e-68
-3.175186642837170869e-68
-2.647321128898813633e-68
-2.207211716301455735e-68
-1.840269209276056777e-68
-1.534329823277809482e-68
-1.279251967447679520e-68
-1.066580060812913184e-68
-8.892642380635652912e-69
-7.414266534253957933e-69
-6.181666358321360404e-69
-5.153982364817729500e-69
-4.297147836374779306e-69
-3.582759547977902153e-69
-2.987136227888275422e-69
-2.490533546689924130e-69
-2.076489612116842364e-69
-1.731279273455257417e-69
-1.443459146246392001e-69
-1.203488275305231845e-69
-1.003411861404998126e-69
-8.365975674776614781e-70
-6.975156631391143095e-70
-5.815557195453781260e-70
-4.848737781942678153e-70
-4.042649274676065866e-70
-3.370570629515664254e-70
-2.810223097937169123e-70
-2.343031708347443198e-70
-1.953509523977345896e-70
-1.628744266103760566e-70
-1.357970284662221728e-70
-1.132211687496505179e-70
-9.439847983290575211e-71
-7.870500802254584188e-71
-6.562053010592775784e-71
-5.471130846145722541e-71
-4.561571308145103863e-71
-3.803223389173979110e-71
-3.170948598815657230e-71
-2.643787647328945510e-71
-2.204265665731613180e-71
-1.837812931016653342e-71
-1.532281894111427458e-71
-1.277544500529197129e-71
-1.065156455287111726e-71
-8.880773028022403403e-72
-7.404370426876997771e-72
-6.173415449918235496e-72
-5.147103145859705789e-72
-4.291412267494570828e-72
-3.577977500687207212e-72
-2.983149182005285017e-72
-2.487209335550481575e-72
-2.073718041379034162e-72
-1.728968468264957948e-72
-1.441532505675876433e-72
-1.201881933107482461e-72
-1.002072568910197264e-72
-8.354809284519651184e-73
-6.965846620929835216e-73
-5.807794947064521102e-73
-4.842265984697307772e-73
-4.037253394837547215e-73
-3.366071798954716928e-73
-2.806472184829052947e-73
-2.339904373598104928e-73
-1.950902099504287121e-73
-1.626570318340687205e-73
-1.356157749371016402e-73
-1.130700480908348465e-73
-9.427248254263406012e-74
-7.859995741411450058e-74
-6.553294385460253947e-74
-5.463828316883155848e-74
-4.555482803063110156e-74
-3.798147080295151276e-74
-3.166716211474882998e-74
-2.640258882033150572e-74
-2.201323547369041803e-74
-1.835359931246537022e-74
-1.530236698395055108e-74
-1.275839312632600604e-74
-1.063734749902488088e-74
-8.868919517891673122e-75
-7.394487528216066620e-75
-6.165175554320643259e-75
-5.140233108860577897e-75
-4.285684354099264182e-75
-3.573201836179388470e-75
-2.979167457786142672e-75
-2.483889561363801118e-75
-2.070950169963538721e-75
-1.726660747395382527e-75
-1.439608436666805834e-75
-1.200277734956592047e-75
-1.000735064020721446e-75
-8.343657798474248723e-76
-6.956549036898605633e-76
-5.800043059247434615e-76
-4.835802825609220482e-76
-4.031864717087870224e-76
-3.361578973156356938e-76
-2.802726278209267157e-76
-2.336781213022954459e-76
-1.948298155261193642e-76
-1.624399272229503039e-76
-1.354347633340540778e-76
-1.129191291385884794e-76
-9.414665342580580269e-77
-7.849504702078010154e-77
-6.544547450802358644e-77
-5.456535534587922165e-77
-4.549402424543572194e-77
-3.793077546961485076e-77
-3.162489473264569303e-77
-2.636734826716436687e-77
-2.198385355965273201e-77
-1.832910205589781522e-77
-1.528194232480251559e-77
-1.274136400716064020e-77
-1.062314942122850759e-77
-8.857081829097887727e-78
-7.384617820640982781e-78
-6.156946656829368009e-78
-5.133372241564686397e-78
-4.279964085970665537e-78
-3.568432545935098469e-78
-2.975191048127818543e-78
-2.480574218207711149e-78
-2.068185992932728097e-78
-1.724356106729867811e-78
-1.437686935786818248e-78
-1.198675677990818109e-78
-9.993993443505849198e-79
-8.332521196747180789e-79
-6.947263862711222170e-79
-5.792301518173701430e-79
-4.829348293148734765e-79
-4.026483231814129488e-79
-3.357092144105796783e-79
-2.798985371395457778e-79
-2.333662221050694070e-79
-1.945697686602868516e-79
-1.622231123897261278e-79
-1.352539933341714435e-79
-1.127684116236858717e-79
-9.402099225795071189e-80
-7.839027665538996676e-80
-6.535812191015360848e-80
-5.449252486250368483e-80
-4.543330161739653746e-80
-3.788014780129398584e-80
-3.158268376644783337e-80
-2.633215475092212683e-80
-2.195451086278844084e-80
-1.830463749676301700e-80
-1.526154492723445459e-80
-1.272435761741712949e-80
-1.060897029415362921e-80
-8.845259940523700295e-81
-7.374761286545094585e-81
-6.148728742764813508e-81
-5.126520531732873348e-81
-4.274251452904586915e-81
-3.563669621446362719e-81
-2.971219945936763420e-81
-2.477263300167943786e-81
-2.065425505355564496e-81
-1.722054542157097461e-81
-1.435767999608091616e-81
-1.197075759352238935e-81
-9.980654075169866391e-82
-8.321399459471774995e-82
-6.937991081803787288e-82
-5.784570310033456443e-82
-4.822902375801557979e-82
-4.021108929416249474e-82
-3.352611303798945553e-82
-2.795249457714192231e-82
-2.330547392117261744e-82
-1.943100688890258870e-82
-1.620065869476184581e-82
-1.350734646149766644e-82
-1.126178952772608565e-82
-9.389549881490084206e-83
-7.828564613104783390e-83
-6.527088590516361764e-83
-5.441979158878205234e-83
-4.537266003818996754e-83
-3.782958770767382667e-83
-3.154052914085387020e-83
-2.629700820882204495e-83
-2.192520733075286764e-83
-1.828020559141844638e-83
-1.524117475485928353e-83
-1.270737392675763617e-83
-1.059481009250658973e-83
-8.833453831079949075e-84
-7.364917908345252629e-84
-6.140521797466977641e-84
-5.119677967142318844e-84
-4.268546444710094989e-84
-3.558913054216460573e-84
-2.967254144128896227e-84
-2.473956801338126485e-84
-2.062668702307592337e-84
-1.719756049571292087e-84
-1.433851624707502248e-84
-1.195477976186746476e-84
-9.967332511403058193e-85
-8.310292566807874480e-85
-6.928730677634511670e-85
-5.776849421034767260e-85
-4.816465062068629780e-85
-4.015741800306969534e-85
-3.348136444242397352e-85
-2.791518530500943134e-85
-2.327436720666089454e-85
-1.940507157490671040e-85
-1.617903505103658506e-85
-1.348931768544231016e-85
-1.124675798308060905e-85
-9.377017287278741358e-86
-7.818115526110024077e-86
-6.518376633743073740e-86
-5.434715539496486379e-86
-4.531209939963701361e-86
-3.777909509855980446e-86
-3.149843078066382190e-86
-2.626190857816741426e-86
-2.189594291127120644e-86
-1.825580629627983954e-86
-1.522083177133849122e-86
-1.269041290488482064e-86
-1.058066879102659304e-86
-8.821663479705368626e-87
-7.355087668481774002e-87
-6.132325806295423218e-87
-5.112844535586516722e-87
-4.262849051209978235e-87
-3.554162835760315352e-87
-2.963293635629590381e-87
-2.470654715819769157e-87
-2.059915578870928023e-87
-1.717460624872151958e-87
-1.431937807666372202e-87
-1.193882325644008453e-87
-9.954028728440980432e-88
-8.299200498941804060e-88
-6.919482633683687805e-88
-5.769138837404280565e-88
-4.810036340466648492e-88
-4.010381834911823949e-88
-3.343667557453412845e-88
-2.787792583100080112e-88
-2.324330201148025199e-88
-1.937917087777427265e-88
-1.615744026922177404e-88
-1.347131297308939897e-88
-1.123174650161726362e-88
-9.364501420804046626e-89
-7.807680385914507508e-89
-6.509676305154538295e-89
-5.427461615147582060e-89
-4.525161959370305902e-89
-3.772866988387774665e-89
-3.145638861077809449e-89
-2.622685579634297239e-89
-2.186671755213780319e-89
-1.823143956782108590e-89
-1.520051594038206219e-89
-1.267347452154177557e-89
-1.056654636448685340e-89
-8.809888865367558120e-90
-7.345270549418414575e-90
-6.124140754629255665e-90
-5.106020224875254541e-90
-4.257159262240610463e-90
-3.549418957603873856e-90
-2.959338413373580059e-90
-2.467357037722254342e-90
-2.057166130134252303e-90
-1.715168263964850820e-90
-1.430026545070628463e-90
-1.192288804877598900e-90
-9.940742702550907730e-91
-8.288123236086334109e-91
-6.910246933453653458e-91
-5.761438545387021666e-91
-4.803616199527228164e-91
-4.005029023669014668e-91
-3.339204635459910064e-91
-2.784071608864854825e-91
-2.321227828021323421e-91
-1.935330475130081747e-91
-1.613587431079523152e-91
-1.345333229232017989e-91
-1.121675505655694951e-91
-9.352002259738845095e-92
-7.797259173902904591e-92
-6.500987589229984074e-92
-5.420217372891004833e-92
-4.519122051249769503e-92
-3.767831197367371141e-92
-3.141440255619731210e-92
-2.619184980081778578e-92
-2.183753120121855076e-92
-1.820710536257419278e-92
-1.518022722574842365e-92
-1.265655874651198566e-92
-1.055244278769426252e-92
-8.798129967061438909e-93
-7.335466533642128467e-93
-6.115966627867096430e-93
-5.099205022834587769e-93
-4.251477067651933159e-93
-3.544681411284492410e-93
-2.955388470305279822e-93
-2.464063761162828082e-93
-2.054420351192802119e-93
-1.712878962760027292e-93
-1.428117833510753848e-93
-1.190697411044789725e-93
-9.927474410031510526e-94
-8.277060758480645192e-94
-6.901023560468770186e-94
-5.753748531246378824e-94
-4.797204627797428268e-94
-3.999683357029845358e-94
-3.334747670300445375e-94
-2.780355601157391938e-94
-2.318129595751636362e-94
-1.932747314934355492e-94
-1.611433713728480599e-94
-1.343537561105838933e-94
-1.120178362115630468e-94
-9.339519781785783216e-95
-7.786851871484730666e-95
-6.492310470469541579e-95
-5.412982799804000285e-95
-4.513090204827451086e-95
-3.762802127811382146e-95
-3.137247254202222064e-95
-2.615689052914436864e-95
-2.180838380644705675e-95
-1.818280363712865415e-95
-1.515996559124437570e-95
-1.263966554961926108e-95
-1.053835803548933578e-95
-8.786386763810214803e-96
-7.325675603663871151e-96
-6.107803411427054713e-96
-5.092398917306822759e-96
-4.245802457307431602e-96
-3.539950188350825049e-96
-2.951443799378270298e-96
-2.460774880266517683e-96
-2.051678237148359962e-96
-1.710592717173778523e-96
-1.426211669581782483e-96
-1.189108141306680303e-96
-9.914223827213936239e-97
-8.266013046390296160e-97
-6.891812498275386868e-97
-5.746068781264073991e-97
-4.790801613839593240e-97
-3.994344825458024883e-97
-3.330296654024108725e-97
-2.776644553348675126e-97
-2.315035498812002347e-97
-1.930167602582128076e-97
-1.609282871027016344e-97
-1.341744289727172511e-97
-1.118683216870766498e-97
-9.327053964677268087e-98
-7.776458460094314127e-98
-6.483644933394025317e-98
-5.405757882980601075e-98
-4.507066409342963172e-98
-3.757779770748408995e-98
-3.133059849345352664e-98
-2.612197791895860019e-98
-2.177927531582705243e-98
-1.815853434813346081e-98
-1.513973100072502011e-98
-1.262279490072769354e-98
-1.052429208274617006e-98
-8.774659234665092974e-99
-7.315897742017313357e-99
-6.099651090746528810e-99
-5.085601896150494067e-99
-4.240135421084124402e-99
-3.535225280362804477e-99
-2.947504393555621347e-99
-2.457490389166401905e-99
-2.048939783109246224e-99
-1.708309523127652964e-99
-1.424308049883293412e-99
-1.187520992828159487e-99
-9.900990930460083746e-100
-8.254980080106950044e-100
-6.882613730441817119e-100
-5.738399281740139361e-100
-4.784407146231336805e-100
-3.989013419430103303e-100
-3.325851578690885720e-100
-2.772938458818536180e-100
-2.311945531682836690e-100
-1.927591333471429955e-100
-1.607134899138224802e-100
-1.339953411896949041e-100
-1.117190067253869728e-100
-9.314604786175428326e-101
-7.766078921190765636e-101
-6.474990962544917688e-101
-5.398542609532219266e-101
-4.501050654050664981e-101
-3.752764117219029295e-101
-3.128878033579178128e-101
-2.608711190797958974e-101
-2.175020567743166257e-101
-1.813429745229391293e-101
-1.511952341809328369e-101
-1.260594676974159702e-101
-1.051024490437239859e-101
-8.762947358705238373e-102
-7.306132931259651867e-102
-6.091509651282875278e-102
-5.078813947240341134e-102
-4.234475948872538559e-102
-3.530506678891629863e-102
-2.943570245809795545e-102
-2.454210282003180873e-102
-2.046204984190253226e-102
-1.706029376548641981e-102
-1.422406971019403776e-102
-1.185935962777900568e-102
-9.887775696163682576e-103
-8.243961839949277265e-103
-6.873427240558304533e-103
-5.730740018992893091e-103
-4.778021213565515101e-103
-3.983689129435343234e-103
-3.321412436371075599e-103
-2.769237310955565289e-103
-2.308859688851922184e-103
-1.925018503006433708e-103
-1.604989794230321486e-103
-1.338164924420407208e-103
-1.115698910601362221e-103
-9.302172224072073528e-104
-7.755713236257942773e-104
-6.466348542484328377e-104
-5.391336966587471713e-104
-4.495042928218874006e-104
-3.747755158275671060e-104
-3.124701799443723615e-104
-2.605229243400958581e-104
-2.172117483940332878e-104
-1.811009290637362143e-104
-1.509934280730155791e-104
-1.258912112660545442e-104
-1.049621647530914769e-104
-8.751251115037743496e-105
-7.296381153971357765e-105
-6.083379078512341440e-105
-5.072035058467141338e-105
-4.228824030576696524e-105
-3.525794375519749055e-105
-2.939641349122634721e-105
-2.450934552925444551e-105
-2.043473835512866881e-105
-1.703752273369173838e-105
-1.420508429598764073e-105
-1.184353048328355675e-105
-9.874578100749967135e-106
-8.232958306261516534e-106
-6.864253012236800250e-106
-5.723090979358913241e-106
-4.771643804450211951e-106
-3.978371945975700054e-106
-3.316979219145657179e-106
-2.765541103157411292e-106
-2.305777964814399185e-106
-1.922449106597446477e-106
-1.602847552476636482e-106
-1.336378824107049808e-106
-1.114209744253125434e-106
-9.289756256188392106e-107
-7.745361386804416257e-107
-6.457717657794975793e-107
-5.384140941292153594e-107
-4.489043221130359546e-107
-3.742752884983025789e-107
-3.120531139488970833e-107
-2.601751943493384167e-107
-2.169218274995370282e-107
-1.808592066719390170e-107
-1.507918913234905386e-107
-1.257231794130350754e-107
-1.048220677053099048e-107
-8.739570482797581627e-108
-7.286642392756160789e-108
-6.075259357930733944e-108
-5.065265217738270625e-108
-4.223179656114096520e-108
-3.521088361840846969e-108
-2.935717696485348429e-108
-2.447663196089593565e-108
-2.040746332204911083e-108
-1.701478209527057554e-108
-1.418612422234550715e-108
-1.182772246655750658e-108
-9.861398120675642552e-109
-8.221969459414375984e-109
-6.855091029111715725e-109
-5.715452149193017643e-109
-4.765274907508716502e-109
-3.973061859565807587e-109
-3.312551919106178256e-109
-2.761849828830301445e-109
-2.302700354072689627e-109
-1.919883139660901282e-109
-1.600708170055607510e-109
-1.334595107770638196e-109
-1.112722565552624030e-109
-9.277356860375967849e-110
-7.735023354363438294e-110
-6.449098293080155256e-110
-5.376954520809216828e-110
-4.483051522082195840e-110
-3.737757288417391057e-110
-3.116366046274758045e-110
-2.598279284872052970e-110
-2.166322935736356225e-110
-1.806178069163369695e-110
-1.505906235728347003e-110
-1.255553718386113391e-110
-1.046821576504589951e-110
-8.727905441147582263e-111
-7.276916630241005094e-111
-6.067150475053215684e-111
-5.058504412976810574e-111
-4.217542815415571974e-111
-3.516388629459827926e-111
-2.931799280898501120e-111
-2.444396205659828631e-111
-2.038022469400770676e-111
-1.699207180965669116e-111
-1.416718945544460926e-111
-1.181193554940081050e-111
-9.848235732428835089e-112
-8.210995279804762261e-112
-6.845941274838718819e-112
-5.707823514868074186e-112
-4.758914511379501237e-112
-3.967758860732960430e-112
-3.308130528354742638e-112
-2.758163481389341109e-112
-2.299626851136750465e-112
-1.917320597619294490e-112
-1.598571643150727608e-112
-1.332813772229148378e-112
-1.111237371846899010e-112
-9.264974014515417236e-113
-7.724699120492909589e-113
-6.440490432963710770e-113
-5.369777692318749260e-113
-4.477067820385743099e-113
-3.732768359667081973e-113
-3.112206512371118955e-113
-2.594811261341987259e-113
-2.163431460998210821e-113
-1.803767293662900081e-113
-1.503896244620091767e-113
-1.253877882434300564e-113
-1.045424343389520816e-113
-8.716255969278381256e-114
-7.267203849076024051e-114
-6.059052415414287149e-114
-5.051752632122107083e-114
-4.211913498425758846e-114
-3.511695169992701280e-114
-2.927886095371916613e-114
-2.441133575808069113e-114
-2.035302242241382628e-114
-1.696939183633702072e-114
-1.414827996150706567e-114
-1.179616970365105719e-114
-9.835090912529056507e-115
-8.200035747855748314e-115
-6.836803733095490933e-115
-5.700205062775623221e-115
-4.752562604716069478e-115
-3.962462940016983266e-115
-3.303715039003901588e-115
-2.754482054258504435e-115
-2.296557450523734016e-115
-1.914761475901450357e-115
-1.596437967950765558e-115
-1.331034814304955383e-115
-1.109754160486406899e-115
-9.252607696516092614e-116
-7.714388666775126908e-116
-6.431894062089829793e-116
-5.362610443017795135e-116
-4.471092105366499913e-116
-3.727786089832414346e-116
-3.108052530357826476e-116
-2.591347866716773277e-116
-2.160543845622992523e-116
-1.801359735917533250e-116
-1.501888936324372113e-116
-1.252204283285267879e-116
-1.044028975215326692e-116
-8.704622046408145199e-117
-7.257504031934302576e-117
-6.050965164567582344e-117
-5.045009863129747547e-117
-4.206291695102472156e-117
-3.507007975067066269e-117
-2.923978132925081097e-117
-2.437875300714292001e-117
-2.032585645873938634e-117
-1.694674213485113148e-117
-1.412939570679967303e-117
-1.178042490118309495e-117
-9.821963637526875233e-118
-8.189090844016305327e-118
-6.827678387581690188e-118
-5.692596779325047914e-118
-4.746219176187609216e-118
-3.957174087970778057e-118
-3.299305443177110438e-118
-2.750805540870228548e-118
-2.293492146757916434e-118
-1.912205769941913109e-118
-1.594307140649259276e-118
-1.329258230824410324e-118
-1.108272928825298204e-118
-9.240257884318671082e-119
-7.704091974817846561e-119
-6.423309165123926378e-119
-5.355452760121097871e-119
-4.465124366364721743e-119
-3.722810470025159492e-119
-3.103904092824295039e-119
-2.587889094817738621e-119
-2.157660084459216033e-119
-1.798955391632202566e-119
-1.499884307260420351e-119
-1.250532917953610920e-119
-1.042635469492888041e-119
-8.693003651783767950e-120
-7.247817161512879583e-120
-6.042888708086704058e-120
-5.038276093970821332e-120
-4.200677395416573618e-120
-3.502327036320998900e-120
-2.920075386586216538e-120
-2.434621374565756345e-120
-2.029872675452396026e-120
-1.692412266479596679e-120
-1.411053665763586488e-120
-1.176470111391064696e-120
-9.808853884005277907e-121
-8.178160548762426546e-121
-6.818565222017958294e-121
-5.684998650943384314e-121
-4.739884214477486777e-121
-3.951892295159069781e-121
-3.294901733007679698e-121
-2.747133934666108395e-121
-2.290430934371338298e-121
-1.909653475181755888e-121
-1.592179157445190166e-121
-1.327484018618402893e-121
-1.106793674221254808e-121
-9.227924555891172423e-122
-7.693809026251839517e-122
-6.414735726750601794e-122
-5.348304630859400788e-122
-4.459164592734003639e-122
-3.717841491369480155e-122
-3.099761192370445710e-122
-2.584434939475046920e-122
-2.154780172362761607e-122
-1.796554256517983776e-122
-1.497882353852247709e-122
-1.248863783457625258e-122
-1.041243823736200061e-122
-8.681400764678111779e-123
-7.238143220530442152e-123
-6.034823031563310545e-123
-5.031551312633191616e-123
-4.195070589353145401e-123
-3.497652345404534344e-123
-2.916177849393514575e-123
-2.431371791558034759e-123
-2.027163326137180671e-123
-1.690153338581854604e-123
-1.409170278037122576e-123
-1.174899831378258319e-123
-9.795761628576553504e-124
-8.167244842594543535e-124
-6.809464220147633133e-124
-5.677410664076916288e-124
-4.733557708285253203e-124
-3.946617552160073976e-124
-3.290503900640170447e-124
-2.743467229096491992e-124
-2.287373807902818321e-124
-1.907104587067702173e-124
-1.590054014542250781e-124
-1.325712174521750291e-124
-1.105316394035296700e-124
-9.215607689232599183e-125
-7.683539802734148093e-125
-6.406173731676360075e-125
-5.341166042481706573e-125
-4.453212773843163566e-125
-3.712879145001387585e-125
-3.095623821605372478e-125
-2.580985394526507702e-125
-2.151904104195885841e-125
-1.794156326291267979e-125
-1.495883072528382772e-125
-1.247196876819799530e-125
-1.039854035462813251e-125
-8.669813364393682834e-126
-7.228482191730394565e-126
-6.026768120609661950e-126
-5.024835507120751544e-126
-4.189471266909684664e-126
-3.492983893978054923e-126
-2.912285514393795280e-126
-2.428126545893892537e-126
-2.024457593094831326e-126
-1.687897425762263321e-126
-1.407289404140945292e-126
-1.173331647278789081e-126
-9.782686847886438847e-127
-8.156343706040965648e-127
-6.800375365735752924e-127
-5.669832805188727427e-127
-4.727239646324463601e-127
-3.941349849563685450e-127
-3.286111938228879913e-127
-2.739805417620001833e-127
-2.284320761898853611e-127
-1.904559101052987205e-127
-1.587931708149562628e-127
-1.323942695373796891e-127
-1.103841085632217416e-127
-9.203307262371316614e-128
-7.673284285944547640e-128
-6.397623164626661036e-128
-5.334036982252822429e-128
-4.447268899074197625e-128
-3.707923422068088925e-128
-3.091491973148562447e-128
-2.577540453818744767e-128
-2.149031874828192496e-128
-1.791761596674572542e-128
-1.493886459722461722e-128
-1.245532195066596732e-128
-1.038466102193354676e-128
-8.658241430258635972e-129
-7.218834057877525247e-129
-6.018723960855852399e-129
-5.018128665452549766e-129
-4.183879418097753135e-129
-3.488321673713870212e-129
-2.908398374643822196e-129
-2.424885631784386663e-129
-2.021755471498799600e-129
-1.685644523996577952e-129
-1.405411040719588395e-129
-1.171765556295027089e-129
-9.769629518609609979e-130
-8.145457119654141852e-130
-6.791298642567860691e-130
-5.662265060760937401e-130
-4.720930017324814739e-130
-3.936089177973256814e-130
-3.281725837939324543e-130
-2.736148493704614945e-130
-2.281271790913220601e-130
-1.902017012596480953e-130
-1.585812234480945391e-130
-1.322175578017803809e-130
-1.102367746380076714e-130
-9.191023253363448124e-131
-7.663042457588574635e-131
-6.389084010348807269e-131
-5.326917437455767329e-131
-4.441332957824286140e-131
-3.702974313729452144e-131
-3.087365639629354078e-131
-2.574100111206006742e-131
-2.146163479135643923e-131
-1.789370063395715808e-131
-1.491892511872540989e-131
-1.243869735228235746e-131
-1.037080021451938266e-131
-8.646684941630691300e-132
-7.209198801761273230e-132
-6.010690537952525402e-132
-5.011430775664769096e-132
-4.178295032942245164e-132
-3.483665676294611834e-132
-2.904516423208964587e-132
-2.421649043447747874e-132
-2.019056956528519219e-132
-1.683394629265636999e-132
-1.403535184422304342e-132
-1.170201555633343400e-132
-9.756589617454108622e-133
-8.134585064014329961e-133
-6.782234034452692016e-133
-5.654707417293707436e-133
-4.714628810029972168e-133
-3.930835528003784957e-133
-3.277345591946731835e-133
-2.732496450826403536e-133
-2.278226889506576181e-133
-1.899478317163440101e-133
-1.583695589755633191e-133
-1.320410819301546441e-133
-1.100896373650698493e-133
-9.178755640296494062e-134
-7.652814299396184918e-134
-6.380556253609004991e-134
-5.319807395389321789e-134
-4.435404939503750193e-134
-3.698031811156302147e-134
-3.083244813686396219e-134
-2.570664360551186012e-134
-2.143298912001530071e-134
-1.786981722188625947e-134
-1.489901225421770733e-134
-1.242209494339182376e-134
-1.035695790765982496e-134
-8.635143877893150568e-135
-7.199576406192407131e-135
-6.002667837568110312e-135
-5.004741825808419723e-135
-4.172718101480655528e-135
-3.479015893414605925e-135
-2.900639653164508930e-135
-2.418416775110476288e-135
-2.016362043370316773e-135
-1.681147737556026757e-135
-1.401661831902817929e-135
-1.168639642503571553e-135
-9.743567121156835573e-136
-8.123727519725855506e-136
-6.773181525219046656e-136
-5.647159861304252714e-136
-4.708336013199427947e-136
-3.925588890283688020e-136
-3.272971192437517655e-136
-2.728849282470769811e-136
-2.275186052247354975e-136
-1.896943010225172600e-136
-1.581581770197546571e-136
-1.318648416076707292e-136
-1.099426964819163908e-136
-9.166504401285119181e-137
-7.642599793120414740e-137
-6.372039879194884079e-137
-5.312706843370430052e-137
-4.429484833538054157e-137
-3.693095905532089049e-137
-3.079129487968865002e-137
-2.567233195725364141e-137
-2.140438168315482556e-137
-1.784596568792518929e-137
-1.487912596817709522e-137
-1.240551469437578560e-137
-1.034313407666028923e-137
-8.623618218458310261e-138
-7.189966854006277292e-138
-5.994655845391528564e-138
-4.998061803951599361e-138
-4.167148613764725254e-138
-3.474372316779265128e-138
-2.896768057594322869e-138
-2.415188821006227141e-138
-2.013670727216486203e-138
-1.678903844859307583e-138
-1.399790979819080692e-138
-1.167079814119468652e-138
-9.730562006487966037e-139
-8.112884467420783160e-139
-6.764141098718850854e-139
-5.639622379329070586e-139
-4.702051615607681322e-139
-3.920349255453000766e-139
-3.268602631607784172e-139
-2.725206982131190164e-139
-2.272149273710724536e-139
-1.894411087258708940e-139
-1.579470772035915956e-139
-1.316888365199471179e-139
-1.097959517264307467e-139
-9.154269514475281689e-140
-7.632398920540393051e-140
-6.363534871914378278e-140
-5.305615768731755895e-140
-4.423572629365770300e-140
-3.688166588051191244e-140
-3.075019655135047310e-140
-2.563806610607367843e-140
-2.137581242974319730e-140
-1.782214598952702920e-140
-1.485926622512996071e-140
-1.238895657565801144e-140
-1.032932869686151148e-140
-8.612107942765942359e-141
-7.180370128059507278e-141
-5.986654547129441359e-141
-4.991390698177194036e-141
-4.161586559858526750e-141
-3.469734938104481132e-141
-2.892901629592002125e-141
-2.411965175376901337e-141
-2.010983003266195916e-141
-1.676662947172772392e-141
-1.397922624833824122e-141
-1.165522067698510650e-141
-9.717574250246463986e-142
-8.102055887755181526e-142
-6.755112738824045201e-142
-5.632094957921343698e-142
-4.695775606043407561e-142
-3.915116614164920301e-142
-3.264239901664791538e-142
-2.721569543310446470e-142
-2.269116548479609352e-142
-1.891882543747546415e-142
-1.577362591505004187e-142
-1.315130663529919308e-142
-1.096494028368213001e-142
-9.142050958040026824e-143
-7.622211663457833090e-143
-6.355041216594611891e-143
-5.298534158823775509e-143
-4.417668316440572933e-143
-3.683243849920579097e-143
-3.070915307853729479e-143
-2.560384599084774976e-143
-2.134728130881671357e-143
-1.779835808419760232e-143
-1.483943298964665391e-143
-1.237242055769893467e-143
-1.031554174363478517e-143
-8.600613030281794680e-144
-7.170786211232830746e-144
-5.978663928508949532e-144
-4.984728496585133454e-144
-4.156031929840341424e-144
-3.465103749117990487e-144
-2.889040362260357755e-144
-2.408745832471537857e-144
-2.008298866724564289e-144
-1.674425040498674817e-144
-1.396056763613915429e-144
-1.163966400461688416e-144
-9.704603829263919233e-145
-8.091241761412782017e-145
-6.746096429429635615e-145
-5.624577583653485982e-145
-4.689507973311317783e-145
-3.909890957085116838e-145
-3.259882994825460074e-145
-2.717936959519371683e-145
-2.266087871143648516e-145
-1.889357375180780961e-145
-1.575257224843831532e-145
-1.313375307932548681e-145
-1.095030495516707870e-145
-9.129848710183612646e-146
-7.612038003700471992e-146
-6.346558898084407297e-146
-5.291462001013849385e-146
-4.411771884229208565e-146
-3.678327682358121154e-146
-3.066816438802783249e-146
-2.556967155052740868e-146
-2.131878826947604129e-146
-1.777460192950248838e-146
-1.481962622634819987e-146
-1.235590661100122343e-146
-1.030177319238663191e-146
-8.589133460500977933e-147
-7.161215086429827659e-147
-5.970683975274844100e-147
-4.978075187290094598e-147
-4.150484713800745638e-147
-3.460478741557784551e-147
-2.885184248710916365e-147
-2.405530786547261774e-147
-2.005618312803567222e-147
-1.672190120844985816e-147
-1.394193392830988626e-147
-1.162412809633967159e-147
-9.691650720402845562e-148
-8.080442069101255454e-148
-6.737092154450586792e-148
-5.617070243114553111e-148
-4.683248706229998029e-148
-3.904672274891055046e-148
-3.255531903317653617e-148
-2.714309224278080374e-148
-2.263063236300217711e-148
-1.886835577053958617e-148
-1.573154668296796889e-148
-1.311622295276040534e-148
-1.093568916098859109e-148
-9.117662749137314630e-149
-7.601877923118569325e-149
-6.338087901251367445e-149
-5.284399282685297017e-149
-4.405883322213234188e-149
-3.673418076594245170e-149
-3.062723040670553262e-149
-2.553554272415150200e-149
-2.129033326089465168e-149
-1.775087748306389762e-149
-1.479984589989946510e-149
-1.233941470610411109e-149
-1.028802301855404601e-149
-8.577669212944018952e-150
-7.151656736575675730e-150
-5.962714673191962527e-150
-4.971430758423751374e-150
-4.144944901844489829e-150
-3.455859907173668030e-150
-2.881333282065053453e-150
-2.402320031868863305e-150
-2.002941336721115072e-150
-1.669958184224623974e-150
-1.392332509160802906e-150
-1.160861292443751529e-150
-9.678714900554984040e-151
-8.069656791555407190e-151
-6.728099897824867127e-151
-5.609572922912778263e-151
-4.676997793634024022e-151
-3.899460558273528348e-151
-3.251186619379610630e-151
-2.710686331114717608e-151
-2.260042638553388945e-151
-1.884317144868209113e-151
-1.571054918112953712e-151
-1.309871622433032316e-151
-1.092109287507406136e-151
-9.105493053163533492e-152
-7.591731403588341058e-152
-6.329628210984732974e-152
-5.277345991239478763e-152
-4.400002619888248442e-152
-3.668515023870248054e-152
-3.058635106154444101e-152
-2.550145945083444120e-152
-2.126191623230899466e-152
-1.772718470255758347e-152
-1.478009197501500912e-152
-1.232294481358895884e-152
-1.027429119760915482e-152
-8.566220267160728842e-153
-7.142111144619974190e-153
-5.954756008044139895e-153
-4.964795198132489790e-153
-4.139412484088586005e-153
-3.451247237725672617e-153
-2.877487455452671212e-153
-2.399113562708378201e-153
-2.000267933701842596e-153
-1.667729226656209144e-153
-1.390474109283871349e-153
-1.159311846123409330e-153
-9.665796346645121923e-154
-8.058885909535748195e-154
-6.719119643510351062e-154
-5.602085609672993266e-154
-4.670755224371811058e-154
-3.894255797934871761e-154
-3.246847135259373429e-154
-2.707068273566528950e-154
-2.257026072514951131e-154
-1.881802074131094814e-154
-1.568957970546719637e-154
-1.308123286280633885e-154
-1.090651607138567685e-154
-9.093339600551614882e-155
-7.581598427008466586e-155
-6.321179812192474784e-155
-5.270302114093370574e-155
-4.394129766763117801e-155
-3.663618515439743191e-155
-3.054552627962304787e-155
-2.546742166977769735e-155
-2.123353713302813344e-155
-1.770352354571981794e-155
-1.476036441645648903e-155
-1.230649690407359262e-155
-1.026057770505447966e-155
-8.554786602726268455e-156
-7.132578293533449411e-156
-5.946807965633174145e-156
-4.958168494579361914e-156
-4.133887450664181310e-156
-3.446640724985612382e-156
-2.873646762013495299e-156
-2.395911373346032985e-156
-1.997598098976758147e-156
-1.665503244163296787e-156
-1.388618189884821504e-156
-1.157764467908739180e-156
-9.652895035626650328e-157
-8.048129403827101256e-157
-6.710151375487474829e-157
-5.594608290039157506e-157
-4.664520987307719328e-157
-3.889057984590713029e-157
-3.242513443216071235e-157
-2.703455045179386421e-157
-2.254013532803370896e-157
-1.879290360355747491e-157
-1.566863821857153831e-157
-1.306377283699825255e-157
-1.089195872391851636e-157
-9.081202369621436001e-158
-7.571478975303508149e-158
-6.312742689804145068e-158
-5.263267638681942768e-158
-4.388264752361712497e-158
-3.658728542568018307e-158
-3.050475598811021873e-158
-2.543342932025809990e-158
-2.120519591242393881e-158
-1.767989397033925886e-158
-1.474066318903006958e-158
-1.229007094821715310e-158
-1.024688251642758191e-158
-8.543368199245002109e-159
-7.123058166311184225e-159
-5.938870531781163547e-159
-4.951550635943219303e-159
-4.128369791714653725e-159
-3.442040360735499915e-159
-2.869811194895755301e-159
-2.392713458069144376e-159
-1.994931827782894882e-159
-1.663280232775033559e-159
-1.386764747653021525e-159
-1.156219155039491993e-159
-9.640010944485911788e-160
-8.037387255241764730e-160
-6.701195077758053184e-160
-5.587140950671784163e-160
-4.658295071319913957e-160
-3.883867108968189422e-160
-3.238185535518426791e-160
-2.699846639507315552e-160
-2.251005014044682594e-160
-1.876781999061713816e-160
-1.564772468308666720e-160
-1.304633611576047063e-160
-1.087742080670485233e-160
-9.069081338721807907e-161
-7.561373030420434046e-161
-6.304316828767974811e-161
-5.256242552455740213e-161
-4.382407566220886541e-161
-3.653845096531395079e-161
-3.046404011427724425e-161
-2.539948234163932140e-161
-2.117689251994069637e-161
-1.765629593426492818e-161
-1.472098825759225455e-161
-1.227366691671794635e-161
-1.023320560729633784e-161
-8.531965036346578134e-162
-7.113550745969336306e-162
-5.930943692327781318e-162
-4.944941610417847510e-162
-4.122859497397241799e-162
-3.437446136769100418e-162
-2.865980747257478813e-162
-2.389519811173197231e-162
-1.992269115364097285e-162
-1.661060188525865986e-162
-1.384913779281943232e-162
-1.154675904758840681e-162
-9.627144050237776604e-163
-8.026659444615817831e-163
-6.692250734344110827e-163
-5.579683578250143954e-163
-4.652077465302463208e-163
-3.878683161807698071e-163
-3.233863404446218940e-163
-2.696243050113559101e-163
-2.248000510872093515e-163
-1.874276985774094846e-163
-1.562683906170297227e-163
-1.302892266798600209e-163
-1.086290229380913921e-163
-9.056976486228895500e-164
-7.551280574331598552e-164
-6.295902214053720519e-164
-5.249226842883252177e-164
-4.376558197892456406e-164
-3.648968168618670125e-164
-3.042337858549248024e-164
-2.536558067336018199e-164
-2.114862690508534480e-164
-1.763272939539809182e-164
-1.470133958704309730e-164
-1.225728478031128727e-164
-1.021954695326298270e-164
-8.520577093689772024e-165
-7.104056015548351998e-165
-5.923027433132947951e-165
-4.938341406213915907e-165
-4.117356557882321907e-165
-3.432858044890349050e-165
-2.862155412265172934e-165
-2.386330426960747264e-165
-1.989609956970104236e-165
-1.658843107455250281e-165
-1.383065281469707990e-165
-1.153134714313899505e-165
-9.614294329929984587e-166
-8.015945952812746035e-166
-6.683318329290526140e-166
-5.572236159471287753e-166
-4.645868158163198959e-166
-3.873506133861111922e-166
-3.229547042288796227e-166
-2.692644270569338206e-166
-2.245000017925590246e-166
-1.871775316024283772e-166
-1.560598131716420526e-166
-1.301153246261233819e-166
-1.084840315933292082e-166
-9.044887790549784737e-167
-7.541201589033416117e-167
-6.287498830649766477e-167
-5.242220497448501055e-167
-4.370716636941190329e-167
-3.644097750129437650e-167
-3.038277132921603170e-167
-2.533172425494466808e-167
-2.112039901743703729e-167
-1.760919431170021340e-167
-1.468171714233284876e-167
-1.224092450977434994e-167
-1.020590652996231031e-167
-8.509204350958573210e-168
-7.094573958109695741e-168
-5.915121740074112751e-168
-4.931750011556705497e-168
-4.111860963352687451e-168
-3.428276076914708156e-168
-2.858335183095118086e-168
-2.383145299742497667e-168
-1.986954347857448008e-168
-1.656628985608306052e-168
-1.381219250918844429e-168
-1.151595580955195526e-168
-9.601461760638721283e-169
-8.005246760719752992e-169
-6.674397846661946535e-169
-5.564798681049070533e-169
-4.639667138825554668e-169
-3.868336015893529752e-169
-3.225236441346531801e-169
-2.689050294455067795e-169
-2.242003529852824716e-169
-1.869276985349638251e-169
-1.558515141226029162e-169
-1.299416546861547260e-169
-1.083392337740984101e-169
-9.032815230118323044e-170
-7.531136056545046778e-170
-6.279106663565608535e-170
-5.235223503653407780e-170
-4.364882872946776598e-170
-3.639233832375733914e-170
-3.034221827301174828e-170
-2.529791302599747796e-170
-2.109220880663741149e-170
-1.758569064118487223e-170
-1.466212088845520334e-170
-1.222458607592052252e-170
-1.019228431305990346e-170
-8.497846787865537983e-171
-7.085104556739057717e-171
-5.907226599048916932e-171
-4.925167414688334346e-171
-4.106372704005169970e-171
-3.423700224668562597e-171
-2.854520052932050385e-171
-2.379964423836203695e-171
-1.984302283288540302e-171
-1.654417819035055417e-171
-1.379375684336046369e-171
-1.150058501937121871e-171
-9.588646319472956248e-172
-7.994561849251374939e-172
-6.665489270545811532e-172
-5.557371129716348235e-172
-4.633474396227744353e-172
-3.863172798681496899e-172
-3.220931593929343447e-172
-2.685461115359118509e-172
-2.239011041308082758e-172
-1.866781989293152881e-172
-1.556434930983348766e-172
-1.297682165501576377e-172
-1.081946292221052982e-172
-9.020758783399203130e-173
-7.521083958911361835e-173
-6.270725697830747593e-173
-5.228235849015381309e-173
-4.359056895501820571e-173
-3.634376406680361566e-173
-3.030171934453325168e-173
-2.526414692619961561e-173
-2.106405622239892124e-173
-1.756221834192567497e-173
-1.464255079045391416e-173
-1.220826944960492845e-173
-1.017868027825613471e-173
-8.486504384150299854e-174
-7.075647794543088824e-174
-5.899341995972484973e-174
-4.918593603865493853e-174
-4.100891770048752952e-174
-3.419130479988622743e-174
-2.850710014970292240e-174
-2.376787793567745447e-174
-1.981653758532567381e-174
-1.652209603791168763e-174
-1.377534578432717830e-174
-1.148523474517736168e-174
-9.575847983570028412e-175
-7.983891199345803954e-175
-6.656592585049282837e-175
-5.549953492222419857e-175
-4.627289919321957381e-175
-3.858016473014529056e-175
-3.216632492358145759e-175
-2.681876726879031115e-175
-2.236022546953294516e-175
-1.864290323404197301e-175
-1.554357497277563404e-175
-1.295950099087196191e-175
-1.080502176793763694e-175
-9.008718428883805474e-176
-7.511045278199488802e-176
-6.262355918493598333e-176
-5.221257521069388317e-176
-4.353238694213810454e-176
-3.629525464378534269e-176
-3.026127447153762258e-176
-2.523042589531832884e-176
-2.103594121450114952e-176
-1.753877737204820097e-176
-1.462300681341605790e-176
-1.219197460171882292e-176
-1.016509440128150228e-176
-8.475177119578088597e-177
-7.066203654652199032e-177
-5.891467916780080873e-177
-4.912028567361671660e-177
-4.095418151706420864e-177
-3.414566834723273472e-177
-2.846905062413247248e-177
-2.373615403270036653e-177
-1.979008768864579439e-177
-1.650004335937205074e-177
-1.375695929924338031e-177
-1.146990495958560111e-177
-9.563066730099431036e-178
-7.973234791968487211e-178
-6.647707774302247539e-178
-5.542545755335533945e-178
-4.621113697076183261e-178
-3.852867029694433732e-178
-3.212339128963370561e-178
-2.678297122620280306e-178
-2.233038041457006904e-178
-1.861801983237655903e-178
-1.552282836402546002e-178
-1.294220344528634013e-178
-1.079059988883069891e-178
-8.996694145094268340e-179
-7.501019996502199400e-179
-6.253997310623956616e-179
-5.214288507367027967e-179
-4.347428258703115067e-179
-3.624680996816204055e-179
-3.022088358187148970e-179
-2.519674987319553785e-179
-2.100786373278710723e-179
-1.751536768973691323e-179
-1.460348892247864077e-179
-1.217570150319507830e-179
-1.015152665790120674e-179
-8.463864973943072144e-180
-7.056772120219311668e-180
-5.883604347424399339e-180
-4.905472293464886647e-180
-4.089951839213276368e-180
-3.410009280731003084e-180
-2.843105188472906508e-180
-2.370447247283959895e-180
-1.976367309566382679e-180
-1.647802011539356813e-180
-1.373859735531083876e-180
-1.145459563525031211e-180
-9.550302536261124533e-181
-7.962592608108468900e-181
-6.638834822454264377e-181
-5.535147905840337019e-181
-4.614945718472082135e-181
-3.847724459534639525e-181
-3.208051496086235718e-181
-2.674722296197486333e-181
-2.230057519495390014e-181
-1.859316964354770628e-181
-1.550210944657468286e-181
-1.292492898740239874e-181
-1.077619725916118209e-181
-8.984685910579352494e-182
-7.491008095934457320e-182
-6.245649859310122945e-182
-5.207328795475629239e-182
-4.341625578604698625e-182
-3.619842995351698169e-182
-3.018054660348465031e-182
-2.516311879975917649e-182
-2.097982372717153989e-182
-1.749198925323209290e-182
-1.458399708282187956e-182
-1.215945012500260093e-182
-1.013797702391048435e-182
-8.452567927064457292e-183
-7.047353174418634505e-183
-5.875751273877893139e-183
-4.898924770479905703e-183
-4.084492822818384242e-183
-3.405457809881941775e-183
-2.839310386370967708e-183
-2.367283319957950366e-183
-1.973729375925632251e-183
-1.645602626668692450e-183
-1.372025991977197126e-183
-1.143930674485976522e-183
-9.537555379283873921e-184
-7.951964628781524603e-184
-6.629973713677559313e-184
-5.527759930540378145e-184
-4.608785972507073698e-184
-3.842588753361711632e-184
-3.203769586078180428e-184
-2.671152241233182628e-184
-2.227080975751213156e-184
-1.856835262322284762e-184
-1.548141818346090347e-184
-1.290767758640262312e-184
-1.076181385323673330e-184
-8.972693703918493469e-185
-7.481009558636804792e-185
-6.237313549661722625e-185
-5.200378372980296730e-185
-4.335830643567359623e-185
-3.615011451354055862e-185
-3.014026346441621974e-185
-2.512953261501164350e-185
-2.095182114763127086e-185
-1.746864202082676190e-185
-1.456453125967495550e-185
-1.214322043815180768e-185
-1.012444547513918970e-185
-8.441285958790313892e-186
-7.037946800448435850e-186
-5.867908682131733121e-186
-4.892385986725994311e-186
-4.079041092782898147e-186
-3.400912414056297239e-186
-2.835520649337529933e-186
-2.364123615647584229e-186
-1.971094963236609454e-186
-1.643406177401898838e-186
-1.370194695991604029e-186
-1.142403826114128749e-186
-9.524825236429011445e-187
-7.941350835028768646e-187
-6.621124432163972881e-187
-5.520381816255556772e-187
-4.602634448192212208e-187
-3.837459902013585573e-187
-3.199493391300306808e-187
-2.667586951358872415e-187
-2.224108404914849444e-187
-1.854356872713281424e-187
-1.546075453777456427e-187
-1.289044921151356700e-187
-1.074744964539929029e-187
-8.960717503717676860e-188
-7.471024366771921515e-188
-6.228988366806835690e-188
-5.193437227481525314e-188
-4.330043443252975098e-188
-3.610186356204451531e-188
-3.010003409280820270e-188
-2.509599125904113045e-188
-2.092385594421465632e-188
-1.744532595087359308e-188
-1.454509141831345625e-188
-1.212701241368904854e-188
-1.011093198744712988e-188
-8.430019048993685700e-189
-7.028552981527808269e-189
-5.860076558194789975e-189
-4.885855930538841360e-189
-4.073596639381896331e-189
-3.396373085145887738e-189
-2.831735970612372723e-189
-2.360968128716507194e-189
-1.968464066799876232e-189
-1.641212659820525431e-189
-1.368365844307284605e-189
-1.140879015685600811e-189
-9.512112084986045792e-190
-7.930751207915263893e-190
-6.612286962127579970e-190
-5.513013549824626172e-190
-4.596491134554267491e-190
-3.832337896341298310e-190
-3.195222904124639901e-190
-2.664026420214557270e-190
-2.221139801683252837e-190
-1.851881791106330427e-190
-1.544011847265186837e-190
-1.287324383199993016e-190
-1.073310461002320478e-190
-8.948757288612973016e-191
-7.461052502527992767e-191
-6.220674295894810456e-191
-5.186505346597540345e-191
-4.324263967338202729e-191
-3.605367701295564885e-191
-3.005985841689167644e-191
-2.506249467201008547e-191
-2.089592806703196520e-191
-1.742204100177687756e-191
-1.452567752405683853e-191
-1.211082602270139036e-191
-1.009743653672863933e-191
-8.418767177576403877e-192
-7.019171700899842905e-192
-5.852254888095941617e-192
-4.879334590269705353e-192
-4.068159452902511581e-192
-3.391839815052581424e-192
-2.827956343443655723e-192
-2.357816853535353083e-192
-1.965836681921931096e-192
-1.639022070011632109e-192
-1.366539433661891770e-192
-1.139356240480401089e-192
-9.499415902276966784e-193
-7.920165728533153908e-193
-6.603461287803521480e-193
-5.505655118102646625e-193
-4.590356020633611316e-193
-3.827222727207227259e-193
-3.190958116932659757e-193
-2.660470641448274730e-193
-2.218175160760834614e-193
-1.849410013086324308e-193
-1.541950995128172823e-193
-1.285606141717035879e-193
-1.071877872151947325e-193
-8.936813037268967339e-194
-7.451093948115280659e-194
-6.212371322093400520e-194
-5.179582717961913216e-194
-4.318492205512497933e-194
-3.600555478030948989e-194
-3.001973636499864795e-194
-2.502904279416652738e-194
-2.086803746626480651e-194
-1.739878713200038861e-194
-1.450628954227415105e-194
-1.209466123631448590e-194
-1.008395909890792154e-194
-8.407530324465203795e-195
-7.009802941828397786e-195
-5.844443657881381026e-195
-4.872821954284558994e-195
-4.062729523645534184e-195
-3.387312595689827123e-195
-2.824181761089193110e-195
-2.354669784482805033e-195
-1.963212803915985004e-195
-1.636834404067501179e-195
-1.364715460797121180e-195
-1.137835497781908574e-195
-9.486736665651869998e-196
-7.909594377998014959e-196
-6.594647393446853281e-196
-5.498306507963168379e-196
-4.584229095486285082e-196
-3.822114385486815910e-196
-3.186699022116741729e-196
-2.656919608717143804e-196
-2.215214476859074229e-196
-1.846941534243628032e-196
-1.539892893689868001e-196
-1.283890193637154591e-196
-1.070447195433080764e-196
-8.924884728377195051e-197
-7.441148685769062784e-197
-6.204079430591572078e-197
-5.172669329225900603e-197
-4.312728147480059354e-197
-3.595749677826448640e-197
-2.997966786555676162e-197
-2.499563556583254070e-197
-2.084018409215653864e-197
-1.737556430005938256e-197
-1.448692743837736690e-197
-1.207851802569046782e-197
-1.007049964994304415e-197
-8.396308469615531101e-198
-7.000446687601266406e-198
-5.836642853617257979e-198
-4.866318010966012320e-198
-4.057306841924700524e-198
-3.382791418981097002e-198
-2.820412216815155593e-198
-2.351526915944512519e-198
