-1.100000000000000089e+00
-7.881844416311682977e-01
-5.647588309358512193e-01
-4.046673852885865896e-01
-2.899568519272994749e-01
-2.077631631213180397e-01
-1.488688115602739837e-01
-1.066691646508455688e-01
-7.643179634508170950e-02
-5.476577520465034099e-02
-3.924139268197763403e-02
-2.811768652715814637e-02
-2.014720277760759931e-02
-1.443610161063506488e-02
-1.034391880664472727e-02
-7.411741698994014048e-03
-5.310744993214586152e-03
-3.805315070111234613e-03
-2.726627394332994773e-03
-1.953713900307817164e-03
-1.399897181473788894e-03
-1.003070162109968031e-03
-7.187311778541187078e-04
-5.149933928180546079e-04
-3.690088906927630765e-04
-2.644064240614654835e-04
-1.894554815568911729e-04
-1.357507844953475282e-04
-9.726968752587132432e-05
-6.969677668201562247e-05
-4.993992273873334027e-05
-3.578351828993835777e-05
-2.564001125723072141e-05
-1.837187086927022587e-05
-1.316402071165060848e-05
-9.432433012939527673e-06
-6.758633588661031549e-06
-4.842772582971318405e-06
-3.469998185687257444e-06
-2.486362347679159833e-06
-1.781556471543870733e-06
-1.276540993416546792e-06
-9.146815910139247283e-07
-6.553979991669257886e-07
-4.696131872905171614e-07
-3.364925525520084174e-07
-2.411074496784101053e-07
-1.727610369071753231e-07
-1.237886921911850427e-07
-8.869847384996532216e-08
-6.355523371361046195e-08
-4.553931490663683845e-08
-3.263034499268503255e-08
-2.338066386208343017e-08
-1.675297771918389240e-08
-1.200403308114034005e-08
-8.601265555800588994e-09
-6.163076081290994939e-09
-4.416036981693415082e-09
-3.164228766035095893e-09
-2.267268984682414029e-09
-1.624569217017796493e-09
-1.164054710187593623e-09
-8.340816470703097877e-10
-5.976456157008345716e-10
-4.282317962767971804e-10
-3.068414902155817413e-10
-2.198615351225855994e-10
-1.575376739061510808e-10
-1.128806759487208036e-10
-8.088253867599222459e-11
-5.795487144004376682e-11
-4.152647998707007628e-11
-2.975502312865159321e-11
-2.132040571852608505e-11
-1.527673825146042331e-11
-1.094626128061168797e-11
-7.843338941279797944e-12
-5.619997930869657771e-12
-4.026904482828024833e-12
-2.885403146636224403e-12
-2.067481698192991805e-12
-1.481415370793549617e-12
-1.061480497138855490e-12
-7.605840117634223927e-13
-5.449822587503160266e-13
-3.904968521018269113e-13
-2.798032212114615228e-13
-2.004877687974166356e-13
-1.436557637304274435e-13
-1.029338526572419343e-13
-7.375532834690296013e-14
-5.284800208220640302e-14
-3.786724819316974931e-14
-2.713306897567490277e-14
-1.944169347302931418e-14
-1.393058210400359498e-14
-9.981698252037445477e-15
-7.152199330284526215e-15
-5.124774759613737984e-15
-3.672061574901498555e-15
-2.631147092771835452e-15
-1.885299274696214615e-15
-1.350875960121889571e-15
-9.679449221287679821e-16
-6.935628436161689130e-16
-4.969594933015764417e-16
-3.560870370374664211e-16
-2.551475113267926696e-16
-1.828211806806270347e-16
-1.309971001937378419e-16
-9.386352388318473491e-17
-6.725615378309235469e-17
-4.819114001435171388e-17
-3.453046071252832740e-17
-2.474215626906460425e-17
-1.772852965789443862e-17
-1.270304659031736504e-17
-9.102130621639986568e-18
-6.521961583337548601e-18
-4.673189680820748066e-18
-3.348486726558391008e-18
-2.399295582619832642e-18
-1.719170408268487751e-18
-1.231839425736292954e-18
-8.826515181392940653e-19
-6.324474490722916850e-19
-4.531683995528179062e-19
-3.247093472422087042e-19
-2.326644141350188462e-19
-1.667113375840475531e-19
-1.194538932066075415e-19
-8.559245465247177234e-20
-6.132967370736307553e-20
-4.394463147859993215e-20
-3.148770438604333565e-20
-2.256192609069162592e-20
-1.616632647083231929e-20
-1.158367909330919442e-20
-8.300068761995019735e-21
-5.947259147884888547e-21
-4.261397391555905762e-21
-3.053424657847273236e-21
-2.187874371825641302e-21
-1.567680491015028764e-21
-1.123292156787957326e-21
-8.048740012605372269e-22
-5.767174229699810382e-22
-4.132360909114179058e-22
-2.960965977971492246e-22
-2.121624832760309673e-22
-1.520210621963637474e-22
-1.089278509303805662e-22
-7.805021578513174615e-23
-5.592542340708737901e-23
-4.007231692827457894e-23
-2.871306976634475278e-23
-2.057381351027560387e-23
-1.474178155801857903e-23
-1.056294805995954355e-23
-7.568683016925660179e-24
-5.423198361435349941e-24
-3.885891429420888263e-24
-2.784362878670397745e-24
-1.995083182566717722e-24
-1.429539567508253468e-24
-1.024309859823774343e-24
-7.339500862931868515e-25
-5.258982172274015703e-25
-3.768225388183685262e-25
-2.700051475932694118e-25
-1.934671422666743021e-25
-1.386252650013055322e-25
-9.932934281002476337e-26
-7.117258418210006095e-26
-5.099738502092338589e-26
-3.654122312487853382e-26
-2.618293049563840764e-26
-1.876088950270217880e-26
-1.344276474290129925e-26
-9.632161838966173189e-27
-6.901745546133256264e-27
-4.945316781417697469e-27
-3.543474314591767954e-27
-2.539010294618993224e-27
-1.819280373963698418e-27
-1.303571350657379179e-27
-9.340496883129743573e-28
-6.692758473079379626e-28
-4.795571000069389657e-28
-3.436176773629368611e-28
-2.462128246971878064e-28
-1.764191979603501899e-28
-1.264098791249070794e-28
-9.057663635884309881e-29
-6.490099595756767678e-29
-4.650359569102038605e-29
-3.332128236688014449e-29
-2.387574212434003497e-29
-1.710771679527527327e-29
-1.225821473624370183e-29
-8.783394670255678188e-30
-6.293577294365165400e-30
-4.509545186928871920e-30
-3.231230322881883508e-30
-2.315277698020335164e-30
-1.658968963304760746e-30
-1.188703205478006460e-30
-8.517430657044243913e-31
-6.103005751413224416e-31
-4.372994709499511788e-31
-3.133387630329946903e-31
-2.245170345295995273e-31
-1.608734849976354165e-31
-1.152708890419290844e-31
-8.259520119621851022e-32
-5.918204776023252835e-32
-4.240579024408020438e-32
-3.038507645950770394e-32
-2.177185865741595227e-32
-1.560021841742562633e-32
-1.117804494787524231e-32
-8.009419196153808903e-33
-5.738999633554981282e-33
-4.112172928813607602e-33
-2.946500657988885875e-33
-2.111259978075318716e-33
-1.512783879052283367e-33
-1.083957015472238373e-33
-7.766891409019799112e-34
-5.565220880389208671e-34
-3.987655011057915818e-34
-2.857279671189479443e-34
-2.047330347473223897e-34
-1.466976297052487590e-34
-1.051134448707708225e-34
-7.531707441217844513e-35
-5.396704203714209870e-35
-3.866907535866438474e-35
-2.770760324542014808e-35
-1.985336526629956855e-35
-1.422555783356184317e-35
-1.019305759812520483e-35
-7.303644919538808962e-36
-5.233290266162765024e-36
-3.749816333026624623e-36
-2.686860811514580778e-36
-1.925219898603906695e-36
-1.379480337089381698e-36
-9.884408538454319427e-37
-7.082488204305459717e-37
-5.074824555154346824e-37
-3.636270689436808021e-37
-2.605501802703224453e-37
-1.866923621393294311e-37
-1.337709229178108174e-37
-9.585105471496478982e-38
-6.868028185479303982e-38
-4.921157236799232694e-38
-3.526163244423458573e-38
-2.526606370823841806e-38
-1.810392574190501097e-38
-1.297202963837782136e-38
-9.294865397588808390e-39
-6.660062084941304589e-39
-4.772143014225819237e-39
-3.419389888228746423e-39
-2.450099917975318401e-39
-1.755573305263596483e-39
-1.257923241228872047e-39
-9.013413886389566811e-40
-6.458393264758738208e-40
-4.627640990198468849e-40
-3.315849663571912154e-40
-2.375910105104851748e-40
-1.702413981416272556e-40
-1.219832921243350292e-40
-8.740484817395555858e-41
-6.262831041258685942e-41
-4.487514533895316777e-41
-3.215444670190953564e-41
-2.303966783609407593e-41
-1.650864338978134487e-41
-1.182895988387540651e-41
-8.475820128317941847e-42
-6.073190504731386205e-42
-4.351631151719493350e-42
-3.118079972275267011e-42
-2.234201929008292087e-42
-1.600875636278807290e-42
-1.147077517728491649e-42
-8.219169571077290375e-43
-5.889292344592247387e-43
-4.219862362022826988e-43
-3.023663508701236620e-43
-2.166549576623849232e-43
-1.552400607561360330e-43
-1.112343641871493518e-43
-7.970290475186066025e-44
-5.710962679838807900e-44
-4.092083573622920180e-44
-2.932106005985519786e-44
-2.100945759210063409e-44
-1.505393418291238205e-44
-1.078661518937382726e-44
-7.728947518297096059e-45
-5.538032894641480860e-45
-3.968173967998234492e-45
-2.843320893874542271e-45
-2.037328446469773009e-45
-1.459809621818255368e-45
-1.045999301509652417e-45
-7.494912503699828732e-46
-5.370339478911944472e-46
-3.848016385050898967e-46
-2.757224223489948682e-46
-1.975637486403060713e-46
-1.415606117351078452e-46
-1.014326106521846457e-46
-7.267964144553109495e-47
-5.207723873699899104e-47
-3.731497212328616936e-47
-2.673734587952277968e-47
-1.915814548431897653e-47
-1.372741109204246623e-47
-9.836119860566405511e-48
-7.047887854652457117e-48
-5.050032321271241004e-48
-3.618506277600494011e-48
-2.592773045408541298e-48
-1.857803068246985675e-48
-1.331174067279025832e-48
-9.538278990292727677e-49
-6.834475545532920338e-49
-4.897115719725239777e-49
-3.508936744686198135e-49
-2.514263044390539110e-49
-1.801548194324406897e-49
-1.290865688741098479e-49
-9.249456837284008553e-50
-6.627525429714837786e-50
-4.748829482014642730e-50
-3.402685012439417265e-50
-2.438130351433017267e-50
-1.746996736062016987e-50
-1.251777860858655045e-50
-8.969380311883107569e-51
-6.426841829908283990e-51
-4.605033399234654751e-51
-3.299650616789694605e-51
-2.364302980883909843e-51
-1.694097113486272223e-51
-1.213873624965597872e-51
-8.697784593675480045e-52
-6.232234993994833536e-52
-4.465591508050971183e-52
-3.199736135750915816e-52
-2.292711126839926714e-52
-1.642799308481729537e-52
-1.177117141516117129e-52
-8.434412881094199895e-53
-6.043520915610905880e-53
-4.330371962142747797e-53
-3.102847097306149050e-53
-2.223287097142863461e-53
-1.593054817497556255e-53
-1.141473656197418105e-53
-8.179016148605946756e-54
-5.860521160164750598e-54
-4.199246907538292695e-54
-3.008891890081358697e-54
-2.155965249374821337e-54
-1.544816605686094267e-54
-1.106909467068414986e-54
-7.931352911250585332e-55
-5.683062696121647852e-55
-4.072092361725075667e-55
-2.917781676724357477e-55
-2.090681928791501848e-55
-1.498039062429919576e-55
-1.073391892693630585e-55
-7.691188996310509764e-56
-5.510977731397102343e-56
-3.948788096420895671e-56
-2.829430309906656519e-56
-2.027375408134600128e-56
-1.452677958215783322e-56
-1.040889241242001761e-56
-7.458297321892814510e-57
-5.344103554704942780e-57
-3.829217523894741625e-57
-2.743754250868393602e-57
-1.965985829267172746e-57
-1.408690402814291891e-57
-1.009370780521233954e-57
-7.232457682217820283e-58
-5.182282381708956788e-58
-3.713267586729341249e-58
-2.660672490430396896e-58
-1.906455146575701763e-58
-1.366034804726020370e-58
-9.788067089197641053e-59
-7.013456539406894173e-59
-5.025361205833486559e-59
-3.600828650922614689e-59
-2.580106472397205963e-59
-1.848727072086668512e-59
-1.324670831855529844e-59
-9.491681272283055609e-60
-6.801086821577604518e-60
-4.873191653591219355e-60
-3.491794402224935119e-60
-2.501980019280429882e-60
-1.792747022244474900e-60
-1.284559373376079610e-60
-9.204270113149990023e-61
-6.595147727050647762e-61
-4.725629844291303047e-61
-3.386061745616626271e-61
-2.426219260270499791e-61
-1.738462066300974642e-61
-1.245662502749443048e-61
-8.925561856277017493e-62
-6.395444534485533248e-62
-4.582536253996854058e-62
-3.283530707828330439e-62
-2.352752561389493227e-62
-1.685820876268237146e-62
-1.207943441865156549e-62
-8.655292974986463029e-63
-6.201788418767103059e-63
-4.443775583600624566e-63
-3.184104342813130645e-63
-2.281510457759564588e-63
-1.634773678386297824e-63
-1.171366526265657056e-63
-8.393207922273903280e-64
-6.013996272465344553e-64
-4.309216630895434954e-64
-3.087688640081845406e-64
-2.212425587921687988e-64
-1.585272206060498376e-64
-1.135897171424720003e-64
-8.139058889180301596e-65
-5.831890532701556257e-65
-4.178732166519480149e-65
-2.994192435813109761e-65
-2.145432630143273372e-65
-1.537269654224316802e-65
-1.101501840046686439e-65
-7.892605570480852222e-66
-5.655299013258581092e-66
-4.052198813656904690e-66
-2.903527326655108765e-66
-2.080468240654976042e-66
-1.490720635083683788e-66
-1.068148010355893129e-66
-7.653614937470862663e-67
-5.484054741773231245e-67
-3.929496931381139339e-67
-2.815607586138184497e-67
-2.017470993757134845e-67
-1.445581135201391218e-67
-1.035804145346589023e-67
-7.421861017629692404e-68
-5.317995801858669464e-68
-3.810510501531665956e-68
-2.730350083617723062e-68
-1.956381323739843908e-68
-1.401808473881381674e-68
-1.004439662963688806e-68
-7.197124680956603145e-69
-5.156965180008750066e-69
-3.695127019015137146e-69
-2.647674205671510264e-69
-1.897141468562205720e-69
-1.359361262812786187e-69
-9.740249071864777215e-70
-6.979193432778336861e-70
-5.000810617136739875e-70
-3.583237385428273823e-70
-2.567501779877894438e-70
-1.839695415236479225e-70
-1.318199366935973504e-70
-9.445311199881633601e-71
-6.767861212828605658e-71
-4.849384464609549480e-71
-3.474735805902820679e-71
-2.489757000901267036e-71
-1.783988846866035032e-71
-1.278283866493931015e-71
-9.159304141442445113e-72
-6.562928200411627640e-72
-4.702543544642579240e-72
-3.369519689073123442e-72
-2.414366358815728885e-72
-1.729969091287485661e-72
-1.239577020232392721e-72
-8.881957468642604753e-73
-6.364200625467080470e-73
-4.560149014920543241e-73
-3.267489550072760408e-73
-2.341258569599773423e-73
-1.677585071267472566e-73
-1.202042229714294334e-73
-8.613008942222149320e-74
-6.171490585354320059e-74
-4.422066237317690834e-74
-3.168548916469319967e-74
-2.270364507734964550e-74
-1.626787256207534696e-74
-1.165644004715112552e-74
-8.352204263610156232e-75
-5.984615867184519112e-75
-4.288164650594376930e-75
-3.072604237046641946e-75
-2.201617140845587451e-75
-1.577527615311792590e-75
-1.130347929665724689e-75
-8.099296834477432862e-76
-5.803399775534202947e-76
-4.158317646947235656e-76
-2.979564793349190109e-76
-2.134951466317996408e-76
-1.529759572172296017e-76
-1.096120631111403982e-76
-7.854047523572159045e-77
-5.627670965374089594e-77
-4.032402452297520038e-77
-2.889342613905676182e-77
-2.070304449838571373e-77
-1.483437960729565291e-77
-1.062929746156454553e-77
-7.616224440613639591e-78
-5.457263280056965008e-78
-3.910300010205395644e-78
-2.801852391049226875e-78
-2.007614965792788337e-78
-1.438518982567046327e-78
-1.030743891864058977e-78
-7.385602717032753522e-79
-5.292015594212767328e-79
-3.791894869298276253e-79
-2.717011400256295211e-79
-1.946823739469550923e-79
-1.394960165498309141e-79
-9.995326355827239739e-80
-7.161964293353560581e-80
-5.131771661399406826e-80
-3.677075074107913249e-80
-2.634739421928731839e-80
-1.887873291015057894e-80
-1.352720323408258990e-80
-9.692664661715107923e-81
-6.945097713011111742e-81
-4.976379966366831208e-81
-3.565732059213941060e-81
-2.554958665543590158e-81
-1.830707881083790686e-81
-1.311759517310720912e-81
-9.399167660963098606e-82
-6.734797922412602186e-82
-4.825693581795889213e-82
-3.457760546591797174e-82
-2.477593696099739077e-82
-1.775273458135687618e-82
-1.272039017584851238e-82
-9.114557843710602115e-83
-6.530866077054506891e-83
-4.679570029373856120e-83
-3.353058446069042816e-83
-2.402571362792341485e-83
-1.721517607328684092e-83
-1.233521267355064201e-83
-8.838566103185573958e-84
-6.333109353508747476e-84
-4.537871145076703507e-84
-3.251526758796760959e-84
-2.329820729846432359e-84
-1.669389500958830687e-84
-1.196169846980143574e-84
-8.570931481255474234e-85
-6.141340767102075239e-85
-4.400462948531848921e-85
-3.153069483642986210e-85
-2.259273009444908426e-85
-1.618839850401533845e-85
-1.159949439617310081e-85
-8.311400921683158268e-86
-5.955378995117776211e-86
-4.267215516335437440e-86
-3.057593526420610567e-86
-2.190861496688073038e-86
-1.569820859507588317e-86
-1.124825797829033697e-86
-8.059729030856380616e-87
-5.775048205349248728e-87
-4.138002859205667316e-87
-2.965008611864695689e-87
-2.124521506522022290e-87
-1.522286179410411406e-87
-1.090765711201298252e-87
-7.815677845760323732e-88
-5.600177889845122044e-88
-4.012702802857044634e-88
-2.875227198274330182e-88
-2.060190312576890509e-88
-1.476190864702129658e-88
-1.057736974942092212e-88
-7.579016608976055723e-89
-5.430602703690076644e-89
-3.891196872480688387e-89
-2.788164394739190834e-89
-1.997807087857629300e-89
-1.431491330936259586e-89
-1.025708359430766246e-89
-7.349521550494112720e-90
-5.266162308665953445e-90
-3.773370180722671891e-90
-2.703737880873246636e-90
-1.937312847230143516e-90
-1.388145313417240878e-90
-9.946495806897096322e-91
-7.126975676132810492e-91
-5.106701221646911961e-91
-3.659111319055397871e-91
-2.621867828978200454e-91
-1.878650391648987825e-91
-1.346111827238198988e-91
-9.645312717498831761e-92
-6.911168562363409480e-92
-4.952068667586577282e-92
-3.548312252437275534e-92
-2.542476828563891267e-92
-1.821764254074358992e-92
-1.305351128528406781e-92
-9.353249548834253460e-93
-6.701896157349847048e-93
-4.802118436955418673e-93
-3.440868217162190181e-93
-2.465489813154898573e-93
-1.766600647026239748e-93
-1.265824676874203384e-93
-9.070030146773077242e-94
-6.498960588011214459e-94
-4.656708747495035429e-94
-3.336677621803014741e-94
-2.390833989312793666e-94
-1.713107411726640959e-94
-1.227495098878150128e-94
-8.795386719220807279e-95
-6.302169972926526212e-95
-4.515702110159781972e-95
-3.235641951153675737e-95
-2.318438767807653972e-95
-1.661233968782283833e-95
-1.190326152821289418e-95
-8.529059582912872076e-96
-6.111338240906437945e-96
-4.378965199116488793e-96
-3.137665673079921630e-96
-2.248235696874325667e-96
-1.610931270360167627e-96
-1.154282694395458948e-96
-8.270796917878150551e-97
-5.926284955057000790e-97
-4.246368725680682235e-97
-3.042656148191501733e-97
-2.180158397489095609e-97
-1.562151753811299082e-97
-1.119330643473542806e-97
-8.020354529335156375e-98
-5.746835142170892303e-98
-4.117787316071179172e-98
-2.950523542248663784e-98
-2.114142500606234307e-98
-1.514849296699118590e-98
-1.085436951885623100e-98
-7.777495616798169686e-99
-5.572819127286241867e-99
-3.993099392865166416e-99
-2.861180741221053019e-99
-2.050125586295587823e-99
-1.468979173189263113e-99
-1.052569572170894117e-99
-7.541990550176963418e-100
-5.404072373253535889e-100
-3.872187060042926721e-100
-2.774543268919400186e-100
-1.988047124722540784e-100
-1.424498011759882094e-100
-1.020697427276055573e-100
-7.313616652654210457e-101
-5.240435325160561203e-101
-3.754935991514442855e-101
-2.690529207120585245e-101
-1.927848418915152474e-101
-1.381363754192868788e-101
-9.897903811709645839e-102
-7.092157990137550358e-102
-5.081753259469582021e-102
-3.641235323020434005e-102
-2.609059118111381566e-102
-1.869472549264825337e-102
-1.339535615806473558e-102
-9.598192103540712206e-103
-6.877405167088956004e-103
-4.927876137721293646e-103
-3.530977547306707566e-103
-2.530055969578274843e-103
-1.812864319706994785e-103
-1.298974046892101678e-103
-9.307555762209275959e-104
-6.669155128534561570e-104
-4.778658464668733013e-104
-3.424058412473585994e-104
-2.453445061770953582e-104
-1.757970205531516144e-104
-1.259640695319158731e-104
-9.025719982691332479e-105
-6.467210968069797239e-105
-4.633959150708192287e-105
-3.320376823402406889e-105
-2.379153956871339267e-105
-1.704738302773821101e-105
-1.221498370271886329e-105
-8.752418281146540796e-106
-6.271381741679862733e-106
-4.493641378474491099e-106
-3.219834746166904922e-106
-2.307112410501974517e-106
-1.653118279138065351e-106
-1.184511007084273863e-106
-8.487392242951657266e-107
-6.081482287196078900e-107
-4.357572473475850774e-107
-3.122337115339890055e-107
-2.237252305307718363e-107
-1.603061326406355404e-107
-1.148643633140091972e-107
-8.230391278361244329e-108
-5.897333049219211225e-108
-4.225623778647122401e-108
-3.027791744105847882e-108
-2.169507586548641399e-108
-1.554520114289461770e-108
-1.113862334805165809e-108
-7.981172385567187829e-109
-5.718759909345739193e-109
-4.097670532700424433e-109
-2.936109237095404457e-109
-2.103814199643758730e-109
-1.507448745674518274e-109
-1.080134225360967240e-109
-7.739499920934911671e-110
-5.545594021533335256e-110
-3.973591752159413387e-110
-2.847202905859956984e-110
-2.040110029605374800e-110
-1.461802713227857474e-110
-1.047427413909467714e-110
-7.505145376194798688e-111
-5.377671652451623654e-111
-3.853270116966639613e-111
-2.760988686904977076e-111
-1.978334842307409933e-111
-1.417538857312305676e-111
-1.015710975219277279e-111
-7.277887162380434359e-112
-5.214834026668707001e-112
-3.736591859553578350e-112
-2.677385062205328270e-112
-1.918430227532706260e-112
-1.374615325178330904e-112
-9.849549204848635279e-113
-7.057510400311350131e-113
-5.056927176523047917e-113
-3.623446657270339610e-113
-2.596312982128181480e-113
-1.860339543743978376e-113
-1.332991531391143202e-113
-9.551301689714765147e-114
-6.843806717416708798e-114
-4.903801796544389205e-114
-3.513727528072120048e-114
-2.517695790688621757e-114
-1.804007864528264665e-114
-1.292628119455884894e-114
-9.262085205182226973e-115
-6.636574050715451264e-115
-4.755313102279233307e-115
-3.407330729364721370e-115
-2.441459153070095357e-115
-1.749381926661722086e-115
-1.253486924604976776e-115
-8.981626288743295880e-116
-6.435616455757355000e-116
-4.611320693393886981e-116
-3.304155659913618987e-116
-2.367530985337753804e-116
-1.696410079748050857e-116
-1.215530937712480436e-116
-8.709659758421271590e-117
-6.240743921353149003e-117
-4.471688420922665417e-117
-3.204104764721415951e-117
-2.295841386281472183e-117
-1.645042237381839622e-117
-1.178724270300470463e-117
-8.445928462034974446e-118
-6.051772189914503070e-118
-4.336284258533531868e-118
-3.107083442787405814e-118
-2.226322571322622964e-118
-1.595229829789837821e-118
-1.143032120605671842e-118
-8.190183034055352092e-119
-5.868522583231005021e-119
-4.204980177694232600e-119
-3.012999957660110101e-119
-2.158908808421011537e-119
-1.546925757907146244e-119
-1.108420740673580831e-119
-7.942181659820262102e-120
-5.690821833525908635e-120
-4.077652026618331309e-120
-2.921765350696755846e-120
-2.093536355923754040e-120
-1.500084348843951014e-120
-1.074857404448405696e-120
-7.701689846893284008e-121
-5.518501919627396162e-121
-3.954179412874664675e-121
-2.833293356950872431e-121
-2.030143402296058213e-121
-1.454661312699953400e-121
-1.042310376829846905e-121
-7.468480203345645546e-122
-5.351399908097756877e-122
-3.834445589553595420e-122
-2.747500323606775783e-122
-1.968670007675910545e-122
-1.410613700687278399e-122
-1.010748883666817541e-122
-7.242332222747929645e-123
-5.189357799176161198e-123
-3.718337344880080195e-123
-2.664305130882438156e-123
-1.909058047199592040e-123
-1.367899864521388477e-123
-9.801430826592378016e-124
-7.023032075676309320e-124
-5.032222377386200473e-124
-3.605744895167351874e-124
-2.583629115328915444e-124
-1.851251156043262596e-124
-1.326479417040946219e-124
-9.504640351414691607e-125
-6.810372407531819661e-125
-4.879845066664439515e-125
-3.496561781013978075e-125
-2.505395995452215672e-125
-1.795194676127733495e-125
-1.286313194020845409e-125
-9.216836787201307311e-126
-6.604152142478190163e-126
-4.732081789878417078e-126
-3.390684766644008527e-126
-2.429531799586060322e-126
-1.740835604438030567e-126
-1.247363217141520214e-126
-8.937748007399685572e-127
-6.404176293320126979e-127
-4.588792832598349228e-127
-3.288013742293368324e-127
-2.355964795950006975e-127
-1.688122542907800563e-127
-1.209592658078907027e-127
-8.667110125536796528e-128
-6.210255777138357738e-128
-4.449842710991478245e-128
-3.188451629553826702e-128
-2.284625424825380543e-128
-1.637005649820361006e-128
-1.172965803682436344e-128
-8.404667245708299742e-129
-6.022207236504080797e-129
-4.315100043719063763e-129
-3.091904289583094790e-129
-2.215446232783737563e-129
-1.587436592682235528e-129
-1.137448022207414259e-129
-8.150171220618585443e-130
-5.839852866110393280e-130
-4.184437427712258497e-130
-2.998280434092736801e-130
-2.148361808908137191e-130
-1.539368502523653254e-130
-1.103005730569305665e-130
-7.903381416951945207e-131
-5.663020244653215334e-131
-4.057731317707345852e-131
-2.907491539033043160e-131
-2.083308722945589611e-131
-1.492755929582038628e-131
-1.069606362590172835e-131
-7.664064487848147036e-132
-5.491542171799973595e-132
-3.934861909430918802e-132
-2.819451760891472607e-132
-2.020225465331182980e-132
-1.447554800328240892e-132
-1.037218338206593939e-132
-7.431994152263525006e-133
-5.325256510097920041e-133
-3.815713026322138510e-133
-2.734077855524133078e-133
-1.959052389029408102e-133
-1.403722375793981254e-133
-1.005811033609433529e-133
-7.206950981017176198e-134
-5.164006031669391534e-134
-3.700172009683092042e-134
-2.651289099446576871e-134
-1.899731653136493198e-134
-1.361217211160428390e-134
-9.753547522883432556e-135
-6.988722189315534206e-135
-5.007638269546476302e-135
-3.588129612157463131e-135
-2.571007213507857661e-135
-1.842207168189486108e-135
-1.319999116571191415e-135
-9.458206969530177955e-136
-6.777101435555734808e-136
-4.856005373510074737e-136
-3.479479894434602647e-136
-2.493156288874422896e-136
-1.786424543132407455e-136
-1.280029119131870973e-136
-9.171809423041898159e-137
-6.571888626224992460e-137
-4.708963970294062006e-137
-3.374120125079622160e-137
-2.417662715256607711e-137
-1.732331033888235780e-137
-1.241269426059608274e-137
-8.894084086296327652e-138
-6.372889726707510670e-138
-4.566375028020057502e-138
-3.271950683398511024e-138
-2.344455111308384809e-138
-1.679875493487247898e-138
-1.203683388949163066e-138
-8.624768361996601686e-139
-6.179916577816897108e-139
-4.428103724739659662e-139
-3.172874965244445982e-139
-2.273464257133411848e-139
-1.629008323706408233e-139
-1.167235469120986483e-139
-8.363607604374878253e-140
-5.992786717887414825e-140
-4.294019320957148001e-140
-3.076799291674656019e-140
-2.204623028836063846e-140
-1.579681428173091625e-140
-1.131891204017961866e-140
-8.110354878419038044e-141
-5.811323210252229449e-141
-4.163995036009988646e-141
-2.983632820374877090e-141
-2.137866335054222106e-141
-1.531848166888014547e-141
-1.097617174620284079e-141
-7.864770726389866316e-142
-5.635354475942610369e-142
-4.037907928194875593e-142
-2.893287459765822661e-142
-2.073131055412753629e-142
-1.485463312126067137e-142
-1.064380973846992856e-142
-7.626622941404063569e-143
-5.464714131456173756e-143
-3.915638778523472921e-143
-2.805677785709028454e-143
-2.010355980841781128e-143
-1.440483005672444255e-143
-1.032151175913767132e-143
-7.395686347877412796e-144
-5.299240831437383570e-144
-3.797071977996036773e-144
-2.720720960736407366e-144
-1.949481755702073949e-144
-1.396864717352925313e-144
-1.000897306619139269e-144
-7.171742588616012447e-145
-5.138778116118988324e-145
-3.682095418290507633e-145
-2.638336655725491830e-145
-1.890450821661890673e-145
-1.354567204820640045e-145
-9.705898145304259910e-146
-6.954579918350702531e-146
-4.983174263385796666e-146
-3.570600385761469157e-146
-2.558446973944991500e-146
-1.833207363274280688e-146
-1.313550474560465902e-146
-9.412000430416512535e-147
-6.743993003527155914e-147
-4.832282145317870325e-147
-3.462481458647001382e-147
-2.480976377401687130e-147
-1.777697255202276228e-147
-1.273775744073539281e-147
-9.127002032780821219e-148
-6.539782728158203719e-148
-4.685959089075117228e-148
-3.357636407390025870e-148
-2.405851615417490214e-148
-1.723868011041194921e-148
-1.235205405207532027e-148
-8.850633478211982530e-149
-6.341756005551605468e-149
-4.544066741996918961e-149
-3.255966097977882410e-149
-2.333001655367963015e-149
-1.671668733691562903e-149
-1.197802988597265059e-149
-8.582633452288161147e-150
-6.149725595742247975e-150
-4.406470940786453647e-150
-3.157374398207095637e-150
-2.262357615519373449e-150
-1.621050067234720160e-150
-1.161533129181445316e-150
-8.322748553272237959e-151
-5.963509928452379416e-151
-4.273041584653867926e-151
-3.061768086788221108e-151
-2.193852699899409005e-151
-1.571964150264799490e-151
-1.126361532764206977e-151
-8.070733052514545718e-152
-5.782932931409555937e-152
-4.143652512303057025e-152
-2.969056765202940105e-152
-2.127422135138877986e-152
-1.524364570634691690e-152
-1.092254943589147775e-152
-7.826348662106471184e-153
-5.607823863866358623e-153
-4.018181382643209866e-153
-2.879152772228594118e-153
-2.063003109227034698e-153
-1.478206321572277366e-153
-1.059181112894664162e-153
-7.589364309573896378e-154
-5.438017155161027786e-154
-3.896509559110354239e-154
-2.791971101052534032e-154
-2.000534712121355506e-154
-1.433445759124700226e-154
-1.027108768422022695e-154
-7.359555919392764827e-155
-5.273352248163686589e-155
-3.778521997493820418e-155
-2.707429318896190583e-155
-1.939957878154625939e-155
-1.390040560892028839e-155
-9.960075848467093685e-156
-7.136706201116607004e-156
-5.113673447465977279e-156
-3.664107137159253189e-156
-2.625447489071544751e-156
-1.881215330187026712e-156
-1.347949686010439501e-156
-9.658481551046063060e-157
-6.920604443923537969e-157
-4.958829772167416294e-157
-3.553156795563510406e-157
-2.545948095399191354e-157
-1.824251525449259802e-157
-1.307133336346417244e-157
-9.366019625869525230e-158
-6.711046317384248930e-158
-4.808674813116828865e-158
-3.445566065965642338e-158
-2.468855968914983675e-158
-1.769012603024609040e-158
-1.267552918866725433e-158
-9.082413541772239407e-159
-6.507833678259316087e-159
-4.663066594479214674e-159
-3.341233218235111603e-159
-2.394098216794729082e-159
-1.715446332922234202e-159
-1.229171009147792490e-159
-8.807395141039915774e-160
-6.310774383150315904e-160
-4.521867439494277609e-160
-3.240059602661840735e-160
-2.321604153432391594e-160
-1.663502066692495648e-160
-1.191951315989403349e-160
-8.540704385860076193e-161
-6.119682106823747275e-161
-4.384943840297469260e-161
-3.141949556680691435e-161
-2.251305233605194404e-161
-1.613130689536791566e-161
-1.155858647100553715e-161
-8.282089112450224550e-162
-5.934376166032983243e-162
-4.252166331685310392e-162
-3.046810314420275210e-162
-2.183134987661339917e-162
-1.564284573868414007e-162
-1.120858875824317156e-162
-8.031304792626774112e-163
-5.754681348678199675e-163
-4.123409368703008722e-163
-2.954551918989064008e-163
-2.117028958671457929e-163
-1.516917534279552840e-163
-1.086918908869709471e-163
-7.788114302598163078e-164
-5.580427748139240732e-164
-3.998551207936625469e-164
-2.865087137419129598e-164
-2.052924641483074018e-164
-1.470984783871121402e-164
-1.054006655021236821e-164
-7.552287698758768391e-165
-5.411450602622029764e-165
-3.877473792401937771e-165
-2.778331378185334144e-165
-1.990761423619457114e-165
-1.426442891905738202e-165
-1.022090994795903855e-165
-7.323602000267908913e-166
-5.247590139372590742e-166
-3.760062639918806612e-166
-2.694202611220615734e-166
-1.930480527969159435e-166
-1.383249742742948655e-166
-9.911417510184806882e-167
-7.101840978216453303e-167
-5.088691423608173504e-167
-3.646206734863635031e-167
-2.612621290354718381e-167
-1.872024957210886182e-167
-1.341364496017183445e-167
-9.611296602883064255e-168
-6.886794951177340122e-168
-4.934604212020148870e-168
-3.535798423201603568e-168
-2.533510278101430580e-168
-1.815339439920217753e-168
-1.300747548022272852e-168
-9.320263453100597133e-169
-6.678260586943287190e-169
-4.785182810715575175e-169
-3.428733310697264510e-169
-2.456794772721964994e-169
-1.760370378309237279e-169
-1.261360494265219120e-169
-9.038042880618770950e-170
-6.476040710271627466e-170
-4.640285937460231190e-170
-3.324910164205566528e-170
-2.382402237498237018e-170
-1.707065797548571840e-170
-1.223166093153192212e-170
-8.764368037764452026e-171
-6.279944116450511766e-171
-4.499776588090527206e-171
-3.224230815953637115e-171
-2.310262332147701118e-171
-1.655375296623082470e-171
-1.186128230780767491e-171
-8.498980157099293409e-172
-6.089785390507101480e-172
-4.363521906973003482e-172
-3.126600070720865736e-172
-2.240306846313766383e-172
-1.605250000676574865e-172
-1.150211886783384003e-172
-8.241628306744646125e-173
-5.905384731893557611e-173
-4.231393061386215745e-173
-3.031925615827961004e-173
-2.172469635071369730e-173
-1.556642514799479685e-173
-1.115383101224171476e-173
-7.992069153119827860e-174
-5.726567784481412471e-174
-4.103265119704184635e-174
-2.940117933853244261e-174
-2.106686556385406453e-174
-1.509506879215046800e-174
-1.081608942484067223e-174
-7.750066730864536019e-175
-5.553165471700792785e-175
-3.979016933270732955e-175
-2.851090217991831844e-175
-2.042895410461836559e-175
-1.463798525823343510e-175
-1.048857476124200929e-175
-7.515392219724047160e-176
-5.385013836674726705e-176
-3.858531021850604844e-176
-2.764758289976288235e-176
-1.981035880936382815e-176
-1.419474236061074659e-176
-1.017097734690589322e-176
-7.287823728194525435e-177
-5.221953887194081426e-177
-3.741693462547139212e-177
-2.681040520484179577e-177
-1.921049477843999564e-177
-1.376492100036680696e-177
-9.862996884337127252e-178
-7.067146083719415892e-178
-5.063831445383991129e-178
-3.628393782085619688e-178
-2.599857751955646097e-178
-1.862879482314239958e-178
-1.334811476903593621e-178
-9.564342169146854516e-179
-6.853150629235083466e-179
-4.910497001925217002e-179
-3.518524852358205095e-179
-2.521133223746720814e-179
-1.806470892942291488e-179
-1.294392956433367889e-179
-9.274730814707004113e-180
-6.645635025880865620e-180
-4.761805574689585015e-180
-3.411982789129968893e-180
-2.444792499550416802e-180
-1.751770373783863265e-180
-1.255198321751711961e-180
-8.993888985147409652e-181
-6.444403061682963654e-181
-4.617616571653520788e-181
-3.308666853814019538e-181
-2.370763397015460247e-181
-1.698726203923888649e-181
-1.217190513203575861e-181
-8.721551136437577316e-182
-6.249264466028057468e-182
-4.477793657965125377e-182
-3.208479358220813436e-182
-2.298975919494953501e-182
-1.647288228573238990e-182
-1.180333593312380887e-182
-8.457459765304063655e-183
-6.060034729758183129e-183
-4.342204627036391035e-183
-3.111325572190016413e-183
-2.229362189862972819e-183
-1.597407811646198978e-183
-1.144592712799681221e-183
-8.201365165755332840e-184
-5.876534930713002096e-184
-4.210721275536519112e-184
-3.017113634021005422e-184
-2.161856386335159776e-184
-1.549037789773077547e-184
-1.109934077634386917e-184
-7.953025192978923158e-185
-5.698591564551659495e-185
-4.083219282172785350e-185
-2.925754463615488370e-185
-2.096394680231559386e-185
-1.502132427706182169e-185
-1.076324917079718797e-185
-7.712205034383705773e-186
-5.526036380700522907e-186
-3.959578090141859960e-186
-2.837161678248661781e-186
-2.032915175625168052e-186
-1.456647375076074197e-186
-1.043733452707149236e-186
-7.478676987579312895e-187
-5.358706223268345208e-187
-3.839680793138460644e-187
-2.751251510892403381e-187
-1.971357850817889062e-187
-1.412539624456497365e-187
-1.012128868349183744e-187
-7.252220245078205970e-188
-5.196442876775752406e-188
-3.723414024817820819e-188
-2.667942731011591030e-188
-1.911664501587585832e-188
-1.369767470699890538e-188
-9.814812809619557047e-189
-7.032620685513248754e-189
-5.039092916558957387e-189
-3.610667851605155869e-189
-2.587156567757339997e-189
-1.853778686154682730e-189
-1.328290471504197206e-189
-9.517617123695969199e-190
-6.819670671181152734e-190
-4.886507563703156640e-190
-3.501335668749023226e-190
-2.508816635487397764e-190
-1.797645671815143522e-190
-1.288069409173028806e-190
-9.229420618647218741e-191
-6.613168851716169315e-191
-4.738542544366037584e-191
-3.395314099524125872e-191
-2.432848861541733289e-191
-1.743212383188482451e-191
-1.249066253534454441e-191
-8.949950796385526569e-192
-6.412919973705170828e-192
-4.595057953363621831e-192
-3.292502897486212259e-192
-2.359181416203838940e-192
-1.690427352033800915e-192
-1.211244125982582335e-192
-8.678943410151201978e-193
-6.218734696071156722e-193
-4.455918121886645193e-193
-3.192804851684995765e-193
-2.287744644784116152e-193
-1.639240668585361769e-193
-1.174567264607345883e-193
-8.416142214661404691e-194
-6.030429411046843802e-194
-4.320991489220200880e-194
-3.096125694749022625e-194
-2.218471001759742799e-194
-1.589603934360885881e-194
-1.139000990380814047e-194
-8.161298723824241361e-195
-5.847826070566087283e-195
-4.190150478350131982e-195
-3.002374013753667014e-195
-2.151294986907643933e-195
-1.541470216399698410e-195
-1.104511674367359289e-195
-7.914171975785093458e-196
-5.670752017915432149e-196
-4.063271375335981956e-196
-2.911461163786509901e-196
-2.086153083372558318e-196
-1.494794002886519161e-196
-1.071066705926138227e-196
-7.674528305091780270e-197
-5.499039824483159013e-197
-3.940234212334452610e-197
-2.823301184131580658e-197
-2.022983697610370915e-197
-1.449531160118196752e-197
-1.038634461876997407e-197
-7.442141121758414592e-198
-5.332527131448746917e-198
-3.820922654167114959e-198
-2.737810716991495932e-198
-1.961727101148919620e-198
-1.405638890774302428e-198
-1.007184276600017287e-198
-7.216790697015380451e-199
-5.171056496268964155e-199
-3.705223888322777593e-199
-2.654908928669281349e-199
-1.902325374113382959e-199
-1.363075693451262098e-199
-9.766864130399279000e-200
-6.998263955550862609e-200
-5.014475243812265113e-200
-3.593028518288692111e-200
-2.574517433138299190e-200
-1.844722350461688080e-200
-1.321801323421099408e-200
-9.471120345890535344e-201
-6.786354274043154279e-201
-4.862635321998268795e-201
-3.484230460113687690e-201
-2.496560217926424882e-201
-1.788863564877239731e-201
-1.281776754579140888e-201
-9.184331778216273822e-202
-6.580861285789931557e-202
-4.715393161811193533e-202
-3.378726842103321747e-202
-2.420963572243179585e-202
-1.734696201270742033e-202
-1.242964142543922089e-202
-8.906227260532395294e-203
-6.381590691257044635e-203
-4.572609541551990132e-203
-3.276417907550523343e-203
-2.347656017284519715e-203
-1.682169042841351017e-203
-1.205326788873792839e-203
-8.636543837014030984e-204
-6.188354074363763243e-204
-4.434149455198599897e-204
-3.177206920413386097e-204
-2.276568238647959452e-204
-1.631232423649116275e-204
-1.168829106367715508e-204
-8.375026514224659751e-205
-6.000968724327743373e-205
-4.299881984754715877e-205
-3.081000073848980986e-205
-2.207633020792993605e-205
-1.581838181654717152e-205
-1.133436585416735528e-205
-8.121428020009495586e-206
-5.819257462907878329e-206
-4.169680176463763796e-206
-2.987706401515186288e-206
-2.140785183487295343e-206
-1.533939613181130467e-206
-1.099115761373747581e-206
-7.875508569694097576e-207
-5.643048476878126994e-207
-4.043420920768986415e-207
-2.897237691559969383e-207
-2.075961520177284116e-207
-1.487491428753413329e-207
-1.065834182911921317e-207
-7.637035639362371857e-208
-5.472175155571160894e-208
-3.920984835910583946e-208
-2.809508403215018063e-208
-2.013100738223769093e-208
-1.442449710276485102e-208
-1.033560381341212035e-208
-7.405783745995780410e-209
-5.306475933344221968e-209
-3.802256155047479243e-209
-2.724435585913478621e-209
-1.952143400948380279e-209
-1.398771869509543817e-209
-1.002263840853441582e-209
-7.181534234274089903e-210
-5.145794136815045283e-210
-3.687122616795075532e-210
-2.641938800858334546e-210
-1.893031871434803149e-210
-1.356416607797158267e-210
-9.719149696689144092e-211
-6.964075069831650832e-211
-4.989977836720820584e-211
-3.575475359079595682e-211
-2.561940044965641317e-211
-1.835710258030738045e-211
-1.315343877020463591e-211
-9.424850720566999099e-212
-6.753200638770321704e-212
-4.838879704265665561e-212
-3.467208816206452773e-212
-2.484363677109452998e-212
-1.780124361501087313e-212
-1.275514841730727888e-212
-9.139463212016552457e-213
-6.548711553246906056e-213
-4.692356871817808527e-213
-3.362220619043604747e-213
-2.409136346601439483e-213
-1.726221623781312594e-213
-1.236891842428862112e-213
-8.862717328935477416e-214
-6.350414462947290632e-214
-4.550270797822454203e-214
-3.260411498229241383e-214
-2.336186923836094193e-214
-1.673951078281657509e-214
-1.199438359957518259e-214
-8.594351400128532958e-215
-6.158121872265894683e-215
-4.412487135807630957e-215
-3.161685190310287356e-215
-2.265446433034813494e-215
-1.623263301697089544e-215
-1.163118980971373910e-215
-8.334111677886845619e-216
-5.971651963024356754e-216
-4.278875607356464141e-216
-3.065948346721404221e-216
-2.196847987027746779e-216
-1.574110367276412034e-216
-1.127899364452377559e-216
-8.081752098063756369e-217
-5.790828422558203046e-217
-4.149309878923656817e-217
-2.973110445521825680e-217
-2.130326724010416456e-217
-1.526445799505579761e-217
-1.093746209239547137e-217
-7.837034047415414370e-218
-5.615480277006081038e-218
-4.023667442384280359e-218
-2.883083705804749247e-218
-2.065819746214253234e-218
-1.480224530164055665e-218
-1.060627222541942231e-218
-7.599726137982304131e-219
-5.445441729650135748e-219
-3.901829499199487181e-219
-2.795783004696933489e-219
-2.003266060435343970e-219
-1.435402855711756179e-219
-1.028511089404523721e-219
-7.369603988306711512e-220
-5.280552004151332456e-220
-3.783680848087675462e-220
-2.711125796873105911e-220
-1.942606520363931977e-220
-1.391938395965583140e-220
-9.973674430991593227e-221
-7.146450011274834088e-221
-5.120655192528924927e-221
-3.669109776099090711e-221
-2.629032036507433434e-221
-1.883783770659185315e-221
-1.349790054028009349e-221
-9.671668364121735377e-222
-6.930053208379334588e-222
-4.965600107745950103e-222
-3.558007952988622524e-222
-2.549424101586950716e-222
-1.826742192718433788e-222
-1.308917977429001597e-222
-9.378807138008138176e-223
-6.720208970215526092e-223
-4.815240140758356532e-223
-3.450270328784971884e-223
-2.472226720518342362e-223
-1.771427852088481388e-223
-1.269283520443824275e-223
-9.094813843933951877e-224
-6.516718883018389280e-224
-4.669433121889949759e-224
-3.345795034464719998e-224
-2.397366900956190985e-224
-1.717788447468298175e-224
-1.230849207553067525e-224
-8.819419958066761973e-225
-6.319390541053971316e-225
-4.528041186409351732e-225
-3.244483285629865223e-225
-2.324773860787033129e-225
-1.665773261257547062e-225
-1.193578698007599885e-225
-8.552365087563101577e-226
-6.128037364697573908e-226
-4.390930644171735786e-226
-3.146239289106867130e-226
-2.254378961202661512e-226
-1.615333111600459379e-226
-1.157436751468270229e-226
-8.293396724358917554e-227
-5.942478424013041895e-227
-4.257971853214368203e-227
-3.050970152370228890e-227
-2.186115641799270863e-227
-1.566420305884232594e-227
-1.122389194684710127e-227
-8.042270006412647102e-228
-5.762538267682912371e-228
-4.129039097174763094e-228
-2.958585795708936352e-228
-2.119919357644240832e-228
-1.518988595643688758e-228
-1.088402889183170523e-228
-7.798747486186862697e-229
-5.588046757111941679e-229
-4.004010466420880125e-229
-2.868998867055614185e-229
-2.055727518246231449e-229
-1.472993132831519613e-229
-1.055445699933920437e-229
-7.562598906131795835e-230
-5.418838905554315358e-230
-3.882767742784924642e-230
-2.782124659391526339e-230
-1.993479428373391674e-230
-1.428390427414220501e-230
-1.023486464966243920e-230
-7.333600980967696126e-231
-5.254754722117810234e-231
-3.765196287783167805e-231
-2.697881030652737167e-231
-1.933116230665698023e-231
-1.385138306250460939e-231
-9.924949659035638473e-232
-7.111537186567419080e-232
-5.095639060485777202e-232
-3.651184934220727960e-232
-2.616188326064353314e-232
-1.874580849982880944e-232
-1.343195873214710652e-232
-9.624418993918053815e-233
-6.896197555223896740e-233
-4.941341472220153091e-233
-3.540625881082389072e-233
-2.536969302823634062e-233
-1.817817939437621650e-233
-1.302523470529734841e-233
-9.332988493918619548e-234
-6.687378477117350782e-234
-4.791716064511665043e-234
-3.433414591602283446e-234
-2.460149057063862057e-234
-1.762773828064774152e-234
-1.263082641268523870e-234
-9.050382603111044781e-235
-6.484882507801132964e-235
-4.646621362232138731e-235
-3.329449694420234640e-235
-2.385654953032342390e-235
-1.709396470073245245e-235
-1.224836092991745250e-235
-8.776334109494213841e-236
-6.288518181509815764e-236
-4.505920174164160298e-236
-3.228632887734599897e-236
-2.313416554410285720e-236
-1.657635395634639028e-236
-1.187747662487544670e-236
-8.510583892332194591e-237
-6.098099830120737389e-237
-4.369479463286048050e-237
-3.130868846353846625e-237
-2.243365557712484391e-237
-1.607441663163765206e-237
-1.151782281577731418e-237
-8.252880677145296892e-238
-5.913447407603796912e-238
-4.237170220979846956e-238
-3.036065131562806504e-238
-2.175435727705999075e-238
-1.558767813042342429e-238
-1.116905943959426763e-238
-8.002980798128729377e-239
-5.734386319780482550e-239
-4.108867345048562188e-239
-2.944132103721380326e-239
-2.109562834782007884e-239
-1.511567822744052732e-239
-1.083085673051924315e-239
-7.760647967756487165e-240
-5.560747259238159566e-240
-3.984449521431374213e-240
-2.854982837506546399e-240
-2.045684594224163507e-240
-1.465797063319994834e-240
-1.050289490815967014e-240
-7.525653053362139631e-241
-5.392366045249008638e-241
-3.863799109496166549e-241
-2.768533039721023097e-241
-1.983740607318065738e-241
-1.421412257200166009e-241
-1.018486387517244373e-241
-7.297773860492677200e-242
-5.229083468530355898e-242
-3.746802030805649520e-242
-2.684700969593605287e-242
-1.923672304241774515e-242
-1.378371437272807561e-242
-9.876462924065248497e-243
-7.076794922814447603e-243
-5.070745140705982382e-243
-3.633347661255592833e-243
-2.603407361489879046e-243
-1.865422888685723069e-243
-1.336633907204274428e-243
-9.577400452865158366e-244
-6.862507298381215108e-244
-4.917201348331099801e-244
-3.523328726475153448e-244
-2.524575349963425842e-244
-1.808937284151507421e-244
-1.296160202958969021e-244
-9.287393689397434887e-245
-6.654708372078431799e-245
-4.768306911332087529e-245
-3.416641200394708057e-245
-2.448130397079131967e-245
-1.754162081874774536e-245
-1.256912055484531122e-245
-9.006168423922923052e-246
-6.453201664042259449e-246
-4.623921045732982551e-246
-3.313184206888654375e-246
-2.374000221934488025e-246
-1.701045490325120937e-246
-1.218852354528246487e-246
-8.733458749861393815e-247
-6.257796643880074954e-247
-4.483907230543480120e-247
-3.212859924392853729e-247
-2.302114732315129217e-247
-1.649537286236925069e-247
-1.181945113547765303e-247
-8.469006812366344193e-248
-6.068308550522975336e-248
-4.348133078672687869e-248
-3.115573493410468268e-248
-2.232405958422276893e-248
-1.599588767121171650e-248
-1.146155435684401547e-248
-8.212562564521854237e-249
-5.884558217526530054e-249
-4.216470211751885990e-249
-3.021232926821807011e-249
-2.164807988604478806e-249
-1.551152705215316931e-249
-1.111449480767967535e-249
-7.963883530912896390e-250
-5.706371903661818206e-250
-4.088794138752096111e-250
-2.929749022906689161e-250
-2.099256907035528789e-250
-1.504183302829189816e-250
-1.077794433319491973e-250
-7.722734578355209618e-251
-5.533581128642167973e-251
-3.964984138272660920e-251
-2.841035281000688457e-251
-2.035690733281719579e-251
-1.458636149041379309e-251
-1.045158471522884813e-251
-7.488887693575627491e-252
-5.366022513818072869e-252
-3.844923144394376966e-252
-2.755007819708293504e-252
-1.974049363696770661e-252
-1.414468177706948161e-252
-1.013510737137240666e-252
-7.262121767616093193e-253
-5.203537627696204915e-253
-3.728497635993047011e-253
-2.671585297589575090e-253
-1.914274514591452313e-253
-1.371637626738165653e-253
-9.828213063190943867e-254
-7.042222386766375904e-254
-5.045972836141597786e-254
-3.615597529400553780e-254
-2.590688836248634875e-254
-1.856309667126049222e-254
-1.330103998616723165e-254
-9.530611613282421482e-255
-6.828981629834770190e-255
-4.893179157110210827e-255
-3.506116074316395202e-255
-2.512241945753661091e-255
-1.800100013869453133e-255
-1.289828022101726837e-255
-9.242021630913135666e-256
-6.622197871550000996e-256
-4.745012119780499652e-256
-3.399949752874706632e-256
-2.436170452312528751e-256
-1.745592406976571136e-256
-1.250771615098530399e-256
-8.962170245951131123e-257
-6.421675591916539353e-257
-4.601331627955497882e-257
-3.296998181763829418e-257
-2.362402428138547634e-257
-1.692735307936751438e-257
-1.212897848650538972e-257
-8.690792850856673027e-258
-6.227225191349413310e-258
-4.462001827596049539e-258
-3.197164017309918797e-258
-2.290868123442350168e-258
-1.641478738841988945e-258
-1.176170912021416414e-258
-8.427632850494425999e-259
-6.038662811399947375e-259
-4.326890978365443735e-259
-3.100352863437978868e-259
-2.221499900480583843e-259
-1.591774235130834650e-259
-1.140556078835844678e-259
-8.172441419512118989e-260
-5.855810160910315330e-260
-4.195871329068221046e-260
-3.006473182416467030e-260
-2.154232169601740111e-260
-1.543574799764894054e-260
-1.106019674244297647e-260
-7.924977267066320538e-261
-5.678494347438301633e-261
-4.068818996856128955e-261
-2.915436208304741873e-261
-2.089001327230796711e-261
-1.496834858791181326e-261
-1.072529043082137354e-261
-7.685006408680668076e-262
-5.506547713780345834e-262
-3.945613850091983866e-262
-2.827155863024397161e-262
-2.025745695729396880e-262
-1.451510218250142284e-262
-1.040052518993981885e-262
-7.452301945003852314e-263
-5.339807679445005660e-263
-3.826139394764569821e-263
-2.741548674968869414e-263
-1.964405465077205001e-263
-1.407558022390030420e-263
-1.008559394491855972e-263
-7.226643847267294232e-264
-5.178116586932248833e-264
-3.710282664338722135e-264
-2.658533700077734618e-264
-1.904922636321211829e-264
-1.364936713145019194e-264
-9.780198919200436889e-265
-7.007818749246779941e-265
-5.021321552661749366e-265
-3.597934112941000991e-265
-2.578032445303661490e-265
-1.847240966735323310e-265
-1.323605990840404494e-265
-9.484051353001579337e-266
-6.795619745515855851e-266
-4.869274322415412310e-266
-3.488987511783482433e-266
-2.499968794393991967e-266
-1.791305916640635237e-266
-1.283526776089048578e-266
-9.196871230277062038e-267
-6.589846195808551264e-267
-4.721831131162221714e-267
-3.383339848720041107e-267
-2.424268935919805051e-267
-1.737064597837877521e-267
-1.244661172840200828e-267
-8.918387013954649221e-268
-6.390303535312945618e-268
-4.578852567122451170e-268
-3.280891230844284750e-268
-2.350861293486818572e-268
-1.684465723599431465e-268
-1.206972432547281039e-268
-8.648335389195048635e-269
-6.196803090702079925e-269
-4.440203439948300844e-269
-3.181544790040282976e-269
-2.279676458056947796e-269
-1.633459560175696865e-269
-1.170424919421933061e-269
-8.386461014416828656e-270
-6.009161901735853007e-270
-4.305752652900711375e-270
-3.085206591389750472e-270
-2.210647122319307211e-270
-1.583997879771568948e-270
-1.134984076738911789e-270
-8.132516279860838106e-271
-5.827202548271142712e-271
-4.175373078891962757e-271
-2.991785544352862451e-271
-2.143708017050792553e-271
-1.536033914945059870e-271
-1.100616394161330284e-271
-7.886261073473863378e-272
-5.650752982503714133e-272
-4.048941440281980786e-272
-2.901193316641663928e-272
-2.078795849401327082e-272
-1.489522314386829915e-272
-1.067289376056458529e-272
-7.647462553872739854e-273
-5.479646366290203934e-273
-3.926338192318673387e-273
-2.813344250698234878e-273
-2.015849243047964641e-273
-1.444419100040284550e-273
-1.034971510769756801e-273
-7.415894930183602562e-274
-5.313720913401775097e-274
-3.807447410103415142e-274
-2.728155282702076330e-274
-1.954808680163251317e-274
-1.400681625518499789e-274
-1.003632240829358051e-274
-7.191339248555414857e-275
-5.152819736548531529e-275
-3.692156678979466286e-275
-2.645545864032826273e-275
-1.895616445138652269e-275
-1.358268535780374573e-275
-9.732419340538166956e-276
-6.973583185130035027e-276
-4.996790699036374367e-276
-3.580356988243317910e-276
-2.565437885108203783e-276
-1.838216570012161821e-276
-1.317139728029220044e-276
-9.437718555336529638e-277
-6.762420845281595923e-277
-4.845486270920949966e-277
-3.471942628070554462e-277
-2.487755601528306338e-277
-1.782554781550294935e-277
-1.277256313793904462e-277
-9.151941404613585804e-278
-6.557652568942050440e-278
-4.698763389511979049e-278
-3.366811089563031222e-278
-2.412425562458874500e-278
-1.728578449930499228e-278
-1.238580582158262611e-278
-8.874817677850730999e-279
-6.359084741814299648e-279
-4.556483324101813809e-279
-3.264862967826164641e-279
-2.339376541180489940e-279
-1.676236538977571195e-279
-1.201075964105226023e-279
-8.606085346590603951e-280
-6.166529612302215497e-280
-4.418511544794819418e-280
-3.166001867977489783e-280
-2.268539467740889324e-280
-1.625479557908684368e-280
-1.164706997939301456e-280
-8.345490316678796619e-281
-5.979805113990499556e-281
-4.284717595303784003e-281
-3.070134314001479097e-281
-2.199847363648957700e-281
-1.576259514537802379e-281
-1.129439295756133455e-281
-8.092786188016492626e-282
-5.798734693493356693e-282
-4.154974969598336970e-282
-2.977169660367473981e-282
-2.133235278543791089e-282
-1.528529869897166999e-282
-1.095239510928559159e-282
-7.847734021578959237e-283
-5.623147143516272323e-283
-4.029160992292821391e-283
-2.887020006320582948e-283
-2.068640228781558342e-283
-1.482245494234457246e-283
-1.062075306575990125e-283
-7.610102113489243589e-284
-5.452876440978604770e-284
-3.907156702651635152e-284
-2.799600112768034823e-284
-2.006001137884132388e-284
-1.437362624340738828e-284
-1.029915324988611568e-284
-7.379665775940919368e-285
-5.287761590031887084e-285
-3.788846742107148065e-285
-2.714827321685163830e-285
-1.945258778788748132e-285
-1.393838822170617596e-285
-9.987291579785016094e-286
-7.156207124746469228e-286
-5.127646469831882582e-286
-3.674119245187563063e-286
-2.632621477958825346e-286
-1.886355717846471600e-286
-1.351632934716841901e-286
-9.684873181274291545e-287
-6.939514873319150021e-287
-4.972379686925484404e-287
-3.562865733743475702e-287
-2.552904853597560803e-287
-1.829236260518378470e-287
-1.310705055098430528e-287
-9.391612109053335349e-288
-6.729384132900400161e-288
-4.821814432101951591e-288
-3.454981014377491958e-288
-2.475602074239370018e-288
-1.773846398714061344e-288
-1.271016484827134536e-288
-9.107231076340429157e-289
-6.525616218829043852e-289
-4.675808341578972077e-289
-3.350363078983310051e-289
-2.400640047882129242e-289
-1.720133759724840778e-289
-1.232529697217813199e-289
-8.831461192686620935e-290
-6.328018462677064745e-290
-4.534223362396960420e-290
-3.248913008292833875e-290
-2.327947895772208211e-290
-1.668047556705092370e-290
-1.195208301905397282e-290
-8.564041709729151071e-291
-6.136404030080589933e-291
-4.396925621884260371e-291
-3.150534878344083199e-291
-2.257456885388234306e-291
-1.617538540651178292e-291
-1.159017010436359332e-291
-8.304719774652482168e-292
-5.950591744080258627e-292
-4.263785301075236185e-292
-3.055135669784581995e-292
-2.189100365451643946e-292
-1.568558953834567998e-292
-1.123921602903292016e-292
-8.053250191105508362e-293
-5.770405913811229579e-293
-4.134676511965748360e-293
-2.962625179917705120e-293
-2.122813702905261513e-293
-1.521062484646647776e-293
-1.089888895588569188e-293
-7.809395187358676756e-294
-5.595676168386543399e-294
-4.009477178480833285e-294
-2.872915937412461150e-294
-2.058534221802398948e-294
-1.475004223809180205e-294
-1.056886709587826456e-294
-7.572924191489564176e-295
-5.426237295804382894e-295
-3.888068921046940766e-295
-2.785923119598877853e-295
-1.996201144044154826e-295
-1.430340621910801322e-295
-1.024883840384636352e-295
-7.343613613367574416e-296
-5.261929086733589002e-296
-3.770336944663417745e-296
-2.701564472264659192e-296
-1.935755531911310393e-296
-1.387029448230821094e-296
-9.938500283453454067e-297
-7.121246633240609934e-297
-5.102596183034884900e-297
-3.656169930359078258e-297
-2.619760231880570884e-297
-1.877140232338408166e-297
-1.345029750808328822e-297
-9.637559301073925378e-298
-6.905612996730850043e-298
-4.948087930863323344e-298
-3.545459929935711747e-298
-2.540433050183594177e-298
-1.820299822873157705e-298
-1.304301817720490668e-298
-9.345730908350033277e-299
-6.696508816030526442e-299
-4.798258238219105019e-299
-3.438102263902486412e-299
-2.463507921040947006e-299
-1.765180559272313829e-299
-1.264807139534717390e-299
-9.062739173139652669e-300
-6.493736377117927724e-300
-4.652965436816822565e-300
-3.333995422497154930e-300
-2.388912109528810101e-300
-1.711730324686208868e-300
-1.226508372896399910e-300
-8.788316518611498594e-301
-6.297103952817739846e-301
-4.512072148132226894e-301
-3.233040969704554511e-301
-2.316575083161070873e-301
-1.659898580380112720e-301
-1.189369305219289363e-301
-8.522203470249823052e-302
-6.106425621515062365e-302
-4.375445153505388031e-302
-3.135143450184831038e-302
-2.246428445197938728e-302
-1.609636317947857563e-302
-1.153354820446303423e-302
-8.264148410510498214e-303
-5.921521091359159458e-303
-4.242955268181752383e-303
-3.040210299016465258e-303
-2.178405869974116961e-303
-1.560896012974130419e-303
-1.118430865845840683e-303
-8.013907340906677210e-304
-5.742215529796554427e-304
-4.114477219162602221e-304
-2.948151754172467850e-304
-2.112443040187533791e-304
-1.513631580098168162e-304
-1.084564419813574805e-304
-7.771243651306927605e-305
-5.568339398259613833e-305
-3.989889526754474868e-305
-2.858880771649911173e-305
-2.048477586084672107e-305
-1.467798329438226800e-305
-1.051723460650351200e-305
-7.535927896210543439e-306
-5.399728291861113936e-306
-3.869074389709466035e-306
-2.772312943166217479e-306
-1.986449026487493661e-306
-1.423352924337057635e-306
-1.019876936284344602e-306
-7.307737577797747173e-307
-5.236222783948549122e-307
-3.751917573839274064e-307
-2.688366416347784697e-307
-1.926298711608166693e-307
-1.380253340385305951e-307
-9.889947349100961661e-308
-7.086456935556815848e-308
-5.077668275359628643e-308
-3.638308304002249053e-308
-2.606961817338132851e-308
-1.867969767593261206e-308
-1.338458825685765418e-308
-9.590476565176400069e-309
-6.871876742273581851e-309
-4.923914848242641268e-309
-3.528139159364907728e-309
-2.528022175746635300e-309
-1.811407042747273083e-309
-1.297929862322245847e-309
-9.300073852826868254e-310
-6.663794106198834223e-310
-4.774817124308334636e-310
-3.421305971831086022e-310
-2.451472851869965904e-310
-1.756557055386391204e-310
-1.258628128993703501e-310
-9.018464627928969045e-311
-6.462012279213389046e-311
-4.630234127369026308e-311
-3.317707727547050510e-311
-2.377241466119690155e-311
-1.703367943269568961e-311
-1.220516464780272631e-311
-8.745382620861690996e-312
-6.266340470791533309e-312
-4.490029150041953167e-312
-3.217246471393310022e-312
-2.305257830586351184e-312
-1.651789414559469225e-312
-1.183558834008037464e-312
-8.480569624755268434e-313
-6.076593667623839358e-313
-4.354069624521166626e-313
-3.119827214380088791e-313
-2.235453882684899189e-313
-1.601772700266129157e-313
-1.147720292161438377e-313
-8.223775251023250924e-314
-5.892592458390983266e-314
-4.222226997159289579e-314
-3.025357844066466050e-314
-2.167763620861588044e-314
-1.553270507925934400e-314
-1.112966952783739208e-314
-7.974756696751160118e-315
-5.714162861833247862e-315
-4.094376606280932028e-315
-2.933749033408376983e-315
-2.102123044816083481e-315
-1.506236976211511754e-315
-1.079265958903778165e-315
-7.733278530370318521e-316
-5.541136186350405952e-316
-3.970397596215762774e-316
-2.844914177539948950e-316
-2.038470092393470024e-316
-1.460627661842942085e-316
-1.046585433406085570e-316
-7.499112164998692991e-317
-5.373348775661666499e-317
-3.850173045340562196e-317
-2.758769187970456707e-317
-1.976744297369681392e-317
-1.416399251073185783e-317
-1.014894827717713414e-317
-7.272038606038764397e-318
-5.210643571238873028e-318
-3.733589857088340772e-318
-2.675232074505972900e-318
-1.916885774047785167e-318
-1.373512376751582218e-318
-9.841639445463878786e-319
-7.051848369656696050e-319
-5.052858766583012532e-319
-3.620562459289238800e-319
-2.594190486618633230e-319
-1.858823179348521873e-319
-1.331951574623416558e-319
-9.543372015069518247e-320
-6.838362604088693418e-320
-4.900143075453483225e-320
-3.510830479347897943e-320
-2.515782268623627403e-320
-1.802845541674708640e-320
-1.291981663874859713e-320
-9.253849546606547772e-321
-6.630360967189528623e-321
-4.747970856534379290e-321
-3.404112299846188689e-321
-2.440684290455757928e-321
-1.748992386278012766e-321
-1.249986083978353757e-321
-8.991994754310687104e-322
-6.422853395936205074e-322
-4.644217070907717515e-322
-3.310239827136351846e-322
-2.371515100037983412e-322
-1.679823195860238250e-322
-1.185757550018991706e-322
-8.893181625142437795e-323
-5.928787750094958530e-323
-4.446590812571218898e-323
-3.458459520888725809e-323
-1.976262583364986177e-323
-1.482196937523739633e-323
-9.881312916824930884e-324
-9.881312916824930884e-324
-4.940656458412465442e-324
-4.940656458412465442e-324
-4.940656458412465442e-324
0.000000000000000000e+00
0.000000000000000000e+00
0.000000000000000000e+00
0.000000000000000000e+00
0.000000000000000000e+00
0.000000000000000000e+00
0.000000000000000000e+00
0.000000000000000000e+00
0.000000000000000000e+00
0.000000000000000000e+00
0.000000000000000000e+00
0.000000000000000000e+00
0.000000000000000000e+00
0.000000000000000000e+00
0.000000000000000000e+00
0.000000000000000000e+00
0.000000000000000000e+00
0.000000000000000000e+00
0.000000000000000000e+00
0.000000000000000000e+00
0.000000000000000000e+00
0.000000000000000000e+00
0.000000000000000000e+00
0.000000000000000000e+00
0.000000000000000000e+00
0.000000000000000000e+00
0.000000000000000000e+00
0.000000000000000000e+00
0.000000000000000000e+00
0.000000000000000000e+00
0.000000000000000000e+00
0.000000000000000000e+00
0.000000000000000000e+00
0.000000000000000000e+00
0.000000000000000000e+00
0.000000000000000000e+00
0.000000000000000000e+00
0.000000000000000000e+00
0.000000000000000000e+00
0.000000000000000000e+00
0.000000000000000000e+00
0.000000000000000000e+00
0.000000000000000000e+00
0.000000000000000000e+00
0.000000000000000000e+00
0.000000000000000000e+00
0.000000000000000000e+00
0.000000000000000000e+00
0.000000000000000000e+00
0.000000000000000000e+00
0.000000000000000000e+00
0.000000000000000000e+00
0.000000000000000000e+00
0.000000000000000000e+00
0.000000000000000000e+00
0.000000000000000000e+00
0.000000000000000000e+00
0.000000000000000000e+00
0.000000000000000000e+00
0.000000000000000000e+00
0.000000000000000000e+00
0.000000000000000000e+00
0.000000000000000000e+00
0.000000000000000000e+00
0.000000000000000000e+00
0.000000000000000000e+00
0.000000000000000000e+00
0.000000000000000000e+00
0.000000000000000000e+00
0.000000000000000000e+00
0.000000000000000000e+00
0.000000000000000000e+00
0.000000000000000000e+00
0.000000000000000000e+00
0.000000000000000000e+00
0.000000000000000000e+00
0.000000000000000000e+00
0.000000000000000000e+00
0.000000000000000000e+00
0.000000000000000000e+00
0.000000000000000000e+00
0.000000000000000000e+00
0.000000000000000000e+00
0.000000000000000000e+00
0.000000000000000000e+00
0.000000000000000000e+00
0.000000000000000000e+00
0.000000000000000000e+00
0.000000000000000000e+00
0.000000000000000000e+00
0.000000000000000000e+00
0.000000000000000000e+00
0.000000000000000000e+00
0.000000000000000000e+00
0.000000000000000000e+00
0.000000000000000000e+00
0.000000000000000000e+00
0.000000000000000000e+00
0.000000000000000000e+00
0.000000000000000000e+00
0.000000000000000000e+00
0.000000000000000000e+00
0.000000000000000000e+00
0.000000000000000000e+00
0.000000000000000000e+00
0.000000000000000000e+00
0.000000000000000000e+00
0.000000000000000000e+00
0.000000000000000000e+00
0.000000000000000000e+00
0.000000000000000000e+00
0.000000000000000000e+00
0.000000000000000000e+00
0.000000000000000000e+00
0.000000000000000000e+00
0.000000000000000000e+00
0.000000000000000000e+00
0.000000000000000000e+00
0.000000000000000000e+00
0.000000000000000000e+00
0.000000000000000000e+00
0.000000000000000000e+00
0.000000000000000000e+00
0.000000000000000000e+00
0.000000000000000000e+00
0.000000000000000000e+00
0.000000000000000000e+00
0.000000000000000000e+00
0.000000000000000000e+00
0.000000000000000000e+00
0.000000000000000000e+00
0.000000000000000000e+00
0.000000000000000000e+00
0.000000000000000000e+00
0.000000000000000000e+00
0.000000000000000000e+00
0.000000000000000000e+00
0.000000000000000000e+00
0.000000000000000000e+00
0.000000000000000000e+00
0.000000000000000000e+00
0.000000000000000000e+00
0.000000000000000000e+00
0.000000000000000000e+00
0.000000000000000000e+00
0.000000000000000000e+00
0.000000000000000000e+00
0.000000000000000000e+00
0.000000000000000000e+00
0.000000000000000000e+00
0.000000000000000000e+00
0.000000000000000000e+00
0.000000000000000000e+00
0.000000000000000000e+00
0.000000000000000000e+00
0.000000000000000000e+00
0.000000000000000000e+00
0.000000000000000000e+00
0.000000000000000000e+00
0.000000000000000000e+00
0.000000000000000000e+00
0.000000000000000000e+00
0.000000000000000000e+00
0.000000000000000000e+00
0.000000000000000000e+00
0.000000000000000000e+00
0.000000000000000000e+00
0.000000000000000000e+00
0.000000000000000000e+00
0.000000000000000000e+00
0.000000000000000000e+00
0.000000000000000000e+00
0.000000000000000000e+00
0.000000000000000000e+00
0.000000000000000000e+00
0.000000000000000000e+00
0.000000000000000000e+00
0.000000000000000000e+00
0.000000000000000000e+00
0.000000000000000000e+00
0.000000000000000000e+00
0.000000000000000000e+00
0.000000000000000000e+00
0.000000000000000000e+00
0.000000000000000000e+00
0.000000000000000000e+00
0.000000000000000000e+00
0.000000000000000000e+00
0.000000000000000000e+00
0.000000000000000000e+00
0.000000000000000000e+00
0.000000000000000000e+00
0.000000000000000000e+00
0.000000000000000000e+00
0.000000000000000000e+00
0.000000000000000000e+00
0.000000000000000000e+00
0.000000000000000000e+00
0.000000000000000000e+00
0.000000000000000000e+00
0.000000000000000000e+00
0.000000000000000000e+00
0.000000000000000000e+00
0.000000000000000000e+00
0.000000000000000000e+00
0.000000000000000000e+00
0.000000000000000000e+00
0.000000000000000000e+00
0.000000000000000000e+00
0.000000000000000000e+00
0.000000000000000000e+00
0.000000000000000000e+00
0.000000000000000000e+00
0.000000000000000000e+00
0.000000000000000000e+00
0.000000000000000000e+00
0.000000000000000000e+00
0.000000000000000000e+00
0.000000000000000000e+00
0.000000000000000000e+00
0.000000000000000000e+00
0.000000000000000000e+00
0.000000000000000000e+00
0.000000000000000000e+00
0.000000000000000000e+00
0.000000000000000000e+00
0.000000000000000000e+00
0.000000000000000000e+00
0.000000000000000000e+00
0.000000000000000000e+00
0.000000000000000000e+00
0.000000000000000000e+00
0.000000000000000000e+00
0.000000000000000000e+00
0.000000000000000000e+00
0.000000000000000000e+00
0.000000000000000000e+00
0.000000000000000000e+00
0.000000000000000000e+00
0.000000000000000000e+00
0.000000000000000000e+00
0.000000000000000000e+00
0.000000000000000000e+00
0.000000000000000000e+00
0.000000000000000000e+00
0.000000000000000000e+00
0.000000000000000000e+00
0.000000000000000000e+00
0.000000000000000000e+00
0.000000000000000000e+00
0.000000000000000000e+00
0.000000000000000000e+00
0.000000000000000000e+00
0.000000000000000000e+00
0.000000000000000000e+00
0.000000000000000000e+00
0.000000000000000000e+00
0.000000000000000000e+00
0.000000000000000000e+00
0.000000000000000000e+00
0.000000000000000000e+00
0.000000000000000000e+00
0.000000000000000000e+00
0.000000000000000000e+00
