-5.999999999999999778e-01
-4.299187863442735513e-01
-3.080502714195552105e-01
-2.207276647028653949e-01
-1.581582828694360621e-01
-1.133253617025370974e-01
-8.120116994196761862e-02
-5.818318071864302804e-02
-4.169007073368092425e-02
-2.987224102071836529e-02
-2.140439600835143674e-02
-1.533691992390444001e-02
-1.098938333324050651e-02
-7.874237242164580999e-03
-5.642137530897123332e-03
-4.042768199451279680e-03
-2.896769996298864582e-03
-2.075626401878854967e-03
-1.487251305999815094e-03
-1.065662127440627485e-03
-7.635802808038847332e-04
-5.471291793327097462e-04
-3.920351879204283466e-04
-2.809054869916660906e-04
-2.012775767415070957e-04
-1.442216858517084480e-04
-1.033393535764860771e-04
-7.404588245200773402e-05
-5.305619319592980957e-05
-3.801642364473579099e-05
-2.723995785749091318e-05
-1.951828270360274060e-05
-1.398546068576220829e-05
-1.002102047414739454e-05
-7.180374933627603472e-06
-5.144963461603378192e-06
-3.686527411996925799e-06
-2.641512317984354916e-06
-1.892726283102140154e-06
-1.356197644188632501e-06
-9.717580753875658736e-07
-6.962950873181164320e-07
-4.989172314621406839e-07
-3.574898177274140328e-07
-2.561526476130093319e-07
-1.835413923010954715e-07
-1.315131543700418516e-07
-9.423329285845925752e-08
-6.752110483155546458e-08
-4.838098573634471336e-08
-3.466649111651479682e-08
-2.483962631271100099e-08
-1.779836999601001535e-08
-1.275308937931823359e-08
-9.137987846827577823e-09
-6.547654407894730036e-09
-4.691599394073047865e-09
-3.361677862522360613e-09
-2.408747444560044628e-09
-1.725942963291870186e-09
-1.236692173463134681e-09
-8.861286638278888646e-10
-6.349389328295964558e-10
-4.549536256747143544e-10
-3.259885176550006096e-10
-2.335809797873438649e-10
-1.673680855721354835e-10
-1.199244737032285040e-10
-8.592964031244602763e-11
-6.157127779021133334e-11
-4.411774836872303218e-11
-3.161174805820568394e-11
-2.265080726567458442e-11
-1.623001261562813911e-11
-1.162931221010513554e-11
-8.332766318978412861e-12
-5.970687971242738377e-12
-4.278184877061707529e-12
-3.065453416837994818e-12
-2.196493354269831176e-12
-1.573856261801576819e-12
-1.127717289923449984e-12
-8.080447477055724084e-13
-5.789893620757392206e-13
-4.148640064164121408e-13
-2.972630502274450641e-13
-2.129982829646328423e-13
-1.526199388426153600e-13
-1.093569647985908841e-13
-7.835768930750586910e-14
-5.614573781304104764e-14
-4.023017909831070036e-14
-2.882618295393076414e-14
-2.065486265081985924e-14
-1.479985580491358247e-14
-1.060456007619780687e-14
-7.598499329456505638e-15
-5.444562682929515213e-15
-3.901199634700650591e-15
-2.795331687062038721e-15
-2.002942677218999140e-15
-1.435171141511910103e-15
-1.028345058925207721e-15
-7.368414327937578942e-16
-5.279699575247825446e-16
-3.783070056088193533e-16
-2.710688145281325463e-16
-1.942292929295271276e-16
-1.391713698146141632e-16
-9.972064400761474729e-17
-7.145296374203880714e-17
-5.119828575446439358e-17
-3.668517479077764297e-17
-2.628607637146456700e-17
-1.883479675228817634e-17
-1.349572160130796497e-17
-9.670107086124239386e-18
-6.928934503809471209e-18
-4.964798520894537148e-18
-3.557433590911389726e-18
-2.549012553174953246e-18
-1.826447305395485829e-18
-1.308706681428999395e-18
-9.377293136009931609e-19
-6.719124140379779836e-19
-4.814462826214331265e-19
-3.449713358576135938e-19
-2.471827633924461044e-19
-1.771141894048410961e-19
-1.269078622554648230e-19
-9.093345686402592381e-20
-6.515666902178592188e-20
-4.668679344680277725e-20
-3.345254929492531119e-20
-2.396979898832723599e-20
-1.717511148329636134e-20
-1.230650514037724941e-20
-8.817996256817628018e-21
-6.318370414532287044e-21
-4.527310233815464695e-21
-3.243959535209938660e-21
-2.324398577212311995e-21
-1.665504358825785145e-21
-1.193386020995804124e-21
-8.550984496445610928e-22
-6.127048127934311916e-22
-4.390221825057475527e-22
-3.145731398018078433e-22
-2.254015041335006502e-22
-1.615072351620813845e-22
-1.157249908778350645e-22
-8.292057937983477239e-23
-5.941519141657121577e-23
-4.257284497370822197e-23
-3.050477640386583562e-23
-2.185762741542249413e-23
-1.566167441800622906e-23
-1.122208009651396481e-23
-8.040971758919223054e-24
-5.761608032705205039e-24
-4.128372554686722799e-24
-2.958108197146554113e-24
-2.119577143320484340e-24
-1.518743388365671247e-24
-1.088227190490936939e-24
-7.797488550045018167e-25
-5.587144689947858969e-25
-4.003364107053745545e-25
-2.868535730331281293e-25
-2.055395666282010018e-25
-1.472755350508742267e-25
-1.055275321454586873e-25
-7.561378090980301859e-26
-5.417964153274077063e-26
-3.882140955387275582e-26
-2.781675546595820631e-26
-1.993157624993374181e-26
-1.428159845216640286e-26
-1.023321245601936843e-26
-7.332417132491617906e-27
-5.253906457617911735e-27
-3.764588479709047893e-27
-2.697445517136925632e-27
-1.932804171595509630e-27
-1.384914706155814274e-27
-9.923347494347443473e-28
-7.110389185403886025e-28
-5.094816481707131717e-28
-3.650595530770570420e-28
-2.615766000037848333e-28
-1.874278240161473666e-28
-1.342979043802842397e-28
-9.622865343291827111e-29
-6.895084315904022002e-29
-4.940543801391441091e-29
-3.540054324958236660e-29
-2.536559764964748228e-29
-1.817524492738916845e-29
-1.302313206782183624e-29
-9.331481888331967368e-30
-6.686298947042018542e-30
-4.790942547412187211e-30
-3.432860342380998799e-30
-2.459751920143020856e-30
-1.762489267026481754e-30
-1.262878744374728176e-30
-9.048921618025966912e-31
-6.483835666243670404e-31
-4.645871267478677781e-31
-3.328912228043576437e-31
-2.385269841545187930e-31
-1.709120525634516214e-31
-1.224638370161451848e-31
-8.774917363507384862e-32
-6.287503038650676035e-32
-4.505192792521008554e-32
-3.228111696012682618e-32
-2.313043104222556055e-32
-1.657367806882238173e-32
-1.187555926768142702e-32
-8.509210045868521709e-33
-6.097115426113768159e-33
-4.368774106992985803e-33
-3.130363436484535121e-33
-2.243003415716513237e-33
-1.607182177084846623e-33
-1.151596351677446432e-33
-8.251548431194272446e-34
-5.912492811666754140e-34
-4.236486223101707751e-34
-3.035575025666840899e-34
-2.175084551486135318e-34
-1.558516184285170431e-34
-1.116725644076303924e-34
-8.001688893013567991e-35
-5.733460629314771653e-35
-4.108204058846096618e-35
-2.943656838389568388e-35
-2.109222292290784258e-35
-1.511323813386553313e-35
-1.082910832707249206e-35
-7.759395181942822941e-36
-5.559849598977384030e-36
-3.983806319748440887e-36
-2.854521963361507709e-36
-2.045354363469067733e-36
-1.465560442644316591e-36
-1.050119944693039939e-36
-7.524438202305717898e-37
-5.391495566429628095e-37
-3.863175384166613860e-37
-2.768086120993279516e-37
-1.983420376056440435e-37
-1.421182801474485914e-37
-1.018321975305433089e-37
-7.296595795516952824e-38
-5.228239348088987587e-38
-3.746197192079620401e-38
-2.684267583708672331e-38
-1.923361769685522526e-38
-1.378148929540277159e-38
-9.874868586493642463e-39
-7.075652530024264416e-39
-5.069926580502986039e-39
-3.632761137240711060e-39
-2.602987098668628408e-39
-1.865121757215679630e-39
-1.336418137077446193e-39
-9.575854392346888574e-40
-6.861399497612027714e-40
-4.916407574394308650e-40
-3.522759962595675089e-40
-2.524167812835528278e-40
-1.808645271039224663e-40
-1.295950966420827967e-40
-9.285894444088757730e-41
-6.653634115872818569e-41
-4.767537173124848371e-41
-3.416089658868373501e-41
-2.447735200306536100e-41
-1.753878911013247097e-41
-1.256709154696040297e-41
-9.004714576244368308e-42
-6.452159936659312065e-42
-4.623174615446149577e-42
-3.312649366217119343e-42
-2.373616991846996402e-42
-1.700770893968327345e-42
-1.218655597640886463e-42
-8.732048925157129806e-43
-6.256786460337226163e-43
-4.483183402405794243e-43
-3.212341278868498285e-43
-2.301743106557905377e-43
-1.649271004746128848e-43
-1.181754314522099599e-43
-8.467639677607417991e-44
-6.067328955662691375e-44
-4.347431168283308379e-44
-3.115070552639349809e-44
-2.232045585612501622e-44
-1.599330548719374112e-44
-1.145970414114579770e-44
-8.211236827043117483e-45
-5.883608285112996347e-45
-4.215789555434779725e-45
-3.020745215258989390e-45
-2.164458527999037024e-45
-1.550902305749750103e-45
-1.111270061710785292e-45
-7.962597937190482974e-46
-5.705450735507194509e-46
-4.088134092927179167e-46
-2.929276079406514742e-46
-2.098918028209581219e-46
-1.503940485539971743e-46
-1.077620447128941960e-46
-7.721487912824063135e-47
-5.532687853755524806e-47
-3.964344078847150059e-47
-2.840576658381762485e-47
-2.035362115815608884e-47
-1.458400684337606054e-47
-1.044989753690125926e-47
-7.487678777477707304e-48
-5.365156287581675402e-48
-3.844302466174067131e-48
-2.754563084329767489e-48
-1.973730696872996733e-48
-1.414239842950113214e-48
-1.013347128134719459e-48
-7.260949457885593788e-49
-5.202697631068760137e-49
-3.727895752108865086e-49
-2.671154028941039913e-49
-1.913965497101562550e-49
-1.371416206031202944e-49
-9.826626514496762992e-50
-7.041085574951445475e-50
-5.045158274882185189e-50
-3.615013870753547624e-50
-2.590270626553441489e-50
-1.856010006785136517e-50
-1.329889282599827428e-50
-9.529073105792818310e-51
-6.827879241047208473e-51
-4.892389261027148882e-51
-3.505550089040882176e-51
-2.511836399582538739e-51
-1.799809427339833286e-51
-1.289619807754859752e-51
-9.240529709925121214e-52
-6.621128863448714719e-52
-4.744246142004806353e-52
-3.399400905815362938e-52
-2.435777186209620443e-52
-1.745310619500499132e-52
-1.250569705549050834e-52
-8.960723500809433499e-53
-6.420638953724274490e-53
-4.600588844233200027e-53
-3.296465953969584815e-53
-2.362021070259680111e-53
-1.692462053076080984e-53
-1.212702052987016117e-53
-8.689389913623033488e-54
-6.226219942895007110e-54
-4.461281535603243738e-54
-3.196647905544408995e-54
-2.290498313202704737e-54
-1.641213758226195442e-54
-1.175981045113538713e-54
-8.426272394651422355e-55
-6.037688002191354006e-55
-4.326192497045772895e-55
-3.099852379702716615e-55
-2.221141288213677439e-55
-1.591517278213285748e-55
-1.140371961159000876e-55
-8.171122158708651739e-56
-5.854864869237985011e-56
-4.195193997987550287e-56
-3.005987853489328016e-56
-2.153884416229579292e-56
-1.543325623585448887e-56
-1.105841131709781641e-56
-7.923697953904272770e-57
-5.677577679501827275e-57
-4.068162175577898412e-57
-2.914965575293604741e-57
-2.088664103942586109e-57
-1.496593227746396382e-57
-1.072355906873003252e-57
-7.683765833532499553e-58
-5.505658802843093846e-58
-3.944976917573356132e-58
-2.826699480932157830e-58
-2.025418683670549547e-58
-1.451275903871125467e-58
-1.039884625404928250e-58
-7.451098934869201051e-59
-5.338945685016894396e-59
-3.825521748767395937e-59
-2.741106112272810649e-59
-1.964088355048698680e-59
-1.407330803125748586e-59
-1.008396584774546280e-59
-7.225477264666525616e-60
-5.177280693972574681e-60
-3.709683720860510852e-60
-2.658104538322483084e-60
-1.904615128486327870e-60
-1.364716374152961678e-60
-9.778620121333498321e-61
-7.006687491142251541e-61
-5.020510970809084525e-61
-3.597353305663989186e-61
-2.577616278704346646e-61
-1.846942770336341445e-61
-1.323392323783908836e-61
-9.482520361641677824e-62
-6.794522742269688330e-62
-4.868488285242008914e-62
-3.488424291537563236e-62
-2.499565229452828937e-62
-1.791016749724543738e-62
-1.283319578939723421e-62
-9.195386597826746499e-63
-6.588782410173580390e-63
-4.721068895447161260e-63
-3.382793682963873709e-63
-2.423877591054885759e-63
-1.736784186988980229e-63
-1.244460249687035156e-63
-8.916947336652532849e-64
-6.389271961449037381e-64
-4.578113412149400992e-64
-3.280361603162914904e-64
-2.350481798670237002e-64
-1.684193803681006462e-64
-1.206777593411829735e-64
-8.646939305784534447e-65
-6.195802753225745546e-65
-4.439486666825618592e-65
-3.181031199655394016e-65
-2.279308454465171029e-65
-1.633195874079877955e-65
-1.170235980078149131e-65
-8.385107204859909060e-66
-6.008191854800106987e-66
-4.305057583898646283e-66
-3.084708552686498107e-66
-2.210290261994674926e-66
-1.583742178175513560e-66
-1.134800858539077697e-66
-8.131203464092819105e-67
-5.826261874668507555e-67
-4.174699056802288725e-67
-2.991302586421762318e-67
-2.143361962571530309e-67
-1.535785956075373272e-67
-1.100438723867528008e-67
-7.884988010189405443e-68
-5.649840792799575589e-68
-4.048287827798012915e-68
-2.900724982832001226e-68
-2.078460273562726660e-68
-1.489281863791485157e-68
-1.067117085676278308e-68
-7.646228039352990293e-69
-5.478761797983756560e-69
-3.925704371430874490e-69
-2.812890098186590992e-69
-2.015523828553710983e-69
-1.444185930366278162e-69
-1.034804437397566593e-69
-7.414697797160652045e-70
-5.312863130108059012e-70
-3.806832781515455709e-70
-2.727714882074584743e-70
-1.954493119324512614e-70
-1.400455516297033096e-70
-1.003470226492624900e-70
-7.190178365105308997e-71
-5.151987927208163197e-71
-3.691560661542875009e-71
-2.645118798877935897e-71
-1.895310439583356405e-71
-1.358049273218872782e-71
-9.730848255632916713e-72
-6.972457453603258892e-72
-4.995984077150423876e-72
-3.579779018406342121e-72
-2.565023751623224538e-72
-1.837919830403521763e-72
-1.316927104808579392e-72
-9.436195043386283822e-73
-6.761329201267596433e-73
-4.844704073805056281e-73
-3.471382159345679856e-73
-2.487354008138477989e-73
-1.782267027312414397e-73
-1.277050128872603485e-73
-9.150464025095303619e-74
-6.556593980259786703e-74
-4.698004877575717168e-74
-3.366267592011447091e-74
-2.412036129446013218e-74
-1.728299408983265151e-74
-1.238380640582707954e-74
-8.873385033859280337e-75
-6.358058207536976752e-75
-4.555747780150994130e-75
-3.264335927555191618e-75
-2.338998900324205375e-75
-1.675965947479986338e-75
-1.200882076824865637e-75
-8.604696083518868782e-76
-6.165534161813042083e-76
-4.417798273351326514e-76
-3.165490786655019845e-76
-2.268173261971219281e-76
-1.625217160008648872e-76
-1.164518981627997971e-76
-8.344143120939796597e-77
-5.978839806062203119e-77
-4.284025921948450040e-77
-3.069638708385866877e-77
-2.199492246707737749e-77
-1.576005062130368565e-77
-1.129256972639220488e-77
-8.091479785797626943e-78
-5.797798615398842579e-78
-4.154304240334712112e-78
-2.976689061849253379e-78
-2.132890914657488185e-78
-1.528283122390487277e-78
-1.095062708614248097e-78
-7.846467177638432878e-79
-5.622239410167594094e-79
-4.028510572926956140e-79
-2.886553960479690943e-79
-2.068306292344513993e-79
-1.482006218321615352e-79
-1.061903857892482213e-79
-7.608873629990775088e-80
-5.451996194087584495e-80
-3.906525978192850613e-80
-2.799148178945130826e-80
-2.005677313149770659e-80
-1.437130593779308191e-80
-1.029749067826394977e-80
-7.378474491317776397e-81
-5.286907997299149861e-81
-3.788235116187878494e-81
-2.714389072563725901e-81
-1.944944759571240451e-81
-1.393613817569230697e-81
-9.985679351366129526e-82
-7.155051912603931397e-82
-5.126818724161689350e-82
-3.673526139497782691e-82
-2.632196499161393531e-82
-1.886051207231889367e-82
-1.351414743327130219e-82
-9.683309771649204392e-83
-6.938394641371914645e-83
-4.971577005660328094e-83
-3.562290587484276353e-83
-2.552492743294830312e-83
-1.828940970583114097e-83
-1.310493470614004463e-83
-9.390096039974639336e-84
-6.728297821936713907e-84
-4.821036056283039676e-84
-3.454423283732043870e-84
-2.475202442769110713e-84
-1.773560050252778580e-84
-1.270811307188962939e-84
-9.105760914320893202e-85
-6.524562801709872482e-85
-4.675053535230257894e-85
-3.349822236601131533e-85
-2.400252517381008320e-85
-1.719856081987083413e-85
-1.232330732424495401e-85
-8.830035547644729285e-86
-6.326996943367145051e-86
-4.533491411827176393e-86
-3.248388542791513712e-86
-2.327572099819329090e-86
-1.667778287138514465e-86
-1.195015361829858037e-86
-8.562659233677754130e-87
-6.135413442703820245e-87
-4.396215835012570515e-87
-3.150026293826862374e-87
-2.257092468657636637e-87
-1.617277424653470071e-87
-1.158829912648375652e-87
-8.303379160420425143e-88
-5.949631152007080158e-88
-4.263097006778358095e-88
-3.054642485370066316e-88
-2.188746983376569445e-88
-1.568305744513270805e-88
-1.123740170496485567e-88
-8.051950171102524395e-89
-5.769474408775048051e-89
-4.134009059441483989e-89
-2.962146929285496129e-89
-2.122471021353102281e-89
-1.520816942585012928e-89
-1.089712957013252108e-89
-7.808134532379597029e-90
-5.594772869622360233e-90
-4.008829936633151917e-90
-2.872452168363247056e-90
-2.058201916757821071e-90
-1.474766116839952433e-90
-1.056716098489169131e-90
-7.571701709548585815e-91
-5.425361349216597102e-91
-3.887441277890623508e-91
-2.785473393625587996e-91
-1.995878901302944120e-91
-1.430109724897200223e-91
-1.024718395444902338e-91
-7.342428148571993116e-92
-5.261079664090271003e-92
-3.769728306743677589e-92
-2.701128364138132846e-92
-1.935443046783968194e-92
-1.386805542853031476e-92
-9.936895931314684481e-93
-7.120097064700399929e-93
-5.101772481182319450e-93
-3.655579722190825043e-93
-2.619337329248409914e-93
-1.876837209361194373e-93
-1.344812625357217306e-93
-9.636003529234033826e-94
-6.904498237495653950e-94
-4.947289170967132267e-94
-3.544887593460661997e-94
-2.540022953179109992e-94
-1.820005975528916938e-94
-1.304091266897887236e-94
-9.344222245781676267e-95
-6.695427812062636942e-95
-4.797483665029530820e-95
-3.437547257959922481e-95
-2.463110241905335379e-95
-1.764895609720186554e-95
-1.264602964258720227e-95
-9.061276193357910907e-96
-6.492688106297941597e-96
-4.652214317952474620e-96
-3.333457222312602289e-96
-2.388526472245356994e-96
-1.711454003498138938e-96
-1.226310380113268451e-96
-8.786897838328185921e-97
-6.296087423975229871e-97
-4.511343773388081741e-97
-3.232519066394727326e-97
-2.316201123098553639e-97
-1.659630626286273460e-97
-1.189177307721324618e-97
-8.520827748061630648e-98
-6.105439873492051315e-98
-4.374738834182812037e-98
-3.134637350275031634e-98
-2.246065808766097523e-98
-1.609376477590179892e-98
-1.153168636694309415e-98
-8.262814345631555504e-99
-5.920565192103397844e-99
-4.242270336435365210e-99
-3.039719523974313266e-99
-2.178054214290090735e-99
-1.560644040666028790e-99
-1.118250319797593118e-99
-8.012613671941434423e-100
-5.741288575477604369e-100
-4.113813027369252543e-100
-2.947675839956473752e-100
-2.112102032750687141e-100
-1.513387237592399778e-100
-1.084389340757749368e-100
-7.769989155053900718e-101
-5.567440512414848118e-101
-3.989245446902295863e-101
-2.858419268269396904e-101
-2.048146904462423001e-101
-1.467561385702137435e-101
-1.051553683044628637e-101
-7.534711386506556449e-102
-5.398856624568897802e-102
-3.868449812802299835e-102
-2.771865414256135396e-102
-1.986128358011145641e-102
-1.423123155333480602e-102
-1.019712299598995422e-102
-7.306557904398945328e-103
-5.235377511022205576e-103
-3.751311909321248504e-103
-2.687932438757068630e-103
-1.925987753076385833e-103
-1.380030528860877209e-103
-9.888350834765425198e-104
-7.085312983047825646e-104
-5.076848597568695189e-104
-3.637720979200669440e-104
-2.606540980728399205e-104
-1.867668224985592192e-104
-1.338242760965974498e-104
-9.588928393808267907e-105
-6.870767429013592655e-105
-4.923119990558907710e-105
-3.527569618947161356e-105
-2.527614082204468062e-105
-1.811114630946767183e-105
-1.297720340111639442e-105
-9.298572560584477322e-106
-6.662718383301197717e-106
-4.774046335170840258e-106
-3.420753677279924775e-106
-2.451077115531540203e-106
-1.756273497909220735e-106
-1.258424951182895191e-106
-9.017008795298537616e-107
-6.460969129550583828e-107
-4.629486677973630576e-107
-3.317172156652406398e-107
-2.376857712805009156e-107
-1.703092972003576201e-107
-1.220319439258755278e-107
-8.743970871307393249e-108
-6.265328908036864752e-108
-4.489304333651587334e-108
-3.216727117755933189e-108
-2.304885697443884671e-108
-1.651522769512280457e-108
-1.183367774481077144e-108
-8.479200623397063427e-109
-6.075612735300903899e-109
-4.353366755763920462e-109
-3.119323586915857355e-109
-2.235093017836594887e-109
-1.601514129324765788e-109
-1.147535017987504526e-109
-8.222447703679190694e-110
-5.891641229241638307e-110
-4.221545411419041924e-110
-3.024869466290909334e-110
-2.167413682996043693e-110
-1.553019766832703836e-110
-1.112787288875658794e-110
-7.973469344879221245e-111
-5.713240439506187063e-111
-4.093715659742616862e-111
-2.933275446791794284e-111
-2.101783700163621305e-111
-1.505993829220896385e-111
-1.079091732167678011e-111
-7.732030130794393927e-112
-5.540241683014239286e-112
-3.969756634025690797e-112
-2.844454923637476588e-112
-2.038141014301951554e-112
-1.460391852111996923e-112
-1.046416487745112527e-112
-7.497901773699986223e-113
-5.372481384462891026e-113
-3.849551127442553935e-113
-2.758323914467116574e-113
-1.976425449420185006e-113
-1.416170717524462520e-113
-1.014730660223988100e-113
-7.270862898497144868e-114
-5.209800921662598384e-114
-3.732985482227294790e-114
-2.674800979933302973e-114
-1.916578651675701483e-114
-1.373288613102884382e-114
-9.840042897426898337e-115
-7.050698833395734555e-115
-5.052046475553941412e-115
-3.619949482208427389e-115
-2.593807146697763417e-115
-1.858544034198938786e-115
-1.331704992583688233e-115
-9.542083236336664388e-116
-6.837201406936235423e-116
-4.899068884769070172e-116
-3.510336248594920141e-116
-2.515265832760301631e-116
-1.802266723589246592e-116
-1.291380537456956518e-116
-9.253145889534822985e-117
-6.630168751158983301e-117
-4.750723504593420035e-117
-3.404042138919898880e-117
-2.439102775048726431e-117
-1.747693508029863214e-117
-1.252277119789893790e-117
-8.972957658446396656e-118
-6.429405110729837926e-118
-4.606870070200893952e-118
-3.300966649044274082e-118
-2.365245959200108051e-118
-1.694772786974948526e-118
-1.214357766175976002e-118
-8.701253617035478526e-119
-6.234720657849119240e-119
-4.467372564030190950e-119
-3.201012318126002739e-119
-2.293625551469580868e-119
-1.643454522360060055e-119
-1.177586622775097052e-119
-8.437776861311706913e-120
-6.045931312764985598e-120
-4.332099087174687544e-120
-3.104084636468677187e-120
-2.224173832700907580e-120
-1.593690191289139333e-120
-1.141928921412956655e-120
-8.182278266421549265e-121
-5.862858569718576054e-121
-4.200921734669063379e-121
-3.010091956160397594e-121
-2.156825134295271211e-121
-1.545432740155021345e-121
-1.107350946706940648e-121
-7.934516251090655004e-122
-5.685329328162799832e-122
-4.073716474552169614e-122
-2.918945404416958003e-122
-2.091515776120142590e-122
-1.498636540149150256e-122
-1.073820004186860126e-122
-7.694256549203336111e-123
-5.513175729091731616e-123
-3.950363030589779501e-123
-2.830558799550633167e-123
-2.028184006298225591e-123
-1.453257344117693418e-123
-1.041304389381595521e-123
-7.461271988298481382e-124
-5.346234996323114136e-124
-3.830744768550713640e-124
-2.744848569483381733e-124
-1.966769942818555453e-124
-1.409252244724862702e-124
-1.009773357841779502e-124
-7.235342274768797653e-125
-5.184349282589831309e-125
-3.714748585926446658e-125
-2.661733672726057679e-125
-1.907215516916715147e-125
-1.366579633883026611e-125
-9.791970960696727203e-126
-7.016253785568246731e-126
-5.027365520291621335e-126
-3.602264804988103248e-126
-2.581135521751863443e-126
-1.849464418169458809e-126
-1.325199163410578134e-126
-9.495466933298347804e-127
-6.803799366226472256e-127
-4.875135276763463888e-127
-3.493187069083704805e-127
-2.502977908690008446e-127
-1.793462041250927916e-127
-1.285071706881821819e-127
-9.207941143133456963e-128
-6.597778134975855299e-128
-4.727514613929161370e-128
-3.387412242075467624e-128
-2.427186933268078810e-128
-1.739155434302087013e-128
-1.246159322632025611e-128
-8.929121726292877401e-129
-6.397995292813287986e-129
-4.584363952204526724e-129
-3.284840310820407358e-129
-2.353690932937670765e-129
-1.686493248863506074e-129
-1.208425217882038583e-129
-8.658745050994010658e-130
-6.204261939313167592e-130
-4.445547938519227914e-130
-3.185374290605668807e-130
-2.282420415115777144e-130
-1.635425691323310837e-130
-1.171833713949892849e-130
-8.396555468310834749e-131
-6.016394894014393897e-131
-4.310935318337424067e-131
-3.088920133447208091e-131
-2.213307991476733897e-131
-1.585904475836205223e-131
-1.136350212515776106e-131
-8.142305070447483423e-132
-5.834216523219123191e-132
-4.180398811553533951e-132
-2.995386639163621563e-132
-2.146288314235046477e-132
-1.537882778668075655e-132
-1.101941162907917804e-132
-7.895753456335858134e-133
-5.657554572035966445e-133
-4.053814992143740557e-133
-2.904685369144319702e-133
-2.081298014357529812e-133
-1.491315193922254282e-133
-1.068574030379677004e-133
-7.656667504330805598e-134
-5.486242001506001155e-134
-3.931064171463914023e-134
-2.816730562728759063e-134
-2.018275641645322621e-134
-1.446157690607223748e-134
-1.036217265347178019e-134
-7.424821151784153967e-135
-5.320116830663690041e-135
-3.812030285081200531e-135
-2.731439056116259607e-135
-1.957161606631343137e-135
-1.402367571004285802e-135
-1.004840273557901444e-135
-7.199995181297406605e-136
-5.159021983380096164e-136
-3.696600783030399971e-136
-2.648730203732767726e-136
-1.897898124237055885e-136
-1.359903430295139605e-136
-9.744133871631311827e-137
-6.981977013446567901e-137
-5.002805139841034665e-137
-3.584666523395449912e-137
-2.568525801978578972e-137
-1.840429159134339208e-137
-1.318725117412695115e-137
-9.449078366663102736e-138
-6.770560505779681602e-138
-4.851318592525269249e-138
-3.476121669113187204e-138
-2.490750015283667349e-138
-1.784700372762823951e-138
-1.278793697077300724e-138
-9.162957237203170490e-139
-6.565545757904524321e-139
-4.704419106543600920e-139
-3.370863587900124950e-139
-2.415329304403450453e-139
-1.730659071951515855e-139
-1.240071412981861025e-139
-8.885499947489498268e-140
-6.366738922478107074e-140
-4.561967784204478284e-140
-3.268792755211316965e-140
-2.342192356885716880e-140
-1.678254159095266750e-140
-1.202521652092398334e-140
-8.616444153671408967e-141
-6.173952021916155630e-141
-4.423829933683111183e-141
-3.169812660137579011e-141
-2.271270019641811856e-141
-1.627436083840841863e-141
-1.166108910029575707e-141
-8.355535455752805960e-142
-5.987002770656094513e-142
-4.289874941667199213e-142
-3.073829714150514449e-142
-2.202495233560841067e-142
-1.578156796235903170e-142
-1.130798757497865632e-142
-8.102527157051274799e-143
-5.805714402801778799e-143
-4.159976149856761284e-143
-2.980753162612457875e-143
-2.135802970103712006e-143
-1.530369701295833392e-143
-1.096557807731880470e-143
-7.857180030940603684e-144
-5.629915504984183216e-144
-4.034010735205861266e-144
-2.890494998965845428e-144
-2.071130169816019903e-144
-1.484029614947131161e-144
-1.063353684928403881e-144
-7.619262094652318468e-145
-5.459439854286213873e-145
-3.911859593790551662e-145
-2.802969881519447692e-145
-2.008415682703912834e-145
-1.439092721304813612e-145
-1.031154993633758419e-145
-7.388548389930762750e-146
-5.294126261075050456e-146
-3.793407228191291926e-146
-2.718095052755888525e-146
-1.947600210415346672e-146
-1.395516531242722333e-146
-9.999312890586984963e-147
-7.164820770329812697e-147
-5.133818416590824413e-147
-3.678541638287538832e-147
-2.635790261082474470e-147
-1.888626250171091310e-147
-1.353259842219102020e-147
-9.696530482921506823e-148
-6.947867694946576509e-148
-4.978364745153174389e-148
-3.567154215359019832e-148
-2.555977684950063563e-148
-1.831438040394559565e-148
-1.312282699318630931e-148
-9.402916423861061942e-149
-6.737484028404719434e-149
-4.827618260842899167e-149
-3.459139639391784446e-149
-2.478581859271046193e-149
-1.775981507987935682e-149
-1.272546357473434194e-149
-9.118193092863069593e-150
-6.533470846894172555e-150
-4.681436428520814382e-150
-3.354395779495771277e-150
-2.403529604065338032e-150
-1.722204217203870175e-150
-1.234013244828749055e-150
-8.842091275825745587e-151
-6.335635250080609337e-151
-4.539681029057584403e-151
-3.252823597337661130e-151
-2.330749955265745987e-151
-1.670055320066302391e-151
-1.196646927217859365e-151
-8.574349910535267635e-152
-6.143790178713855236e-152
-4.402218028644297665e-152
-3.154327053496120842e-152
-2.260174097619849094e-152
-1.619485508292512688e-152
-1.160412073712115130e-152
-8.314715839825590459e-153
-5.957754237758987959e-153
-4.268917452058074806e-153
-3.058813016654377431e-153
-2.191735299623568488e-153
-1.570446966670141885e-153
-1.125274423214746091e-153
-8.062943572212421274e-154
-5.777351524879985614e-154
-4.139653259767579542e-154
-2.966191175542378371e-154
-2.125368850423829194e-154
-1.522893327846836534e-154
-1.091200752066193687e-154
-7.818795049771090485e-155
-5.602411464120123864e-155
-4.014303228759689228e-155
-2.876373953543828522e-155
-2.061011998632992842e-155
-1.476779628488831114e-155
-1.058158842629795816e-155
-7.582039423047429562e-156
-5.432768644618413608e-156
-3.892748836972694494e-156
-2.789276425890533061e-156
-1.998603892995956144e-156
-1.432062266766296831e-156
-1.026117452829287204e-156
-7.352452832784213811e-157
-5.268262664206942546e-157
-3.774875151231020769e-157
-2.704816239364045075e-157
-1.938085524852823858e-157
-1.388698961126831412e-157
-9.950462866086871796e-158
-7.129818198253183940e-158
-5.108737977747013394e-158
-3.660570718573226248e-158
-2.622913534427360648e-158
-1.879399672344895417e-158
-1.346648710317263584e-158
-9.649159652861502935e-159
-6.913925012000320085e-159
-4.954043750057584672e-159
-3.549727460868717544e-159
-2.543490869715934909e-159
-1.822490846310060737e-159
-1.305871754615306680e-159
-9.356979997757640297e-160
-6.704569140806140742e-160
-4.804033713294499226e-160
-3.442240572627444752e-160
-2.466473148815060313e-160
-1.767305237815549061e-160
-1.266329538235849874e-160
-9.073647636504520855e-161
-6.501552632669471665e-161
-4.658566028650950005e-161
-3.338008421903861360e-161
-2.391787549253165087e-161
-1.713790667280376895e-161
-1.227984672875560422e-161
-8.798894670200680191e-162
-6.304683529639383092e-162
-4.517503152245575950e-162
-3.236932454199808458e-162
-2.319363453646532806e-162
-1.661896535138331731e-162
-1.190800902360730684e-162
-8.532461312009530050e-163
-6.113775686314457213e-163
-4.380711705069149179e-163
-3.138917099279017444e-163
-2.249132382928913877e-163
-1.611573773994034914e-163
-1.154743068366249611e-163
-8.274095641524831990e-164
-5.928648593834777953e-164
-4.248062346871725385e-164
-3.043869680803221762e-164
-2.181027931601795535e-164
-1.562774802228616004e-164
-1.119777077172585723e-164
-8.023553366569752313e-165
-5.749127209206745507e-165
-4.119429653868418860e-165
-2.951700328702925063e-165
-2.114985704946511358e-165
-1.515453479010181932e-165
-1.085869867428794592e-165
-7.780597592213116697e-166
-5.575041789795838992e-166
-3.994692000146131751e-166
-2.862321894203230657e-166
-2.050943258137530906e-166
-1.469565060665790236e-166
-1.052989378892268659e-166
-7.544998596779720074e-167
-5.406227732828076550e-167
-3.873731442663519367e-167
-2.775649867422639785e-167
-1.988840037198346175e-167
-1.425066158375300798e-167
-1.021104522115028672e-167
-7.316533614639181313e-168
-5.242525419754398256e-168
-3.756433609733094313e-168
-2.691602297465535191e-168
-1.928617321746328919e-168
-1.381914697146234584e-168
-9.901851490473913626e-169
-7.094986625576032242e-169
-5.083780065327597260e-169
-3.642687592878156649e-169
-2.610099714935768090e-169
-1.870218169471235053e-169
-1.340069876030162403e-169
-9.602020245323111228e-170
-6.880148150537558033e-170
-4.929841571246602403e-170
-3.532385841966341987e-170
-2.531065056796489305e-170
-1.813587362293944978e-170
-1.299492129544492701e-170
-9.311267986628573841e-171
-6.671815053562865360e-171
-4.780564384235154982e-171
-3.425424063518460462e-171
-2.454423593503923805e-171
-1.758671354156529210e-171
-1.260143090262382261e-171
-9.029319799762267080e-172
-6.469790349713275657e-172
-4.635807358417795935e-172
-3.321701122094782260e-172
-2.380102858348910572e-172
-1.705418220393199101e-172
-1.221985552534781454e-172
-8.755909094599498613e-173
-6.273883018818457284e-173
-4.495433621860715480e-173
-3.221118944669212851e-173
-2.308032578937935861e-173
-1.653777608633433079e-173
-1.184983437311656119e-173
-8.490777353451706229e-174
-6.083907824859116734e-174
-4.359310447156269334e-174
-3.123582427898951971e-174
-2.238144610747736584e-174
-1.603700691192678586e-174
-1.149101758028403275e-174
-8.233673886627527285e-175
-5.899685140822184039e-175
-4.227309125926109892e-175
-3.028999348200432428e-175
-2.170372872693126837e-175
-1.555140118904635373e-175
-1.114306587524638059e-175
-7.984355595400054743e-176
-5.721040778859277410e-176
-4.099304847122207032e-176
-2.937280274549850707e-176
-2.104653284645784046e-176
-1.508049976350702323e-176
-1.080565025965299574e-176
-7.742586742151314569e-177
-5.547805825585031552e-177
-3.975176579015195134e-177
-2.848338483924043896e-177
-2.040923706843894036e-177
-1.462385738445915993e-177
-1.047845169733090631e-177
-7.508138727472802301e-178
-5.379816482365705475e-178
-3.854806954756044783e-178
-2.762089879300358548e-178
-1.979123881137610615e-178
-1.418104228339443027e-178
-1.016116081262312555e-178
-7.280789874019600824e-179
-5.216913910443738080e-179
-3.738082161400953808e-179
-2.678452910141027082e-179
-1.919195374013566011e-179
-1.375163576589120366e-179
-9.853477597867043080e-180
-7.060325216909278693e-180
-5.058944080749275049e-180
-3.624891832298653663e-180
-2.597348495285227956e-180
-1.861081521343619124e-180
-1.333523181572954347e-180
-9.555111129730162680e-181
-6.846536300463882546e-181
-4.905757628262222765e-181
-3.515128942736161263e-181
-2.518699948174647362e-181
-1.804727374807646680e-181
-1.293143671099341904e-181
-9.265779294130301115e-182
-6.639220981110412691e-182
-4.757209710784132534e-182
-3.408689708742576132e-182
-2.442432904344613690e-182
-1.750079649938625480e-182
-1.253986865179065439e-182
-8.985208519490393276e-183
-6.438183236249349683e-183
-4.613159871984033581e-183
-3.305473488959008523e-183
-2.368475251110758784e-183
-1.697086675740008534e-183
-1.216015739925257806e-183
-8.713133518070174156e-184
-6.243232978907350692e-184
-4.473471908593817580e-184
-3.205382689479818945e-184
-2.296757059383555547e-184
-1.645698345829639155e-184
-1.179194392546450502e-184
-8.449297035125876819e-185
-6.054185878005745987e-185
-4.338013741624866642e-185
-3.108322671573632155e-185
-2.227210517548791831e-185
-1.595866071062993478e-185
-1.143488007399032170e-185
-8.193449605670082774e-186
-5.870863184071192847e-186
-4.206657291482020960e-186
-3.014201662200285259e-186
-2.159769867350105061e-186
-1.547542733590179042e-186
-1.108862823068273371e-186
-7.945349318596767049e-187
-5.693091560220812714e-187
-4.079278356861443026e-187
-2.922930667237279251e-187
-2.094371341711887415e-187
-1.500682642304947322e-187
-1.075286100446121121e-187
-7.704761587944529340e-188
-5.520702918268274095e-188
-3.955756497315384669e-188
-2.834423387332228150e-188
-2.030953104446083938e-188
-1.455241489642685697e-188
-1.042726091775046730e-188
-7.471458931090310720e-189
-5.353534259792485155e-189
-3.835974919370862377e-189
-2.748596136304885558e-189
-1.969455191784630438e-189
-1.411176309685821563e-189
-1.011152010629826799e-189
-7.245220753659256855e-190
-5.191427522015982293e-190
-3.719820366098810039e-190
-2.665367762019903305e-190
-1.909819455681285283e-190
-1.368445437538580304e-190
-9.805340028082599558e-191
-7.025833140943793601e-191
-5.034229428353027895e-191
-3.607183010027001048e-191
-2.584659569654202092e-191
-1.851989508831341413e-191
-1.327008469931854309e-191
-9.508431181028084962e-192
-6.813088655642477710e-192
-4.881791343483013430e-192
-3.497956349293729012e-192
-2.506395247289248094e-192
-1.795910671356115636e-192
-1.286826227020275520e-192
-9.220512829275276658e-193
-6.606786141723175755e-193
-4.733969132809745560e-193
-3.392037106947903047e-193
-2.430500793756351702e-193
-1.741529919100906471e-193
-1.247860715336790429e-193
-8.941312737738337034e-194
-6.406730534221885973e-194
-4.590623026178947682e-194
-3.289325133298278493e-194
-2.356904448665563867e-194
-1.688795833499466748e-194
-1.210075091868950493e-194
-8.670566914695740066e-195
-6.212732674804439429e-195
-4.451617485722312502e-195
-3.189723311217865479e-195
-2.285536624554617237e-195
-1.637658552956545264e-195
-1.173433629222350977e-195
-8.408019362180172108e-196
-6.024609132912868245e-196
-4.316821077700959895e-196
-3.093137464317508488e-196
-2.216329841092353449e-196
-1.588069725701732565e-196
-1.137901681839577221e-196
-8.153421833926466641e-197
-5.842182032324389683e-197
-4.186106348231879823e-197
-2.999476267899904646e-197
-2.149218661273337815e-197
-1.539982464071771133e-197
-1.103445653242020310e-197
-7.906533600644709287e-198
-5.665278882965439594e-198
-4.059349702777316105e-198
-2.908651162608407139e-198
-2.084139629545698630e-198
-1.493351300177179498e-198
-1.070032964263046812e-198
-7.667121222405284787e-199
-5.493732417818275349e-199
-3.936431289281116061e-199
-2.820576270692161886e-199
-2.021031211812423804e-199
-1.448132142910516931e-199
-1.037632022243663274e-199
-7.434958327915973604e-200
-5.327380434763242880e-200
-3.817234884845924690e-200
-2.735168314806689903e-200
-1.959833737248377119e-200
-1.404282236257253814e-200
-1.006212191160920678e-200
-7.209825400478723650e-201
-5.166065643213018290e-201
-3.701647785841720120e-201
-2.652346539271783012e-201
-1.900489341880193187e-201
-1.361760118868958829e-201
-9.757437626603124979e-202
-6.991509570431676582e-202
-5.009635515390693658e-202
-3.589560701339962338e-202
-2.572032633715195896e-202
-1.842941913874538991e-202
-1.320525584859916034e-202
-9.461979279658592083e-203
-6.779804413875937326e-203
-4.857942142108578479e-203
-3.480867649776569492e-203
-2.494150659028357842e-203
-1.787137040482103410e-203
-1.280539645791555899e-203
-9.175467506407369311e-204
-6.574509757493414328e-204
-4.710842092916743723e-204
-3.375465858743870280e-204
-2.418626975562872221e-204
-1.733021956589119496e-204
-1.241764493807977899e-204
-8.897631401722450962e-205
-6.375431489278448307e-205
-4.568196280486177563e-205
-3.273255667815132507e-205
-2.345390173502571935e-205
-1.680545494826716620e-205
-1.204163465887087159e-205
-8.628208263571183256e-206
-6.182381375000374100e-206
-4.429869829096088250e-206
-3.174140434313387526e-206
-2.274371005343870986e-206
-1.629658037190101486e-206
-1.167701009174888205e-206
-8.366943344624347246e-207
-5.995176880220440975e-207
-4.295731947105870525e-207
-3.078026441933523406e-207
-2.205502320419446915e-207
-1.580311468123619695e-207
-1.132342647369427590e-207
-8.113589611382253894e-208
-5.813640997701387823e-208
-4.165655803288566075e-208
-2.984822812129723613e-208
-2.138719001405773101e-208
-1.532459129026373312e-208
-1.098054948122055770e-208
-7.867907510599008862e-209
-5.637602080042974245e-209
-4.039518406906789363e-209
-2.894441418187756995e-209
-2.073957902753170275e-209
-1.486055774134624580e-209
-1.064805491426389170e-209
-7.629664742779328189e-210
-5.466893677382407767e-210
-3.917200491422230365e-210
-2.806796801899115394e-210
-2.011157790979131709e-210
-1.441057527740909537e-210
-1.032562838964437959e-210
-7.398636042529953495e-211
-5.301354380012260414e-211
-3.798586401726354654e-211
-2.721806092756810882e-211
-1.950259286770688323e-211
-1.397421842708531359e-211
-1.001296504380402532e-211
-7.174602965566164181e-212
-5.140827665763817211e-212
-3.683563984783811599e-212
-2.639388929599453415e-212
-1.891204808839883211e-212
-1.355107460241519769e-212
-9.709769244551383904e-213
-6.957353682167606064e-213
-4.985161752009027774e-213
-3.572024483589220705e-213
-2.559467384627895410e-213
-1.833938519478329442e-213
-1.314074370873512355e-213
-9.415754311534432481e-214
-6.746682776884701377e-214
-4.834209452146624120e-214
-3.463862434334885275e-214
-2.481965889721338694e-214
-1.778406271761403978e-214
-1.274283776637869391e-214
-9.130642245172676476e-215
-6.542391054313735207e-215
-4.687828036433744969e-215
-3.358975566690487774e-215
-2.406811164985980194e-215
-1.724555558351065666e-215
-1.235698054382625355e-215
-8.854163463802305199e-216
-6.344285350752947430e-216
-4.545879097029187817e-216
-3.257264707104194183e-216
-2.333932149467162054e-216
-1.672335461848038344e-216
-1.198280720196952803e-216
-8.586056548780428691e-217
-6.152178351558422611e-217
-4.408228417125684341e-217
-3.158633685031746640e-217
-2.263259933958357788e-217
-1.621696606648268388e-217
-1.161996394914772466e-217
-8.326067997303160869e-218
-5.965888414033893017e-218
-4.274745844044771109e-218
-3.062989242003316610e-218
-2.194727695845970830e-218
-1.572591112257135770e-218
-1.126810770662319843e-218
-8.073951982713030215e-219
-5.785239395683321031e-219
-4.145305166172165604e-219
-2.970240943445528475e-219
-2.128270635926992608e-219
-1.524972548016509118e-219
-1.092690578419278401e-219
-7.829470122064122467e-220
-5.610060487661037551e-220
-4.019783993621842000e-220
-2.880301093173453567e-220
-2.063825917138731785e-220
-1.478795889203512208e-220
-1.059603556562144661e-220
-7.592391250721361421e-221
-5.440186053268141849e-221
-3.898063642513545509e-221
-2.793084650470322017e-221
-2.001332605144958302e-221
-1.434017474458599898e-221
-1.027518420359555492e-221
-7.362491203789140229e-222
-5.275455471339127941e-222
-3.780029022752363818e-222
-2.708509149679608951e-222
-1.940731610721066440e-222
-1.390594964501973062e-222
-9.964048323918728635e-223
-7.139552604158190671e-223
-5.115712984368075439e-223
-3.665568529208468219e-223
-2.626494622231830557e-223
-1.881965633882711622e-223
-1.348487302100913894e-223
-9.662333738664442885e-224
-6.923364656966313179e-224
-4.960807551236701024e-224
-3.554573936191848742e-224
-2.546963521030881425e-224
-1.824979109708028828e-224
-1.307654673248831272e-224
-9.369755168008899245e-225
-6.713722950289458247e-225
-4.810592704400051222e-225
-3.446940295120347281e-225
-2.469840647132373236e-225
-1.769718155798107894e-225
-1.268058469520199793e-225
-9.086035970495710291e-226
-6.510429261859634648e-226
-4.664926411398054928e-226
-3.342565835289585223e-226
-2.395053078639128133e-226
-1.716130521331018128e-226
-1.229661251565087876e-226
-8.810907881457050818e-227
-6.313291371645109744e-227
-4.523670940559409063e-227
-3.241351867643476886e-227
-2.322530101753291704e-227
-1.664165537656488294e-227
-1.192426713708693070e-227
-8.544110759368540040e-228
-6.122122880098418238e-228
-4.386692730770534144e-228
-3.143202691463406322e-228
-2.252203143913506743e-228
-1.613774070386692343e-228
-1.156319649624131376e-228
-8.285392339874665289e-229
-5.936743031908202253e-229
-4.253862265192834198e-229
-3.048025503879240516e-229
-2.184005708956843438e-229
-1.564908472939425669e-229
-1.121305919043398989e-229
-8.034507997262832921e-230
-5.756976545094110807e-230
-4.125053948799161198e-230
-2.955730312120535275e-230
-2.117873314246322033e-230
-1.517522541486286948e-230
-1.087352415476395417e-230
-7.791220513168473901e-231
-5.582653445270420136e-231
-4.000145989618742613e-231
-2.866229848427896283e-231
-2.053743429699909556e-231
-1.471571471265129286e-231
-1.054427034908562389e-231
-7.555299852275240577e-232
-5.413608904928529751e-232
-3.879020283582228004e-232
-2.779439487537696266e-232
-1.991555418665851452e-232
-1.427011814216919762e-232
-1.022498645445207690e-232
-7.326522944807512079e-233
-5.249683087591665148e-233
-3.761562302849397612e-233
-2.695277166665537521e-233
-1.931250480590393877e-233
-1.383801437903800296e-233
-9.915370578750662634e-234
-7.104673475616735498e-234
-5.090720996682883491e-234
-3.647660987518555023e-234
-2.613663307915453558e-234
-1.872771595419426978e-234
-1.341899485671197181e-234
-9.615129971262404592e-235
-6.889541679646493201e-235
-4.936572328969659965e-235
-3.537208640618799227e-235
-2.534520743035711559e-235
-1.816063469683763905e-235
-1.301266338017641097e-235
-9.323980745854064179e-236
-6.680924143591337329e-236
-4.787091332451388733e-236
-3.430100826278081048e-236
-2.457774640453178146e-236
-1.761072484218872433e-236
-1.261863575132883120e-236
-9.041647612552575027e-237
-6.478623613568424186e-237
-4.642136668544833066e-237
-3.326236270974947022e-237
-2.383352434519662201e-237
-1.707746643465734325e-237
-1.223653940570445870e-237
-8.767863617256900504e-238
-6.282448808605806372e-238
-4.501571278442889276e-238
-3.225516767783888481e-238
-2.311183756898097936e-238
-1.656035526306985273e-238
-1.186601306021454056e-238
-8.502369889321866865e-239
-6.092214239778690270e-239
-4.365262253524760859e-239
-3.127847083516626535e-239
-2.241200370026488117e-239
-1.605890238393480023e-239
-1.150670637153822424e-239
-8.244915396785741402e-240
-5.907740034828677208e-240
-4.233080709685356296e-240
-3.033134868675359521e-240
-2.173336102598930856e-240
-1.557263365912661503e-240
-1.115827960485907283e-240
-7.995256709018151945e-241
-5.728851768087092014e-241
-4.104901665470257496e-241
-2.941290570135822652e-241
-2.107526786997908573e-241
-1.510108930756921508e-241
-1.082040331264399418e-241
-7.753157766546360202e-242
-5.555380295548604989e-242
-3.980603923905095822e-242
-2.852227346471102725e-242
-2.043710198621262958e-242
-1.464382347051057278e-242
-1.049275802313694963e-242
-7.518389657851676278e-243
-5.387161594944679958e-243
-3.860069957898789034e-243
-2.765860985839626091e-243
-1.981825997048504898e-243
-1.420040378994479291e-243
-1.017503393828576231e-243
-7.290730402932405260e-244
-5.224036610653722272e-244
-3.743185799117026008e-244
-2.682109826362417689e-244
-1.921815668986446921e-244
-1.377041099980050267e-244
-9.866930640826403080e-245
-7.069964743412557188e-245
-5.065851103307691091e-245
-3.629840930224598646e-245
-2.600894678908411195e-245
-1.863622472942567698e-245
-1.335343852952253819e-245
-9.568156810226041448e-246
-6.855883939006532653e-246
-4.912455503957957844e-246
-3.519928180386686372e-246
-2.522138752217990020e-246
-1.807191385575629682e-246
-1.294909211964266126e-246
-9.278429947227930883e-247
-6.648285570154071286e-247
-4.763704772651668834e-247
-3.413343623934586338e-247
-2.445767580296443529e-247
-1.752469049668828903e-247
-1.255698944899161175e-247
-8.997476106746864155e-248
-6.446973346624173296e-248
-4.619458261290732258e-248
-3.309986482103440659e-248
-2.371708952003284328e-248
-1.699403723678437129e-248
-1.217675977321241942e-248
-8.725029638842752468e-249
-6.251756921914917076e-249
-4.479579580648283317e-249
-3.209759027741743395e-249
-2.299892842773755634e-249
-1.647945232811894756e-249
-1.180804357420624668e-249
-8.460832937538092466e-250
-6.062451713279822240e-250
-4.343936471407034056e-250
-3.112566492906445617e-250
-2.230251348410234102e-250
-1.598044921585466844e-250
-1.145049222019379354e-250
-8.204636197250125844e-251
-5.878878727197228309e-251
-4.212400679102840693e-251
-3.018316979259363856e-251
-2.162718620875996654e-251
-1.549655607818557252e-251
-1.110376763608210697e-251
-7.956197176589340278e-252
-5.700864390124825813e-252
-4.084847832859432604e-252
-2.926921371173494028e-252
-2.097230806033296351e-252
-1.502731538022705239e-252
-1.076754198380056636e-252
-7.715280969310625452e-253
-5.528240384384948756e-253
-3.961157327790595461e-253
-2.838293251470656786e-253
-2.033725983268934320e-253
-1.457228344139768121e-253
-1.044149735231701138e-253
-7.481659782208175050e-254
-5.360843489013241077e-254
-3.841212210963476734e-254
-2.752348819713598586e-254
-1.972144106945756332e-254
-1.413103001590164357e-254
-1.012532545705117517e-254
-7.255112719727580988e-255
-5.198515425426774149e-255
-3.724899070818964999e-255
-2.669006812969205303e-255
-1.912426949627124527e-255
-1.370313788592905748e-255
-9.818727348378834411e-256
-7.035425575100327664e-256
-5.041102707770800412e-256
-3.612107929936363803e-256
-2.588188428971181225e-256
-1.854518047022566877e-256
-1.328820246715924665e-256
-9.521413128963114479e-257
-6.822390627810165273e-257
-4.888456497791525059e-257
-3.502732141045384900e-257
-2.509817251612089317e-257
-1.798362644598452343e-257
-1.288583142621025781e-257
-9.233101679655005996e-258
-6.615806447184757442e-258
-4.740432464103639413e-258
-3.396668286190588700e-258
-2.433819178688753664e-258
-1.743907645805410085e-258
-1.249564430968554637e-258
-8.953520393683575434e-259
-6.415477701934998727e-259
-4.596890645724232101e-259
-3.293816078945425421e-259
-2.360122351835696005e-259
-1.691101561875260807e-259
-1.211727218443954666e-259
-8.682404918895461070e-260
-6.221214975468243237e-260
-4.457695319733882494e-260
-3.194078269587444299e-260
-2.288657088582665533e-260
-1.639894463136254514e-260
-1.175035728873676424e-260
-8.419498907808512035e-261
-6.032834586787077667e-261
-4.322714872945265256e-261
-3.097360553148164568e-261
-2.219355816466979061e-261
-1.590237931802586497e-261
-1.139455269398616162e-261
-8.164553775224624901e-262
-5.850158416811656757e-262
-4.191821677462182330e-262
-3.003571480243824231e-262
-2.152153009141081878e-262
-1.542085016195125340e-262
-1.104952197670580039e-262
-7.917328463182593377e-263
-5.673013739967173083e-263
-4.064891970002100429e-263
-2.912622370606366499e-263
-2.086985124417037924e-263
-1.495390186346655900e-263
-1.071493890042111594e-263
-7.677589213036528363e-264
-5.501233060864667818e-264
-3.941805734873068940e-264
-2.824427229235771770e-264
-2.023790544184757087e-264
-1.450109290951491349e-264
-1.039048710720660817e-264
-7.445109344427376219e-265
-5.334653955927510830e-265
-3.822446590498243654e-265
-2.738902665088226476e-265
-1.962509516149636729e-265
-1.406199515620178919e-265
-1.007585981855630809e-265
-7.219669040947660249e-266
-5.173118919819042837e-266
-3.706701679372284258e-266
-2.655967812226588345e-266
-1.903084097336444744e-266
-1.363619342396722907e-266
-9.770759545312554428e-267
-7.001055142303900711e-267
-5.016475216514760642e-267
-3.594461561350118519e-267
-2.575544253361211531e-267
-1.845458099301840310e-267
-1.322328510501711709e-267
-9.474897806388422253e-268
-6.789060942764731004e-268
-4.864574734884353436e-268
-3.485620110170697365e-268
-2.497555945703154890e-268
-1.789577035005973182e-268
-1.282287978265537329e-268
-9.187994855996897432e-269
-6.583485995712441420e-269
-4.717273848651844282e-269
-3.380074413110225169e-269
-2.421929149062709093e-269
-1.735388067294699499e-269
-1.243459886212880524e-269
-8.909779419140164410e-270
-6.384135924119633806e-270
-4.574433280590996990e-270
-3.277724673674101335e-270
-2.348592356127660521e-270
-1.682839958939863779e-270
-1.205807521265076565e-270
-8.639988435117648046e-271
-6.190822236757700667e-271
-4.435917970833183753e-271
-3.178474117238804495e-271
-2.277476224850161217e-271
-1.631883024192470070e-271
-1.169295282027704850e-271
-8.378366808791235058e-272
-6.003362149970891385e-272
-4.301596949167561305e-272
-3.082228899547479720e-272
-2.208513512881080280e-272
-1.582469081804543632e-272
-1.133888645127996501e-272
-8.124667169382708627e-273
-5.821578414853409487e-273
-4.171343211203312200e-273
-2.988898017976474575e-273
-2.141639013992003255e-273
-1.534551409471764311e-273
-1.099554132571617077e-273
-7.878649636583370365e-274
-5.645299149653218448e-274
-4.045033598281964614e-274
-2.898393225491876906e-274
-2.076789496420044459e-274
-1.488084699655677672e-274
-1.066259280089046021e-274
-7.640081593737270996e-275
-5.474357677251043041e-275
-3.922548681030226286e-275
-2.810628947208289488e-275
-2.013903643079708650e-275
-1.443025016745177850e-275
-1.033972606439264757e-275
-7.408737467892951197e-276
-5.308592367566272302e-276
-3.803772646434564123e-276
-2.725522199474385545e-276
-1.952921993587264060e-276
-1.399329755513565718e-276
-1.002663583642997320e-276
-7.184398516523017964e-277
-5.147846484729015711e-277
-3.688593188335415639e-277
-2.642992511411427026e-277
-1.893786888038483911e-277
-1.356957600833621297e-277
-9.723026081183425896e-278
-6.966852620694022860e-278
-4.991968038880137199e-278
-3.576901401241118137e-278
-2.562961848824715589e-278
-1.836442412488925979e-278
-1.315868488613931418e-278
-9.428609726893630300e-279
-6.755894084499613247e-279
-4.840809642464034521e-279
-3.468591677353253820e-279
-2.485354540419170991e-279
-1.780834346086998753e-279
-1.276023567916630894e-279
-9.143108394423113476e-280
-6.551323440573959682e-280
-4.694228370867601177e-280
-3.363561606710298784e-280
-2.410097206251719016e-280
-1.726910109805903229e-280
-1.237385164222303246e-280
-8.866252134047367610e-281
-6.352947261487097961e-281
-4.552085627279342776e-281
-3.261711880358453692e-281
-2.337118688347518297e-281
-1.674618716728079368e-281
-1.199916743808522257e-281
-8.597779170206192847e-282
-6.160577976851635985e-282
-4.414247011645359058e-282
-3.162946196450921554e-282
-2.266349983417274746e-282
-1.623910723836803833e-282
-1.163582879205703987e-282
-8.337435653984546658e-283
-5.974033695973957746e-283
-4.280582193588522264e-283
-3.067171169190693386e-283
-2.197724177614265735e-283
-1.574738185265772322e-283
-1.128349215699031628e-283
-8.084975423097038219e-284
-5.793138035869036391e-284
-4.150964789175950342e-284
-2.974296240533783606e-284
-2.131176383264527939e-284
-1.527054606964382386e-284
-1.094182438845890230e-284
-7.840159769131301475e-285
-5.617719954483334873e-285
-4.025272241422319180e-285
-2.884233594562847534e-285
-2.066643677512989888e-285
-1.480814902737361936e-285
-1.061050242975680562e-285
-7.602757211839731664e-286
-5.447613588973644718e-286
-3.903385704407164694e-286
-2.796898074453753584e-286
-2.004065042829579598e-286
-1.435975351613904459e-286
-1.028921300643529815e-286
-7.372543280273683200e-287
-5.282658098876885343e-287
-3.785189930901353868e-287
-2.712207101959354652e-287
-1.943381309314622713e-287
-1.392493556507760120e-287
-9.977652330100246333e-288
-7.149300300536892863e-288
-5.122697514029091213e-288
-3.670573163400217805e-288
-2.630080599328336734e-288
-1.884535098751359084e-288
-1.350328404130565249e-288
-9.675525811167607495e-289
-6.932817189966187883e-289
-4.967580587094779043e-289
-3.559427028452205531e-289
-2.550440913588530224e-289
-1.827470770354532589e-289
-1.309440026117524730e-289
-9.382547780317312404e-290
-6.722889257551707839e-290
-4.817160650556338226e-290
-3.451646434187489498e-290
-2.473212743125614619e-290
-1.772134368159727439e-290
-1.269789761330295310e-290
-9.098441218391411246e-291
-6.519318010393075180e-291
-4.671295478034081561e-291
-3.347129470953048860e-291
-2.398323066482323644e-291
-1.718473570005863272e-291
-1.231340119302673015e-291
-8.822937494460971694e-292
-6.321910966016504798e-292
-4.529847149810444091e-292
-3.245777314952868140e-292
-2.325701073313765111e-292
-1.666437638064317331e-292
-1.194054744791805607e-292
-8.555776111824915139e-293
-6.130481470381592004e-293
-4.392681922421186430e-293
-3.147494134806125225e-293
-2.255278097435862388e-293
-1.615977370864202793e-293
-1.157898383402869638e-293
-8.296704461708987236e-294
-5.944848521392195127e-294
-4.259670102195641867e-294
-3.052187000938114139e-294
-2.186987551898635926e-294
-1.567045056770433070e-294
-1.122836848255853861e-294
-8.045477584413709895e-295
-5.764836597751780670e-295
-4.130685922630671053e-295
-2.959765797711481104e-295
-2.120764866025603936e-295
-1.519594428872115055e-295
-1.088836987660447791e-295
-7.801857937695279049e-296
-5.590275493007106485e-296
-4.005607425473221816e-296
-2.870143138218321027e-296
-2.056547424361863879e-296
-1.473580621235268650e-296
-1.055866653769805484e-296
-7.565615172168114072e-297
-5.421000154610975007e-297
-3.884316345403968190e-297
-2.783234281655391517e-297
-1.994274507468587678e-297
-1.428960126480311206e-297
-1.023894672184586288e-297
-7.336525913499974466e-298
-5.256850527858503671e-298
-3.766697998216827026e-298
-2.698957053198176138e-298
-1.933887234510388071e-298
-1.385690754645596554e-298
-9.928908124762678003e-299
-7.114373551202676372e-299
-5.097671404554562545e-299
-3.652641172380286812e-299
-2.617231766301330010e-299
-1.875328507583174214e-299
-1.343731593295061883e-299
-9.628257596030800895e-300
-6.898948033825729895e-300
-4.943312276257991822e-300
-3.542038023882505971e-300
-2.537981147354630279e-300
-1.818542957725720660e-300
-1.303042968833896193e-300
-9.336710861924773684e-301
-6.690045670343998828e-301
-4.793627191969908399e-301
-3.434783974264221395e-301
-2.461130262617577778e-301
-1.763476892566120228e-301
-1.263586408996947504e-301
-9.053992256618795241e-302
-6.487468937559759411e-302
-4.648474620136266554e-302
-3.330777611735488233e-302
-2.386606447366574913e-302
-1.710078245555362243e-302
-1.225324606471602849e-302
-8.779834461533767583e-303
-6.291026293343472512e-303
-4.507717314823907351e-303
-3.229920595286813838e-303
-2.314339237190046519e-303
-1.658296526736253365e-303
-1.188221383622245512e-303
-8.513978252586164153e-304
-6.100531995522767438e-304
-4.371222185949096366e-304
-3.132117561707210954e-304
-2.244260301361419062e-304
-1.608082775003164025e-304
-1.152241658284109341e-304
-8.256172255080916606e-305
-5.915805926255862665e-305
-4.238860173440141640e-305
-3.037276035414334220e-305
-2.176303378229713358e-305
-1.559389511809042458e-305
-1.117351410591639147e-305
-8.006172706026690024e-306
-5.736673421729187330e-306
-4.110506125205750219e-306
-2.945306341015152826e-306
-2.110404212568799224e-306
-1.512170696272482146e-306
-1.083517650811360093e-306
-7.763743223656677721e-307
-5.562965107005515364e-307
-3.986038678798770826e-307
-2.856121518517390466e-307
-2.046500494821422109e-307
-1.466381681644246216e-307
-1.050708388149908961e-307
-7.528654583919849472e-308
-5.394516735873251007e-308
-3.865340146667353695e-308
-2.769637241105251762e-308
-1.984531802183044399e-308
-1.421979173093526785e-308
-1.018892600505415248e-308
-7.300684503740539542e-309
-5.231169035550761428e-309
-3.748296404876499641e-309
-2.685771735405078852e-309
-1.924439541471765606e-309
-1.378921186770889736e-309
-9.880402051348744305e-310
-7.079617430848600236e-310
-5.072767556087405142e-310
-3.634796785199364121e-310
-2.604445704168204986e-310
-1.866166893726064887e-310
-1.337167010110872527e-310
-9.581220302107453638e-311
-6.865244339965610545e-311
-4.919162524324712546e-311
-3.524733970480120219e-311
-2.525582251292241083e-311
-1.809658760480164454e-311
-1.296677163337788237e-311
-9.291097872377670458e-312
-6.657362535164674292e-312
-4.770208702286847637e-312
-3.418003893161263922e-312
-2.449106809114241787e-312
-1.754861711671323946e-312
-1.257413362135763984e-312
-9.009760443038175801e-313
-6.455775458221167390e-313
-4.625765249848544031e-313
-3.314505636908188088e-313
-2.374947067907161824e-313
-1.701723935093954538e-313
-1.219338481451015949e-313
-8.736942001406698526e-314
-6.260292502653839727e-314
-4.485695591646888012e-314
-3.214141341165111620e-314
-2.303032907406685503e-314
-1.650195187762447963e-314
-1.182416520514872174e-314
-8.472384590483517259e-315
-6.070728832916699640e-315
-4.349867289586147015e-315
-3.116816106005348247e-315
-2.233296332495292545e-315
-1.600226745046327767e-315
-1.146612570797983073e-315
-8.215838029605262027e-316
-5.886905212418221051e-316
-4.218151903199008019e-316
-3.022437942285023512e-316
-2.165671393660159429e-316
-1.551771360584233139e-316
-1.111892759703141983e-316
-7.967060018603833719e-317
-5.708647908408765990e-317
-4.090424817272014359e-317
-2.930917469082213923e-317
-2.100094208707344528e-317
-1.504783148523372218e-317
-1.078224162201644396e-317
-7.725813198461657286e-318
-5.535788172766997379e-318
-3.966566512384780580e-318
-2.842166974922813282e-318
-2.036504007562409368e-318
-1.459217944335663256e-318
-1.045576304324454824e-318
-7.491863233842910222e-319
-5.368171461758896076e-319
-3.846449272567856720e-319
-2.756095798760809722e-319
-1.974829792992046562e-319
-1.415004009689330103e-319
-1.013921518395406158e-319
-7.265235322095530432e-320
-5.205475644583373589e-320
-3.730195626101411409e-320
-2.672895144001143804e-320
-1.914998443280671605e-320
-1.372020298501141653e-320
-9.831906352240806229e-321
-7.045376109696175720e-321
-5.049350900497539681e-321
-3.616560527557924703e-321
-2.588903984208131891e-321
-1.857686828363087006e-321
-1.329036587312953204e-321
-9.535466964736058303e-322
-6.818105912609202310e-322
-4.891249893828340787e-322
-3.507866085472850464e-322
-2.519734793790357375e-322
-1.828042889612612213e-322
-1.284570679187241015e-322
-9.387247270983684339e-323
-6.422853395936205074e-323
-4.940656458412465442e-323
-3.458459520888725809e-323
-2.470328229206232721e-323
-1.976262583364986177e-323
-9.881312916824930884e-324
-9.881312916824930884e-324
-4.940656458412465442e-324
-4.940656458412465442e-324
-4.940656458412465442e-324
-4.940656458412465442e-324
-4.940656458412465442e-324
0.000000000000000000e+00
0.000000000000000000e+00
0.000000000000000000e+00
0.000000000000000000e+00
0.000000000000000000e+00
0.000000000000000000e+00
0.000000000000000000e+00
0.000000000000000000e+00
0.000000000000000000e+00
0.000000000000000000e+00
0.000000000000000000e+00
0.000000000000000000e+00
0.000000000000000000e+00
0.000000000000000000e+00
0.000000000000000000e+00
0.000000000000000000e+00
0.000000000000000000e+00
0.000000000000000000e+00
0.000000000000000000e+00
0.000000000000000000e+00
0.000000000000000000e+00
0.000000000000000000e+00
0.000000000000000000e+00
0.000000000000000000e+00
0.000000000000000000e+00
0.000000000000000000e+00
0.000000000000000000e+00
0.000000000000000000e+00
0.000000000000000000e+00
0.000000000000000000e+00
0.000000000000000000e+00
0.000000000000000000e+00
0.000000000000000000e+00
0.000000000000000000e+00
0.000000000000000000e+00
0.000000000000000000e+00
0.000000000000000000e+00
0.000000000000000000e+00
0.000000000000000000e+00
0.000000000000000000e+00
0.000000000000000000e+00
0.000000000000000000e+00
0.000000000000000000e+00
0.000000000000000000e+00
0.000000000000000000e+00
0.000000000000000000e+00
0.000000000000000000e+00
0.000000000000000000e+00
0.000000000000000000e+00
0.000000000000000000e+00
0.000000000000000000e+00
0.000000000000000000e+00
0.000000000000000000e+00
0.000000000000000000e+00
0.000000000000000000e+00
0.000000000000000000e+00
0.000000000000000000e+00
0.000000000000000000e+00
0.000000000000000000e+00
0.000000000000000000e+00
0.000000000000000000e+00
0.000000000000000000e+00
0.000000000000000000e+00
0.000000000000000000e+00
0.000000000000000000e+00
0.000000000000000000e+00
0.000000000000000000e+00
0.000000000000000000e+00
0.000000000000000000e+00
0.000000000000000000e+00
0.000000000000000000e+00
0.000000000000000000e+00
0.000000000000000000e+00
0.000000000000000000e+00
0.000000000000000000e+00
0.000000000000000000e+00
0.000000000000000000e+00
0.000000000000000000e+00
0.000000000000000000e+00
0.000000000000000000e+00
0.000000000000000000e+00
0.000000000000000000e+00
0.000000000000000000e+00
0.000000000000000000e+00
0.000000000000000000e+00
0.000000000000000000e+00
0.000000000000000000e+00
0.000000000000000000e+00
0.000000000000000000e+00
0.000000000000000000e+00
0.000000000000000000e+00
0.000000000000000000e+00
0.000000000000000000e+00
0.000000000000000000e+00
0.000000000000000000e+00
0.000000000000000000e+00
0.000000000000000000e+00
0.000000000000000000e+00
0.000000000000000000e+00
0.000000000000000000e+00
0.000000000000000000e+00
0.000000000000000000e+00
0.000000000000000000e+00
0.000000000000000000e+00
0.000000000000000000e+00
0.000000000000000000e+00
0.000000000000000000e+00
0.000000000000000000e+00
0.000000000000000000e+00
0.000000000000000000e+00
0.000000000000000000e+00
0.000000000000000000e+00
0.000000000000000000e+00
0.000000000000000000e+00
0.000000000000000000e+00
0.000000000000000000e+00
0.000000000000000000e+00
0.000000000000000000e+00
0.000000000000000000e+00
0.000000000000000000e+00
0.000000000000000000e+00
0.000000000000000000e+00
0.000000000000000000e+00
0.000000000000000000e+00
0.000000000000000000e+00
0.000000000000000000e+00
0.000000000000000000e+00
0.000000000000000000e+00
0.000000000000000000e+00
0.000000000000000000e+00
0.000000000000000000e+00
0.000000000000000000e+00
0.000000000000000000e+00
0.000000000000000000e+00
0.000000000000000000e+00
0.000000000000000000e+00
0.000000000000000000e+00
0.000000000000000000e+00
0.000000000000000000e+00
0.000000000000000000e+00
0.000000000000000000e+00
0.000000000000000000e+00
0.000000000000000000e+00
0.000000000000000000e+00
0.000000000000000000e+00
0.000000000000000000e+00
0.000000000000000000e+00
0.000000000000000000e+00
0.000000000000000000e+00
0.000000000000000000e+00
0.000000000000000000e+00
0.000000000000000000e+00
0.000000000000000000e+00
0.000000000000000000e+00
0.000000000000000000e+00
0.000000000000000000e+00
0.000000000000000000e+00
0.000000000000000000e+00
0.000000000000000000e+00
0.000000000000000000e+00
0.000000000000000000e+00
0.000000000000000000e+00
0.000000000000000000e+00
0.000000000000000000e+00
0.000000000000000000e+00
0.000000000000000000e+00
0.000000000000000000e+00
0.000000000000000000e+00
0.000000000000000000e+00
0.000000000000000000e+00
0.000000000000000000e+00
0.000000000000000000e+00
0.000000000000000000e+00
0.000000000000000000e+00
0.000000000000000000e+00
0.000000000000000000e+00
0.000000000000000000e+00
0.000000000000000000e+00
0.000000000000000000e+00
0.000000000000000000e+00
0.000000000000000000e+00
0.000000000000000000e+00
0.000000000000000000e+00
0.000000000000000000e+00
0.000000000000000000e+00
0.000000000000000000e+00
0.000000000000000000e+00
0.000000000000000000e+00
0.000000000000000000e+00
0.000000000000000000e+00
0.000000000000000000e+00
0.000000000000000000e+00
0.000000000000000000e+00
0.000000000000000000e+00
0.000000000000000000e+00
0.000000000000000000e+00
0.000000000000000000e+00
0.000000000000000000e+00
0.000000000000000000e+00
0.000000000000000000e+00
0.000000000000000000e+00
0.000000000000000000e+00
0.000000000000000000e+00
0.000000000000000000e+00
0.000000000000000000e+00
0.000000000000000000e+00
0.000000000000000000e+00
0.000000000000000000e+00
0.000000000000000000e+00
0.000000000000000000e+00
0.000000000000000000e+00
0.000000000000000000e+00
0.000000000000000000e+00
0.000000000000000000e+00
0.000000000000000000e+00
0.000000000000000000e+00
0.000000000000000000e+00
0.000000000000000000e+00
0.000000000000000000e+00
0.000000000000000000e+00
0.000000000000000000e+00
0.000000000000000000e+00
0.000000000000000000e+00
0.000000000000000000e+00
0.000000000000000000e+00
0.000000000000000000e+00
0.000000000000000000e+00
0.000000000000000000e+00
0.000000000000000000e+00
0.000000000000000000e+00
0.000000000000000000e+00
0.000000000000000000e+00
0.000000000000000000e+00
0.000000000000000000e+00
0.000000000000000000e+00
0.000000000000000000e+00
0.000000000000000000e+00
0.000000000000000000e+00
0.000000000000000000e+00
0.000000000000000000e+00
0.000000000000000000e+00
0.000000000000000000e+00
0.000000000000000000e+00
0.000000000000000000e+00
0.000000000000000000e+00
0.000000000000000000e+00
0.000000000000000000e+00
0.000000000000000000e+00
0.000000000000000000e+00
0.000000000000000000e+00
0.000000000000000000e+00
0.000000000000000000e+00
0.000000000000000000e+00
0.000000000000000000e+00
0.000000000000000000e+00
0.000000000000000000e+00
0.000000000000000000e+00
0.000000000000000000e+00
0.000000000000000000e+00
0.000000000000000000e+00
0.000000000000000000e+00
0.000000000000000000e+00
0.000000000000000000e+00
0.000000000000000000e+00
