-1.500000000000000000e+00
-1.005480069053458880e+00
-6.739934461758323447e-01
-4.517913178683031772e-01
-3.028447769919830890e-01
-2.030029248549190535e-01
-1.360769299341187677e-01
-9.121509393782695208e-02
-6.114330596754931346e-02
-4.098558367093883825e-02
-2.747345833310126800e-02
-1.841600985460265308e-02
-1.234462057353004523e-02
-8.274846631141157330e-03
-5.546795574724398478e-03
-3.718128264999537736e-03
-2.492335909760900765e-03
-1.670662721767204872e-03
-1.119878712565018858e-03
-7.506771501609161949e-04
-5.031939418537678069e-04
-3.373009862682723055e-04
-2.260996126432147555e-04
-1.515591027556401277e-04
-1.015931047362808473e-04
-6.809989464372727787e-05
-4.564872451260543510e-05
-3.059925511675788153e-05
-2.051129409852144619e-05
-1.374913160437142657e-05
-9.216318529992314286e-06
-6.177883061303562243e-06
-4.141158858055798182e-06
-2.775901796372862340e-06
-1.860742619935070106e-06
-1.247293078655351922e-06
-8.360855539041893868e-07
-5.604449069827890518e-07
-3.756774558491432958e-07
-2.518241294993494643e-07
-1.688027620788886681e-07
-1.131518752476638737e-07
-7.584797022503280713e-08
-5.084241489295386493e-08
-3.408068989160783380e-08
-2.284496961706894538e-08
-1.531344108539645669e-08
-1.026490653332698238e-08
-6.880772619971285768e-09
-4.612319819379909096e-09
-3.091730433657836598e-09
-2.072448886619310801e-09
-1.389204033085163120e-09
-9.312113114105437186e-10
-6.242096091336223774e-10
-4.184202139303386958e-10
-2.804754570640270930e-10
-1.880083212910252090e-10
-1.260257465828834589e-10
-8.447758425111408468e-11
-5.662701816418646589e-11
-3.795822542267850761e-11
-2.544415941276098171e-11
-1.705573010890010890e-11
-1.143279779176933546e-11
-7.663633542094988458e-12
-5.137087188737388149e-12
-3.443492520843531871e-12
-2.308242065095219240e-12
-1.547260927336023220e-12
-1.037160016041030554e-12
-6.952291496989489401e-13
-4.660260356315168524e-13
-3.123865936583252725e-13
-2.093989958419646806e-13
-1.403643445326026286e-13
-9.408903388885665822e-14
-6.306976552782708513e-14
-4.227692813207009092e-14
-2.833907241173457612e-14
-1.899624832364126331e-14
-1.273356605080766565e-14
-8.535564581375260032e-15
-5.721560043127604543e-15
-3.835276391504975554e-15
-2.570862647313019500e-15
-1.723300768098171213e-15
-1.155163050204820302e-15
-7.743289489919602984e-16
-5.190482167350197374e-16
-3.479284245365354451e-16
-2.332233975524381983e-16
-1.563343185839387936e-16
-1.047940276301355609e-16
-7.024553742529262640e-17
-4.708699188072044085e-17
-3.156335456516434599e-17
-2.115754928516020493e-17
-1.418232941082981246e-17
-9.506699703560054490e-18
-6.372531382937383306e-18
-4.271635529974149120e-18
-2.863362925099747908e-18
-1.919369567769595374e-18
-1.286591897026721985e-18
-8.624283396440339845e-19
-5.781030043326296929e-19
-3.875140324775902459e-19
-2.597584240898330236e-19
-1.741212787940422309e-19
-1.167169836170069492e-19
-7.823773383129316416e-20
-5.244432134351659945e-20
-3.515447989729370899e-20
-2.356475258311290958e-20
-1.579592603633071611e-20
-1.058832586784877560e-20
-7.097567083176750981e-21
-4.757641493936051711e-21
-3.189142465236286615e-21
-2.137746124111402826e-21
-1.432974080326867024e-21
-9.605512514925846683e-22
-6.438767591200967458e-22
-4.316034988146620121e-22
-2.893124771945876613e-22
-1.939319530317611497e-22
-1.299964756840317415e-22
-8.713924356499053766e-23
-5.841118175799531153e-23
-3.915418604501556823e-23
-2.624583579218286120e-23
-1.759310985645987145e-23
-1.179301420889217226e-23
-7.905093827403561479e-24
-5.298942858301210666e-24
-3.551987620716694671e-24
-2.380968505436838881e-24
-1.596010918173820297e-24
-1.069838112143659563e-24
-7.171339325828203232e-25
-4.807092507026358223e-25
-3.222290470607490509e-25
-2.159965896597802290e-25
-1.447868439242851981e-25
-9.705352388468189816e-26
-6.505692259830108639e-26
-4.360895935103026260e-26
-2.923195963974876880e-26
-1.959476853142837018e-26
-1.313476614404478149e-26
-8.804497046343466774e-27
-5.901830865425611235e-27
-3.956115537406629830e-27
-2.651863549156724096e-27
-1.777597296350971461e-27
-1.191559101522812851e-27
-7.987259517869580174e-28
-5.354020167716904516e-28
-3.588907045299742134e-28
-2.405716335822956890e-28
-1.612599884977524740e-28
-1.080958029135210231e-28
-7.245878358525039378e-29
-4.857057514855188468e-29
-3.255783016955459059e-29
-2.182416621807623719e-29
-1.462917610399043236e-29
-9.806229999490285416e-30
-6.573312544694450315e-30
-4.406223167566204211e-30
-2.953579716526261662e-30
-1.979843691551831063e-30
-1.327128914464385926e-30
-8.896011150390028465e-31
-5.963174603862969824e-31
-3.997235474979958573e-31
-2.679427067603879149e-31
-1.796073675305360236e-31
-1.203944188714099233e-31
-8.070279240031707914e-32
-5.409669951698487784e-32
-3.626210211060175541e-32
-2.430721395612748668e-32
-1.629361277806964782e-32
-1.092193526748246519e-32
-7.321192151297077304e-33
-4.907541859893259960e-33
-3.289623685445457987e-33
-2.205100700267747797e-33
-1.478123202916688706e-33
-9.908156134254557267e-34
-6.641635676041872523e-34
-4.452021532116307738e-34
-2.984279278359885975e-34
-2.000422223253392051e-34
-1.340923116781922010e-34
-8.988476453715185164e-35
-6.025155950244588574e-35
-4.038782813939893388e-35
-2.707277081768123082e-35
-1.814742098082028812e-35
-1.216458006729168585e-35
-8.154161870711136920e-36
-5.465898160557190697e-36
-3.663901106610791393e-36
-2.455986358453361857e-36
-1.646296888861373544e-36
-1.103545806329879421e-36
-7.397288757014877840e-37
-4.958550940141101088e-37
-3.323816094465426944e-37
-2.228020557456082634e-37
-1.493486842642303639e-37
-1.001114169113619107e-37
-6.710668959271680566e-38
-4.498295925708903059e-38
-3.015297932003146656e-38
-2.021214648591505562e-38
-1.354860696291778062e-38
-9.081902843101778629e-39
-6.087781531879153005e-39
-4.080761996704183331e-39
-2.735416569491220033e-39
-1.833604560788020786e-39
-1.229101893598577203e-39
-8.238916378994851171e-40
-5.522710806451657761e-40
-3.701983762022176754e-40
-2.481513925781915972e-40
-1.663408528968204591e-40
-1.115016081714035525e-40
-7.474176312250368935e-41
-5.010090209706123122e-41
-3.358363900012942977e-41
-2.251178644061092204e-41
-1.509010172321470905e-41
-1.011519768178785072e-41
-6.780419775715584463e-42
-4.545051296198669001e-42
-3.046638994102216077e-42
-2.042223190780559745e-42
-1.368943143259086595e-42
-9.176300308095984872e-43
-6.151058044959804874e-43
-4.123177511865322121e-43
-2.763848539566659650e-43
-1.852663080277873786e-43
-1.241877201260386689e-43
-8.324551827194803055e-44
-5.580113964031254429e-44
-3.740462249253522964e-44
-2.507306827114213691e-44
-1.680698027776662903e-44
-1.126605579351270192e-44
-7.551863038147473787e-45
-5.062165179385828546e-45
-3.393270796085947830e-45
-2.274577436243709694e-45
-1.524694851774522964e-45
-1.022033523231794714e-45
-6.850895583426994535e-46
-4.592292642868179778e-46
-3.078305815776508465e-46
-2.063450096143102836e-46
-1.383171963438881445e-46
-9.271678942075512163e-47
-6.214992255279777105e-47
-4.166033894670259209e-47
-2.792576032061425221e-47
-1.871919694369426948e-47
-1.254785295704726864e-47
-8.411077371816430118e-48
-5.638113771085281650e-48
-3.779340682588090175e-48
-2.533367820336798647e-48
-1.698167233953360254e-48
-1.138315538439840475e-48
-7.630357241300730503e-49
-5.114781417257123436e-49
-3.428540515078007360e-49
-2.298219435902131495e-49
-1.540542558073930814e-49
-1.032656558447972957e-49
-6.922103917978560343e-50
-4.640025016962841768e-50
-3.110301782977031999e-50
-2.084897634349913184e-50
-1.397548678237021141e-50
-9.368048943328949169e-51
-6.279590998956347442e-51
-4.209335727505380622e-51
-2.821602118640892430e-51
-1.891376462061609443e-51
-1.267827557119873538e-51
-8.498502264538408828e-52
-5.696716429199339254e-52
-3.818623219072916402e-52
-2.559699692001704039e-52
-1.715818015380008301e-52
-1.150147211058300053e-52
-7.709667314643574154e-53
-5.167944549271388100e-53
-3.464176828177208245e-53
-2.322107170939360941e-53
-1.556554985723751835e-53
-1.043390009687343216e-53
-6.994052393267519752e-54
-4.688253522230730868e-54
-3.142630316848478145e-54
-2.106568098662855661e-54
-1.412074824872886567e-54
-9.465420616145686619e-55
-6.344861183161430186e-55
-4.253087640386547021e-55
-2.850929902897502553e-55
-1.911035463754623701e-55
-1.281005380039749658e-55
-8.586835853201416833e-56
-5.755928204418500640e-56
-3.858314058963621991e-56
-2.586305257624434956e-56
-1.733652259353017239e-56
-1.162101862299331031e-56
-7.789801738345852891e-57
-5.221660259856465698e-57
-3.500183545769434506e-57
-2.346243195533341058e-57
-1.572733846840750456e-57
-1.054235024616094037e-57
-7.066748702330395105e-58
-4.736983315468376989e-58
-3.175294874094799683e-58
-2.128463806180004073e-58
-1.426751956543764282e-58
-9.563804371918491170e-59
-6.410809786860214347e-59
-4.297294311453841937e-59
-2.880562520682495630e-59
-1.930898801472416786e-59
-1.294320173493143726e-59
-8.676087582807758824e-60
-5.815755427916902409e-60
-3.898417446173365466e-60
-2.613187361985054966e-60
-1.751671872785562954e-60
-1.174180770404946324e-60
-7.870769080720016259e-61
-5.275934292524247200e-61
-3.536564517845841124e-61
-2.370630090410419370e-61
-1.589080871337375159e-61
-1.065192762829216995e-61
-7.140200618165268223e-62
-4.786219607072215205e-62
-3.208298947349308985e-62
-2.150587098083269332e-62
-1.441581642590820943e-62
-9.663210730256335508e-63
-6.477443861557473643e-63
-4.341960467472450438e-63
-2.910503140441042720e-63
-1.950968599087301354e-63
-1.307773361154316004e-63
-8.766266996531389708e-64
-5.876204496675592506e-64
-3.938937668726392480e-64
-2.640348879432173776e-64
-1.769878782411163491e-64
-1.186385226903345633e-64
-7.952577999138485039e-65
-5.330772450484491359e-65
-3.573323634414261726e-65
-2.395270463120860239e-65
-1.605597807106973096e-65
-1.076264395974661676e-65
-7.214415994562505679e-66
-4.835967661595363923e-66
-3.241646065547540731e-66
-2.172940339889064198e-66
-1.456565468667126922e-66
-9.763650320108654051e-67
-6.544770532051081069e-67
-4.387090884337275593e-67
-2.940754963551479463e-67
-1.971247002547351361e-67
-1.321366381495148950e-67
-8.857383736737694875e-68
-5.937281874165468481e-68
-3.979879059217141362e-68
-2.667792714190695976e-68
-1.788274934989840338e-68
-1.198716536746762726e-68
-8.035237240957904505e-69
-5.386180597266154431e-69
-3.610464825915695534e-69
-2.420166948317851565e-69
-1.622286420210345754e-69
-1.087451107878416149e-69
-7.289402766945628008e-70
-4.886232798311282019e-70
-3.275339794304850505e-70
-2.195525921700776363e-70
-1.471705036906936990e-70
-9.865133880903346958e-71
-6.612796997194839541e-71
-4.432690387583956544e-71
-2.971321224666997165e-71
-1.991736180105498869e-71
-1.335100687939158693e-71
-8.949447546015855050e-72
-5.998994091038853763e-72
-4.021245995272669315e-72
-2.695521800671867104e-72
-1.806862297516424944e-72
-1.211176018451264102e-72
-8.118755644455090644e-73
-5.442164657343212029e-73
-3.647992063643913637e-73
-2.445322208039421364e-73
-1.639148495064946676e-73
-1.098754094671177925e-73
-7.365168953218268670e-74
-4.937020391781642727e-74
-3.309383736297942529e-74
-2.218346258464819790e-74
-1.487001966097118028e-74
-9.967672263693004269e-75
-6.681530530667013120e-75
-4.478763852905215361e-75
-3.002205192062164215e-75
-2.012438322551534250e-75
-1.348977749016621301e-75
-9.042468268218953232e-76
-6.061347745828301225e-76
-4.063042900021622486e-76
-2.723539103787255751e-76
-1.825642857430526605e-76
-1.223765004237494568e-76
-8.203142139772770373e-77
-5.498730616769344181e-77
-3.685909360170385979e-77
-2.470738931992592582e-77
-1.656185834635358681e-77
-1.110174564916340942e-77
-7.441722654623133928e-78
-4.988335872431409286e-78
-3.343781531649434216e-78
-2.241403790228420675e-78
-1.502457891850362765e-78
-1.007127643231739095e-78
-6.750978481748603240e-79
-4.525316206671308733e-79
-3.033410167981804923e-79
-2.033355643446528413e-79
-1.362999048521896124e-79
-9.136455849517248447e-80
-6.124349505650953163e-80
-4.105274242566384285e-80
-2.751847619266007662e-80
-1.844618622829443959e-80
-1.236484840173223544e-80
-8.288405749872806498e-81
-5.555884523816923788e-81
-3.724220769773634672e-81
-2.496419837841532499e-81
-1.673400260626209666e-81
-1.121713739739005255e-81
-7.519072056606762472e-82
-5.040184727129905340e-82
-3.378536858317825695e-82
-2.264700982400696211e-82
-1.518074466779783400e-82
-1.017595746457376176e-82
-6.821148276109751541e-83
-4.572352426457785060e-83
-3.064939488994331787e-83
-2.054490379359117649e-83
-1.377166085671813330e-83
-9.231420339462458349e-84
-6.188006106922777011e-84
-4.147944538461269685e-84
-2.780450373974620846e-84
-1.863791622682520797e-84
-1.249336886317378958e-84
-8.374555591502829975e-85
-5.613632489624165657e-85
-3.762930388872009529e-85
-2.522367671497649158e-85
-1.690793613677102931e-85
-1.133372852956794205e-85
-7.597225429695377550e-86
-5.092572499776505678e-86
-3.413653432490095626e-86
-2.288240326016466226e-86
-1.533853360675955106e-86
-1.028172655340220449e-86
-6.892047416602382161e-87
-4.619877541576822383e-87
-3.096796526348773783e-87
-2.075844790105106565e-87
-1.391480375266088885e-87
-9.327371892060481062e-88
-6.252324356077651372e-88
-4.191058350195696510e-88
-2.809350426241214127e-88
-1.883163907048242566e-88
-1.262322516865225435e-88
-8.461600876169411434e-89
-5.671980688849052872e-89
-3.802042356462532321e-89
-2.548585207413401116e-89
-1.708367753559090488e-89
-1.145153151211557409e-89
-7.676191130379841038e-90
-5.145504791894552024e-90
-3.449135008979339056e-90
-2.312024338002152475e-90
-1.549796260685156714e-90
-1.038859500808329812e-90
-6.963683484063970262e-91
-4.667896633615354733e-91
-3.128984686334632974e-91
-2.097421158988689290e-91
-1.405943447849414145e-91
-9.424320766859193631e-92
-6.317311130295649686e-92
-4.234620287681213060e-92
-2.838550866181987166e-92
-1.902737547293602728e-92
-1.275443120295580033e-92
-8.549550911123675518e-93
-5.730935360328431887e-93
-3.841560854562714743e-93
-2.575075248879174552e-93
-1.726124559373913647e-93
-1.157055894102763048e-93
-7.755977602007674314e-94
-5.198987263229290217e-94
-3.484985381626540171e-94
-2.336055561445419200e-94
-1.565904871489895357e-94
-1.049657425544532699e-94
-7.036064138126777225e-95
-4.716414836978825367e-95
-3.161507410646800901e-95
-2.119221793046766164e-95
-1.420556849874830346e-95
-9.522277330043606349e-96
-6.382973378238918691e-96
-4.278635008745347034e-96
-2.868054816031862874e-96
-1.922514636315204492e-96
-1.288700099519027389e-96
-8.638415100357226247e-97
-5.790502807746383968e-97
-3.881490108658032934e-97
-2.601840628322516644e-97
-1.744065929754585502e-97
-1.169082354322277237e-97
-7.836593375687579409e-98
-5.253025632353454538e-98
-3.521208383705540791e-98
-2.360336565866631130e-98
-1.582180915491313815e-98
-1.060567584108841424e-98
-7.109197118037412572e-99
-4.765437339439244984e-99
-3.194368176752942312e-99
-2.141249023295801163e-99
-1.435322143869401143e-99
-9.621252055545040351e-100
-6.449318120793403422e-100
-4.323107219628815066e-100
-2.897865430478575836e-100
-1.942497288763475306e-100
-1.302094872028030139e-100
-8.728202945605940166e-101
-5.850689400307108785e-101
-3.921834388154065754e-101
-2.628884207611571353e-101
-1.762193783068544015e-101
-1.181233817790217001e-101
-7.918047071200101629e-102
-5.307625677279181402e-102
-3.557807888333701703e-102
-2.384869947493794143e-102
-1.598626132993043553e-102
-1.071591143061697439e-102
-7.183090243484962844e-103
-4.814969382690963962e-103
-3.227570498265582739e-103
-2.163505204980644501e-103
-1.450240908601003860e-103
-9.721255526161867203e-104
-6.516352451820998943e-104
-4.368041675489077536e-104
-2.927985896999412880e-104
-1.962687641268393773e-104
-1.315628870048602380e-104
-8.818924047367903777e-105
-5.911501573416425866e-105
-3.962598006832230431e-105
-2.656208878360573838e-105
-1.780510057622923192e-105
-1.193511583792709968e-105
-8.000347397919935574e-106
-5.362793236074767937e-106
-3.594787808885335365e-106
-2.409658329540359162e-106
-1.615242282387645957e-106
-1.082729281088791778e-106
-7.257751415435695321e-107
-4.865016262910192370e-107
-3.261117925318074927e-107
-2.185992717826848085e-107
-1.465314739247257019e-107
-9.822298434689164509e-108
-6.584083538916777782e-108
-4.413443180909164275e-108
-2.958419436202692577e-108
-1.983087852668107752e-108
-1.329303540693195685e-108
-8.910588105928215043e-109
-5.972945829370386309e-109
-4.003785323311914352e-109
-2.683817562239244176e-109
-1.799016711871457326e-109
-1.205916965120587275e-109
-8.083503155747859112e-110
-5.418534207490108788e-110
-3.632152099410435507e-110
-2.434704362485233318e-110
-1.632031140344310427e-110
-1.093983189127188772e-110
-7.333188616979485525e-111
-4.915583331321687460e-111
-3.295014044943556052e-111
-2.208713966294692556e-111
-1.480545247566209322e-111
-9.924391585064227915e-112
-6.652518624176114855e-112
-4.459316590410529806e-112
-2.989169302171544163e-112
-2.003700104239880935e-112
-1.343120346115722814e-112
-9.003204922397156717e-113
-6.035028738049350227e-113
-4.045400741515738397e-113
-2.711713211285346833e-113
-1.817715724624286001e-113
-1.218451288209884613e-113
-8.167523236050060072e-114
-5.474854551586355030e-114
-3.669904755057669330e-114
-2.460010724356724674e-114
-1.648994501999003333e-114
-1.105354070492450372e-114
-7.409409914181975108e-115
-4.966675994771214619e-115
-3.329262481459220696e-115
-2.231671379836522437e-115
-1.495934062068385141e-115
-1.002754589351983760e-115
-6.721665024968474205e-116
-4.505666808973116339e-116
-3.020238782812180364e-116
-2.024526599933214688e-116
-1.357080763667639587e-116
-9.096784399757417231e-117
-6.097756937621815901e-117
-4.087448711140887486e-117
-2.739898808220180840e-117
-1.836609095259186769e-117
-1.231115893283569755e-117
-8.252416622610686085e-118
-5.531760290373795248e-118
-3.708049812501357323e-118
-2.485580121018410171e-118
-1.666134181146273950e-118
-1.116843141007547792e-118
-7.486423456947844238e-119
-5.018299716303398311e-119
-3.363866896853205865e-119
-2.254867413156327174e-119
-1.511482828191246537e-119
-1.013177238975257497e-119
-6.791530134721334543e-120
-4.552498792558939784e-120
-3.051631200205196813e-120
-2.045569566605387402e-120
-1.371186286056057238e-120
-9.191336543925021508e-121
-6.161137135253014752e-121
-4.129933728134546781e-121
-2.768377366767351834e-121
-1.855698843935555362e-121
-1.243912134495121767e-121
-8.338192392590791398e-122
-5.589257508455286678e-122
-3.746591350372875775e-122
-2.511415286458731286e-122
-1.683452010433567612e-122
-1.128451629132644060e-122
-7.564237479891603803e-123
-5.070460015745564147e-123
-3.398830991176511704e-123
-2.278304546472719004e-123
-1.527193208474834024e-123
-1.023708221810131658e-123
-6.862121423708454962e-124
-4.599817548642502964e-124
-3.083349910961478648e-124
-2.066831254259729491e-124
-1.385438421503232994e-124
-9.286871464816117433e-125
-6.225176107822745027e-125
-4.172860335175562729e-125
-2.797151931975239957e-125
-1.874987011810256305e-125
-1.256841380072905399e-125
-8.424859717499854477e-126
-5.647352353678112992e-126
-3.785533489697075066e-126
-2.537518983083111255e-126
-1.700949841556618310e-126
-1.140180776096571685e-126
-7.642860303219786744e-127
-5.123162470298365209e-127
-3.434158502938342587e-127
-2.301985285783364497e-127
-1.543066882739704059e-127
-1.034348663874113582e-127
-6.933446439850136421e-128
-4.647628136745824200e-128
-3.115398306580064284e-128
-2.088313936286148678e-128
-1.399838693908150497e-128
-9.383399377430019690e-129
-6.289880702649465653e-129
-4.216233122158765506e-129
-2.826225580542514762e-129
-1.894475661256295421e-129
-1.269905012466747164e-129
-8.512427864175700162e-130
-5.706051037789442459e-130
-3.824880394332813900e-130
-2.563894002009898639e-130
-1.718629545457813671e-130
-1.152031836029452353e-130
-7.722300333618019727e-131
-5.176412715131982097e-131
-3.469853209506620165e-131
-2.325912163133441517e-131
-1.559105548266408834e-131
-1.045099702888383550e-131
-7.005512809519901775e-132
-4.695935668980481267e-132
-3.147779813811468116e-132
-2.110019909704087261e-132
-1.414388643008991494e-132
-9.480930602940942086e-133
-6.355257838223857186e-133
-4.260056726686669911e-133
-2.855601421146946232e-133
-1.914166876082701497e-133
-1.283104428495681548e-133
-8.600906195777285261e-134
-5.765359837101776487e-134
-3.864636271417957064e-134
-2.590543163367945048e-134
-1.736493012526151207e-134
-1.164006076097055721e-134
-7.802566065151601339e-135
-5.230216443988360249e-135
-3.505918927510714659e-135
-2.350087736886255133e-135
-1.575310919977332215e-135
-1.055962488399674448e-135
-7.078328238359539502e-136
-4.744745310592639904e-136
-3.180497895023914547e-136
-2.131951495408611191e-136
-1.429089824548082957e-136
-9.579475569801019732e-137
-6.421314504946447669e-137
-4.304335834565119144e-137
-2.885282594778444114e-137
-1.934062761757759519e-137
-1.296441039497232854e-137
-8.690304172782969204e-138
-5.825285093163720183e-138
-3.904805371820095513e-138
-2.617469316598717292e-138
-1.754542152799265809e-138
-1.176104776635900230e-138
-7.883666080173298343e-139
-5.284579409791193972e-139
-3.542359513250305168e-139
-2.374514591996648182e-139
-1.591684730619526769e-139
-1.066938181903129548e-139
-7.151900512104625952e-140
-4.794062280516395015e-140
-3.213556048573361849e-140
-2.154111038417852300e-140
-1.443943810438166434e-140
-9.679044814857550618e-141
-6.488057765876477214e-141
-4.349075180304058740e-141
-2.915272275073939050e-141
-1.954165445634030094e-141
-1.309916271478614012e-141
-8.780631354003974276e-142
-5.885833213437721776e-142
-3.945391990589758108e-142
-2.644675340760829462e-142
-1.772778896168058776e-142
-1.188329231290409972e-142
-7.965609050240562964e-143
-5.339507425259280469e-143
-3.579178863107520214e-143
-2.399195340287938185e-143
-1.608228730950338657e-143
-1.078027956966431961e-143
-7.226237497414613855e-144
-4.843891851931536261e-144
-3.246957809178294778e-144
-2.176500908124222898e-144
-1.458952188930390136e-144
-9.779648984476380222e-145
-6.555494757486749336e-145
-4.394279547624760210e-145
-2.945573668657364418e-145
-1.974477077175704246e-145
-1.323531565268762569e-145
-8.871897397605987874e-146
-5.947010671986511354e-146
-3.986400467420527259e-146
-2.672164144837731048e-146
-1.791205192582453341e-146
-1.200680747151173478e-146
-8.048403737044529198e-147
-5.395006363529223485e-147
-3.616380913963352210e-147
-2.424132620730376775e-147
-1.624944689924518072e-147
-1.089232999355533456e-147
-7.301347142715552251e-148
-4.894239352827105568e-148
-3.280706748296577154e-148
-2.199123498547644378e-148
-1.474116564784462997e-148
-9.881298835682420244e-149
-6.623632690426323088e-149
-4.439953769969839966e-149
-2.976190015482361245e-149
-1.994999828188878008e-149
-1.337288376672691496e-149
-8.964112062141335107e-150
-6.008824010163344945e-150
-4.027835187112840045e-150
-2.699938668049354988e-150
-1.809823012260287167e-150
-1.213160644894633644e-150
-8.132058993344152824e-151
-5.451082158783110097e-151
-3.653969643619422205e-151
-2.449329099723855390e-151
-1.641834394883269720e-151
-1.100554507161074416e-151
-7.377237479049584927e-152
-4.945110166572192534e-152
-3.314806474508055623e-152
-2.221981228591399069e-152
-1.489438559439747043e-152
-9.984005237309300469e-153
-6.692478850293006488e-153
-4.486102731021052979e-153
-3.007124589178536770e-153
-2.015735893053105186e-153
-1.351188176627078690e-153
-9.057285207594439913e-154
-6.071279837312758192e-154
-4.069700580042598268e-154
-2.728001880165484299e-154
-1.828634345897879630e-154
-1.225770258924575952e-154
-8.216583763914579893e-155
-5.507740806882719951e-155
-3.691949071222077579e-155
-2.474787471382875033e-155
-1.658899651745735615e-155
-1.111993690926732717e-155
-7.453916620933226668e-156
-4.996509732489890101e-156
-3.349260633900219813e-156
-2.245076542301273366e-156
-1.504919811188957519e-156
-1.008777917116093211e-156
-6.762040598410112364e-157
-4.532731365221231819e-157
-3.038380697402178537e-157
-2.036687488956472579e-157
-1.365232451357466797e-157
-9.151426796433064811e-158
-6.134384831476934866e-158
-4.112001122635806606e-158
-2.756356781823897213e-158
-1.847641204882778113e-158
-1.238510937514396218e-158
-8.301987086503116605e-159
-5.564988366011861688e-159
-3.730323257692953517e-159
-2.500510457824471161e-159
-1.676142285201535375e-159
-1.123551773778600307e-159
-7.531392767226698242e-160
-5.048443546439995788e-160
-3.384072910457869471e-160
-2.268411909126130372e-160
-1.520561975353254608e-160
-1.019263173318801431e-160
-6.832325372615063190e-161
-4.579844658301639122e-161
-3.069961682188901352e-161
-2.057856856132559977e-161
-1.379422702537486651e-161
-9.246546894675549566e-162
-6.198145740109400074e-162
-4.154741337845829697e-162
-2.785006404851053301e-162
-1.866845621509244692e-162
-1.251384042951537089e-162
-8.388278092795101480e-163
-5.622830957322284229e-163
-3.769096306162977195e-163
-2.526500809459838753e-163
-1.693564138906237741e-163
-1.135229991555898279e-163
-7.609674202008054211e-164
-5.100917161406371834e-164
-3.419247026457785360e-164
-2.291989824182457412e-164
-1.536366724459149429e-164
-1.029857413467104667e-164
-6.903340688054298068e-165
-4.627447647816100736e-165
-3.101870920311670358e-165
-2.079246258099858679e-165
-1.393760447448959628e-165
-9.342655672966612699e-166
-6.262569380797892568e-166
-4.197925795637923953e-166
-2.813953812586114511e-166
-1.886249649194929793e-166
-1.264390951683082823e-166
-8.475466009392208979e-167
-5.681274765589411071e-167
-3.808272362410879528e-167
-2.552761305287571963e-167
-1.711167075678403047e-167
-1.147029592943378013e-167
-7.688769295460632780e-168
-5.153936188090405879e-168
-3.454786742865586342e-168
-2.315812808521028922e-168
-1.552335748417686358e-168
-1.040561770342135744e-168
-6.975094137986429754e-169
-4.675545423678087487e-169
-3.134111823641689246e-169
-2.100857981904267326e-169
-1.408247219144440701e-169
-9.439763407664303221e-170
-6.327662641991223815e-170
-4.241559113477647920e-170
-2.843202100209125817e-170
-1.905855362700850832e-170
-1.277533054462860708e-170
-8.563560158796151154e-171
-5.740326039873333161e-171
-3.847855615307340454e-171
-2.579294753191368370e-171
-1.728952977698662076e-171
-1.158951839604449070e-171
-7.768686504767607751e-172
-5.207506295512095414e-172
-3.490695859738628753e-172
-2.339883409396333131e-172
-1.568470754704614536e-172
-1.051377388499175071e-172
-7.047593394595730825e-173
-4.724143128705986084e-173
-3.166687839513037231e-173
-2.122694338362926827e-173
-1.422884566611060143e-173
-9.537880481940940283e-174
-6.393432483737221924e-174
-4.285645956824339613e-174
-2.872754395071008636e-174
-1.925664858353127506e-174
-1.290811756500437063e-174
-8.652569960407371190e-175
-5.799991094186660997e-175
-3.887850297261588572e-175
-2.606103990240121711e-175
-1.746923746711361963e-175
-1.170998006316338192e-175
-7.849434375015829003e-176
-5.261633211614459940e-176
-3.526978216632134068e-176
-2.364204200539467942e-176
-1.584773468543304073e-176
-1.062305424389971111e-176
-7.120846209810109521e-177
-4.773245959172728710e-177
-3.199602451091983748e-177
-2.144757662311771857e-177
-1.437674054936068021e-177
-9.637017386890111683e-178
-6.459885938426583330e-178
-4.330191039630938574e-178
-2.902613857028589472e-178
-1.945680254267022452e-178
-1.304228477610934520e-178
-8.742504931531732467e-179
-5.860276308170954185e-179
-3.928260684674810116e-179
-2.633191882991120921e-179
-1.765081304227319802e-179
-1.183169381106330267e-179
-7.931021540111271424e-180
-5.316322723877155379e-180
-3.563637693009528242e-180
-2.388777782432540777e-180
-1.601245633089129660e-180
-1.073347046486635068e-180
-7.194860416131549870e-181
-4.822859165361135079e-181
-3.232859177748354493e-181
-2.167050312855065449e-181
-1.452617265474504440e-181
-9.737184722650565295e-182
-6.527030111544427614e-182
-4.375199124846564203e-182
-2.932783678782304269e-182
-1.965903690573858629e-182
-1.317784652367132113e-182
-8.833374688397648269e-183
-5.921188127776896334e-183
-3.969091098397180914e-183
-2.660561327797153616e-183
-1.783427591729670272e-183
-1.195467265389421034e-183
-8.013456723699547363e-184
-5.371580679935006279e-184
-3.600678208658061245e-184
-2.413606782587249811e-184
-1.617889009615761257e-184
-1.084503435406216759e-184
-7.269643927473206490e-185
-4.872988052126379748e-185
-3.266461575432548808e-185
-2.189574673617518530e-185
-1.467715796017798375e-185
-9.838393199539079170e-186
-6.594872182431531860e-186
-4.420675024926761668e-186
-2.963267086217406716e-186
-1.986337329649191864e-186
-1.331481730252785416e-186
-8.925188947186293471e-187
-5.982733065954830973e-187
-4.010345904189647753e-187
-2.688215251115303058e-187
-1.801964570881358617e-187
-1.207892974107742258e-187
-8.096748740100453312e-188
-5.427412988202955225e-188
-3.638103724106714721e-188
-2.438693855825699370e-188
-1.634705377703857404e-188
-1.095775784037181759e-188
-7.345204740005174752e-189
-4.923637979461575895e-189
-3.300413237055580831e-189
-2.212333152999655099e-189
-1.482971260964933450e-189
-9.940653639195103204e-190
-6.663419405049758511e-190
-4.466623602347828197e-190
-2.994067338749566899e-190
-2.006983356344459317e-190
-1.345321175817534214e-190
-9.017957525067502931e-191
-6.044917703350826177e-191
-4.052029513191638807e-191
-2.716156609820450136e-191
-1.820694223734787973e-191
-1.220447835870753396e-191
-8.180906495249983423e-192
-5.483825618509042387e-192
-3.675918241050483420e-192
-2.464041684564121951e-192
-1.651696535430793987e-192
-1.107165297666900944e-192
-7.421550933011140239e-193
-4.974814363071982463e-193
-3.334717792873057191e-193
-2.235328184434584319e-193
-1.498385291494986369e-193
-1.004397697574009754e-193
-6.732679108759157123e-194
-4.513049770126470782e-194
-3.025187729672376462e-194
-2.027843978220484704e-194
-1.359304468833802749e-194
-9.111690341251456273e-195
-6.107748689009958800e-195
-4.094146382391363730e-195
-2.744388391521287448e-195
-1.839618552944160885e-195
-1.233133193097574006e-195
-8.265938987652125881e-196
-5.540824602730884572e-196
-3.714125802778053891e-196
-2.489652979100255715e-196
-1.668864299563287848e-196
-1.118673194110459877e-196
-7.498690669749762507e-197
-5.026522674953793106e-197
-3.369378910874096753e-197
-2.258562226648688313e-197
-1.513959535741453023e-197
-1.014837425694329101e-197
-6.802658699101277567e-198
-4.559958492346155415e-198
-3.056631586510148074e-198
-2.048921425783402179e-198
-1.373433104454568976e-198
-9.206397418048786909e-199
-6.171232741088642629e-199
-4.136701015103277898e-199
-2.772913614879610163e-199
-1.858739581978993517e-199
-1.245950402160452356e-199
-8.351855309342891118e-200
-5.598416035441853574e-200
-3.752730494603916613e-200
-2.515530477902301768e-200
-1.686210505751563031e-200
-1.130300703841127644e-200
-7.576632198329174427e-201
-5.078768443978945981e-201
-3.404400297172396709e-201
-2.282037763924397192e-201
-1.529695658968817134e-201
-1.025385664540518494e-201
-6.873365658590613729e-202
-4.607354784686347137e-202
-3.088402271373545652e-202
-2.070217952723617715e-202
-1.387708593373533862e-202
-9.302088881941677816e-203
-6.235376647570894605e-203
-4.179697961449367869e-203
-2.801735329933712607e-203
-1.878059355340885714e-203
-1.258900833529722803e-203
-8.438664646859677471e-204
-5.656606074562429130e-204
-3.791736444306034803e-204
-2.541676947902290401e-204
-1.703737008725528275e-204
-1.142049070121544479e-204
-7.655383852588502578e-205
-5.131557256487439912e-205
-3.439785696403257591e-205
-2.305757306365686554e-205
-1.545595343750093580e-205
-1.036043541975056019e-205
-6.944807547516227665e-206
-4.655243714959839205e-206
-3.120503181318893373e-206
-2.091735836156086673e-206
-1.402132461986576688e-206
-9.398774964668741377e-207
-6.300187266995509267e-207
-4.223141818845434010e-207
-2.830856618423569061e-207
-1.897579938782024171e-207
-1.271985871920628759e-207
-8.526376282225380044e-208
-5.715400942018305036e-208
-3.831147822565933604e-208
-2.568095184791794250e-208
-1.721445682493480284e-208
-1.153919549136908591e-208
-7.734954052988502223e-209
-5.184894756882926633e-209
-3.475538892123786790e-209
-2.329723390166992027e-209
-1.561660290147079164e-209
-1.046812197583384327e-209
-7.016992004747787979e-210
-4.703630403654357422e-210
-3.152937748712114331e-210
-2.113477376864257430e-210
-1.416706252554882839e-210
-9.496466004315886423e-211
-6.365671529189053817e-211
-4.267037232493619394e-211
-2.860280594120974811e-211
-1.917303419525952428e-211
-1.285206916440954144e-211
-8.614999593940418958e-212
-5.774806924406959394e-212
-3.870968843415489380e-212
-2.594788013320708157e-212
-1.739338420541901450e-212
-1.165913410129230112e-212
-7.815351307513680652e-213
-5.238786648237383043e-213
-3.511663707217255443e-213
-2.353938577883607873e-213
-1.577892215892043348e-213
-1.057692782795995321e-213
-7.089926748553911884e-214
-4.752520024479806580e-214
-3.185709441594673788e-214
-2.135444899545961412e-214
-1.431431523370170987e-214
-9.595172446423800330e-215
-6.431836436006480055e-215
-4.311388895877664295e-215
-2.890010403162325820e-215
-1.937231906491180430e-215
-1.298565380740907068e-215
-8.704544057985025933e-216
-5.834830373667904652e-216
-3.911203764687305867e-216
-2.621758287599870918e-216
-1.757417136038304515e-216
-1.178031935532977526e-216
-7.896584212579367204e-217
-5.293238692900624072e-217
-3.548164004302652681e-217
-2.378405458706206644e-217
-1.594292856571305671e-217
-1.068686461011192878e-217
-7.163619577427035121e-218
-4.801917804922533214e-218
-3.218821764055101550e-218
-2.157640753061860106e-218
-1.446309848920830132e-218
-9.694904845104316758e-219
-6.498689062081244689e-219
-4.356201551265705408e-219
-2.920049224384851095e-219
-1.957367530516030695e-219
-1.312062693164201042e-219
-8.795019248834423080e-220
-5.895477707763157518e-220
-3.951856888469750114e-220
-2.649008891405361751e-220
-1.775683762035700009e-220
-1.190276421112467159e-220
-7.978661453952630404e-221
-5.348256713116125987e-221
-3.585043686146499869e-221
-2.403126648737554978e-221
-1.610863965811174211e-221
-1.079794407719723391e-221
-7.238078370916861596e-222
-4.851829026802666408e-222
-3.252278256603488165e-222
-2.180067310687084712e-222
-1.461342820060592182e-222
-9.795673864168335538e-223
-6.566236555579577159e-223
-4.401479990217099347e-223
-2.950400269667338829e-223
-1.977712444586793452e-223
-1.325700296900706019e-223
-8.886434840479622094e-224
-5.956755411363144466e-224
-3.992932561568078085e-224
-2.676542738487273453e-224
-1.794140251679186112e-224
-1.202648176100012865e-224
-8.061591807680565919e-225
-5.403846591645091760e-225
-3.622306696080740872e-225
-2.428104791272101977e-225
-1.627607315464908812e-225
-1.091017810630405864e-225
-7.313311090474927151e-226
-4.902259026839658232e-226
-3.286082496549862937e-226
-2.202726970364262517e-226
-1.476532044178550223e-226
-9.897490278268850090e-227
-6.634486138965864796e-227
-4.447229054094509646e-227
-2.981066784271732909e-227
-1.998268824068388487e-227
-1.339479650141135379e-227
-8.978800607463262522e-228
-6.018670036539736724e-228
-4.034435175966730857e-228
-2.704362772881883539e-228
-1.812788578415294546e-228
-1.215148523336110782e-228
-8.145384141028193694e-229
-5.460014272392108596e-229
-3.659957018425209960e-229
-2.453342557079303593e-229
-1.644524695802442292e-229
-1.102357869797063812e-229
-7.389325780301338875e-230
-4.953213197224042905e-230
-3.320238098387631591e-230
-2.225622154960278199e-230
-1.491879145370946505e-230
-1.000036497404685711e-230
-6.703445109776436300e-231
-4.493453634582824717e-231
-3.012052047192295503e-231
-2.019038866935727071e-231
-1.353402226232132259e-231
-9.072126425926803510e-232
-6.081228203468532749e-232
-4.076369169301884383e-232
-2.732471969224762001e-232
-1.831630736201877886e-232
-1.227778799411162785e-232
-8.230047413428913127e-233
-5.516765761044661049e-233
-3.697998678911379938e-233
-2.478842644687665826e-233
-1.661617915702179757e-233
-1.113815797747153485e-233
-7.466130568210264200e-234
-5.004696986190911913e-234
-3.354748714177993511e-234
-2.248755312525845545e-234
-1.507385764615247669e-234
-1.010430895130268181e-234
-6.773120841395689561e-235
-4.540158674209410111e-235
-3.043359371505227673e-235
-2.040024794010425136e-235
-1.367469513834789389e-235
-9.166422274660901184e-236
-6.144436601132945146e-236
-4.118739025334595864e-236
-2.760873333071133521e-236
-1.850668739722642784e-236
-1.240540354807628569e-236
-8.315590677437367281e-237
-5.574107125713476140e-237
-3.736435745115928243e-237
-2.504607780675089172e-237
-1.678888802843384489e-237
-1.125392819610722353e-237
-7.543733666496544519e-238
-5.056715898606680067e-238
-3.389618033942871017e-238
-2.272128916555870148e-238
-1.523053559944672781e-238
-1.020933332416880464e-238
-6.843520783850176413e-239
-4.587349166875886951e-239
-3.074992104721866145e-239
-2.061228849196435350e-239
-1.381683017083373890e-239
-9.261698236180091756e-240
-6.208301988043874414e-240
-4.161549274428815219e-240
-2.789569901214768008e-240
-1.869904624601959709e-240
-1.253434554045469124e-240
-8.402023079703433213e-241
-5.632044497579437527e-241
-3.775272326892303769e-241
-2.530640719959581399e-241
-1.696339203903008614e-241
-1.137090173252221151e-241
-7.622143372811193048e-242
-5.109275496553158020e-242
-3.424849786058354685e-242
-2.295745466255837588e-242
-1.538884206626583305e-242
-1.031544932229472910e-242
-6.914652464599065749e-243
-4.635030158390597580e-243
-3.106953629149032514e-243
-2.082653299721586402e-243
-1.396044255745681921e-243
-9.357964497792565346e-244
-6.272831192960332718e-244
-4.204804494039060546e-244
-2.818564742014869609e-244
-1.889340447621880203e-244
-1.266462775826922895e-244
-8.489353861947458462e-245
-5.690584071553581776e-245
-3.814512576813125140e-245
-2.556944246092957797e-245
-1.713970984751633163e-245
-1.148909109402491120e-245
-7.701368071054607439e-246
-5.162381399926256666e-246
-3.460447737652175004e-246
-2.319607486806982911e-246
-1.554879397341105562e-246
-1.042266829205580702e-246
-6.986523489344410914e-247
-4.683206747006527782e-247
-3.139247362247903334e-247
-2.104300436379321656e-247
-1.410554765386634811e-247
-9.455231352696735109e-248
-6.338031115617439395e-248
-4.248509309196092624e-248
-2.847860955723231936e-248
-1.908978286943540026e-248
-1.279626413184913235e-248
-8.577592361945504028e-249
-5.749732106934389580e-249
-3.854160690612940671e-249
-2.583521171560476562e-249
-1.731786030654309759e-249
-1.160850891792100531e-249
-7.781416232266115284e-250
-5.216039287035211685e-250
-3.496415695009225603e-250
-2.343717529638102664e-250
-1.571040842361583778e-250
-1.053100169775710290e-250
-7.059141542842097175e-251
-4.731884083970116224e-251
-3.171876757001868569e-251
-2.126172573772915046e-251
-1.425216097531206405e-251
-9.553509201078743109e-252
-6.403908727469152379e-252
-4.292668393004763846e-252
-2.877461674814752373e-252
-1.928820242327656363e-252
-1.292926873631576892e-252
-8.666748014534537091e-253
-5.809494928081548358e-253
-3.894220907635524323e-253
-2.610374338079253072e-253
-1.749786246471576246e-253
-1.172916797287382166e-253
-7.862296415535811064e-254
-5.270254895207926298e-254
-3.532757503975410987e-254
-2.368078172697601693e-254
-1.587370269738684880e-254
-1.064046112286743741e-254
-7.132514389721092301e-255
-4.781067374067811080e-255
-3.204845302284702002e-255
-2.148272050564632181e-255
-1.440029819831430594e-255
-9.652808551221197196e-256
-6.470471072427953211e-256
-4.337286467142276669e-256
-2.907370064324632482e-256
-1.948868435360550152e-256
-1.306365579308317926e-256
-8.756830352613462620e-257
-5.869878925090272628e-257
-3.934697511290230087e-257
-2.637506616904142231e-257
-1.767973556862528228e-257
-1.185108116025909807e-257
-7.944017268917157716e-258
-5.325034021408583576e-258
-3.569477050371622656e-258
-2.392692020728318316e-258
-1.603869425483749739e-258
-1.075105827125445839e-258
-7.206649875319293919e-259
-4.830761876186323592e-259
-3.238156523232501092e-259
-2.170601229723865195e-259
-1.454997516233549743e-259
-9.753140020634360723e-260
-6.537725267623067198e-260
-4.382368302361555327e-260
-2.937589322184191061e-260
-1.969125009680354108e-260
-1.319943967138893874e-260
-8.847849008169272346e-261
-5.930890554472547079e-261
-3.975594829506466354e-261
-2.664920909133884748e-261
-1.786349906492003870e-261
-1.197426151555371232e-261
-8.026587530348931402e-262
-5.380382522852705118e-262
-3.606578260408056743e-262
-2.417561705547919373e-262
-1.620540073756732718e-262
-1.086280496843235924e-262
-7.281555926515915720e-263
-4.880972903873342002e-263
-3.271813981623161359e-263
-2.193162498781486115e-263
-1.470120787146877046e-263
-9.854514337182674113e-264
-6.605678504159307136e-264
-4.427918719004800374e-264
-2.968122679565097131e-264
-1.989592131205546094e-264
-1.333663488981877597e-264
-8.939813713304039657e-265
-5.992536339852139052e-265
-4.016917235199561573e-265
-2.692620146020384570e-265
-1.804917260236914993e-265
-1.209872220972556331e-265
-8.110016028595835489e-266
-5.436306317637639034e-266
-3.644065101102781515e-266
-2.442689886328138865e-266
-1.637383997054305986e-266
-1.097571316283486255e-266
-7.357240552584768992e-267
-4.931705825904006362e-267
-3.305821276254279380e-267
-2.215958270084414797e-267
-1.485401249616074521e-267
-9.956942340239525503e-268
-6.674338047883715876e-268
-4.473942587514932821e-268
-2.998973401223885279e-268
-2.010271988368098160e-268
-1.347525611786937318e-268
-9.032734301272433508e-269
-6.054822872656772900e-269
-4.058669146737022592e-269
-2.720607289284251310e-269
-1.823677603397749482e-269
-1.222447655063771619e-269
-8.194311684185254177e-270
-5.492811385373560933e-270
-3.681941580708772899e-270
-2.468079249881014828e-270
-1.654402996399885602e-270
-1.108979492708296096e-270
-7.433711846048218370e-271
-4.982966066858832220e-271
-3.340182043330537087e-271
-2.238990981052792273e-271
-1.500840537492723043e-271
-1.006043498184298588e-271
-6.743711240167700750e-272
-4.520444828959859755e-272
-3.030144785850009330e-272
-2.031166792345677157e-272
-1.361531817751247023e-272
-9.126620707540243888e-273
-6.117756812827637361e-273
-4.100855028409561400e-273
-2.748885331429042692e-273
-1.842632941910251446e-273
-1.235153798448093292e-273
-8.279483510367454101e-274
-5.549903767820953963e-274
-3.720211749139194436e-274
-2.493732510945367863e-274
-1.671598891537507326e-274
-1.120506245928443642e-274
-7.510977983539928308e-275
-5.034759107699272266e-275
-3.374899956851407620e-275
-2.262263094442363818e-275
-1.516440301611195271e-275
-1.016500332786338255e-275
-6.813805498685964463e-276
-4.567430415557171948e-276
-3.061640166420931599e-276
-2.052278777299654728e-276
-1.375683604477501472e-276
-9.221482970838538347e-277
-6.181344889529494128e-277
-4.143479390911668114e-277
-2.777457296063379867e-277
-1.861785302559269292e-277
-1.247992009720034394e-277
-8.365540614076624353e-278
-5.607589569540980877e-278
-3.758879698403339320e-278
-2.519652412476213765e-278
-1.688973521124903233e-278
-1.132152808433446961e-278
-7.589047226685037340e-279
-5.087090486357692638e-279
-3.409978729002828473e-279
-2.285777098605778760e-279
-1.532202209964670402e-279
-1.027065855919449493e-279
-6.884628318214960641e-280
-4.614904371204222628e-280
-3.093462910555757992e-280
-2.073610200613325569e-280
-1.389982485135127345e-280
-9.317331234244261366e-281
-6.245593901868056321e-281
-4.186546791820198268e-281
-2.806326238223336895e-281
-1.881136733196932409e-281
-1.260963661595785375e-281
-8.452492196901742614e-282
-5.665874958543186291e-282
-3.797949563042931906e-282
-2.545841725940031947e-282
-1.706528742931418310e-282
-1.143920425522956008e-282
-7.667927922976733943e-283
-5.139965798327846217e-283
-3.445422110556810896e-283
-2.309535507760441238e-283
-1.548127947882957811e-283
-1.037741197293987556e-283
-6.956187271432009946e-284
-4.662871772018940028e-284
-3.125616420877734193e-284
-2.095163343132560555e-284
-1.404429988620833942e-284
-9.414175746261711834e-285
-6.310510719621892943e-285
-4.230061836084957659e-285
-2.835495244698134559e-285
-1.900689302959933103e-285
-1.274070141059578412e-285
-8.540347556077094900e-286
-5.724766166949437433e-286
-3.837425520572903834e-286
-2.572303251608824421e-286
-1.724266434036091239e-286
-1.155810355440806601e-286
-7.747628506674796355e-287
-5.193390697261399043e-287
-3.481233891269400591e-287
-2.333540862256585887e-287
-1.564219218213915338e-287
-1.048527498362888061e-287
-7.028490009722608960e-288
-4.711337746878397528e-288
-3.158104135377044209e-288
-2.116940509411331139e-288
-1.419027659723184336e-288
-9.512026861915119912e-289
-6.376102283971325560e-289
-4.274029176519700868e-289
-2.864967434362416842e-289
-1.920445102492247940e-289
-1.287312849511550977e-289
-8.629116085468724031e-290
-5.784269491658403151e-290
-3.877311791931093046e-290
-2.599039818861540739e-290
-1.742188491027767135e-290
-1.167823869508520355e-290
-7.828157499704877251e-291
-5.247370895576527803e-291
-3.517417900288611299e-291
-2.357795728848097228e-291
-1.580477741504126200e-291
-1.059425912443373187e-291
-7.101544264004072573e-292
-4.760307477970907095e-292
-3.190929527777329492e-292
-2.138944027956229007e-292
-1.433777059287307504e-292
-9.610895043863333972e-293
-6.442375608245581156e-293
-4.318453514298156538e-293
-2.894745958507174513e-293
-1.940406244168053783e-293
-1.300693202918601435e-293
-8.718807276585607902e-294
-5.844391295016864605e-294
-3.917612641926083197e-294
-2.626054286485754089e-294
-1.760296830209258640e-294
-1.179962252262153063e-294
-7.909523512567009909e-295
-5.301912165064010056e-295
-3.553978006562704189e-295
-2.382302700968815444e-295
-1.596905256184099282e-295
-1.070437604839904159e-295
-7.175357845545802296e-296
-4.809786201348557132e-296
-3.224096107909620652e-296
-2.161176251477106111e-296
-1.448679764381296924e-296
-9.710790863509921155e-297
-6.509337778670583650e-297
-4.363339599460091476e-297
-2.924834001178950144e-297
-1.960574862316921774e-297
-1.314212631964626003e-297
-8.809430719591667979e-298
-5.905138005504595974e-298
-3.958332379696284421e-298
-2.653349542982435164e-298
-1.778593387800669093e-298
-1.192226801589255339e-298
-7.991735245262507476e-299
-5.357020337508517037e-299
-3.590918119252646885e-299
-2.407064399007700555e-299
-1.613503518753627085e-299
-1.081563752969621874e-299
-7.249938646810097610e-300
-4.859779207485415553e-300
-3.257607422084740564e-300
-2.183639557137933172e-300
-1.463737368465975692e-300
-9.811725002141091434e-301
-6.576995955124398689e-301
-4.408692231415301191e-301
-2.955234779519336986e-301
-1.980953113453569198e-301
-1.327872582204518774e-301
-8.900996104328165310e-302
-5.966516118416437283e-302
-3.999475359169381035e-302
-2.680928506876885509e-302
-1.797080120147808131e-302
-1.204618828867238617e-302
-8.074801488217034918e-303
-5.412701305310415060e-303
-3.628242188152924743e-303
-2.432083470590895640e-303
-1.630274303969044011e-303
-1.092805546487274091e-303
-7.325294642293682446e-304
-4.910291841847034185e-304
-3.291467053475029385e-304
-2.206336346810221810e-304
-1.478951481563965515e-304
-9.913708252064568177e-305
-6.645357371907970325e-305
-4.454516259460220460e-305
-2.985951544107946390e-305
-2.001543176506672633e-305
-1.341674514218303122e-305
-8.993513221356772006e-306
-6.028532196561454417e-306
-4.041045979526499506e-306
-2.708794127028400073e-306
-1.815759003930787716e-306
-1.217139659104539764e-306
-8.158731123226833713e-307
-5.468961022113937667e-307
-3.665954204110615640e-307
-2.457362590864029081e-307
-1.647219405034271363e-307
-1.104164187413270646e-307
-7.401433889377847858e-308
-4.961329505457611491e-308
-3.325678622496398032e-308
-2.229269047331577631e-308
-1.494323730432993008e-308
-1.001675151776015012e-308
-6.714429338512692189e-309
-4.500816583294975836e-309
-3.016987579312324559e-309
-2.022347253053404574e-309
-1.355619903766840032e-309
-9.086991962998410304e-310
-6.091192870962714789e-310
-4.083048685675726068e-310
-2.736949382947661125e-310
-1.834632036374704260e-310
-1.229790631081227543e-310
-8.243533124405362909e-311
-5.525805503447934909e-311
-3.704058199454941761e-311
-2.482904462776790801e-311
-1.664340633791415606e-311
-1.115640890261985909e-311
-7.478364529197306772e-312
-5.012897655479572758e-312
-3.360245787191710704e-312
-2.252440110762014278e-312
-1.509855758740023972e-312
-1.012086581709023994e-312
-6.784219240411011582e-313
-4.547598153526852290e-313
-3.048346203652243156e-313
-2.043367567514435965e-313
-1.369710241906613058e-313
-9.181442324055776603e-314
-6.154504841448851419e-314
-4.125487968912054261e-314
-2.765397285128856991e-314
-1.853701235382680879e-314
-1.242573097830803756e-314
-8.329216559858863372e-315
-5.583240826297574905e-315
-3.742558250326749623e-315
-2.508711813741748326e-315
-1.681639825833431930e-315
-1.127236877415530242e-315
-7.556094831009276488e-316
-5.065001813213369521e-316
-3.395172280797820501e-316
-2.275852034614488723e-316
-1.525549221683725652e-316
-1.022606204318003590e-316
-6.854734951460580646e-317
-4.594865841675927080e-317
-3.080030433522268860e-317
-2.064606461497859471e-317
-1.383947043191749345e-317
-9.276877946359208274e-318
-6.218478200877515029e-318
-4.168367625428637731e-318
-2.794138853490585706e-318
-1.872973219445415174e-318
-1.255489975273025243e-318
-8.415765991566041260e-319
-5.641241544215353041e-319
-3.781479640139732800e-319
-2.534754389423931270e-319
-1.699091756048046865e-319
-1.138920126793241534e-319
-7.634796425184782847e-320
-5.117531959623631705e-320
-3.430791844721616003e-320
-2.299381515745161417e-320
-1.541484815024689218e-320
-1.033091265454046524e-320
-6.926800354694276549e-321
-4.639276414449305050e-321
-3.112613568799853228e-321
-2.084957025450060416e-321
-1.403146434189140185e-321
-9.337840706399559685e-322
-6.324040266767955765e-322
-4.248964554234720280e-322
-2.816174181295105302e-322
-1.926856018780861522e-322
-1.284570679187241015e-322
-7.905050333459944707e-323
-5.928787750094958530e-323
-3.952525166729972353e-323
-1.976262583364986177e-323
-1.482196937523739633e-323
-1.482196937523739633e-323
-9.881312916824930884e-324
-9.881312916824930884e-324
0.000000000000000000e+00
0.000000000000000000e+00
0.000000000000000000e+00
0.000000000000000000e+00
0.000000000000000000e+00
0.000000000000000000e+00
0.000000000000000000e+00
0.000000000000000000e+00
0.000000000000000000e+00
0.000000000000000000e+00
0.000000000000000000e+00
0.000000000000000000e+00
0.000000000000000000e+00
0.000000000000000000e+00
0.000000000000000000e+00
0.000000000000000000e+00
0.000000000000000000e+00
0.000000000000000000e+00
0.000000000000000000e+00
0.000000000000000000e+00
0.000000000000000000e+00
0.000000000000000000e+00
0.000000000000000000e+00
0.000000000000000000e+00
0.000000000000000000e+00
0.000000000000000000e+00
0.000000000000000000e+00
0.000000000000000000e+00
0.000000000000000000e+00
0.000000000000000000e+00
0.000000000000000000e+00
0.000000000000000000e+00
0.000000000000000000e+00
0.000000000000000000e+00
0.000000000000000000e+00
0.000000000000000000e+00
0.000000000000000000e+00
0.000000000000000000e+00
0.000000000000000000e+00
0.000000000000000000e+00
0.000000000000000000e+00
0.000000000000000000e+00
0.000000000000000000e+00
0.000000000000000000e+00
0.000000000000000000e+00
0.000000000000000000e+00
0.000000000000000000e+00
0.000000000000000000e+00
0.000000000000000000e+00
0.000000000000000000e+00
0.000000000000000000e+00
0.000000000000000000e+00
0.000000000000000000e+00
0.000000000000000000e+00
0.000000000000000000e+00
0.000000000000000000e+00
0.000000000000000000e+00
0.000000000000000000e+00
0.000000000000000000e+00
0.000000000000000000e+00
0.000000000000000000e+00
0.000000000000000000e+00
0.000000000000000000e+00
0.000000000000000000e+00
0.000000000000000000e+00
0.000000000000000000e+00
0.000000000000000000e+00
0.000000000000000000e+00
0.000000000000000000e+00
0.000000000000000000e+00
0.000000000000000000e+00
0.000000000000000000e+00
0.000000000000000000e+00
0.000000000000000000e+00
0.000000000000000000e+00
0.000000000000000000e+00
0.000000000000000000e+00
0.000000000000000000e+00
0.000000000000000000e+00
0.000000000000000000e+00
0.000000000000000000e+00
0.000000000000000000e+00
0.000000000000000000e+00
0.000000000000000000e+00
0.000000000000000000e+00
0.000000000000000000e+00
0.000000000000000000e+00
0.000000000000000000e+00
0.000000000000000000e+00
0.000000000000000000e+00
0.000000000000000000e+00
0.000000000000000000e+00
0.000000000000000000e+00
0.000000000000000000e+00
0.000000000000000000e+00
0.000000000000000000e+00
0.000000000000000000e+00
0.000000000000000000e+00
0.000000000000000000e+00
0.000000000000000000e+00
0.000000000000000000e+00
0.000000000000000000e+00
0.000000000000000000e+00
0.000000000000000000e+00
0.000000000000000000e+00
0.000000000000000000e+00
0.000000000000000000e+00
0.000000000000000000e+00
0.000000000000000000e+00
0.000000000000000000e+00
0.000000000000000000e+00
0.000000000000000000e+00
0.000000000000000000e+00
0.000000000000000000e+00
0.000000000000000000e+00
0.000000000000000000e+00
0.000000000000000000e+00
0.000000000000000000e+00
0.000000000000000000e+00
0.000000000000000000e+00
0.000000000000000000e+00
0.000000000000000000e+00
0.000000000000000000e+00
0.000000000000000000e+00
0.000000000000000000e+00
0.000000000000000000e+00
0.000000000000000000e+00
0.000000000000000000e+00
0.000000000000000000e+00
0.000000000000000000e+00
0.000000000000000000e+00
0.000000000000000000e+00
0.000000000000000000e+00
0.000000000000000000e+00
0.000000000000000000e+00
0.000000000000000000e+00
0.000000000000000000e+00
0.000000000000000000e+00
0.000000000000000000e+00
0.000000000000000000e+00
0.000000000000000000e+00
0.000000000000000000e+00
0.000000000000000000e+00
0.000000000000000000e+00
0.000000000000000000e+00
0.000000000000000000e+00
0.000000000000000000e+00
0.000000000000000000e+00
0.000000000000000000e+00
0.000000000000000000e+00
0.000000000000000000e+00
0.000000000000000000e+00
0.000000000000000000e+00
0.000000000000000000e+00
0.000000000000000000e+00
0.000000000000000000e+00
0.000000000000000000e+00
0.000000000000000000e+00
0.000000000000000000e+00
0.000000000000000000e+00
0.000000000000000000e+00
0.000000000000000000e+00
0.000000000000000000e+00
0.000000000000000000e+00
0.000000000000000000e+00
0.000000000000000000e+00
0.000000000000000000e+00
0.000000000000000000e+00
0.000000000000000000e+00
0.000000000000000000e+00
0.000000000000000000e+00
0.000000000000000000e+00
0.000000000000000000e+00
0.000000000000000000e+00
0.000000000000000000e+00
0.000000000000000000e+00
0.000000000000000000e+00
0.000000000000000000e+00
0.000000000000000000e+00
0.000000000000000000e+00
0.000000000000000000e+00
0.000000000000000000e+00
0.000000000000000000e+00
0.000000000000000000e+00
0.000000000000000000e+00
0.000000000000000000e+00
0.000000000000000000e+00
0.000000000000000000e+00
0.000000000000000000e+00
0.000000000000000000e+00
0.000000000000000000e+00
0.000000000000000000e+00
0.000000000000000000e+00
0.000000000000000000e+00
0.000000000000000000e+00
0.000000000000000000e+00
0.000000000000000000e+00
0.000000000000000000e+00
0.000000000000000000e+00
0.000000000000000000e+00
0.000000000000000000e+00
0.000000000000000000e+00
0.000000000000000000e+00
0.000000000000000000e+00
0.000000000000000000e+00
0.000000000000000000e+00
0.000000000000000000e+00
0.000000000000000000e+00
0.000000000000000000e+00
0.000000000000000000e+00
0.000000000000000000e+00
0.000000000000000000e+00
0.000000000000000000e+00
0.000000000000000000e+00
0.000000000000000000e+00
0.000000000000000000e+00
0.000000000000000000e+00
0.000000000000000000e+00
0.000000000000000000e+00
0.000000000000000000e+00
0.000000000000000000e+00
0.000000000000000000e+00
0.000000000000000000e+00
0.000000000000000000e+00
0.000000000000000000e+00
0.000000000000000000e+00
0.000000000000000000e+00
0.000000000000000000e+00
0.000000000000000000e+00
0.000000000000000000e+00
0.000000000000000000e+00
0.000000000000000000e+00
0.000000000000000000e+00
0.000000000000000000e+00
0.000000000000000000e+00
0.000000000000000000e+00
0.000000000000000000e+00
0.000000000000000000e+00
0.000000000000000000e+00
0.000000000000000000e+00
0.000000000000000000e+00
0.000000000000000000e+00
0.000000000000000000e+00
0.000000000000000000e+00
0.000000000000000000e+00
0.000000000000000000e+00
0.000000000000000000e+00
0.000000000000000000e+00
0.000000000000000000e+00
0.000000000000000000e+00
0.000000000000000000e+00
0.000000000000000000e+00
0.000000000000000000e+00
0.000000000000000000e+00
0.000000000000000000e+00
0.000000000000000000e+00
0.000000000000000000e+00
0.000000000000000000e+00
0.000000000000000000e+00
0.000000000000000000e+00
0.000000000000000000e+00
0.000000000000000000e+00
0.000000000000000000e+00
0.000000000000000000e+00
0.000000000000000000e+00
0.000000000000000000e+00
0.000000000000000000e+00
0.000000000000000000e+00
0.000000000000000000e+00
0.000000000000000000e+00
0.000000000000000000e+00
0.000000000000000000e+00
0.000000000000000000e+00
0.000000000000000000e+00
0.000000000000000000e+00
0.000000000000000000e+00
0.000000000000000000e+00
0.000000000000000000e+00
0.000000000000000000e+00
0.000000000000000000e+00
0.000000000000000000e+00
0.000000000000000000e+00
0.000000000000000000e+00
0.000000000000000000e+00
0.000000000000000000e+00
0.000000000000000000e+00
0.000000000000000000e+00
0.000000000000000000e+00
0.000000000000000000e+00
0.000000000000000000e+00
0.000000000000000000e+00
0.000000000000000000e+00
0.000000000000000000e+00
0.000000000000000000e+00
0.000000000000000000e+00
0.000000000000000000e+00
0.000000000000000000e+00
0.000000000000000000e+00
0.000000000000000000e+00
0.000000000000000000e+00
0.000000000000000000e+00
0.000000000000000000e+00
0.000000000000000000e+00
0.000000000000000000e+00
0.000000000000000000e+00
0.000000000000000000e+00
0.000000000000000000e+00
0.000000000000000000e+00
0.000000000000000000e+00
0.000000000000000000e+00
0.000000000000000000e+00
0.000000000000000000e+00
0.000000000000000000e+00
0.000000000000000000e+00
0.000000000000000000e+00
0.000000000000000000e+00
0.000000000000000000e+00
0.000000000000000000e+00
0.000000000000000000e+00
0.000000000000000000e+00
0.000000000000000000e+00
0.000000000000000000e+00
0.000000000000000000e+00
0.000000000000000000e+00
0.000000000000000000e+00
0.000000000000000000e+00
0.000000000000000000e+00
0.000000000000000000e+00
0.000000000000000000e+00
0.000000000000000000e+00
0.000000000000000000e+00
0.000000000000000000e+00
0.000000000000000000e+00
0.000000000000000000e+00
0.000000000000000000e+00
0.000000000000000000e+00
0.000000000000000000e+00
0.000000000000000000e+00
0.000000000000000000e+00
0.000000000000000000e+00
0.000000000000000000e+00
0.000000000000000000e+00
0.000000000000000000e+00
0.000000000000000000e+00
0.000000000000000000e+00
0.000000000000000000e+00
0.000000000000000000e+00
0.000000000000000000e+00
0.000000000000000000e+00
0.000000000000000000e+00
0.000000000000000000e+00
0.000000000000000000e+00
0.000000000000000000e+00
0.000000000000000000e+00
0.000000000000000000e+00
0.000000000000000000e+00
0.000000000000000000e+00
0.000000000000000000e+00
0.000000000000000000e+00
0.000000000000000000e+00
0.000000000000000000e+00
0.000000000000000000e+00
0.000000000000000000e+00
0.000000000000000000e+00
0.000000000000000000e+00
0.000000000000000000e+00
0.000000000000000000e+00
0.000000000000000000e+00
0.000000000000000000e+00
0.000000000000000000e+00
0.000000000000000000e+00
0.000000000000000000e+00
0.000000000000000000e+00
0.000000000000000000e+00
0.000000000000000000e+00
0.000000000000000000e+00
0.000000000000000000e+00
0.000000000000000000e+00
0.000000000000000000e+00
0.000000000000000000e+00
0.000000000000000000e+00
0.000000000000000000e+00
0.000000000000000000e+00
0.000000000000000000e+00
0.000000000000000000e+00
0.000000000000000000e+00
0.000000000000000000e+00
0.000000000000000000e+00
0.000000000000000000e+00
0.000000000000000000e+00
0.000000000000000000e+00
0.000000000000000000e+00
0.000000000000000000e+00
0.000000000000000000e+00
0.000000000000000000e+00
0.000000000000000000e+00
0.000000000000000000e+00
0.000000000000000000e+00
0.000000000000000000e+00
0.000000000000000000e+00
0.000000000000000000e+00
0.000000000000000000e+00
0.000000000000000000e+00
0.000000000000000000e+00
0.000000000000000000e+00
0.000000000000000000e+00
0.000000000000000000e+00
0.000000000000000000e+00
0.000000000000000000e+00
0.000000000000000000e+00
0.000000000000000000e+00
0.000000000000000000e+00
0.000000000000000000e+00
0.000000000000000000e+00
0.000000000000000000e+00
0.000000000000000000e+00
0.000000000000000000e+00
0.000000000000000000e+00
0.000000000000000000e+00
0.000000000000000000e+00
0.000000000000000000e+00
0.000000000000000000e+00
0.000000000000000000e+00
0.000000000000000000e+00
0.000000000000000000e+00
0.000000000000000000e+00
0.000000000000000000e+00
0.000000000000000000e+00
0.000000000000000000e+00
0.000000000000000000e+00
0.000000000000000000e+00
0.000000000000000000e+00
0.000000000000000000e+00
0.000000000000000000e+00
0.000000000000000000e+00
0.000000000000000000e+00
0.000000000000000000e+00
0.000000000000000000e+00
0.000000000000000000e+00
0.000000000000000000e+00
0.000000000000000000e+00
0.000000000000000000e+00
0.000000000000000000e+00
0.000000000000000000e+00
0.000000000000000000e+00
0.000000000000000000e+00
0.000000000000000000e+00
0.000000000000000000e+00
0.000000000000000000e+00
0.000000000000000000e+00
0.000000000000000000e+00
0.000000000000000000e+00
0.000000000000000000e+00
0.000000000000000000e+00
0.000000000000000000e+00
0.000000000000000000e+00
0.000000000000000000e+00
0.000000000000000000e+00
0.000000000000000000e+00
0.000000000000000000e+00
0.000000000000000000e+00
0.000000000000000000e+00
0.000000000000000000e+00
0.000000000000000000e+00
0.000000000000000000e+00
0.000000000000000000e+00
0.000000000000000000e+00
0.000000000000000000e+00
0.000000000000000000e+00
0.000000000000000000e+00
0.000000000000000000e+00
0.000000000000000000e+00
0.000000000000000000e+00
0.000000000000000000e+00
0.000000000000000000e+00
0.000000000000000000e+00
0.000000000000000000e+00
0.000000000000000000e+00
0.000000000000000000e+00
0.000000000000000000e+00
0.000000000000000000e+00
0.000000000000000000e+00
0.000000000000000000e+00
0.000000000000000000e+00
0.000000000000000000e+00
0.000000000000000000e+00
0.000000000000000000e+00
0.000000000000000000e+00
0.000000000000000000e+00
0.000000000000000000e+00
0.000000000000000000e+00
0.000000000000000000e+00
0.000000000000000000e+00
0.000000000000000000e+00
0.000000000000000000e+00
0.000000000000000000e+00
0.000000000000000000e+00
0.000000000000000000e+00
0.000000000000000000e+00
0.000000000000000000e+00
0.000000000000000000e+00
0.000000000000000000e+00
0.000000000000000000e+00
0.000000000000000000e+00
0.000000000000000000e+00
0.000000000000000000e+00
0.000000000000000000e+00
0.000000000000000000e+00
0.000000000000000000e+00
0.000000000000000000e+00
0.000000000000000000e+00
0.000000000000000000e+00
0.000000000000000000e+00
0.000000000000000000e+00
0.000000000000000000e+00
0.000000000000000000e+00
0.000000000000000000e+00
0.000000000000000000e+00
0.000000000000000000e+00
0.000000000000000000e+00
0.000000000000000000e+00
0.000000000000000000e+00
0.000000000000000000e+00
0.000000000000000000e+00
0.000000000000000000e+00
0.000000000000000000e+00
0.000000000000000000e+00
0.000000000000000000e+00
0.000000000000000000e+00
0.000000000000000000e+00
0.000000000000000000e+00
0.000000000000000000e+00
0.000000000000000000e+00
0.000000000000000000e+00
0.000000000000000000e+00
0.000000000000000000e+00
0.000000000000000000e+00
0.000000000000000000e+00
0.000000000000000000e+00
0.000000000000000000e+00
0.000000000000000000e+00
0.000000000000000000e+00
0.000000000000000000e+00
0.000000000000000000e+00
0.000000000000000000e+00
0.000000000000000000e+00
0.000000000000000000e+00
0.000000000000000000e+00
0.000000000000000000e+00
0.000000000000000000e+00
0.000000000000000000e+00
0.000000000000000000e+00
0.000000000000000000e+00
0.000000000000000000e+00
0.000000000000000000e+00
0.000000000000000000e+00
0.000000000000000000e+00
0.000000000000000000e+00
0.000000000000000000e+00
0.000000000000000000e+00
0.000000000000000000e+00
0.000000000000000000e+00
0.000000000000000000e+00
0.000000000000000000e+00
0.000000000000000000e+00
0.000000000000000000e+00
0.000000000000000000e+00
0.000000000000000000e+00
0.000000000000000000e+00
0.000000000000000000e+00
0.000000000000000000e+00
0.000000000000000000e+00
0.000000000000000000e+00
0.000000000000000000e+00
0.000000000000000000e+00
0.000000000000000000e+00
0.000000000000000000e+00
0.000000000000000000e+00
0.000000000000000000e+00
0.000000000000000000e+00
0.000000000000000000e+00
0.000000000000000000e+00
0.000000000000000000e+00
0.000000000000000000e+00
0.000000000000000000e+00
0.000000000000000000e+00
0.000000000000000000e+00
0.000000000000000000e+00
0.000000000000000000e+00
0.000000000000000000e+00
0.000000000000000000e+00
0.000000000000000000e+00
0.000000000000000000e+00
0.000000000000000000e+00
0.000000000000000000e+00
0.000000000000000000e+00
0.000000000000000000e+00
0.000000000000000000e+00
0.000000000000000000e+00
0.000000000000000000e+00
0.000000000000000000e+00
0.000000000000000000e+00
0.000000000000000000e+00
0.000000000000000000e+00
0.000000000000000000e+00
0.000000000000000000e+00
0.000000000000000000e+00
0.000000000000000000e+00
0.000000000000000000e+00
0.000000000000000000e+00
0.000000000000000000e+00
0.000000000000000000e+00
0.000000000000000000e+00
0.000000000000000000e+00
0.000000000000000000e+00
0.000000000000000000e+00
0.000000000000000000e+00
0.000000000000000000e+00
0.000000000000000000e+00
0.000000000000000000e+00
0.000000000000000000e+00
0.000000000000000000e+00
0.000000000000000000e+00
0.000000000000000000e+00
0.000000000000000000e+00
0.000000000000000000e+00
0.000000000000000000e+00
0.000000000000000000e+00
0.000000000000000000e+00
0.000000000000000000e+00
0.000000000000000000e+00
0.000000000000000000e+00
0.000000000000000000e+00
0.000000000000000000e+00
0.000000000000000000e+00
0.000000000000000000e+00
0.000000000000000000e+00
