-4.000000000000000222e-01
-3.920794693227021011e-01
-3.843157756609292819e-01
-3.767058134336995212e-01
-3.692465385546543355e-01
-3.619349672143838403e-01
-3.547681746868630026e-01
-3.477432941595223759e-01
-3.408575155864845829e-01
-3.341080845645088004e-01
-3.274923012311927728e-01
-3.210075191849914300e-01
-3.146511444266213986e-01
-3.084206343214265233e-01
-3.023134965822902309e-01
-2.963272882726871726e-01
-2.904596148294764091e-01
-2.847081291050438945e-01
-2.790705304284124000e-01
-2.735445636849423434e-01
-2.681280184142557643e-01
-2.628187279260227327e-01
-2.576145684332565855e-01
-2.525134582027703800e-01
-2.475133567224563347e-01
-2.426122638850533864e-01
-2.378082191880777629e-01
-2.330993009495958557e-01
-2.284836255395259474e-01
-2.239593466261608212e-01
-2.195246544376106002e-01
-2.151777750378698062e-01
-2.109169696172194242e-01
-2.067405337966796708e-01
-2.026467969462358298e-01
-1.986341215165638163e-01
-1.947009023839886832e-01
-1.908455662084137527e-01
-1.870665708039637165e-01
-1.833624045220894061e-01
-1.797315856468886253e-01
-1.761726618023997382e-01
-1.726842093716318971e-01
-1.692648329270995400e-01
-1.659131646726325626e-01
-1.626278638962396494e-01
-1.594076164338056600e-01
-1.562511341434084655e-01
-1.531571543900448473e-01
-1.501244395405598453e-01
-1.471517764685769392e-01
-1.442379760692313329e-01
-1.413818727835120803e-01
-1.385823241320229549e-01
-1.358382102579756556e-01
-1.331484334792318314e-01
-1.305119178492157861e-01
-1.279276087265215911e-01
-1.253944723530421301e-01
-1.229114954404525034e-01
-1.204776847648808547e-01
-1.180920667696056942e-01
-1.157536871756202485e-01
-1.134616105999081692e-01
-1.112149201812776544e-01
-1.090127172136050454e-01
-1.068541207863401427e-01
-1.047382674321303969e-01
-1.026643107814223521e-01
-1.006314212239026173e-01
-9.863878557664260138e-02
-9.668560675881458788e-02
-9.477110347284871394e-02
-9.289450989190353725e-02
-9.105507535352509729e-02
-8.925206405937192999e-02
-8.748475478088590940e-02
-8.575244057079117743e-02
-8.405442848030589276e-02
-8.239003928195337556e-02
-8.075860719786215336e-02
-7.915947963344587002e-02
-7.759201691635676801e-02
-7.605559204060823031e-02
-7.454959041576399159e-02
-7.307340962109386273e-02
-7.162645916459729756e-02
-7.020816024679875367e-02
-6.881794552922021468e-02
-6.745525890743819808e-02
-6.611955528863461273e-02
-6.481030037355230145e-02
-6.352697044276826854e-02
-6.226905214719892501e-02
-6.103604230275355702e-02
-5.982744768905402799e-02
-5.864278485214006326e-02
-5.748157991108117371e-02
-5.634336836841800228e-02
-5.522769492435713329e-02
-5.413411329464508370e-02
-5.306218603204868739e-02
-5.201148435137036702e-02
-5.098158795792830100e-02
-4.997208487943297084e-02
-4.898257130119276770e-02
-4.801265140458269021e-02
-4.706193720871167802e-02
-4.613004841522500704e-02
-4.521661225617994162e-02
-4.432126334493355357e-02
-4.344364352998318635e-02
-4.258340175170112485e-02
-4.174019390190601697e-02
-4.091368268621499438e-02
-4.010353748912150185e-02
-3.930943424174462159e-02
-3.853105529219721936e-02
-3.776808927852094017e-02
-3.702023100413731616e-02
-3.628718131576500611e-02
-3.556864698375453854e-02
-3.486434058479252057e-02
-3.417398038692849582e-02
-3.349729023687838397e-02
-3.283399944955952415e-02
-3.218384269981297563e-02
-3.154655991626997835e-02
-3.092189617731989915e-02
-3.030960160913819326e-02
-2.970943128573355282e-02
-2.912114513097423599e-02
-2.854450782255442409e-02
-2.797928869786214454e-02
-2.742526166171116442e-02
-2.688220509589990537e-02
-2.634990177056117933e-02
-2.582813875726738817e-02
-2.531670734385629493e-02
-2.481540295094332785e-02
-2.432402505008719046e-02
-2.384237708357574842e-02
-2.337026638580033330e-02
-2.290750410618694333e-02
-2.245390513365349075e-02
-2.200928802256289438e-02
-2.157347492014240892e-02
-2.114629149534014846e-02
-2.072756686909033377e-02
-2.031713354595940380e-02
-1.991482734714557917e-02
-1.952048734480518744e-02
-1.913395579767934729e-02
-1.875507808799539711e-02
-1.838370265961768169e-02
-1.801968095742311968e-02
-1.766286736787714418e-02
-1.731311916078635826e-02
-1.697029643220455616e-02
-1.663426204846926368e-02
-1.630488159134648590e-02
-1.598202330426155837e-02
-1.566555803959482698e-02
-1.535535920702083001e-02
-1.505130272287048820e-02
-1.475326696049600664e-02
-1.446113270161857034e-02
-1.417478308863945671e-02
-1.389410357789542562e-02
-1.361898189383973883e-02
-1.334930798413043289e-02
-1.308497397560792752e-02
-1.282587413114430822e-02
-1.257190480734708508e-02
-1.232296441310043109e-02
-1.207895336892740069e-02
-1.183977406715680004e-02
-1.160533083287882197e-02
-1.137552988567380220e-02
-1.115027930209880683e-02
-1.092948897891702492e-02
-1.071307059705527143e-02
-1.050093758627518477e-02
-1.029300509054397600e-02
-1.008918993409088638e-02
-9.889410588135756630e-03
-9.693587138276445886e-03
-9.501641252521999745e-03
-9.313496149958805023e-03
-9.129076570037192653e-03
-8.948308742466241569e-03
-8.771120357704649192e-03
-8.597440538035969540e-03
-8.427199809216573759e-03
-8.260330072685026156e-03
-8.096764578321756153e-03
-7.936437897748114742e-03
-7.779285898154156449e-03
-7.625245716644655190e-03
-7.474255735093109608e-03
-7.326255555493672161e-03
-7.181185975801147002e-03
-7.038988966249357798e-03
-6.899607646138511928e-03
-6.762986261082112004e-03
-6.629070160704502584e-03
-6.497805776779948250e-03
-6.369140601804679572e-03
-6.243023167993132748e-03
-6.119403026690208025e-03
-5.998230728191081447e-03
-5.879457801960714242e-03
-5.763036737244940470e-03
-5.648920964065585158e-03
-5.537064834591800579e-03
-5.427423604880373884e-03
-5.319953416977506871e-03
-5.214611281375094304e-03
-5.111355059814304269e-03
-5.010143448429754155e-03
-4.910935961227374559e-03
-4.813692913889510566e-03
-4.718375407900625082e-03
-4.624945314987414721e-03
-4.533365261866955341e-03
-4.443598615296922780e-03
-4.355609467421780838e-03
-4.269362621409170284e-03
-4.184823577370721387e-03
-4.101958518561608751e-03
-4.020734297853434391e-03
-3.941118424474902675e-03
-3.863079051015110704e-03
-3.786584960684129426e-03
-3.711605554825897664e-03
-3.638110840678326387e-03
-3.566071419375821481e-03
-3.495458474189316184e-03
-3.426243758999224405e-03
-3.358399586996588249e-03
-3.291898819608012235e-03
-3.226714855639845753e-03
-3.162821620637376683e-03
-3.100193556454676827e-03
-3.038805611031026883e-03
-2.978633228369735510e-03
-2.919652338715433317e-03
-2.861839348925831941e-03
-2.805171133034170018e-03
-2.749625022998499271e-03
-2.695178799634186887e-03
-2.641810683725924480e-03
-2.589499327315762049e-03
-2.538223805163646735e-03
-2.487963606377029471e-03
-2.438698626206255247e-03
-2.390409158002377264e-03
-2.343075885334249073e-03
-2.296679874261681100e-03
-2.251202565761626240e-03
-2.206625768304308882e-03
-2.162931650576383879e-03
-2.120102734348160850e-03
-2.078121887482092638e-03
-2.036972317079676058e-03
-1.996637562764086958e-03
-1.957101490095790493e-03
-1.918348284118568574e-03
-1.880362443033310564e-03
-1.843128771997100878e-03
-1.806632377045066466e-03
-1.770858659132604554e-03
-1.735793308295557934e-03
-1.701422297926050327e-03
-1.667731879161644731e-03
-1.634708575385626639e-03
-1.602339176836168255e-03
-1.570610735322249766e-03
-1.539510559044217179e-03
-1.509026207516882268e-03
-1.479145486593172942e-03
-1.449856443586302474e-03
-1.421147362488544815e-03
-1.393006759284665325e-03
-1.365423377358172211e-03
-1.338386182988508897e-03
-1.311884360937429390e-03
-1.285907310122747990e-03
-1.260444639377776739e-03
-1.235486163294707666e-03
-1.211021898150326306e-03
-1.187042057912377716e-03
-1.163537050325033715e-03
-1.140497473071853040e-03
-1.117914110014737571e-03
-1.095777927507347437e-03
-1.074080070781528251e-03
-1.052811860405279427e-03
-1.031964788810872105e-03
-1.011530516891702251e-03
-9.915008706665433963e-04
-9.718678380098389955e-04
-9.526235654467483330e-04
-9.337603550116541388e-04
-9.152706611688677394e-04
-8.971470877943213407e-04
-8.793823852170125355e-04
-8.619694473190460350e-04
-8.449013086930857487e-04
-8.281711418561042790e-04
-8.117722545182936948e-04
-7.956980869060654169e-04
-7.799422091380482907e-04
-7.644983186530550714e-04
-7.493602376889693314e-04
-7.345219108115629133e-04
-7.199774024922364884e-04
-7.057208947337342180e-04
-6.917466847428622653e-04
-6.780491826493002111e-04
-6.646229092695736095e-04
-6.514624939153123000e-04
-6.385626722448990321e-04
-6.259182841576666281e-04
-6.135242717297852144e-04
-6.013756771910289687e-04
-5.894676409415985007e-04
-5.777953996082173726e-04
-5.663542841387213733e-04
-5.551397179343716326e-04
-5.441472150191575688e-04
-5.333723782453437395e-04
-5.228108975345551043e-04
-5.124585481536845849e-04
-5.023111890249477894e-04
-4.923647610693924212e-04
-4.826152855832161869e-04
-4.730588626462291311e-04
-4.636916695618365468e-04
-4.545099593279063608e-04
-4.455100591379213210e-04
-4.366883689118043342e-04
-4.280413598558417839e-04
-4.195655730511152937e-04
-4.112576180698919209e-04
-4.031141716194042244e-04
-3.951319762124918199e-04
-3.873078388645606975e-04
-3.796386298163490977e-04
-3.721212812819796388e-04
-3.647527862218064975e-04
-3.575301971395574460e-04
-3.504506249032966780e-04
-3.435112375897348986e-04
-3.367092593514196038e-04
-3.300419693063618397e-04
-3.235067004496445641e-04
-3.171008385865876585e-04
-3.108218212870326558e-04
-3.046671368603389276e-04
-2.986343233506716919e-04
-2.927209675521891415e-04
-2.869247040437254248e-04
-2.812432142425931527e-04
-2.756742254771172326e-04
-2.702155100775377439e-04
-2.648648844849105688e-04
-2.596202083776564498e-04
-2.544793838154020961e-04
-2.494403543997777777e-04
-2.445011044518289093e-04
-2.396596582057192344e-04
-2.349140790183963125e-04
-2.302624685949104452e-04
-2.257029662290695345e-04
-2.212337480591334508e-04
-2.168530263382436305e-04
-2.125590487193011855e-04
-2.083500975540050716e-04
-2.042244892057687238e-04
-2.001805733762443494e-04
-1.962167324451802243e-04
-1.923313808233523031e-04
-1.885229643183061645e-04
-1.847899595126605238e-04
-1.811308731547187979e-04
-1.775442415611496296e-04
-1.740286300314928592e-04
-1.705826322742615532e-04
-1.672048698444051707e-04
-1.638939915919147231e-04
-1.606486731213432482e-04
-1.574676162620313163e-04
-1.543495485488202679e-04
-1.512932227130503026e-04
-1.482974161836353043e-04
-1.453609305980191400e-04
-1.424825913228136131e-04
-1.396612469839305845e-04
-1.368957690060157635e-04
-1.341850511610047576e-04
-1.315280091256159853e-04
-1.289235800476076549e-04
-1.263707221206221128e-04
-1.238684141674504852e-04
-1.214156552315467160e-04
-1.190114641766325449e-04
-1.166548792942294940e-04
-1.143449579189634860e-04
-1.120807760514848177e-04
-1.098614279888570256e-04
-1.076860259622631404e-04
-1.055536997818871784e-04
-1.034635964888254097e-04
-1.014148800138921626e-04
-9.940673084318075005e-05
-9.743834569024751625e-05
-9.550893717478565949e-05
-9.361773350766318651e-05
-9.176397818219669627e-05
-8.994692967153927786e-05
-8.816586113205885592e-05
-8.642006011259175974e-05
-8.470882826945237600e-05
-8.303148108708700891e-05
-8.138734760425767284e-05
-7.977577014564913205e-05
-7.819610405878996758e-05
-7.664771745618281546e-05
-7.512999096254145465e-05
-7.364231746703167776e-05
-7.218410188041938277e-05
-7.075476089702664056e-05
-6.935372276140222591e-05
-6.798042703961099879e-05
-6.663432439505342117e-05
-6.531487636872322828e-05
-6.402155516381727719e-05
-6.275384343460896613e-05
-6.151123407950358430e-05
-6.029323003819060417e-05
-5.909934409281345782e-05
-5.792909867307520429e-05
-5.678202566520445822e-05
-5.565766622470346277e-05
-5.455557059280456098e-05
-5.347529791656009283e-05
-5.241641607249571924e-05
-5.137850149375512108e-05
-5.036113900066793768e-05
-4.936392163467182720e-05
-4.838645049552397592e-05
-4.742833458173561546e-05
-4.648919063416609475e-05
-4.556864298271445671e-05
-4.466632339604591358e-05
-4.378187093429470803e-05
-4.291493180468320691e-05
-4.206515922000037515e-05
-4.123221325988180751e-05
-4.041576073483737282e-05
-3.961547505297078968e-05
-3.883103608933884842e-05
-3.806213005789669222e-05
-3.730844938597952160e-05
-3.656969259126931053e-05
-3.584556416119807042e-05
-3.513577443473854089e-05
-3.444003948653614057e-05
-3.375808101333494735e-05
-3.308962622265289002e-05
-3.243440772366080430e-05
-3.179216342022271054e-05
-3.116263640605381597e-05
-3.054557486195475733e-05
-2.994073195508024059e-05
-2.934786574020283609e-05
-2.876673906293161071e-05
-2.819711946484713467e-05
-2.763877909051526511e-05
-2.709149459634155929e-05
-2.655504706123113857e-05
-2.602922189901717750e-05
-2.551380877262379449e-05
-2.500860150992810418e-05
-2.451339802128885446e-05
-2.402800021870774675e-05
-2.355221393659177041e-05
-2.308584885408413375e-05
-2.262871841893355606e-05
-2.218063977287078008e-05
-2.174143367846299445e-05
-2.131092444741624874e-05
-2.088893987029791252e-05
-2.047531114765056891e-05
-2.006987282247011577e-05
-1.967246271402051870e-05
-1.928292185295953388e-05
-1.890109441774874975e-05
-1.852682767232304801e-05
-1.815997190499394099e-05
-1.780038036856301751e-05
-1.744790922162108918e-05
-1.710241747100967258e-05
-1.676376691542196117e-05
-1.643182209012029164e-05
-1.610645021274854938e-05
-1.578752113021741581e-05
-1.547490726664148150e-05
-1.516848357230705604e-05
-1.486812747365069497e-05
-1.457371882422810979e-05
-1.428513985665408602e-05
-1.400227513549379212e-05
-1.372501151108718831e-05
-1.345323807428758722e-05
-1.318684611209662791e-05
-1.292572906417746542e-05
-1.266978248022932336e-05
-1.241890397820593874e-05
-1.217299320336145117e-05
-1.193195178810704832e-05
-1.169568331266270092e-05
-1.146409326648792061e-05
-1.123708901047637228e-05
-1.101457973989886358e-05
-1.079647644808033769e-05
-1.058269189079598008e-05
-1.037314055137236339e-05
-1.016773860647969989e-05
-9.966403892601281714e-06
-9.769055873167062538e-06
-9.575615606337908045e-06
-9.386005713427882376e-06
-9.200150347951639829e-06
-9.017975165284883762e-06
-8.839407292925498906e-06
-8.664375301343634153e-06
-8.492809175408851962e-06
-8.324640286383200790e-06
-8.159801364468768860e-06
-7.998226471898943279e-06
-7.839850976562317368e-06
-7.684611526149056376e-06
-7.532446022809094715e-06
-7.383293598312223931e-06
-7.237094589699903627e-06
-7.093790515419345006e-06
-6.953324051930076997e-06
-6.815639010773816549e-06
-6.680680316098263874e-06
-6.548393982626076185e-06
-6.418727094060021050e-06
-6.291627781915750099e-06
-6.167045204773744761e-06
-6.044929527942013707e-06
-5.925231903521595094e-06
-5.807904450866720279e-06
-5.692900237431960613e-06
-5.580173259998522290e-06
-5.469678426272386103e-06
-5.361371536846766249e-06
-5.255209267521801882e-06
-5.151149151974237605e-06
-5.049149564770367445e-06
-4.949169704715289027e-06
-4.851169578531914456e-06
-4.755109984863075979e-06
-4.660952498590493970e-06
-4.568659455464201978e-06
-4.478193937036375924e-06
-4.389519755893412923e-06
-4.302601441180517690e-06
-4.217404224412870674e-06
-4.133894025567802776e-06
-4.052037439452284558e-06
-3.971801722340432629e-06
-3.893154778875579140e-06
-3.816065149231692605e-06
-3.740501996529051754e-06
-3.666435094499047029e-06
-3.593834815393296016e-06
-3.522672118132131248e-06
-3.452918536687814803e-06
-3.384546168697699905e-06
-3.317527664302948512e-06
-3.251836215208204207e-06
-3.187445543957943762e-06
-3.124329893425106997e-06
-3.062464016507926931e-06
-3.001823166030743239e-06
-2.942383084844819681e-06
-2.884119996125131495e-06
-2.827010593859339477e-06
-2.771032033525062881e-06
-2.716161922951788134e-06
-2.662378313363669483e-06
-2.609659690599746625e-06
-2.557984966507985777e-06
-2.507333470509753937e-06
-2.457684941331284007e-06
-2.409019518898916263e-06
-2.361317736394796674e-06
-2.314560512469887027e-06
-2.268729143611187980e-06
-2.223805296660058407e-06
-2.179771001478725679e-06
-2.136608643761981224e-06
-2.094300957991240714e-06
-2.052831020528081778e-06
-2.012182242844579241e-06
-1.972338364887665104e-06
-1.933283448574905268e-06
-1.895001871419031619e-06
-1.857478320278754229e-06
-1.820697785233292465e-06
-1.784645553578222169e-06
-1.749307203940173859e-06
-1.714668600508108904e-06
-1.680715887378796721e-06
-1.647435483014283265e-06
-1.614814074809074648e-06
-1.582838613764931422e-06
-1.551496309271087330e-06
-1.520774623987847588e-06
-1.490661268831468375e-06
-1.461144198058370630e-06
-1.432211604446678358e-06
-1.403851914573171600e-06
-1.376053784183771744e-06
-1.348806093655673892e-06
-1.322097943549359169e-06
-1.295918650248669656e-06
-1.270257741687227534e-06
-1.245104953159456089e-06
-1.220450223214569077e-06
-1.196283689631852172e-06
-1.172595685475652327e-06
-1.149376735228460404e-06
-1.126617551000586964e-06
-1.104309028814879459e-06
-1.082442244965016945e-06
-1.061008452445895765e-06
-1.039999077454721097e-06
-1.019405715961365681e-06
-9.992201303466540224e-07
-9.794342461071937398e-07
-9.600401486254739769e-07
-9.410300800039084504e-07
-9.223964359615811695e-07
-9.041317627924217382e-07
-8.862287543836302168e-07
-8.686802492931330862e-07
-8.514792278849092435e-07
-8.346188095210488890e-07
-8.180922498093958796e-07
-8.018929379057088278e-07
-7.860143938692309108e-07
-7.704502660706340567e-07
-7.551943286512723615e-07
-7.402404790327633472e-07
-7.255827354758705589e-07
-7.112152346877350158e-07
-6.971322294764708381e-07
-6.833280864522174542e-07
-6.697972837737064893e-07
-6.565344089394556425e-07
-6.435341566226894757e-07
-6.307913265491420922e-07
-6.183008214168765672e-07
-6.060576448572996139e-07
-5.940568994365421342e-07
-5.822937846964233127e-07
-5.707635952342027849e-07
-5.594617188203597143e-07
-5.483836345536338018e-07
-5.375249110526085667e-07
-5.268812046830988163e-07
-5.164482578206377852e-07
-5.062218971473744570e-07
-4.961980319826853405e-07
-4.863726526468513399e-07
-4.767418288571304069e-07
-4.673017081555955691e-07
-4.580485143680955958e-07
-4.489785460937377025e-07
-4.400881752242769761e-07
-4.313738454928273820e-07
-4.228320710513027509e-07
-4.144594350760349006e-07
-4.062525884009961366e-07
-3.982082481780918677e-07
-3.903231965639729230e-07
-3.825942794328583976e-07
-3.750184051148412731e-07
-3.675925431591828866e-07
-3.603137231220873923e-07
-3.531790333784877550e-07
-3.461856199573554894e-07
-3.393306854000765889e-07
-3.326114876414271932e-07
-3.260253389127133027e-07
-3.195696046666269352e-07
-3.132417025233916084e-07
-3.070391012377778678e-07
-3.009593196865685716e-07
-2.949999258760782633e-07
-2.891585359693226501e-07
-2.834328133324538450e-07
-2.778204676000726388e-07
-2.723192537590536825e-07
-2.669269712505097221e-07
-2.616414630895401362e-07
-2.564606150024057480e-07
-2.513823545807927913e-07
-2.464046504528210767e-07
-2.415255114704700919e-07
-2.367429859130904424e-07
-2.320551607066912019e-07
-2.274601606586843168e-07
-2.229561477077838330e-07
-2.185413201887548013e-07
-2.142139121117243472e-07
-2.099721924557618309e-07
-2.058144644764484971e-07
-2.017390650271552162e-07
-1.977443638937628751e-07
-1.938287631425547139e-07
-1.899906964810211759e-07
-1.862286286313234805e-07
-1.825410547161597698e-07
-1.789264996567957072e-07
-1.753835175830125383e-07
-1.719106912547409509e-07
-1.685066314951443585e-07
-1.651699766349308762e-07
-1.618993919676667989e-07
-1.586935692158774140e-07
-1.555512260077168542e-07
-1.524711053640033825e-07
-1.494519751954104173e-07
-1.464926278096154625e-07
-1.435918794282054006e-07
-1.407485697131505591e-07
-1.379615613026533661e-07
-1.352297393561894842e-07
-1.325520111085552875e-07
-1.299273054327482499e-07
-1.273545724115012588e-07
-1.248327829173026618e-07
-1.223609282007303144e-07
-1.199380194869390593e-07
-1.175630875801374613e-07
-1.152351824758964726e-07
-1.129533729811356453e-07
-1.107167463416322930e-07
-1.085244078769085606e-07
-1.063754806223468358e-07
-1.042691049783928670e-07
-1.022044383667035193e-07
-1.001806548931048868e-07
-9.819694501722317234e-08
-9.625251522865859150e-08
-9.434658772956945065e-08
-9.247840012354341921e-08
-9.064720511062839922e-08
-8.885227018840333536e-08
-8.709287735896634421e-08
-8.536832284172679266e-08
-8.367791679188327027e-08
-8.202098302447707662e-08
-8.039685874390836967e-08
-7.880489427880962551e-08
-7.724445282216820097e-08
-7.571491017659554779e-08
-7.421565450463914488e-08
-7.274608608403983235e-08
-7.130561706783488874e-08
-6.989367124921118963e-08
-6.850968383101534005e-08
-6.715310119982653529e-08
-6.582338070450427020e-08
-6.451999043912047636e-08
-6.324240903019044408e-08
-6.199012542811586719e-08
-6.076263870275856315e-08
-5.955945784306155478e-08
-5.838010156063858072e-08
-5.722409809725160631e-08
-5.609098503610166354e-08
-5.498030911685584075e-08
-5.389162605433742528e-08
-5.282450036080532824e-08
-5.177850517175362610e-08
-5.075322207515981012e-08
-4.974824094411478172e-08
-4.876315977276614303e-08
-4.779758451551072554e-08
-4.685112892937106283e-08
-4.592341441949327885e-08
-4.501406988770365188e-08
-4.412273158406469430e-08
-4.324904296137031086e-08
-4.239265453252206017e-08
-4.155322373072974165e-08
-4.073041477247994716e-08
-3.992389852321873126e-08
-3.913335236569254208e-08
-3.835846007089761671e-08
-3.759891167158400804e-08
-3.685440333826453953e-08
-3.612463725767897097e-08
-3.540932151366472382e-08
-3.470816997038640146e-08
-3.402090215787813279e-08
-3.334724315985108716e-08
-3.268692350372382210e-08
-3.203967905282950575e-08
-3.140525090075772843e-08
-3.078338526778851872e-08
-3.017383339937703298e-08
-2.957635146664834322e-08
-2.899070046886302599e-08
-2.841664613781307638e-08
-2.785395884411192004e-08
-2.730241350533948032e-08
-2.676178949600620897e-08
-2.623187055929995573e-08
-2.571244472058035955e-08
-2.520330420258616541e-08
-2.470424534232145312e-08
-2.421506850958808783e-08
-2.373557802713044155e-08
-2.326558209236224318e-08
-2.280489270064288338e-08
-2.235332557007307158e-08
-2.191070006777960336e-08
-2.147683913765981044e-08
-2.105156922955667917e-08
-2.063472022983677788e-08
-2.022612539334208168e-08
-1.982562127668999247e-08
-1.943304767289371785e-08
-1.904824754727735973e-08
-1.867106697465993446e-08
-1.830135507778324754e-08
-1.793896396695893330e-08
-1.758374868091084012e-08
-1.723556712878822021e-08
-1.689428003332774433e-08
-1.655975087514066733e-08
-1.623184583810327074e-08
-1.591043375582860906e-08
-1.559538605919822508e-08
-1.528657672493277436e-08
-1.498388222518098179e-08
-1.468718147810707794e-08
-1.439635579945611180e-08
-1.411128885507889891e-08
-1.383186661439674591e-08
-1.355797730478769732e-08
-1.328951136687600565e-08
-1.302636141070690809e-08
-1.276842217278918684e-08
-1.251559047398852266e-08
-1.226776517825422141e-08
-1.202484715216360361e-08
-1.178673922526728350e-08
-1.155334615121968901e-08
-1.132457456967925182e-08
-1.110033296896302577e-08
-1.088053164944076011e-08
-1.066508268765399991e-08
-1.045389990114529941e-08
-1.024689881398424748e-08
-1.004399662297592855e-08
-9.845112164538539676e-09
-9.650165882236879009e-09
-9.459079794958705892e-09
-9.271777465721263637e-09
-9.088183971095423338e-09
-8.908225871235456247e-09
-8.731831180501912837e-09
-8.558929338666537590e-09
-8.389451182687208820e-09
-8.223328919041794518e-09
-8.060496096609843301e-09
-7.900887580091252884e-09
-7.744439523951242146e-09
-7.591089346881409454e-09
-7.440775706766204956e-09
-7.293438476145372100e-09
-7.149018718162139380e-09
-7.007458662987691940e-09
-6.868701684712468327e-09
-6.732692278695038691e-09
-6.599376039359492703e-09
-6.468699638432566622e-09
-6.340610803611492406e-09
-6.215058297654466628e-09
-6.091991897885052158e-09
-5.971362376102431866e-09
-5.853121478889480791e-09
-5.737221908310745602e-09
-5.623617302992646018e-09
-5.512262219578287310e-09
-5.403112114549590623e-09
-5.296123326409168279e-09
-5.191253058215228189e-09
-5.088459360462205020e-09
-4.987701114300395615e-09
-4.888938015087875348e-09
-4.792130556268098656e-09
-4.697240013566739157e-09
-4.604228429501525006e-09
-4.513058598198642260e-09
-4.423694050509955712e-09
-4.336099039424847478e-09
-4.250238525770933512e-09
-4.166078164197929845e-09
-4.083584289439055283e-09
-4.002723902844458243e-09
-3.923464659181377906e-09
-3.845774853695529002e-09
-3.769623409428839798e-09
-3.694979864788237743e-09
-3.621814361360606550e-09
-3.550097631969021519e-09
-3.479800988965489859e-09
-3.410896312755510034e-09
-3.343356040549843560e-09
-3.277153155339084176e-09
-3.212261175086419066e-09
-3.148654142134507844e-09
-3.086306612822065895e-09
-3.025193647306056274e-09
-2.965290799585421678e-09
-2.906574107722358732e-09
-2.849020084257213748e-09
-2.792605706813222226e-09
-2.737308408887195246e-09
-2.683106070822655025e-09
-2.629977010961668774e-09
-2.577899976971894720e-09
-2.526854137345366951e-09
-2.476819073065615647e-09
-2.427774769439776352e-09
-2.379701608092483352e-09
-2.332580359118205382e-09
-2.286392173389061075e-09
-2.241118575014907213e-09
-2.196741453952738860e-09
-2.153243058762428082e-09
-2.110605989505912755e-09
-2.068813190786987862e-09
-2.027847944928914610e-09
-1.987693865287153206e-09
-1.948334889694444961e-09
-1.909755274035759254e-09
-1.871939585950430692e-09
-1.834872698659009662e-09
-1.798539784912348064e-09
-1.762926311060501311e-09
-1.728018031239070347e-09
-1.693800981670688432e-09
-1.660261475079289468e-09
-1.627386095215036744e-09
-1.595161691487640472e-09
-1.563575373705945690e-09
-1.532614506921682686e-09
-1.502266706375321077e-09
-1.472519832541993919e-09
-1.443361986275548610e-09
-1.414781504048696525e-09
-1.386766953287468685e-09
-1.359307127798028426e-09
-1.332391043284044207e-09
-1.306007932952824479e-09
-1.280147243208456868e-09
-1.254798629430230081e-09
-1.229951951834642426e-09
-1.205597271419371302e-09
-1.181724845987512517e-09
-1.158325126250589933e-09
-1.135388752008708607e-09
-1.112906548406349254e-09
-1.090869522262304140e-09
-1.069268858472284943e-09
-1.048095916482759330e-09
-1.027342226834628672e-09
-1.006999487775311122e-09
-9.870595619379427333e-10
-9.675144730863187710e-10
-9.483564029242945110e-10
-9.295776879683607227e-10
-9.111708164821485073e-10
-8.931284254716320298e-10
-8.754432977398454490e-10
-8.581083589998876453e-10
-8.411166750451271090e-10
-8.244614489754231893e-10
-8.081360184782752381e-10
-7.921338531638093202e-10
-7.764485519525342914e-10
-7.610738405148257186e-10
-7.460035687611068733e-10
-7.312317083817420385e-10
-7.167523504356160123e-10
-7.025597029864897025e-10
-6.886480887861456068e-10
-6.750119430034127607e-10
-6.616458109981606375e-10
-6.485443461393694693e-10
-6.357023076664051422e-10
-6.231145585926532876e-10
-6.107760636506435115e-10
-5.986818872778833179e-10
-5.868271916425658600e-10
-5.752072347083724184e-10
-5.638173683375943319e-10
-5.526530364318162687e-10
-5.417097731094146185e-10
-5.309832009191517717e-10
-5.204690290891272008e-10
-5.101630518104177031e-10
-5.000611465546970878e-10
-4.901592724251692162e-10
-4.804534685401554453e-10
-4.709398524486895148e-10
-4.616146185774848092e-10
-4.524740367086530942e-10
-4.435144504875739852e-10
-4.347322759602948682e-10
-4.261240001399074222e-10
-4.176861796013050704e-10
-4.094154391037665286e-10
-4.013084702408147560e-10
-3.933620301168102793e-10
-3.855729400497480996e-10
-3.779380842997483803e-10
-3.704544088227101757e-10
-3.631189200486590343e-10
-3.559286836842774858e-10
-3.488808235391486765e-10
-3.419725203752418675e-10
-3.352010107791795717e-10
-3.285635860568341739e-10
-3.220575911498189357e-10
-3.156804235734220548e-10
-3.094295323755830108e-10
-3.033024171164763052e-10
-2.972966268683022950e-10
-2.914097592348834682e-10
-2.856394593906738746e-10
-2.799834191387974833e-10
-2.744393759877376544e-10
-2.690051122463143848e-10
-2.636784541365722369e-10
-2.584572709242443567e-10
-2.533394740664290342e-10
-2.483230163761449882e-10
-2.434058912034290732e-10
-2.385861316326497266e-10
-2.338618096957133967e-10
-2.292310356008552366e-10
-2.246919569766920024e-10
-2.202427581312521172e-10
-2.158816593256740513e-10
-2.116069160622866841e-10
-2.074168183867874616e-10
-2.033096902042373384e-10
-1.992838886086002337e-10
-1.953378032255612697e-10
-1.914698555683512616e-10
-1.876784984063340361e-10
-1.839622151460926812e-10
-1.803195192247720021e-10
-1.767489535154335525e-10
-1.732490897441854008e-10
-1.698185279188535995e-10
-1.664558957689659690e-10
-1.631598481968280385e-10
-1.599290667394625039e-10
-1.567622590412087442e-10
-1.536581583367627780e-10
-1.506155229444542787e-10
-1.476331357695573163e-10
-1.447098038174362243e-10
-1.418443577163313790e-10
-1.390356512495968859e-10
-1.362825608971956333e-10
-1.335839853862783135e-10
-1.309388452506590558e-10
-1.283460823990146099e-10
-1.258046596916336556e-10
-1.233135605255472104e-10
-1.208717884278732500e-10
-1.184783666572162589e-10
-1.161323378129547238e-10
-1.138327634522701973e-10
-1.115787237147569933e-10
-1.093693169544658457e-10
-1.072036593792334899e-10
-1.050808846971540051e-10
-1.030001437700505353e-10
-1.009606042738082785e-10
-9.896145036543523421e-11
-9.700188235671197331e-11
-9.508111639430706616e-11
-9.319838414622500429e-11
-9.135293249446313370e-11
-8.954402323375437575e-11
-8.777093277627535486e-11
-8.603295186220123263e-11
-8.432938527599362738e-11
-8.265955156830322898e-11
-8.102278278338217315e-11
-7.941842419189265779e-11
-7.784583402900633581e-11
-7.630438323768991055e-11
-7.479345521707389835e-11
-7.331244557580382302e-11
-7.186076189027663562e-11
-7.043782346766183122e-11
-6.904306111361759117e-11
-6.767591690460522235e-11
-6.633584396471227361e-11
-6.502230624689492927e-11
-6.373477831855198557e-11
-6.247274515134483570e-11
-6.123570191517905218e-11
-6.002315377626646413e-11
-5.883461569918377056e-11
-5.766961225285275243e-11
-5.652767742036129092e-11
-5.540835441255039703e-11
-5.431119548529242465e-11
-5.323576176038748810e-11
-5.218162305000615144e-11
-5.114835768460924917e-11
-5.013555234427339036e-11
-4.914280189335818202e-11
-4.816970921844641228e-11
-4.721588506949337773e-11
-4.628094790412166834e-11
-4.536452373499913250e-11
-4.446624598023882359e-11
-4.358575531676195277e-11
-4.272269953656294678e-11
-4.187673340582214605e-11
-4.104751852680756203e-11
-4.023472320251125477e-11
-3.943802230396606661e-11
-3.865709714018978507e-11
-3.789163533070440958e-11
-3.714133068057972139e-11
-3.640588305795174550e-11
-3.568499827396519435e-11
-3.497838796509454690e-11
-3.428576947779466860e-11
-3.360686575543559377e-11
-3.294140522747620793e-11
-3.228912170083240807e-11
-3.164975425339619089e-11
-3.102304712966379326e-11
-3.040874963842940592e-11
-2.980661605250579000e-11
-2.921640551043002993e-11
-2.863788192011569745e-11
-2.807081386441293335e-11
-2.751497450853844223e-11
-2.697014150933848711e-11
-2.643609692634904702e-11
-2.591262713461613737e-11
-2.539952273924338044e-11
-2.489657849163113108e-11
-2.440359320737434833e-11
-2.392036968578608703e-11
-2.344671463101466268e-11
-2.298243857472267230e-11
-2.252735580029709097e-11
-2.208128426856045249e-11
-2.164404554495229177e-11
-2.121546472815323557e-11
-2.079537038012207268e-11
-2.038359445751825805e-11
-1.997997224448233718e-11
-1.958434228674738827e-11
-1.919654632705511542e-11
-1.881642924185109926e-11
-1.844383897923289010e-11
-1.807862649812750794e-11
-1.772064570867294265e-11
-1.736975341378027033e-11
-1.702580925185291456e-11
-1.668867564064011113e-11
-1.635821772220215209e-11
-1.603430330896560824e-11
-1.571680283084621232e-11
-1.540558928341932133e-11
-1.510053817711639284e-11
-1.480152748742750376e-11
-1.450843760608991668e-11
-1.422115129324317939e-11
-1.393955363053161604e-11
-1.366353197513541081e-11
-1.339297591471216713e-11
-1.312777722323019825e-11
-1.286782981767688604e-11
-1.261302971562399729e-11
-1.236327499363332668e-11
-1.211846574648597735e-11
-1.187850404721891805e-11
-1.164329390795286942e-11
-1.141274124149603402e-11
-1.118675382370770958e-11
-1.096524125660757341e-11
-1.074811493221524601e-11
-1.053528799710591525e-11
-1.032667531766780552e-11
-1.012219344604760268e-11
-9.921760586770162005e-12
-9.725296564019372665e-12
-9.532722789566538085e-12
-9.343962231334195896e-12
-9.158939382582211933e-12
-8.977580231704079882e-12
-8.799812232621296746e-12
-8.625564275763954102e-12
-8.454766659625975929e-12
-8.287351062883542032e-12
-8.123250517065780546e-12
-7.962399379766294380e-12
-7.804733308385456513e-12
-7.650189234392471971e-12
-7.498705338097125243e-12
-7.350221023921089851e-12
-7.204676896158876340e-12
-7.062014735218739697e-12
-6.922177474334168530e-12
-6.785109176736261681e-12
-6.650755013278377133e-12
-6.519061240503719996e-12
-6.389975179147239075e-12
-6.263445193063222579e-12
-6.139420668570147477e-12
-6.017851994204512310e-12
-5.898690540875676509e-12
-5.781888642413447320e-12
-5.667399576501060203e-12
-5.555177545985608843e-12
-5.445177660558572258e-12
-5.337355918799096941e-12
-5.231669190572834205e-12
-5.128075199779321048e-12
-5.026532507440948657e-12
-4.927000495126897858e-12
-4.829439348705114684e-12
-4.733810042416195724e-12
-4.640074323262552068e-12
-4.548194695706695652e-12
-4.458134406672526550e-12
-4.369857430843611227e-12
-4.283328456252560507e-12
-4.198512870155833325e-12
-4.115376745188087137e-12
-4.033886825790837248e-12
-3.954010514909779400e-12
-3.875715860955528188e-12
-3.798971545022558606e-12
-3.723746868361228516e-12
-3.650011740097849478e-12
-3.577736665197994317e-12
-3.506892732668010900e-12
-3.437451603990287543e-12
-3.369385501787459222e-12
-3.302667198711084687e-12
-3.237270006550344718e-12
-3.173167765556399869e-12
-3.110334833978146166e-12
-3.048746077805156124e-12
-2.988376860713789539e-12
-2.929203034212263840e-12
-2.871200927980984295e-12
-2.814347340404086633e-12
-2.758619529288482284e-12
-2.703995202766677059e-12
-2.650452510379728605e-12
-2.597970034336761279e-12
-2.546526780947600070e-12
-2.496102172224960789e-12
-2.446676037653017878e-12
-2.398228606118917898e-12
-2.350740498004073387e-12
-2.304192717432054760e-12
-2.258566644669988439e-12
-2.213844028680405726e-12
-2.170006979820616588e-12
-2.127037962686568232e-12
-2.084919789098478717e-12
-2.043635611225330282e-12
-2.003168914845509415e-12
-1.963503512740901684e-12
-1.924623538221786124e-12
-1.886513438779949080e-12
-1.849157969867464873e-12
-1.812542188798703167e-12
-1.776651448773011793e-12
-1.741471393015831613e-12
-1.706987949035786102e-12
-1.673187322995497153e-12
-1.640055994193868722e-12
-1.607580709657622339e-12
-1.575748478839928867e-12
-1.544546568424036470e-12
-1.513962497229742616e-12
-1.483984031220776663e-12
-1.454599178611016585e-12
-1.425796185067615090e-12
-1.397563529009109734e-12
-1.369889916996636894e-12
-1.342764279216400570e-12
-1.316175765051617858e-12
-1.290113738742100122e-12
-1.264567775129825008e-12
-1.239527655488730223e-12
-1.214983363437086846e-12
-1.190925080930812331e-12
-1.167343184336122988e-12
-1.144228240579951126e-12
-1.121571003376587417e-12
-1.099362409529057896e-12
-1.077593575303700795e-12
-1.056255792876570964e-12
-1.035340526850190186e-12
-1.014839410839273977e-12
-9.947442441240660640e-13
-9.750469883699412136e-13
-9.557397644119605241e-13
-9.368148491031149780e-13
-9.182646722249419670e-13
-9.000818134593509619e-13
-8.822589994203945319e-13
-8.647891007448165458e-13
-8.476651292402114012e-13
-8.308802350896549927e-13
-8.144277041116821595e-13
-7.983009550745377652e-13
-7.824935370635779673e-13
-7.669991269008298093e-13
-7.518115266156333561e-13
-7.369246609653704622e-13
-7.223325750052868927e-13
-7.080294317064349077e-13
-6.940095096207836205e-13
-6.802672005925618052e-13
-6.667970075149297370e-13
-6.535935421310489823e-13
-6.406515228787173046e-13
-6.279657727776714274e-13
-6.155312173587251240e-13
-6.033428826339147451e-13
-5.913958931068367177e-13
-5.796854698223832562e-13
-5.682069284551034305e-13
-5.569556774353990627e-13
-5.459272161128435850e-13
-5.351171329558597874e-13
-5.245211037870485246e-13
-5.141348900534601488e-13
-5.039543371311162897e-13
-4.939753726631040386e-13
-4.841940049305847937e-13
-4.746063212560439630e-13
-4.652084864381741669e-13
-4.559967412177421702e-13
-4.469674007738348608e-13
-4.381168532498819129e-13
-4.294415583088648892e-13
-4.209380457171351110e-13
-4.126029139562728688e-13
-4.044328288624401405e-13
-3.964245222926620163e-13
-3.885747908175317079e-13
-3.808804944397946885e-13
-3.733385553383079004e-13
-3.659459566368702711e-13
-3.586997411974317819e-13
-3.515970104371979793e-13
-3.446349231691630247e-13
-3.378106944655892810e-13
-3.311215945440043973e-13
-3.245649476752506032e-13
-3.181381311131572223e-13
-3.118385740454074182e-13
-3.056637565651788654e-13
-2.996112086631464231e-13
-2.936785092394496793e-13
-2.878632851352143491e-13
-2.821632101832614471e-13
-2.765760042776081612e-13
-2.710994324613950522e-13
-2.657313040328738530e-13
-2.604694716690971537e-13
-2.553118305669606039e-13
-2.502563176012531075e-13
-2.453009104993823503e-13
-2.404436270324338133e-13
-2.356825242222560054e-13
-2.310156975642426909e-13
-2.264412802655054020e-13
-2.219574424981316474e-13
-2.175623906672291511e-13
-2.132543666934633467e-13
-2.090316473098051721e-13
-2.048925433721966932e-13
-2.008353991838741188e-13
-1.968585918330660841e-13
-1.929605305438075236e-13
-1.891396560396078616e-13
-1.853944399197197224e-13
-1.817233840477576683e-13
-1.781250199524261159e-13
-1.745979082401074806e-13
-1.711406380190880252e-13
-1.677518263351818025e-13
-1.644301176185304726e-13
-1.611741831413573556e-13
-1.579827204864585512e-13
-1.548544530262186985e-13
-1.517881294119423618e-13
-1.487825230733000511e-13
-1.458364317276804937e-13
-1.429486768992636654e-13
-1.401181034476143261e-13
-1.373435791056103166e-13
-1.346239940265206820e-13
-1.319582603400521731e-13
-1.293453117171861812e-13
-1.267841029436346546e-13
-1.242736095017378357e-13
-1.218128271606452404e-13
-1.194007715746096104e-13
-1.170364778892353356e-13
-1.147190003555239269e-13
-1.124474119515617840e-13
-1.102208040116986967e-13
-1.080382858630709934e-13
-1.058989844693182066e-13
-1.038020440813584513e-13
-1.017466258950769151e-13
-9.973190771579319916e-14
-9.775708362937228232e-14
-9.582136367984827011e-14
-9.392397355343144217e-14
-9.206415426877196380e-14
-9.024116187335877697e-14
-8.845426714592646866e-14
-8.670275530475847686e-14
-8.498592572176453120e-14
-8.330309164222008277e-14
-8.165357991005521263e-14
-8.003673069858327275e-14
-7.845189724656114109e-14
-7.689844559947715071e-14
-7.537575435595923096e-14
-7.388321441920715865e-14
-7.242022875334542068e-14
-7.098621214460093916e-14
-6.958059096720975904e-14
-6.820280295395903185e-14
-6.685229697127248492e-14
-6.552853279875053124e-14
-6.423098091307349964e-14
-6.295912227618618348e-14
-6.171244812767550688e-14
-6.049045978125951944e-14
-5.929266842530624588e-14
-5.811859492730254525e-14
-5.696776964219469941e-14
-5.583973222452391482e-14
-5.473403144428284321e-14
-5.365022500641629267e-14
-5.258787937389817964e-14
-5.154656959431070144e-14
-5.052587912985769805e-14
-4.952539969074401390e-14
-4.854473107185409693e-14
-4.758348099266445392e-14
-4.664126494032693553e-14
-4.571770601585735006e-14
-4.481243478337166158e-14
-4.392508912230641724e-14
-4.305531408256576018e-14
-4.220276174253663347e-14
-4.136709106991551581e-14
-4.054796778529078721e-14
-3.974506422842709480e-14
-3.895805922719603766e-14
-3.818663796910356724e-14
-3.743049187536070053e-14
-3.668931847744785417e-14
-3.596282129612342929e-14
-3.525070972282812284e-14
-3.455269890343768402e-14
-3.386850962431728926e-14
-3.319786820063289869e-14
-3.254050636687289992e-14
-3.189616116953884787e-14
-3.126457486196044304e-14
-3.064549480119337384e-14
-3.003867334695881938e-14
-2.944386776258403986e-14
-2.886084011790432137e-14
-2.828935719408821085e-14
-2.772919039034619119e-14
-2.718011563248777422e-14
-2.664191328328872962e-14
-2.611436805463324469e-14
-2.559726892139582834e-14
-2.509040903702844219e-14
-2.459358565081902589e-14
-2.410660002678887471e-14
-2.362925736419505559e-14
-2.316136671960788496e-14
-2.270274093053089158e-14
-2.225319654053336012e-14
-2.181255372586528647e-14
-2.138063622352548422e-14
-2.095727126075404573e-14
-2.054228948592084094e-14
-2.013552490078292646e-14
-1.973681479408256705e-14
-1.934599967646088131e-14
-1.896292321665988040e-14
-1.858743217898789262e-14
-1.821937636202323151e-14
-1.785860853853163676e-14
-1.750498439657334907e-14
-1.715836248177665770e-14
-1.681860414075388916e-14
-1.648557346563847123e-14
-1.615913723971988321e-14
-1.583916488415522138e-14
-1.552552840573590068e-14
-1.521810234568867921e-14
-1.491676372949041948e-14
-1.462139201767684285e-14
-1.433186905762482983e-14
-1.404807903628999925e-14
-1.376990843387990826e-14
-1.349724597844459162e-14
-1.322998260136633311e-14
-1.296801139373073978e-14
-1.271122756356176232e-14
-1.245952839390345991e-14
-1.221281320173202533e-14
-1.197098329768096165e-14
-1.173394194656421056e-14
-1.150159432868072954e-14
-1.127384750188535747e-14
-1.105061036441070892e-14
-1.083179361842526184e-14
-1.061730973431298637e-14
-1.040707291566049350e-14
-1.020099906493708605e-14
-9.999005749854785618e-15
-9.801012170394284402e-15
-9.606939126483843445e-15
-9.416708986318226918e-15
-9.230245655304930679e-15
-9.047474545625305821e-15
-8.868322546398567597e-15
-8.692717994436266724e-15
-8.520590645576190077e-15
-8.351871646583734771e-15
-8.186493507609686365e-15
-8.024390075193383931e-15
-7.865496505800451986e-15
-7.709749239884525393e-15
-7.557085976462554264e-15
-7.407445648193684532e-15
-7.260768396951350139e-15
-7.116995549879332969e-15
-6.976069595921806696e-15
-6.837934162818149874e-15
-6.702533994553291481e-15
-6.569814929254567521e-15
-6.439723877526221085e-15
-6.312208801213038012e-15
-6.187218692584246622e-15
-6.064703553929838662e-15
-5.944614377560794132e-15
-5.826903126205355314e-15
-5.711522713793477942e-15
-5.598426986621767354e-15
-5.487570704891375449e-15
-5.378909524611544142e-15
-5.272399979861308241e-15
-5.167999465402620071e-15
-5.065666219637670688e-15
-4.965359307903675521e-15
-4.867038606098550888e-15
-4.770664784630544120e-15
-4.676199292686135939e-15
-4.583604342808923629e-15
-4.492842895784407119e-15
-4.403878645823542712e-15
-4.316676006040203522e-15
-4.231200094215697713e-15
-4.147416718845631884e-15
-4.065292365462760603e-15
-3.984794183230666091e-15
-3.905889971803190145e-15
-3.828548168443635607e-15
-3.752737835399474342e-15
-3.678428647526617690e-15
-3.605590880159141763e-15
-3.534195397218940455e-15
-3.464213639560836081e-15
-3.395617613548711076e-15
-3.328379879857486639e-15
-3.262473542497219357e-15
-3.197872238054154302e-15
-3.134550125145198528e-15
-3.072481874080838443e-15
-3.011642656733081339e-15
-2.952008136603810190e-15
-2.893554459089792406e-15
-2.836258241940671569e-15
-2.780096565905588042e-15
-2.725046965565334535e-15
-2.671087420345731952e-15
-2.618196345709260198e-15
-2.566352584520803592e-15
-2.515535398584646559e-15
-2.465724460348860468e-15
-2.416899844773960502e-15
-2.369042021362748503e-15
-2.322131846347712247e-15
-2.276150555033402754e-15
-2.231079754290169549e-15
-2.186901415196778828e-15
-2.143597865828556735e-15
-2.101151784188336586e-15
-2.059546191277537758e-15
-2.018764444304216871e-15
-1.978790230025850491e-15
-1.939607558223701411e-15
-1.901200755306635038e-15
-1.863554458041359016e-15
-1.826653607407023623e-15
-1.790483442571370641e-15
-1.755029494986163907e-15
-1.720277582599669481e-15
-1.686213804183542715e-15
-1.652824533772252264e-15
-1.620096415212412919e-15
-1.588016356820243668e-15
-1.556571526144625035e-15
-1.525749344834027918e-15
-1.495537483604971374e-15
-1.465923857310111379e-15
-1.436896620104098436e-15
-1.408444160704993657e-15
-1.380555097749686496e-15
-1.353218275241116561e-15
-1.326422758085793773e-15
-1.300157827719587524e-15
-1.274412977820128621e-15
-1.249177910104206453e-15
-1.224442530208244460e-15
-1.200196943650492707e-15
-1.176431451873031894e-15
-1.153136548362290315e-15
-1.130302914846244416e-15
-1.107921417567043914e-15
-1.085983103627360509e-15
-1.064479197409087764e-15
-1.043401097063031755e-15
-1.022740371067993481e-15
-1.002488754858109830e-15
-9.826381475168572347e-16
-9.631806085366351076e-16
-9.441083546423998579e-16
-9.254137566783010809e-16
-9.070893365558948527e-16
-8.891277642627902772e-16
-8.715218549305918474e-16
-8.542645659608060252e-16
-8.373489942077564316e-16
-8.207683732171863054e-16
-8.045160705196272370e-16
-7.885855849773057212e-16
-7.729705441835841992e-16
-7.576647019139529761e-16
-7.426619356274126016e-16
-7.279562440174196913e-16
-7.135417446112411967e-16
-6.994126714169290533e-16
-6.855633726168052788e-16
-6.719883083066950866e-16
-6.586820482798760876e-16
-6.456392698549085693e-16
-6.328547557465261428e-16
-6.203233919786135971e-16
-6.080401658385858508e-16
-5.960001638721994762e-16
-5.841985699181409570e-16
-5.726306631814636829e-16
-5.612918163452363803e-16
-5.501774937195419384e-16
-5.392832494271289792e-16
-5.286047256250299648e-16
-5.181376507613341003e-16
-5.078778378665406462e-16
-4.978211828786849423e-16
-4.879636630016850426e-16
-4.783013350961581587e-16
-4.688303341021026484e-16
-4.595468714928457160e-16
-4.504472337595558251e-16
-4.415277809258163321e-16
-4.327849450915595362e-16
-4.242152290058852669e-16
-4.158152046680887913e-16
-4.075815119564363125e-16
-3.995108572840618512e-16
-3.916000122814806884e-16
-3.838458125052179500e-16
-3.762451561719670473e-16
-3.687950029178565251e-16
-3.614923725822427427e-16
-3.543343440156270563e-16
-3.473180539111359794e-16
-3.404406956591785219e-16
-3.336995182247570002e-16
-3.270918250470091806e-16
-3.206149729605649906e-16
-3.142663711382260413e-16
-3.080434800546187438e-16
-3.019438104703323178e-16
-2.959649224362051956e-16
-2.901044243173062265e-16
-2.843599718362426771e-16
-2.787292671354324971e-16
-2.732100578579142250e-16
-2.678001362463904764e-16
-2.624973382600793760e-16
-2.572995427090854565e-16
-2.522046704058795689e-16
-2.472106833336098813e-16
-2.423155838308617606e-16
-2.375174137925617913e-16
-2.328142538867216287e-16
-2.282042227866659585e-16
-2.236854764184900576e-16
-2.192562072233927813e-16
-2.149146434346414665e-16
-2.106590483688292925e-16
-2.064877197311894047e-16
-2.023989889346497863e-16
-1.983912204323717359e-16
-1.944628110635196128e-16
-1.906121894119635127e-16
-1.868378151777033620e-16
-1.831381785607170033e-16
-1.795117996570299059e-16
-1.759572278667294637e-16
-1.724730413137021104e-16
-1.690578462768726682e-16
-1.657102766326874783e-16
-1.624289933086563270e-16
-1.592126837476962674e-16
-1.560600613831004867e-16
-1.529698651238854267e-16
-1.499408588503453209e-16
-1.469718309195845158e-16
-1.440615936808410594e-16
-1.412089830004178267e-16
-1.384128577960052567e-16
-1.356720995802415018e-16
-1.329856120132942870e-16
-1.303523204643184894e-16
-1.277711715815815736e-16
-1.252411328711156765e-16
-1.227611922837031200e-16
-1.203303578100409081e-16
-1.179476570839297383e-16
-1.156121369933076925e-16
-1.133228632989994814e-16
-1.110789202610017250e-16
-1.088794102721804207e-16
-1.067234534992135807e-16
-1.046101875306440203e-16
-1.025387670319085493e-16
-1.005083634071869144e-16
-9.851816446795824164e-17
-9.656737410810907921e-17
-9.465521198548600270e-17
-9.278091320974278783e-17
-9.094372803637879782e-17
-8.914292156682921588e-17
-8.737777345449387182e-17
-8.564757761659345810e-17
-8.395164195172199964e-17
-8.228928806300197392e-17
-8.065985098671169760e-17
-7.906267892629569042e-17
-7.749713299163276002e-17
-7.596258694347536586e-17
-7.445842694294390517e-17
-7.298405130598134397e-17
-7.153887026267536641e-17
-7.012230572133826743e-17
-6.873379103726673818e-17
-6.737277078607238538e-17
-6.603870054150806768e-17
-6.473104665768856928e-17
-6.344928605562381595e-17
-6.219290601398351626e-17
-6.096140396399818265e-17
-5.975428728842843142e-17
-5.857107312450807100e-17
-5.741128817079599591e-17
-5.627446849784587171e-17
-5.516015936263114923e-17
-5.406791502664046356e-17
-5.299729857757520005e-17
-5.194788175458140371e-17
-5.091924477693672673e-17
-4.991097617613551151e-17
-4.892267263129295043e-17
-4.795393880781424856e-17
-4.700438719925270094e-17
-4.607363797230439197e-17
-4.516131881486868541e-17
-4.426706478711755327e-17
-4.339051817551698237e-17
-4.253132834973426832e-17
-4.168915162238368650e-17
-4.086365111154452841e-17
-4.005449660600593429e-17
-3.926136443317710814e-17
-3.848393732961311186e-17
-3.772190431410723693e-17
-3.697496056329216328e-17
-3.624280728970872438e-17
-3.552515162228477796e-17
-3.482170648918500439e-17
-3.413219050297626444e-17
-3.345632784807066351e-17
-3.279384817039484917e-17
-3.214448646924408969e-17
-3.150798299128013150e-17
-3.088408312662449915e-17
-3.027253730701300258e-17
-2.967310090596330650e-17
-2.908553414092283025e-17
-2.850960197735080523e-17
-2.794507403470281828e-17
-2.739172449427486662e-17
-2.684933200887229461e-17
-2.631767961426932455e-17
-2.579655464241895274e-17
-2.528574863638437736e-17
-2.478505726695198801e-17
-2.429428025089821159e-17
-2.381322127087303284e-17
-2.334168789686988047e-17
-2.287949150925229010e-17
-2.242644722330220288e-17
-2.198237381526487197e-17
-2.154709364985571613e-17
-2.112043260920506659e-17
-2.070222002320747755e-17
-2.029228860125244931e-17
-1.989047436530552406e-17
-1.949661658431443690e-17
-1.911055770991557158e-17
-1.873214331341136971e-17
-1.836122202399790277e-17
-1.799764546821346515e-17
-1.764126821058824799e-17
-1.729194769546718175e-17
-1.694954418998668190e-17
-1.661392072817923466e-17
-1.628494305618483775e-17
-1.596247957854849618e-17
-1.564640130557936453e-17
-1.533658180175403606e-17
-1.503289713513978890e-17
-1.473522582782089654e-17
-1.444344880730553571e-17
-1.415744935889487945e-17
-1.387711307899638902e-17
-1.360232782936004066e-17
-1.333298369222232169e-17
-1.306897292633688014e-17
-1.281018992387736635e-17
-1.255653116819211961e-17
-1.230789519239679913e-17
-1.206418253878598362e-17
-1.182529571904850613e-17
-1.159113917527144488e-17
-1.136161924171499135e-17
-1.113664410734558179e-17
-1.091612377910960102e-17
-1.069997004593559785e-17
-1.048809644344806070e-17
-1.028041821938105610e-17
-1.007685229967594680e-17
-9.877317255250458146e-18
-9.681733269426460353e-18
-9.490022106001661506e-18
-9.302107077954644967e-18
-9.117913016768492362e-18
-8.937366242362843270e-18
-8.760394533620674384e-18
-8.586927099498709390e-18
-8.416894550710492572e-18
-8.250228871969257821e-18
-8.086863394781387137e-18
-7.926732770777653466e-18
-7.769772945573467202e-18
-7.615921133145809623e-18
-7.465115790718380730e-18
-7.317296594143495255e-18
-7.172404413771470067e-18
-7.030381290798338604e-18
-6.891170414081144139e-18
-6.754716097413128148e-18
-6.620963757248111035e-18
-6.489859890866734343e-18
-6.361352054974276890e-18
-6.235388844722968220e-18
-6.111919873149219772e-18
-5.990895751018037696e-18
-5.872268067066981399e-18
-5.755989368640662158e-18
-5.642013142709387725e-18
-5.530293797263001191e-18
-5.420786643073754227e-18
-5.313447875819895441e-18
-5.208234558563242353e-18
-5.105104604574104844e-18
-5.004016760495729265e-18
-4.904930589842701094e-18
-4.807806456825520794e-18
-4.712605510496046521e-18
-4.619289669206314910e-18
-4.527821605375616201e-18
-4.438164730558859522e-18
-4.350283180810613884e-18
-4.264141802339272019e-18
-4.179706137444817428e-18
-4.096942410735528482e-18
-4.015817515617133045e-18
-3.936299001049959332e-18
-3.858355058567864556e-18
-3.781954509554616501e-18
-3.707066792771950224e-18
-3.633661952134582902e-18
-3.561710624727567677e-18
-3.491184029060525323e-18
-3.422053953554872613e-18
-3.354292745258612786e-18
-3.287873298784956051e-18
-3.222769045469731899e-18
-3.158953942743499462e-18
-3.096402463714334188e-18
-3.035089586956549593e-18
-2.974990786501969440e-18
-2.916082022029042232e-18
-2.858339729246558603e-18
-2.801740810467458370e-18
-2.746262625369587232e-18
-2.691882981939206876e-18
-2.638580127593834976e-18
-2.586332740481056254e-18
-2.535119920949347967e-18
-2.484921183188087182e-18
-2.435716447032808221e-18
-2.387486029933011682e-18
-2.340210639078743270e-18
-2.293871363683330877e-18
-2.248449667418767411e-18
-2.203927381000884358e-18
-2.160286694921507315e-18
-2.117510152324290135e-18
-2.075580642021862250e-18
-2.034481391651006627e-18
-1.994195960963591520e-18
-1.954708235250210347e-18
-1.916002418894039084e-18
-1.878063029052478726e-18
-1.840874889463700083e-18
-1.804423124376045962e-18
-1.768693152597424936e-18
-1.733670681662745181e-18
-1.699341702116635625e-18
-1.665692481909564509e-18
-1.632709560904797909e-18
-1.600379745494133051e-18
-1.568690103320358189e-18
-1.537627958104047041e-18
-1.507180884572968116e-18
-1.477336703491720795e-18
-1.448083476789965723e-18
-1.419409502786953631e-18
-1.391303311510768892e-18
-1.363753660110156179e-18
-1.336749528357202688e-18
-1.310280114239166060e-18
-1.284334829637450257e-18
-1.258903296092291481e-18
-1.233975340651161570e-18
-1.209540991799516263e-18
-1.185590475472027500e-18
-1.162114211142803117e-18
-1.139102807993106535e-18
-1.116547061154839075e-18
-1.094437948028534186e-18
-1.072766624674133524e-18
-1.051524422273355829e-18
-1.030702843661992456e-18
-1.010293559930981722e-18
-9.902884070947111090e-19
-9.706793828252929693e-19
-9.514586432515759349e-19
-9.326184998214371855e-19
-9.141514162263126840e-19
-8.960500053865205448e-19
-8.783070264963818322e-19
-8.609153821277519237e-19
-8.438681153909981271e-19
-8.271584071521314452e-19
-8.107795733050457423e-19
-7.947250620978261447e-19
-7.789884515119153563e-19
-7.635634466932662178e-19
-7.484438774342706381e-19
-7.336236957056335700e-19
-7.190969732370635329e-19
-7.048578991458708352e-19
-6.909007776125721615e-19
-6.772200256024465964e-19
-6.638101706322877352e-19
-6.506658485812972420e-19
-6.377818015454041807e-19
-6.251528757339955369e-19
-6.127740194083633468e-19
-6.006402808609280951e-19
-5.887468064344767750e-19
-5.770888385806655558e-19
-5.656617139569027675e-19
-5.544608615609836752e-19
-5.434818009025949682e-19
-5.327201402110918271e-19
-5.221715746786992962e-19
-5.118318847385587342e-19
-5.016969343768333745e-19
-4.917626694782367618e-19
-4.820251162043580425e-19
-4.724803794040448408e-19
-4.631246410553189997e-19
-4.539541587380894842e-19
-4.449652641371581384e-19
-4.361543615748341131e-19
-4.275179265726058572e-19
-4.190525044413247689e-19
-4.107547088992584490e-19
-4.026212207175572082e-19
-3.946487863924946114e-19
-3.868342168440458847e-19
-3.791743861401902942e-19
-3.716662302465166816e-19
-3.643067458005601549e-19
-3.570929889104092522e-19
-3.500220739771284807e-19
-3.430911725404592346e-19
-3.362975121474185267e-19
-3.296383752432610411e-19
-3.231110980844401208e-19
-3.167130696730560662e-19
-3.104417307124385790e-19
-3.042945725833864881e-19
-2.982691363406806825e-19
-2.923630117294880954e-19
-2.865738362212106488e-19
-2.808992940684591626e-19
-2.753371153787069552e-19
-2.698850752063167197e-19
-2.645409926625265998e-19
-2.593027300430598253e-19
-2.541681919730279467e-19
-2.491353245687379562e-19
-2.442021146161257701e-19
-2.393665887654299224e-19
-2.346268127418390180e-19
-2.299808905717423959e-19
-2.254269638243272765e-19
-2.209632108681763511e-19
-2.165878461425866506e-19
-2.122991194433319254e-19
-2.080953152225456552e-19
-2.039747519024911205e-19
-1.999357812028957032e-19
-1.959767874816288479e-19
-1.920961870884119482e-19
-1.882924277313470792e-19
-1.845639878559752275e-19
-1.809093760366304286e-19
-1.773271303798587726e-19
-1.738158179396310575e-19
-1.703740341441555602e-19
-1.670004022340205718e-19
-1.636935727114809649e-19
-1.604522228006371469e-19
-1.572750559183039597e-19
-1.541608011553679053e-19
-1.511082127683976602e-19
-1.481160696813388811e-19
-1.451831749970588405e-19
-1.423083555185801281e-19
-1.394904612797778660e-19
-1.367283650853851840e-19
-1.340209620600967643e-19
-1.313671692066014060e-19
-1.287659249723752603e-19
-1.262161888250390257e-19
-1.237169408361386561e-19
-1.212671812731530865e-19
-1.188659301995949345e-19
-1.165122270830159634e-19
-1.142051304107872844e-19
-1.119437173134791097e-19
-1.097270831956983322e-19
-1.075543413742438928e-19
-1.054246227234154124e-19
-1.033370753273574149e-19
-1.012908641392756409e-19
-9.928517064741246111e-20
-9.731919254762889118e-20
-9.539214342247021398e-20
-9.350325242659340545e-20
-9.165176397841321998e-20
-8.983693745786484870e-20
-8.805804691014081241e-20
-8.631438075530438440e-20
-8.460524150364322338e-20
-8.292994547666846082e-20
-8.128782253363229972e-20
-7.967821580346109976e-20
-7.810048142200222352e-20
-7.655398827446523609e-20
-7.503811774297201912e-20
-7.355226345909704145e-20
-7.209583106131615128e-20
-7.066823795724982629e-20
-6.926891309062214764e-20
-6.789729671282902982e-20
-6.655284015902993028e-20
-6.523500562867793694e-20
-6.394326597038862665e-20
-6.267710447107618271e-20
-6.143601464925757370e-20
-6.021950005245648362e-20
-5.902707405861415117e-20
-5.785825968143300623e-20
-5.671258937957858193e-20
-5.558960486965354109e-20
-5.448885694288135670e-20
-5.340990528541372586e-20
-5.235231830220219397e-20
-5.131567294435139683e-20
-5.029955453989643759e-20
-4.930355662792746388e-20
-4.832728079599883405e-20
-4.737033652076127915e-20
-4.643234101174459730e-20
-4.551291905823907915e-20
-4.461170287920355025e-20
-4.372833197615064836e-20
-4.286245298894009248e-20
-4.201371955443212031e-20
-4.118179216793661170e-20
-4.036633804740586775e-20
-3.956703100031938864e-20
-3.878355129320020000e-20
-3.801558552371948464e-20
-3.726282649532921402e-20
-3.652497309438139005e-20
-3.580173016967771410e-20
-3.509280841440441800e-20
-3.439792425040748503e-20
-3.371679971475558090e-20
-3.304916234855313884e-20
-3.239474508795125578e-20
-3.175328615732046907e-20
-3.112452896453518885e-20
-3.050822199833497511e-20
-2.990411872771602779e-20
-2.931197750331485276e-20
-2.873156146074678886e-20
-2.816263842585541849e-20
-2.760498082184143916e-20
-2.705836557822731635e-20
-2.652257404162769732e-20
-2.599739188828357354e-20
-2.548260903833127866e-20
-2.497801957176715343e-20
-2.448342164607625325e-20
-2.399861741549393433e-20
-2.352341295186347605e-20
-2.305761816706361613e-20
-2.260104673696942387e-20
-2.215351602692133010e-20
-2.171484701866831498e-20
-2.128486423875776722e-20
-2.086339568834484378e-20
-2.045027277438943219e-20
-2.004533024221785979e-20
-1.964840610941766553e-20
-1.925934160104361711e-20
-1.887798108610449255e-20
-1.850417201530958853e-20
-1.813776486004652081e-20
-1.777861305256742837e-20
-1.742657292736082518e-20
-1.708150366368244647e-20
-1.674326722922608005e-20
-1.641172832490782587e-20
-1.608675433074561387e-20
-1.576821525280850074e-20
-1.545598367121818638e-20
-1.514993468917899806e-20
-1.484994588301720034e-20
-1.455589725321063013e-20
-1.426767117638645763e-20
-1.398515235827109399e-20
-1.370822778757012443e-20
-1.343678669076299198e-20
-1.317072048779180462e-20
-1.290992274862758719e-20
-1.265428915069751114e-20
-1.240371743715372870e-20
-1.215810737597000170e-20
-1.191736071984683290e-20
-1.168138116691194915e-20
-1.145007432219757523e-20
-1.122334765988177391e-20
-1.100111048627663440e-20
-1.078327390354935697e-20
-1.056975077416247981e-20
-1.036045568601707932e-20
-1.015530491828741086e-20
-9.954216407930855789e-21
-9.757109716862199934e-21
-9.563905999776748889e-21
-9.374527972611657335e-21
-9.188899881631049027e-21
-9.006947473123326719e-21
-8.828597963699152547e-21
-8.653780011176603837e-21
-8.482423686043858118e-21
-8.314460443485961957e-21
-8.149823095966409051e-21
-7.988445786351060190e-21
-7.830263961564224750e-21
-7.675214346766980657e-21
-7.523234920045945538e-21
-7.374264887604119742e-21
-7.228244659442123797e-21
-7.085115825521837679e-21
-6.944821132401179723e-21
-6.807304460332331984e-21
-6.672510800812936806e-21
-6.540386234581815311e-21
-6.410877910050886469e-21
-6.283934022163443407e-21
-6.159503791671814514e-21
-6.037537444824622450e-21
-5.917986193456976281e-21
-5.800802215474204082e-21
-5.685938635722683912e-21
-5.573349507239019222e-21
-5.462989792870527526e-21
-5.354815347260058601e-21
-5.248782899186945720e-21
-5.144850034258248935e-21
-5.042975177942135304e-21
-4.943117578937762705e-21
-4.845237292874115506e-21
-4.749295166331607272e-21
-4.655252821180446300e-21
-4.563072639228588363e-21
-4.472717747174234654e-21
-4.384152001855750491e-21
-4.297339975794179419e-21
-4.212246943021524696e-21
-4.128838865190121758e-21
-4.047082377956742329e-21
-3.966944777636334749e-21
-3.888394008120312590e-21
-3.811398648053455046e-21
-3.735927898265172253e-21
-3.661951569449205053e-21
-3.589440070087715474e-21
-3.518364394614074420e-21
-3.448696111810430746e-21
-3.380407353434763170e-21
-3.313470803073143725e-21
-3.247859685212977613e-21
-3.183547754532246618e-21
-3.120509285401220225e-21
-3.058719061591678151e-21
-2.998152366190236701e-21
-2.938784971711190922e-21
-2.880593130405130934e-21
-2.823553564759673519e-21
-2.767643458187983183e-21
-2.712840445901992136e-21
-2.659122605966031026e-21
-2.606468450527915673e-21
-2.554856917223369383e-21
-2.504267360750925426e-21
-2.454679544613476233e-21
-2.406073633023352487e-21
-2.358430182967864151e-21
-2.311730136431701337e-21
-2.265954812773607059e-21
-2.221085901253739710e-21
-2.177105453709263302e-21
-2.133995877374714985e-21
-2.091739927844774386e-21
-2.050320702176223904e-21
-2.009721632126503317e-21
-1.969926477526293327e-21
-1.930919319783116497e-21
-1.892684555513800588e-21
-1.855206890302807431e-21
-1.818471332584357348e-21
-1.782463187645561401e-21
-1.747168051748303769e-21
-1.712571806367642901e-21
-1.678660612544111471e-21
-1.645420905348049801e-21
-1.612839388453353530e-21
-1.580903028818862162e-21
-1.549599051474874788e-21
-1.518914934413073965e-21
-1.488838403577518396e-21
-1.459357427954826471e-21
-1.430460214761685276e-21
-1.402135204727495844e-21
-1.374371067470592646e-21
-1.347156696965859740e-21
-1.320481207102251552e-21
-1.294333927328125718e-21
-1.268704398382947110e-21
-1.243582368113414930e-21
-1.218957787372438454e-21
-1.194820805999406772e-21
-1.171161768879923070e-21
-1.147971212083697819e-21
-1.125239859078784956e-21
-1.102958617020901876e-21
-1.081118573116145979e-21
-1.059710991055735342e-21
-1.038727307521422763e-21
-1.018159128759993306e-21
-9.979982272257112673e-22
-9.782365382891327185e-22
-9.588661570112046379e-22
-9.398793349811268016e-22
-9.212684772169331635e-22
-9.030261391273761126e-22
-8.851450235339727187e-22
-8.676179777520803552e-22
-8.504379907296764933e-22
-8.335981902428947480e-22
-8.170918401469951700e-22
-8.009123376818630865e-22
-7.850532108307718487e-22
-7.695081157315286161e-22
-7.542708341388284369e-22
-7.393352709368570442e-22
-7.246954517012006559e-22
-7.103455203089543347e-22
-6.962797365962367184e-22
-6.824924740620060624e-22
-6.689782176174214216e-22
-6.557315613797168891e-22
-6.427472065097635980e-22
-6.300199590924958918e-22
-6.175447280592388823e-22
-6.053165231512493106e-22
-5.933304529235105070e-22
-5.815817227881235487e-22
-5.700656330963740618e-22
-5.587775772588397148e-22
-5.477130399026797251e-22
-5.368675950654150028e-22
-5.262369044245101841e-22
-5.158167155619570911e-22
-5.056028602632802393e-22
-4.955912528501665617e-22
-4.857778885461679014e-22
-4.761588418747091931e-22
-4.667302650888695032e-22
-4.574883866322218888e-22
-4.484295096301504393e-22
-4.395500104110740572e-22
-4.308463370569039371e-22
-4.223150079822540597e-22
-4.139526105417358915e-22
-4.057557996648762614e-22
-3.977212965180348849e-22
-3.898458871928191767e-22
-3.821264214204978480e-22
-3.745598113118289265e-22
-3.671430301218848054e-22
-3.598731110392924036e-22
-3.527471459994904625e-22
-3.457622845214438322e-22
-3.389157325674309729e-22
-3.322047514253843018e-22
-3.256266566133611026e-22
-3.191788168057322103e-22
-3.128586527805975847e-22
-3.066636363880818141e-22
-3.005912895390220476e-22
-2.946391832137173377e-22
-2.888049364902708404e-22
-2.830862155922042918e-22
-2.774807329549098767e-22
-2.719862463105878729e-22
-2.666005577913236325e-22
-2.613215130498955779e-22
-2.561470003980225970e-22
-2.510749499616459037e-22
-2.461033328529645136e-22
-2.412301603588475660e-22
-2.364534831453174877e-22
-2.317713904778023666e-22
-2.271820094568030989e-22
-2.226835042687220170e-22
-2.182740754514998298e-22
-2.139519591748195716e-22
-2.097154265345385700e-22
-2.055627828611143682e-22
-2.014923670417097344e-22
-1.975025508557210405e-22
-1.935917383234785019e-22
-1.897583650678215833e-22
-1.860008976883383815e-22
-1.823178331479742411e-22
-1.787076981718074190e-22
-1.751690486577091611e-22
-1.717004690986924718e-22
-1.683005720166865473e-22
-1.649679974075236621e-22
-1.617014121969276007e-22
-1.584995097072567112e-22
-1.553610091348248324e-22
-1.522846550375534999e-22
-1.492692168327863713e-22
-1.463134883050361796e-22
-1.434162871234794485e-22
-1.405764543690158311e-22
-1.377928540706765060e-22
-1.350643727512289840e-22
-1.323899189817633025e-22
-1.297684229451137294e-22
-1.271988360079099821e-22
-1.246801303011165039e-22
-1.222112983088682848e-22
-1.197913524654484151e-22
-1.174193247602549098e-22
-1.150942663505765538e-22
-1.128152471820499203e-22
-1.105813556166186533e-22
-1.083916980678725507e-22
-1.062453986435947310e-22
-1.041415987953985603e-22
-1.020794569752944581e-22
-1.000581482990573266e-22
-9.807686421626695568e-23
-9.613481218687135195e-23
-9.423121536416576260e-23
-9.236531228403813093e-23
-9.053635656037804469e-23
-8.874361658651026924e-23
-8.698637524254046489e-23
-8.526392960850207465e-23
-8.357559068317405532e-23
-8.192068310847594134e-23
-8.029854489931099586e-23
-7.870852717876786456e-23
