-1.399999999999999911e+00
-1.090321096299966763e+00
-8.491429235976867274e-01
-6.613131738374204982e-01
-5.150312176400192454e-01
-4.011067156042660842e-01
-3.123822242078017064e-01
-2.432835208306231844e-01
-1.894693965312577721e-01
-1.475589143866100628e-01
-1.149189980734583172e-01
-8.949900568939059275e-02
-6.970189571500952364e-02
-5.428389096441080947e-02
-4.227633679124589983e-02
-3.292484419841274629e-02
-2.564189444422784736e-02
-1.996992747259895493e-02
-1.555259515353922713e-02
-1.211237328436888701e-02
-9.433125798719653454e-03
-7.346525758853937604e-03
-5.721480013849693236e-03
-4.455893115113533122e-03
-3.470253047332901453e-03
-2.702635790718793066e-03
-2.104814870168601228e-03
-1.639231469107644114e-03
-1.276634751776322633e-03
-9.942441443795686611e-04
-7.743181182069670777e-04
-6.030395568059625407e-04
-4.696476790635165837e-04
-3.657619802223345453e-04
-2.848557166149018414e-04
-2.218458551620517414e-04
-1.727737257213513749e-04
-1.345563128859525567e-04
-1.047925618427808319e-04
-8.161252922321633372e-05
-6.355990166747879178e-05
-4.950050119057397080e-05
-3.855102908964602000e-05
-3.002357164322482853e-05
-2.338238110634392229e-05
-1.821021671569466899e-05
-1.418213103808299341e-05
-1.104505475808031135e-05
-8.601897294659492543e-06
-6.699164348980611748e-06
-5.217314440910139314e-06
-4.063248572110565672e-06
-3.164461169773475766e-06
-2.464484837018637080e-06
-1.919342720937717936e-06
-1.494785614048695691e-06
-1.164140206744994859e-06
-9.066333046179091922e-07
-7.060867275950432169e-07
-5.499008963673454722e-07
-4.282632487025560473e-07
-3.335317534502545004e-07
-2.597547907662369541e-07
-2.022972344552942679e-07
-1.575492446069627551e-07
-1.226994750722108905e-07
-9.555844726868817616e-08
-7.442099356194189624e-08
-5.795912806299232902e-08
-4.513861432159426379e-08
-3.515398818041574250e-08
-2.737795352299069313e-08
-2.132197164259767883e-08
-1.660556821188136219e-08
-1.293242952675883210e-08
-1.007178624245553675e-08
-7.843915012552174626e-09
-6.108847154121182116e-09
-4.757574947293099079e-09
-3.705203094472763577e-09
-2.885615071413980852e-09
-2.247319277259856014e-09
-1.750214012941439549e-09
-1.363068043821338978e-09
-1.061558459907666758e-09
-8.267425598521654642e-10
-6.438677530113243196e-10
-5.014447102396452553e-10
-3.905255330016494184e-10
-3.041415909110623581e-10
-2.368657091661182394e-10
-1.844711997813365162e-10
-1.436663148438264445e-10
-1.118874385013550435e-10
-8.713802472070895394e-11
-6.786316188778356833e-11
-5.285188361990736687e-11
-4.116108834998261599e-11
-3.205628783903774177e-11
-2.496546207140494433e-11
-1.944312141094962732e-11
-1.514231818019997096e-11
-1.179284925625610485e-11
-9.184280235415290241e-12
-7.152724639288654978e-12
-5.570547550172135283e-12
-4.338346794210555782e-12
-3.378707880566499244e-12
-2.631340343154716292e-12
-2.049289919776272443e-12
-1.595988594262097444e-12
-1.242957166984352052e-12
-9.680160149716282612e-13
-7.538916304855649186e-13
-5.871313921731362079e-13
-4.572583879902426361e-13
-3.561131906327691650e-13
-2.773412317268571140e-13
-2.159935684468642678e-13
-1.682159602448050055e-13
-1.310067215637624298e-13
-1.020281373414756805e-13
-7.945959325685810947e-14
-6.188319345097641558e-14
-4.819467951857966946e-14
-3.753405414894524507e-14
-2.923155076304306933e-14
-2.276555462464946342e-14
-1.772983176873184386e-14
-1.380800686521263261e-14
-1.075368655928293218e-14
-8.374979513273988462e-15
-6.522440603144756359e-15
-5.079681849265862574e-15
-3.956060201961855063e-15
-3.080982783165512755e-15
-2.399471804158817884e-15
-1.868710520036644022e-15
-1.455353216338310696e-15
-1.133430224529764076e-15
-8.827163464205783925e-16
-6.874601818222760863e-16
-5.353945279335989565e-16
-4.169656776068319697e-16
-3.247331962340997389e-16
-2.529024675163970428e-16
-1.969606397424605140e-16
-1.533931004656731196e-16
-1.194626667604169040e-16
-9.303761842081098345e-17
-7.245777008122615293e-17
-5.643016807886674245e-17
-4.394785908867240940e-17
-3.422662707256983229e-17
-2.665572396601033137e-17
-2.075949869806405868e-17
-1.616751384222209872e-17
-1.259127244064034823e-17
-9.806092836636102562e-18
-7.636992780043089991e-18
-5.947695957408224111e-18
-4.632070269100154143e-18
-3.607459952816973307e-18
-2.809492636152592205e-18
-2.188035065068984235e-18
-1.704043422063417102e-18
-1.327110351490665813e-18
-1.033554580963097826e-18
-8.049331170010982893e-19
-6.268825418405621516e-19
-4.882166144792224948e-19
-3.802234816648887041e-19
-2.961183452627512457e-19
-2.306171991724393044e-19
-1.796048553052298799e-19
-1.398764019551393994e-19
-1.089358513758731429e-19
-8.483932635608018028e-20
-6.607293380136572394e-20
-5.145765258432872511e-20
-4.007526012769150880e-20
-3.121064396923639435e-20
-2.430687396340412527e-20
-1.893021247671707347e-20
-1.474286430057533644e-20
-1.148175426200353148e-20
-8.941999210281791337e-21
-6.964035987191342306e-21
-5.423596680162061195e-21
-4.223901341573685251e-21
-3.289577672433943712e-21
-2.561925667265764951e-21
-1.995229715837309028e-21
-1.553886465101432880e-21
-1.210167995825053272e-21
-9.424797827965041156e-22
-7.340039928708848893e-22
-5.716428844253830784e-22
-4.451959260276848902e-22
-3.467189358105602334e-22
-2.700249787149484996e-22
-2.102956648720412903e-22
-1.637784284788674877e-22
-1.275507683495460807e-22
-9.933663827198583950e-23
-7.736345167390347135e-23
-6.025071674474281015e-23
-4.692330538141910428e-23
-3.654390697534786290e-23
-2.846042336888949289e-23
-2.216500000623484836e-23
-1.726211936163339219e-23
-1.344375207631214607e-23
-1.047000464444972300e-23
-8.154047815858691113e-24
-6.350378824192427101e-24
-4.945680001081129514e-24
-3.851699457662570501e-24
-2.999706553783315150e-24
-2.336173813070870908e-24
-1.819413995010504147e-24
-1.416961044045253871e-24
-1.103530370684119027e-24
-8.594303168318697186e-25
-6.693250037439656350e-25
-5.212708370450714306e-25
-4.059661360829883054e-25
-3.161667446819038210e-25
-2.462309083394036113e-25
-1.917648242311108482e-25
-1.493465952767394582e-25
-1.163112453505728537e-25
-9.058328895903643599e-26
-7.054633637448091529e-26
-5.494154201126447624e-26
-4.278851594152326314e-26
-3.332372972172160764e-26
-2.595254680213663424e-26
-2.021186377220129545e-26
-1.574101533312292773e-26
-1.225911506777512690e-26
-9.547408414545728319e-27
-7.435529149550732433e-27
-5.790795924220368274e-27
-4.509876400389521872e-27
-3.512295272178608515e-27
-2.735378308350693751e-27
-2.130314768540054851e-27
-1.659090809927573436e-27
-1.292101221958165400e-27
-1.006289443468538371e-27
-7.836990065697858915e-28
-6.103454000088312478e-28
-4.753374754709076666e-28
-3.701931981199275941e-28
-2.883067525835073561e-28
-2.245335246768092918e-28
-1.748668848440816836e-28
-1.361864668498279933e-28
-1.060621270263739543e-28
-8.260126758235884607e-29
-6.432993187583172840e-29
-5.010020131982787178e-29
-3.901807601991698277e-29
-3.038730815825095308e-29
-2.366565938907792742e-29
-1.843083406411503419e-29
-1.435394800179191362e-29
-1.117886594396176969e-29
-8.706109551007685873e-30
-6.780324935830223514e-30
-5.280522369503150022e-30
-4.112474956395123509e-30
-3.202798716402064148e-30
-2.494342148354017807e-30
-1.942595618386119225e-30
-1.512894988790189849e-30
-1.178243801974604031e-30
-9.176171956268509935e-31
-7.146409905139780085e-31
-5.565629630272104877e-31
-4.334516714341328986e-31
-3.375725011365119848e-31
-2.629017282284882579e-31
-2.047480718151723244e-31
-1.594579586620164314e-31
-1.241859830729461056e-31
-9.671614086370266772e-32
-7.532260624029593324e-32
-5.866130472292155433e-32
-4.568547005420160788e-32
-3.557987985319743431e-32
-2.770963829125666304e-32
-2.158028799985607387e-32
-1.680674519319435218e-32
-1.308910631734133085e-32
-1.019380624965029975e-32
-7.938944289705835045e-33
-6.182856029583162825e-33
-4.815213117457123948e-33
-3.750091746531308673e-33
-2.920574388788195666e-33
-2.274545621006536523e-33
-1.771417910771525632e-33
-1.379581656055575909e-33
-1.074419274047028164e-33
-8.367585719748358357e-34
-6.516682310957126425e-34
-5.075197286800982836e-34
-3.952567621202474637e-34
-3.078262758535167224e-34
-2.397353446846731105e-34
-1.867060741703165829e-34
-1.454068367680303680e-34
-1.132429583388779885e-34
-8.819370463164064832e-35
-6.868532622908992728e-35
-5.349218585273013038e-35
-4.165975623030735042e-35
-3.244465077472720918e-35
-2.526791942983581258e-35
-1.967867543854129547e-35
-1.532576784134398205e-35
-1.193571999600924724e-35
-9.295548079413028737e-36
-7.239380123324759354e-36
-5.638034908996886126e-36
-4.390906002110691871e-36
-3.419641032836738322e-36
-2.663219114196359636e-36
-2.074117131626858104e-36
-1.615324046292813246e-36
-1.258015632166913306e-36
-9.797435594476604714e-37
-7.630250513070033766e-37
-5.942445074609932384e-37
-4.627980877465027403e-37
-3.604275131409251032e-37
-2.807012294746315365e-37
-2.186103373239491350e-37
-1.702539018953955763e-37
-1.325938721170962204e-37
-1.032642114352642448e-37
-8.042224872903490660e-38
-6.263291028653568598e-38
-4.877855957719504015e-38
-3.798878039581467122e-38
-2.958569192018810247e-38
-2.304136003515183024e-38
-1.794462923840641616e-38
-1.397529130279694450e-38
-1.088396781026925503e-38
-8.476442653561659793e-39
-6.601460176253677831e-39
-5.141222354681058873e-39
-4.003987995769820254e-39
-3.118308986514041008e-39
-2.428541480555734270e-39
-1.891350006778194671e-39
-1.472984866340964892e-39
-1.147161767358671991e-39
-8.934104827285106272e-40
-6.957887835531658347e-40
-5.418808494835057790e-40
-4.220172299091524486e-40
-3.286673491228730048e-40
-2.559663888668963064e-40
-1.993468240894985695e-40
-1.552514627036990965e-40
-1.209099607266218412e-40
-9.416477209502590004e-41
-7.333559824534654971e-41
-5.711382134048584063e-41
-4.448028878417068637e-41
-3.464128373635435972e-41
-2.697865890047149532e-41
-2.101100067790352520e-41
-1.636338378106508644e-41
-1.274381610239141416e-41
-9.924893959860412940e-42
-7.729515187839944921e-42
-6.019752481052065904e-42
-4.688187946139381140e-42
-3.651164443639271515e-42
-2.843529727828735239e-42
-2.214543178719837771e-42
-1.724687961732447585e-42
-1.343188335151055491e-42
-1.046076127228018630e-42
-8.146849070374834411e-43
-6.344772435572467832e-43
-4.941313741233702345e-43
-3.848299011074300646e-43
-2.997058283317578764e-43
-2.334111337958370535e-43
-1.817807737777823544e-43
-1.415710089654627988e-43
-1.102556126425112856e-43
-8.586715746400529256e-44
-6.687340947308293689e-44
-5.208106366429169871e-44
-4.056077316494206928e-44
-3.158876190283850536e-44
-2.460135250618678920e-44
-1.915955259643394079e-44
-1.492147456540052094e-44
-1.162085607611397822e-44
-9.050331812037659412e-45
-7.048405502270974622e-45
-5.489303724573433969e-45
-4.275074039214569368e-45
-3.329431009428540697e-45
-2.592963477325165422e-45
-2.019401986616391928e-45
-1.572711848512796754e-45
-1.224829219167442676e-45
-9.538979550163417537e-46
-7.428964743369387410e-46
-5.785683559545936963e-46
-4.505894886777728527e-46
-3.509194466259934262e-46
-2.732963398273077528e-46
-2.128434034680560564e-46
-1.657626092925050078e-46
-1.290960499209622552e-46
-1.005401047698705625e-46
-7.830071232485628546e-47
-6.098065607364688010e-47
-4.749178270236420405e-47
-3.698663755805825127e-47
-2.880522229339399669e-47
-2.243352967864113592e-47
-1.747125048078131623e-47
-1.360662355566914805e-47
-1.059684908011295532e-47
-8.252834361681466761e-48
-6.427313863436124141e-48
-5.005597069889749917e-48
-3.898362917770066848e-48
-3.036048093055854727e-48
-2.364476632314345404e-48
-1.841456252800450084e-48
-1.434127571672725583e-48
-1.116899675843010944e-48
-8.698423421587351362e-49
-6.774338972218878754e-49
-5.275860496355198931e-49
-4.108844285936919401e-49
-3.199971147406139823e-49
-2.492140035405803764e-49
-1.940880611097638726e-49
-1.511559339770947916e-49
-1.177203597472509972e-49
-9.168070835460656295e-50
-7.140100745910868396e-50
-5.560716052124106009e-50
-4.330690015831985523e-50
-3.372744775569464550e-50
-2.626696272313488365e-50
-2.045673113768484898e-50
-1.593171822911015231e-50
-1.240763463250396335e-50
-9.663075567857968578e-51
-7.525610819125945400e-51
-5.860951599025924121e-51
-4.564513694864991500e-51
-3.554846839901007235e-51
-2.768517502613813872e-51
-2.156123598982528283e-51
-1.679190747286328638e-51
-1.307755068912850236e-51
-1.018480671734926777e-51
-7.931935446902513521e-52
-6.177397537319511720e-52
-4.810962039407804355e-52
-3.746781003617600579e-52
-2.917995979614451946e-52
-2.272537553922946171e-52
-1.769854026554365274e-52
-1.378363701802618762e-52
-1.073470730321079852e-52
-8.360198453782898999e-53
-6.510929102438469597e-53
-5.070716683501479209e-53
-3.949078123844189194e-53
-3.075545135260009248e-53
-2.395236959711944707e-53
-1.865412419865233757e-53
-1.452784653342168287e-53
-1.131429825657000080e-53
-8.811584342120147878e-54
-6.862468785742901118e-54
-5.344496064139644194e-54
-4.162297719873995808e-54
-3.241600723614191175e-54
-2.524561181955564634e-54
-1.966130225418665168e-54
-1.531223759176414384e-54
-1.192518262704131730e-54
-9.287341568209291022e-55
-7.232988885973005434e-55
-5.633057408342544845e-55
-4.387029520703351610e-55
-3.416622026081140385e-55
-2.660867909371001924e-55
-2.072286011467708425e-55
-1.613897968478969650e-55
-1.256905001648770956e-55
-9.788785995304284002e-56
-7.623514198461376741e-56
-5.937198827517693898e-56
-4.623895096121407209e-56
-3.601093121699380284e-56
-2.804534143092527544e-56
-2.184173386790951853e-56
-1.701035943996515749e-56
-1.324768125217092842e-56
-1.031730453307108862e-56
-8.035124849541918661e-57
-6.257761524899751307e-57
-4.873549575866034538e-57
-3.795524226021780581e-57
-2.955957239392250650e-57
-2.302101812764273028e-57
-1.792878694490916515e-57
-1.396295331221563835e-57
-1.087435897354300631e-57
-8.468959283994851071e-58
-6.595632122175034111e-58
-5.136683461600828790e-58
-4.000453102284660300e-58
-3.115556008699723911e-58
-2.426397459278165623e-58
-1.889680241328302729e-58
-1.471684451701043533e-58
-1.146149003418783740e-58
-8.926217413790590815e-59
-6.951745111725722935e-59
-5.414024536724803939e-59
-4.216446548769076862e-59
-3.283771873960080035e-59
-2.557404106867964854e-59
-1.991708321058797960e-59
-1.551144000090424673e-59
-1.208032161926934129e-59
-9.408163936841384394e-60
-7.327085441276221137e-60
-5.706339879297010921e-60
-4.444101966468098639e-60
-3.461070091534524900e-60
-2.695484097552107287e-60
-2.099245125930100160e-60
-1.634893747933191980e-60
-1.273256531128913757e-60
-9.916131834939787291e-61
-7.722691238090391969e-61
-6.014437983643475852e-61
-4.684049011395939747e-61
-3.647941038019997651e-61
-2.841019337008287844e-61
-2.212588084383058101e-61
-1.723165332731985163e-61
-1.342002510493168061e-61
-1.045152606055870362e-61
-8.139656680254313786e-62
-6.339170996514451492e-62
-4.936951336108992661e-62
-3.844901566547102267e-62
-2.994412350859354505e-62
-2.332050683687951724e-62
-1.816202898618381762e-62
-1.414460239660551010e-62
-1.101582742271004366e-62
-8.579135022986036562e-63
-6.681437073976840496e-63
-5.203508425255479264e-63
-4.052496436307620085e-63
-3.156087397990452062e-63
-2.457963336996757113e-63
-1.914263771613877684e-63
-1.490830124338108857e-63
-1.161059668260959002e-63
-9.042341788342604349e-64
-7.042182865560507861e-64
-5.484457530230552781e-64
-4.271299819265418760e-64
-3.326491643976657644e-64
-2.590674297209506277e-64
-2.017619171349724592e-64
-1.571323390587044473e-64
-1.223747887047605167e-64
-9.530558127146521267e-65
-7.422406132529252422e-65
-5.780575708287780040e-65
-4.501916888218063563e-65
-3.506096397866609965e-65
-2.730550620182347621e-65
-2.126554961214122761e-65
-1.656162669037939903e-65
-1.289820783540375413e-65
-1.004513436243017536e-65
-7.823158507518096688e-66
-6.092681971746816531e-66
-4.744985490601451991e-66
-3.695398415742864886e-66
-2.877979179941371939e-66
-2.241372439001540506e-66
-1.745582610649064252e-66
-1.359461104089318408e-66
-1.058749372419877921e-66
-8.245548403169593112e-67
-6.421639553241650647e-67
-5.001177912666903834e-67
-3.894921274664398836e-67
-3.033367738710108546e-67
-2.362389170250968948e-67
-1.839830535710861160e-67
-1.432861461930301149e-67
-1.115913628584156323e-67
-8.690744077813939697e-68
-6.768358293274669254e-68
-5.271202738910149750e-68
-4.105216820791359242e-68
-3.197146074710213246e-68
-2.489939866577982856e-68
-1.939167117891642035e-68
-1.510224869920330172e-68
-1.176164311307863740e-68
-9.159976866672039618e-69
-7.133797156680137232e-69
-5.555806811895052927e-69
-4.326866695697312067e-69
-3.369767170854648960e-69
-2.624377311429913373e-69
-2.043867105216444562e-69
-1.591765302036452384e-69
-1.239668063691880479e-69
-9.654544587518486974e-70
-7.518966884957191197e-70
-5.855777297892622986e-70
-4.560483945090529326e-70
-3.551708467621074100e-70
-2.766073335824632042e-70
-2.154220079973156346e-70
-1.677708285191238712e-70
-1.306600526272320479e-70
-1.017581513022392963e-70
-7.924932791808246824e-71
-6.171943864048516423e-71
-4.806714714393736707e-71
-3.743473183570686599e-71
-2.915419846771655549e-71
-2.270531259647680768e-71
-1.768291523001716844e-71
-1.377146822812264351e-71
-1.072523024010488807e-71
-8.352817709614797444e-72
-6.505180973100703327e-72
-5.066240035872030937e-72
-3.945591707164839716e-72
-3.072829911220018581e-72
-2.393122341103385890e-72
-1.863765553236990514e-72
-1.451502072322478342e-72
-1.130430950554513195e-72
-8.803805095000073347e-73
-6.856410301994081813e-73
-5.339777712251838252e-73
-4.158623063728966821e-73
-3.238738898530923708e-73
-2.522332390339702724e-73
-1.964394440762929104e-73
-1.529871928727283669e-73
-1.191465456091768986e-73
-9.279142302067980761e-74
-7.226603291081542758e-74
-5.628084302040696854e-74
-4.383156461621176174e-74
-3.413605684635059972e-74
-2.658518780290783464e-74
-2.070456507900498418e-74
-1.612473149668194651e-74
-1.255795351643204719e-74
-9.780144032371580412e-75
-7.616783830962113448e-75
-5.931957212038909444e-75
-4.619812921881970167e-75
-3.597913921205073432e-75
-2.802058179258019902e-75
-2.182245104217781069e-75
-1.699534196018547371e-75
-1.323598562715875273e-75
-1.030819597115309581e-75
-8.028031094387532456e-76
-6.252236902830596472e-76
-4.869246995872403595e-76
-3.792173373353514239e-76
-2.953347592710247780e-76
-2.300069417884789069e-76
-1.791295863767264208e-76
-1.395062621414513908e-76
-1.086475861991270468e-76
-8.461482521069809497e-77
-6.589809213354172927e-77
-5.132148575651387954e-77
-3.996921329556096069e-77
-3.112805461333088333e-77
-2.424255330835155058e-77
-1.888011950019446351e-77
-1.470385185123314951e-77
-1.145137133590630318e-77
-8.918336963645269708e-78
-6.945607810981591219e-78
-5.409244802099328886e-78
-4.212724087699883348e-78
-3.280872818364439576e-78
-2.555146320099912385e-78
-1.989949954955830263e-78
-1.549774583192507335e-78
-1.206965658974484854e-78
-9.399858003496230993e-79
-7.320616773882876739e-79
-5.701302076065644881e-79
-4.440178521366550950e-79
-3.458014509417102287e-79
-2.693104407806319722e-79
-2.097391821692613825e-79
-1.633450393141767971e-79
-1.272132445287102899e-79
-9.907377445601368184e-80
-7.715873312818320581e-80
-6.009128178102663284e-80
-4.679913730682798204e-80
-3.644720478162382930e-80
-2.838511162469249001e-80
-2.210634716087975226e-80
-1.721644047974147670e-80
-1.340817732732489470e-80
-1.044229900208088555e-80
-8.132470639886343595e-81
-6.333574502648692988e-81
-4.932592782303885835e-81
-3.841507121430626268e-81
-2.991768754344550125e-81
-2.329991848652096811e-81
-1.814599476280243455e-81
-1.413211493088014828e-81
-1.100610217462455222e-81
-8.571560992161492947e-82
-6.675538412839678997e-82
-5.198914543342784583e-82
-4.048918717476675803e-82
-3.153301067763303748e-82
-2.455793340833958188e-82
-1.912573776903028007e-82
-1.489513955133912637e-82
-1.160034634654076433e-82
-9.034358818585459486e-83
-7.035965722462407808e-83
-5.479615614317285572e-83
-4.267528931360598950e-83
-3.323554873523510377e-83
-2.588387138080894107e-83
-2.015837930029352622e-83
-1.569936158451899759e-83
-1.222667509574452773e-83
-9.522144138925481317e-84
-7.415853311913953413e-84
-5.775472366461258178e-84
-4.497942401607287096e-84
-3.503001064581830901e-84
-2.728139972196294891e-84
-2.124677546674875004e-84
-1.654700537124624012e-84
-1.288682074061331557e-84
-1.003626608409047164e-84
-7.816251885402639862e-85
-6.087303089034921766e-85
-4.740796412533378536e-85
-3.692135958463102453e-85
-2.875438375657156127e-85
-2.239393658635361680e-85
-1.744041534950357871e-85
-1.358260913128393544e-85
-1.057814662759674468e-85
-8.238268877016484009e-86
-6.415970252573221790e-86
-4.996762656866864412e-86
-3.891482669989867085e-86
-3.030689750696909818e-86
-2.360303551089234297e-86
-1.838206253874513343e-86
-1.431596469964224575e-86
-1.114928451850397078e-86
-8.683071513696784169e-87
-6.762382894332063956e-87
-5.266549093534485188e-87
-4.101592558128654633e-87
-3.194323496110442854e-87
-2.487741640154200242e-87
-1.937455137431432496e-87
-1.508891578197315944e-87
-1.175125942669917499e-87
-9.151890043588546536e-88
-7.127499132530153806e-88
-5.550901905755242429e-88
-4.323046750954736290e-88
-3.366792194897841699e-88
-2.622060397825132665e-88
-2.042062691086732845e-88
-1.590360022899247771e-88
-1.238573631199391473e-88
-9.646021138696796671e-89
-7.512328816340389049e-89
-5.850607564855774602e-89
-4.556457752953162950e-89
-3.548572866031696600e-89
-2.763631326851424916e-89
-2.152318241472555424e-89
-1.676227131877695453e-89
-1.305447002911883996e-89
-1.016683148125993954e-89
-7.917936318960252269e-90
-6.166495005515761765e-90
-4.802471139101581773e-90
-3.740168283810133425e-90
-2.912845988250164332e-90
-2.268526736615628305e-90
-1.766730398894669951e-90
-1.375931018135224336e-90
-1.071576154375948022e-90
-8.345443481486330288e-91
-6.499437918459705142e-91
-5.061767340420399974e-91
-3.942108368444670200e-91
-3.070117084297047107e-91
-2.391009589371438926e-91
-1.862120140533714862e-91
-1.450220623620691504e-91
-1.129432957302095691e-91
-8.796032715735246571e-92
-6.850357166936305693e-92
-5.335063525928805565e-92
-4.154951651729044422e-92
-3.235879599990407006e-92
-2.520105566397313283e-92
-1.962660188532833820e-92
-1.528521291732442020e-92
-1.190413578942541148e-92
-9.270950274592847311e-93
-7.220223333668965288e-93
-5.623115586211819563e-93
-4.379286821842786729e-93
-3.410592006145445984e-93
-2.656171725123147058e-93
-2.068628619498031498e-93
-1.611049588748986028e-93
-1.254686681284575174e-93
-9.771509698936894178e-94
-7.610059405321879178e-94
-5.926720224084589094e-94
-4.615734351562210205e-94
-3.594737527446232783e-94
-2.799584401311292071e-94
-2.180318524015724373e-94
-1.698033773848535565e-94
-1.322430032754932373e-94
-1.029909545066684982e-94
-8.020943601906486455e-95
-6.246717158136345779e-95
-4.864948214382167489e-95
-3.788825478962664259e-95
-2.950740249937013753e-95
-2.298038817291259259e-95
-1.789714430434917863e-95
-1.393830999896907318e-95
-1.085516674188910689e-95
-8.454012358953907165e-96
-6.583991445248637711e-96
-5.127617693295069606e-96
-3.993392674828990787e-96
-3.110057342268430095e-96
-2.422115093555625859e-96
-1.886345131550190443e-96
-1.469087065594220234e-96
-1.144126157084851145e-96
-8.910463470701593955e-97
-6.939475928511548647e-97
-5.404469287229957885e-97
-4.209004912980048493e-97
-3.277976322180252637e-97
-2.552890526603504059e-97
-1.988193141214380485e-97
-1.548406375274955761e-97
-1.205900097576891052e-97
-9.391559402987661686e-98
-7.314153817308407795e-98
-5.696268720424492398e-98
-4.436258540051744390e-98
-3.454961624899505547e-98
-2.690726818953388528e-98
-2.095540153632129158e-98
-1.632008312606274304e-98
-1.271009351836808539e-98
-9.898630785015851885e-99
-7.709061406705059733e-99
-6.003823060287447720e-99
-4.675782100774022962e-99
-3.641502761554067110e-99
-2.836005202254991263e-99
-2.208683072310764845e-99
-1.720124106272179999e-99
-1.339634000944774184e-99
-1.043308008964869122e-99
-8.125290943665085394e-100
-6.327982949609362634e-100
-4.928238076418269911e-100
-3.838115673076862412e-100
-2.989127491710892663e-100
-2.327934831244707469e-100
-1.812997469512576750e-100
-1.411963848962870449e-100
-1.099638551240798233e-100
-8.563993648018388392e-101
-6.669644959295259020e-101
-5.194324717107395556e-101
-4.045344157210393451e-101
-3.150517197428786767e-101
-2.453625260437466554e-101
-1.910885274192478785e-101
-1.488198947900718688e-101
-1.159010505991120516e-101
-9.026382896538698293e-102
-7.029754068126674618e-102
-5.474777973056448412e-102
-4.263761372558440286e-102
-3.320620695778121272e-102
-2.586101998155114184e-102
-2.014058261265727938e-102
-1.568550151025180846e-102
-1.221588085905181301e-102
-9.513737578936538877e-103
-7.409306276411626916e-103
-5.770373530085250539e-103
-4.493971423844900358e-103
-3.499908463990924387e-103
-2.725731452434369422e-103
-2.122801789598244872e-103
-1.653239696044492775e-103
-1.287544369884182268e-103
-1.002740563504979696e-103
-7.809351360751400484e-104
-6.081928955032931686e-104
-4.736611032764298194e-104
-3.688876381421490983e-104
-2.872899814504667828e-104
-2.237416625221929075e-104
-1.742501819779818235e-104
-1.357061781747870364e-104
-1.056880778301517411e-104
-8.230995777543376755e-105
-6.410305957008208386e-105
-4.992351299045283870e-105
-3.888047101064012253e-105
-3.028014126927158892e-105
-2.358219773202147653e-105
-1.836583406024303093e-105
-1.430332594787675235e-105
-1.113944144873195996e-105
-8.675405723250515427e-106
-6.756412770729647681e-106
-5.261899556597890071e-106
-4.097971495121514564e-106
-3.191503409404931508e-106
-2.485545354419619227e-106
-1.935744668381492092e-106
-1.507559463561802813e-106
-1.174088490748639267e-106
-9.143810359901640089e-107
-7.121206668547823181e-107
-5.546001329878353990e-107
-4.319230178624315215e-107
-3.363819845378260741e-107
-2.619745529691721603e-107
-2.040259869971724839e-107
-1.588955984403142034e-107
-1.237480164919161933e-107
-9.637505214743746186e-108
-7.505696608097176685e-108
-5.845442395882469117e-108
-4.552435115312056344e-108
-3.545440032686790571e-108
-2.761191473789179688e-108
-2.150418081997099712e-108
-1.674747286190249898e-108
-1.304294497931676793e-108
-1.015785576344914711e-108
-7.910946022900578728e-109
-6.161050957470586837e-109
-4.798231310220921309e-109
-3.736866301757786760e-109
-2.910274402042109003e-109
-2.266523983263059029e-109
-1.765170653015390212e-109
-1.374716286823048978e-109
-1.070630120678804636e-109
-8.338075763644856009e-110
-6.493699934035316914e-110
-5.057298593657434790e-110
-3.938628104966324882e-110
-3.067406652374816895e-110
-2.388898702867943946e-110
-1.860476180471818389e-110
-1.448940306237148514e-110
-1.128435845121212267e-110
-8.788267198262427269e-111
-6.844309375847519134e-111
-5.330353501493006321e-111
-4.151283481010157878e-111
-3.233022825762098874e-111
-2.517880708391248570e-111
-1.960927467375488285e-111
-1.527171847138256671e-111
-1.189362630435878397e-111
-9.262765479393277910e-112
-7.213849008758262399e-112
-5.618151256979812874e-112
-4.375420598349475614e-112
-3.407580988261326386e-112
-2.653826742037152664e-112
-2.066802344834369689e-112
-1.609627284610822967e-112
-1.253578989708008022e-112
-9.762882988264571071e-113
-7.603340916294945385e-113
-5.921487859569357083e-113
-4.611659381980431968e-113
-3.591563937944951371e-113
-2.797112807322546661e-113
-2.178393644681855161e-113
-1.696534676316000229e-113
-1.321262534422693572e-113
-1.029000296451302675e-113
-8.013862366569822775e-114
-6.241202286511040151e-114
-4.860653228041840769e-114
-3.785480540237537468e-114
-2.948135209038558654e-114
-2.296010009399609311e-114
-1.788134393260199422e-114
-1.392600465707954851e-114
-1.084558333198958295e-114
-8.446548791819663606e-115
-6.578178813319983130e-115
-5.123090810997327546e-115
-3.989867135350637447e-115
-3.107311649361939136e-115
-2.419976745769977154e-115
-1.884679784620248225e-115
-1.467790092101095859e-115
-1.143116073112782928e-115
-8.902596928817446440e-116
-6.933349459532111142e-116
-5.399697988391309890e-116
-4.205289021708241579e-116
-3.275082383147961058e-116
-2.550636724618994882e-116
-1.986437878463956472e-116
-1.547039375270429390e-116
-1.204835476902907497e-116
-9.383268128841938902e-117
-7.307696566511057004e-117
-5.691239808447027752e-117
-4.432342019465697755e-117
-3.451911435600177662e-117
-2.688351329138555858e-117
-2.093690120304159102e-117
-1.630567505201743238e-117
-1.269887249901904570e-117
-9.889891846359961173e-118
-7.702255514436639231e-118
-5.998522626059300190e-118
-4.671654118446523458e-118
-3.638287885684906011e-118
-2.833501454410610525e-118
-2.206733151528948525e-118
-1.718605506440374041e-118
-1.338451314206591680e-118
-1.042386931607044592e-118
-8.118117585989651954e-119
-6.322396333034483836e-119
-4.923887215055035250e-119
-3.834727218840140128e-119
-2.986488560897931744e-119
-2.325879629861102110e-119
-1.811396877065655629e-119
-1.410717306311829973e-119
-1.098667742848036182e-119
-8.556432984653433863e-120
-6.663756708746092620e-120
-5.189738942968784239e-120
-4.041772752720254245e-120
-3.147735784815201470e-120
-2.451459094115962443e-120
-1.909198262165028219e-120
-1.486885101612689246e-120
-1.157987281473167774e-120
-9.018414015980303871e-121
-7.023547897707594099e-121
-5.469944602674193697e-121
-4.259997139919866001e-121
-3.317689108451536787e-121
-2.583818875649528322e-121
-2.012280163670529224e-121
-1.567165367225663203e-121
-1.220509615197732182e-121
-9.505338440621728741e-122
-7.402765020914927624e-122
-5.765279195182151827e-122
-4.490003951833138067e-122
-3.496818593681350509e-122
-2.723325059017684662e-122
-2.120927688520952517e-122
-1.651780144657942309e-122
-1.286407670121404021e-122
-1.001855300839610836e-122
-7.802456928181269175e-123
-6.076559565548479962e-123
-4.732429348029192487e-123
-3.685619682075233239e-123
-2.870363494503573653e-123
-2.235441337218957078e-123
-1.740963463936312210e-123
-1.355863709012305536e-123
-1.055947718316882945e-123
-8.223729099076518141e-124
-6.404646662127891130e-124
-4.987943835760861109e-124
-3.884614565206745148e-124
-3.025340865313597803e-124
-2.356137834964151822e-124
-1.834961990894245963e-124
-1.429069835414702972e-124
-1.112960706884694209e-124
-8.667746700495042727e-125
-6.750447917810123670e-125
-5.257254124473259147e-125
-4.094353628945147333e-125
-3.188685812393728847e-125
-2.483351007660914884e-125
-1.934035709407483057e-125
-1.506228524974607754e-125
-1.173051954734711601e-125
-9.135737809308354591e-126
-7.114919759824388630e-126
-5.541105080441445010e-126
-4.315416975728737112e-126
-3.360850119977174469e-126
-2.617432705223848346e-126
-2.038458640465038831e-126
-1.587553185452843581e-126
-1.236387663998177811e-126
-9.628996809016059456e-127
-7.499070255053765140e-127
-5.840281786943353040e-127
-4.548416029029147075e-127
-3.542309965142429518e-127
-2.758753774734564896e-127
-2.148519600064473257e-127
-1.673268746974473314e-127
-1.303143010432628154e-127
-1.014888796978958624e-127
-7.903961898176090269e-128
-6.155611715666087238e-128
-4.793995224444263313e-128
-3.733567234837767365e-128
-2.907705086141393093e-128
-2.264522998027623565e-128
-1.763612284147118838e-128
-1.373502627928124909e-128
-1.069684922181056214e-128
-8.330714550342813139e-129
-6.487967015351329570e-129
-5.052833792097060404e-129
-3.935150914014847506e-129
-3.064698613338917719e-129
-2.386789679946197461e-129
-1.858833671768846661e-129
-1.447661119173072518e-129
-1.127439613234015225e-129
-8.780508536523728830e-130
-6.838266924009834417e-130
-5.325647635270146668e-130
-4.147618548710765721e-130
-3.230168573617427667e-130
-2.515657814585895835e-130
-1.959196275939194541e-130
-1.525823593892025183e-130
-1.188312609751934520e-130
-9.254587910084313042e-131
-7.207480311376818879e-131
-5.613191310471999988e-131
-4.371557788125198340e-131
-3.404572628633803421e-131
-2.651483829203477414e-131
-2.064977682484835242e-131
-1.608206236144164435e-131
-1.252472276049392072e-131
-9.754263893624912134e-132
-7.596628358640212055e-132
-5.916260114411438468e-132
-4.607588009957747332e-132
-3.588393150225509965e-132
-2.794643395363692233e-132
-2.176470464714573564e-132
-1.695036902251494093e-132
-1.320096066808392144e-132
-1.028091850559857194e-132
-8.006787382853466501e-133
-6.235692283652523506e-133
-4.856362033500902633e-133
-3.782138554568742551e-133
-2.945532467982688235e-133
-2.293982992627165302e-133
-1.786555751010521241e-133
-1.391371017887715694e-133
-1.083600838273810785e-133
-8.439091813844746112e-134
-6.572371313033770333e-134
-5.118567925226736794e-134
-3.986344708370759249e-134
-3.104568380471698435e-134
-2.417840285810082208e-134
-1.883015907930481149e-134
-1.466494263632171133e-134
-1.142106880886458108e-134
-8.894737331856133555e-135
-6.927228399264015053e-135
-5.394930901861289093e-135
-4.201576410985692505e-135
-3.272190999010000104e-135
-2.548384912388190762e-135
-1.984684165335276292e-135
-1.545673582112530692e-135
-1.203771796122022413e-135
-9.374984174591026481e-136
-7.301245016453520250e-136
-5.686215336210193492e-136
-4.428428956553130017e-136
-3.448863939139661807e-136
-2.685977936508699009e-136
-2.091841720265490851e-136
-1.629127969804198986e-136
-1.268766138607038317e-136
-9.881160622816439591e-137
-7.695455630703773355e-137
-5.993226871283350776e-137
-4.667529780480058902e-137
-3.635075848046972903e-137
-2.830999916982933601e-137
-2.204784952221390559e-137
-1.717088247294068945e-137
-1.337269671595327273e-137
-1.041466667416081162e-137
-8.110950561264103079e-138
-6.316814648565935079e-138
-4.919540194820070925e-138
-3.831341756077123200e-138
-2.983851959847034724e-138
-2.323826242898017287e-138
-1.809797697690856438e-138
-1.409471864162464608e-138
-1.097697791526840215e-138
-8.548878996168548967e-139
-6.657873656598751058e-139
-5.185157217349585277e-139
-4.038204501220203909e-139
-3.144956827752766715e-139
-2.449294840179615895e-139
-1.907512739504636293e-139
-1.485572415244891464e-139
-1.156964960301999802e-139
-9.010452170693742634e-140
-7.017347206363727242e-140
-5.465115499400005276e-140
-4.256236230508396223e-140
-3.314760109256823300e-140
-2.581537768783069840e-140
-2.010503635856661898e-140
-1.565781805973074884e-140
-1.219432096610789126e-140
-9.496946717428877357e-141
-7.396229540321017498e-141
-5.760189357777865125e-141
-4.486039982476974507e-141
-3.493731451242698497e-141
-2.720920790069009741e-141
-2.119055241981010231e-141
-1.650321881826376210e-141
-1.285271973886256247e-141
-1.000970819722346556e-141
-7.795568582313894888e-142
-6.071194916392903992e-142
-4.728251355065926217e-142
-3.682365857883773700e-142
-2.867829413675289028e-142
-2.233467793085522991e-142
-1.739426466219767504e-142
-1.354666693987081568e-142
-1.055015482077890331e-142
-8.216468835947167137e-143
-6.398992363517447349e-143
-4.983540263575328013e-143
-3.881185059740341207e-143
-3.022669963770814996e-143
-2.354057734751125617e-143
-1.833342007219474155e-143
-1.427808190860227591e-143
-1.111978137117711153e-143
-8.660094439455555504e-144
-6.744488330920305430e-144
-5.252612793536686373e-144
-4.090738956777250637e-144
-3.185870702878824994e-144
-2.481158598166275676e-144
-1.932328259176244540e-144
-1.504898761397463727e-144
-1.172016333819532263e-144
-9.127672385511287922e-145
-7.108638401455428051e-145
-5.536213153624947418e-145
-4.311607139293321120e-145
-3.357883016377898370e-145
-2.615121922617277879e-145
-2.036659001161534103e-145
-1.586151624954027864e-145
-1.235296127584178292e-145
-9.620495914876321682e-146
-7.492449752040930170e-146
-5.835125734012629273e-146
-4.544400490969142160e-146
-3.539182660956844905e-146
-2.756318227785929412e-146
-2.146622794193668487e-146
-1.671791513076956259e-146
-1.301992539516462307e-146
-1.013992809328547844e-146
-7.896983939338467771e-147
-6.150177275859106170e-147
-4.789762878467031398e-147
-3.730271080476470615e-147
-2.905138038543690870e-147
-2.262523779348351361e-147
-1.762055291074170711e-147
-1.372290040503676356e-147
-1.068740558145353156e-147
-8.323359835837712941e-148
-6.482239157935490136e-148
-5.048372932256283934e-148
-3.931676792877678334e-148
-3.061992965076805159e-148
-2.384682518960949073e-148
-1.857192613143477209e-148
-1.446383061430568990e-148
-1.126444260863342994e-148
-8.772756724466614170e-149
-6.832229806709530520e-149
-5.320945923589175554e-149
-4.143956851971849708e-149
-3.227316841329790779e-149
-2.513436883247173721e-149
-1.957466612873450081e-149
-1.524476530941973415e-149
-1.187263516071587567e-149
-9.246417560286619998e-150
-7.201117236556409175e-150
-5.608235742819121442e-150
-4.367698388156574403e-150
-3.401566924916052876e-150
-2.649142984794412803e-150
-2.063154631026007304e-150
-1.606786442240449796e-150
-1.251366539445378928e-150
-9.745652408294152709e-151
-7.589921727121209302e-151
-5.911036984532666932e-151
-4.603520232318077071e-151
-3.585225161814374014e-151
-2.792176163508338179e-151
-2.174548982613605293e-151
-1.693540450486602452e-151
-1.318930629002065662e-151
-1.027184206683669455e-151
-7.999718645238213937e-152
-6.230187145262439748e-152
-4.852074627411788573e-152
-3.778799519349195919e-152
-2.942932024739002130e-152
-2.291957765392649897e-152
-1.784978502454382876e-152
-1.390142655477097014e-152
-1.082644188666525374e-152
-8.431641419211957132e-153
-6.566568939859563391e-153
-5.114049032454993315e-153
-3.982825391141509745e-153
-3.101827533457681404e-153
-2.415705712009286784e-153
-1.881353500182898297e-153
-1.465199579176569713e-153
-1.141098579618605214e-153
-8.886884673686375248e-154
-6.921112742932215978e-154
-5.390168023921088615e-154
-4.197867077916191278e-154
-3.269302167510799407e-154
-2.546135088154452101e-154
-1.982932000460267596e-154
-1.544308994735803853e-154
-1.202709054404458122e-154
-9.366707533772609027e-155
-7.294799162102934158e-155
-5.681195299794393735e-155
-4.424519348261458741e-155
-3.445819133140605520e-155
-2.683606639212333142e-155
-2.089994952074186122e-155
-1.627689705290659787e-155
-1.267646017077629842e-155
-9.872437107574054749e-156
-7.688661750201869737e-156
-5.987935791828374528e-156
-4.663409083657230485e-156
-3.631866646134554299e-156
-2.828500588020507819e-156
-2.202838472868300224e-156
-1.715572327649649803e-156
-1.336089072189180375e-156
-1.040547215674080253e-156
-8.103789863897437955e-157
-6.311237891849437861e-157
-4.915197012322265097e-157
-3.827959282146809229e-157
-2.981217686501387896e-157
-2.321774668753603149e-157
-1.808199930140657535e-157
-1.408227521543203800e-157
-1.096728696520550747e-157
-8.541331676670861245e-158
-6.651995798263861737e-158
-5.180579536675591013e-158
-4.034639399926645518e-158
-3.142180324073614961e-158
-2.447132496940091971e-158
-1.905828704896425970e-158
-1.484260887773297809e-158
-1.155943541680102922e-158
-9.002497354467974132e-159
-7.011151989257908513e-159
-5.460290659466696460e-159
-4.252478641390141213e-159
-3.311833695909065936e-159
-2.579258675776245460e-159
-2.008728676438254473e-159
-1.564399466188099464e-159
-1.218355529303779512e-159
-9.488562402811594896e-160
-7.389699829531561024e-160
-5.755104013901807292e-160
-4.482079512684112544e-160
-3.490647034266687757e-160
-2.718518643712773293e-160
-2.117184448517721533e-160
-1.648864906412201827e-160
-1.284137280292781513e-160
-1.000087119463202348e-160
-7.788686317775676770e-161
-6.065835003381234047e-161
-4.724077050615242358e-161
-3.679114906308803907e-161
-2.865297570042974516e-161
-2.231495991282062204e-161
-1.737890825431170811e-161
-1.353470735738406182e-161
-1.054084068857301055e-161
-8.209214982491586693e-162
-6.393343056765957893e-162
-4.979140579053457676e-162
-3.877758581989440952e-162
-3.020001420215236926e-162
-2.351979470940381068e-162
-1.831723453736237407e-162
-1.426547660140040016e-162
-1.110996434805743396e-162
-8.652448934162521666e-163
-6.738534005411112517e-163
-5.247975560167465198e-163
-4.087127475798016766e-163
-3.183058078664149667e-163
-2.478968124225401219e-163
-1.930622316355794131e-163
-1.503570171793022251e-163
-1.170981627195212218e-163
-9.119614082218592368e-164
-7.102362588540849878e-164
-5.531325545612664814e-164
-4.307800666346009368e-164
-3.354918532265791947e-164
-2.612813180069366687e-164
-2.034860950657310133e-164
-1.584751301813336603e-164
-1.234205554825654964e-164
-9.612002525692976375e-165
-7.485835093894012833e-165
-5.829974233068060573e-165
-4.540388497999519183e-165
-3.536058117690424748e-165
-2.753884831043300439e-165
-2.144727662904986125e-165
-1.670315583345307197e-165
-1.300843084285695685e-165
-1.013097612694721221e-165
-7.890012140944196805e-166
-6.144747633810233147e-166
-4.785534268987571613e-166
-3.726977836102563881e-166
-2.902573257246447063e-166
-2.260526325665650804e-166
-1.760499672581934433e-166
-1.371078523603762565e-166
-1.067797027834995843e-166
-8.316011614392135069e-167
-6.476516357319493208e-167
-5.043916010655183849e-167
-3.928205738844653379e-167
-3.059289705477802505e-167
-2.382577218268400424e-167
-1.855553003315519476e-167
-1.445106132012623863e-167
-1.125449787232720386e-167
-8.765011756043886573e-168
-6.826198019237048945e-168
-5.316248362782285679e-168
-4.140298387936918657e-168
-3.224467626674547284e-168
-2.511217912642531945e-168
-1.955738476828942710e-168
-1.523130657237257078e-168
-1.186215348576439400e-168
-9.238254423626504555e-169
-7.194759779333191494e-169
-5.603284550155338276e-169
-4.363842395432881301e-169
-3.398563874763323453e-169
-2.646804206983864364e-169
-2.061333189035721960e-169
-1.605367901792096874e-169
-1.250261779033383243e-169
-9.737048525554465104e-170
-7.583221016506085255e-170
-5.905818465858474923e-170
-4.599456045888143295e-170
-3.582059970240192729e-170
-2.789711109831795753e-170
-2.172629196880000257e-170
-1.692045319853941830e-170
-1.317766220094555685e-170
-1.026277364114685214e-170
-7.992656148209740158e-171
-6.224686867046224841e-171
-4.847791006429889286e-171
-3.775463431974112012e-171
-2.940333877278891788e-171
-2.289934326116181276e-171
-1.783402646361371831e-171
-1.388915377517852146e-171
-1.081688383630818994e-171
-8.424197602109241403e-172
-6.560771689270927410e-172
-5.109534129156902172e-172
-3.979309180917464855e-172
-3.099089106181752130e-172
-2.413573022702408569e-172
-1.879692560080653552e-172
-1.463906037724306652e-172
-1.140091168522647569e-172
-8.879038948182309858e-173
-6.915002485765886415e-173
-5.385409350855183675e-173
-4.194161019606082743e-173
-3.266415886396779535e-173
-2.543887250162688620e-173
-1.981181382472064727e-173
-1.542945612075732466e-173
-1.201647250921168587e-173
-9.358438199930069217e-174
-7.288358998430887783e-174
-5.676179695283495137e-174
-4.420613191540793417e-174
-3.442777015227752883e-174
-2.681237435399607641e-174
-2.088149814289580167e-174
-1.626252710539133613e-174
-1.266526884439871876e-174
-9.863721293827589562e-175
-7.681873867631017386e-175
-5.982649383566797753e-175
-4.659292024763479713e-175
-3.628660277444149109e-175
-2.826003465573604838e-175
-2.200893711951227348e-175
-1.714057746324546932e-175
-1.334909515067164589e-175
-1.039628575663777121e-175
-8.096635488303588043e-176
-6.305666058534561378e-176
-4.910857664173495990e-176
-3.824579794410528662e-176
-2.978585738805992178e-176
-2.319724905827425711e-176
-1.806603573168640125e-176
-1.406984277483335124e-176
-1.095760457073176166e-176
-8.533791020272699810e-177
-6.646123129156102278e-177
-5.176005897375748766e-177
-4.031077446058442121e-177
-3.139406271611793874e-177
-2.444972062710544660e-177
-1.904146157026680127e-177
-1.482950518174784888e-177
-1.154923024810668000e-177
-8.994549561097436914e-178
-7.004962241557245234e-178
-5.455470079110406666e-178
-4.248724369633803502e-178
-3.308909866125367063e-178
-2.576981594851133461e-178
-2.006955284030660517e-178
-1.563018346792372061e-178
-1.217279912436872082e-178
-9.480185490229270455e-179
-7.383175883452726924e-179
-5.750023159586894949e-179
-4.478122539364987245e-179
-3.487565340347160270e-179
-2.716118618075059016e-179
-2.115315306671678044e-179
-1.647409217278831609e-179
-1.283003588455804393e-179
-9.992041993728027805e-180
-7.781810129197750733e-180
-6.060479822332198565e-180
-4.719906431420765363e-180
-3.675866824814251372e-180
-2.862767961631537883e-180
-2.229525930270371078e-180
-1.736356540372567686e-180
-1.352275833333310921e-180
-1.053153477928519237e-180
-8.201967533051043483e-181
-6.387698737466390177e-181
-4.974744778763048867e-181
-3.874335129281045408e-181
-3.017335232565130932e-181
-2.349903041910663279e-181
-1.830106329181901166e-181
-1.425288242270798734e-181
-1.110015599182964325e-181
-8.644810178651672938e-182
-6.732584936637574248e-182
-5.243342420748087747e-182
-4.083519183190126009e-182
-3.180247937555573985e-182
-2.476779584129501066e-182
-1.928917879615324147e-182
-1.502242755124848204e-182
-1.169947834054576543e-182
-9.111562893143981452e-183
-7.096092316184888725e-183
-5.526442252591769800e-183
-4.303997553917369163e-183
-3.351956665328258018e-183
-2.610506475779062846e-183
-2.033064487549707373e-183
-1.583352214938376716e-183
-1.233115944871851047e-183
-9.603516634840328657e-184
-7.479226275452910523e-184
-5.824827280090954198e-184
-4.536380046990516376e-184
-3.532936332905710494e-184
-2.751453582608384505e-184
-2.142834204720032619e-184
-1.668840956628152455e-184
-1.299694643843637426e-184
-1.012203206379135615e-184
-7.883046497554575433e-185
-6.139322785283798605e-185
-4.781309392707141341e-185
-3.723687499146984782e-185
-2.900010740248872732e-185
-2.258530635421306569e-185
-1.758945427456871294e-185
-1.369868076283278276e-185
-1.066854330513936200e-185
-8.308669880273729299e-186
-6.470798609038975757e-186
-5.039463023816912082e-186
-3.924737749208000491e-186
-3.056588832433093502e-186
-2.380473776226204818e-186
-1.853914841005912243e-186
-1.443830329923103445e-186
-1.124456191566358054e-186
-8.757273625213691284e-187
-6.820171556886984068e-187
-5.311554949184905065e-187
-4.136643153752000965e-187
-3.221620927429023993e-187
-2.509000901040949112e-187
-1.954011866457551951e-187
-1.521785971727958805e-187
-1.185168106448813068e-187
-9.230098493735897347e-188
-7.188407934747710782e-188
-5.598337728618217875e-188
-4.359989806946057989e-188
-3.395563475832933400e-188
-2.644467493947349818e-188
-2.059513355093071667e-188
-1.603950613692500658e-188
-1.249157993951579843e-188
-9.728452238693956217e-189
-7.576526221567614376e-189
-5.900604554317890727e-189
-4.595395447497470888e-189
-3.578897573033799493e-189
-2.787248232411073813e-189
-2.170711106016133304e-189
-1.690551509187159900e-189
-1.316602839177505130e-189
-1.025371322145476225e-189
-7.985599886258584285e-190
-6.219191444713107545e-190
-4.843511167213549416e-190
-3.772130289841007053e-190
-2.937738023575541677e-190
-2.287912673219272939e-190
-1.781828181502161222e-190
-1.387689183052580469e-190
-1.080733422421067598e-190
-8.416760356729668904e-191
-6.554979556745424077e-191
-5.105023211810386130e-191
-3.975796074955627178e-191
-3.096353096507660210e-191
-2.411442216225735360e-191
-1.878033086328046400e-191
-1.462613638266289918e-191
-1.139084646812703212e-191
-8.871200149223478009e-192
-6.908897622998408643e-192
-5.380654878951328184e-192
-4.190458233164270078e-192
-3.263532153416348738e-192
-2.541641396659360763e-192
-1.979432310005009140e-192
-1.541583433068740977e-192
-1.200586384843840283e-192
-9.350176166612498672e-193
-7.281924520413399333e-193
-5.671168518764819827e-193
-4.416710483343941882e-193
-3.439737583027944053e-193
-2.678870323222304884e-193
-2.086306305472278438e-193
-1.624816984428619973e-193
-1.265408739820727946e-193
-9.855013174777825548e-194
-7.675091977695982135e-194
-5.977367642374687525e-194
-4.655178600587084600e-194
-3.625456739474467881e-194
-2.823508547694217666e-194
-2.198950667953062095e-194
-1.712544502137233501e-194
-1.333730999309106644e-194
-1.038710746668539533e-194
-8.089487428901422105e-195
-6.300099144274713775e-195
-4.906522146988634855e-195
-3.821203290231939076e-195
-2.975956114707663046e-195
-2.317676952520463665e-195
-1.805008625529484222e-195
-1.405742131013002559e-195
-1.094793072429391874e-195
-8.526257021091595659e-196
-6.640255644694198695e-196
-5.171436295882157730e-196
-4.027518636836910305e-196
-3.136634668203262672e-196
-2.442813535805617159e-196
-1.902465094582842137e-196
-1.481641305427131808e-196
-1.153903408897588850e-196
-8.986608784382056895e-197
-6.998777958433111039e-197
-5.450653754570595244e-197
-4.244973412310672549e-197
-3.305988617624845574e-197
-2.574706524231380624e-197
-2.005183457250454343e-197
-1.561638446708480674e-197
-1.216205245170977133e-197
-9.471815973147070417e-198
-7.376657696995178970e-198
-5.744946790869551404e-198
-4.474169059432760807e-198
-3.484486367080085124e-198
-2.713720711283605428e-198
-2.113447814984761513e-198
-1.645954813290681751e-198
-1.281870897490931008e-198
-9.983220587623816048e-199
-7.774940011215998500e-199
-6.055129369068217742e-199
-4.715739494228988567e-199
-3.672621610866287355e-199
-2.860240586467629029e-199
-2.227557608513603682e-199
-1.734823609847060430e-199
-1.351081985839652023e-199
-1.052223708565589793e-199
-8.194726481971790175e-200
-6.382059401215609194e-200
-4.970352859274937931e-200
-3.870914698944517682e-200
-3.014671398740602043e-200
-2.347828446042148201e-200
-1.828490632294944657e-200
-1.424029936270031139e-200
-1.109035629484222916e-200
-8.637178166964013614e-201
-6.726641119958814206e-201
-5.238713371664237161e-201
-4.079914076138747434e-201
-3.177440277360903571e-201
-2.474592976171293659e-201
-1.927214947625201758e-201
-1.500916510357423629e-201
-1.168914953591161793e-201
-9.103518812006718181e-202
-7.089827579496096605e-202
-5.521563270752804105e-202
-4.300197799040590903e-202
-3.348997413254743975e-202
-2.608201807946903839e-202
-2.031269610437302789e-202
-1.581954363237718672e-202
-1.232027296872761105e-202
-9.595038235698524985e-203
-7.472623291562083078e-203
-5.819684871066167920e-203
-4.532375134815139687e-203
-3.529817304167395345e-203
-2.749024480584562310e-203
-2.140942418161719270e-203
-1.667367631775134261e-203
-1.298547217294388649e-203
-1.011309589684063472e-203
-7.876087003735698029e-204
-6.133902726047876271e-204
-4.777088246329910852e-204
-3.720400067042939020e-204
-2.897450485551948136e-204
-2.256536707058479497e-204
-1.757392554486512862e-204
-1.368658697597952865e-204
-1.065912465446774765e-204
-8.301334627755200199e-205
-6.465085908633519063e-205
-5.035013968267689777e-205
-3.921272821262338632e-205
-3.053890343835725802e-205
-2.378372191193465571e-205
-1.852278124936723878e-205
-1.442555654166754067e-205
-1.123463473089150764e-205
-8.749542325939507771e-206
-6.814150414958090683e-206
-5.306865679135698874e-206
-4.132991146565645217e-206
-3.218776741372507938e-206
-2.506785846712933931e-206
-1.952286780412347691e-206
-1.520442473365088470e-206
-1.184121788871754411e-206
-9.221949764252350615e-207
-7.182061697844887141e-207
-5.593395274348742200e-207
-4.356140619690696167e-207
-3.392565725784268664e-207
-2.642132843861997652e-207
-2.057695127778401728e-207
-1.602534576836033946e-207
-1.248055183338905569e-207
-9.719863541006652733e-208
-7.569837337083180830e-208
-5.895395245843539377e-208
-4.591338433978384789e-208
-3.575737967728204611e-208
-2.784787529324879507e-208
-2.168794708525699106e-208
-1.689059017320933769e-208
-1.315440485343360693e-208
-1.024466080069238090e-208
-7.978549853880151892e-209
-6.213700873976105185e-209
-4.839235106424064245e-209
-3.768800090349693749e-209
-2.935144461603923373e-209
-2.285892805124832429e-209
-1.780255106648509821e-209
-1.386464071124726826e-209
-1.079779304292305274e-209
-8.409329677271441367e-210
-6.549192537764602474e-210
-5.100516276896473205e-210
-3.972286070515420276e-210
-3.093619502301043261e-210
-2.409313290917021791e-210
-1.876375077630520085e-210
-1.461322379794317207e-210
-1.138079013703583307e-210
-8.863368270694827103e-211
-6.902798149867375801e-211
-5.375904604500555929e-211
-4.186758715702204433e-211
-3.260650966319906363e-211
-2.539397525892475847e-211
-1.977684781694648162e-211
-1.540222456652192623e-211
-1.199526455344890507e-211
-9.341921427374672536e-212
-7.275495723030932110e-212
-5.666161766329145748e-212
-4.412811220626393719e-212
-3.436700834170117353e-212
-2.676505300833837840e-212
-2.084464424184158881e-212
-1.623382525839107862e-212
-1.264291582347932532e-212
-9.846312743631553132e-213
-7.668316075106207702e-213
-5.972090564131756067e-213
-4.651068807919159401e-213
-3.622256029726426958e-213
-2.821015832436059427e-213
-2.197009339358033971e-213
-1.711032593907226848e-213
-1.332553523995645196e-213
-1.037793727972368735e-213
-8.082345680114732033e-214
-6.294537144727139423e-214
-4.902190457385541171e-214
-3.817829766977028127e-214
-2.973328812155028786e-214
-2.315630807235106208e-214
-1.803415085978970382e-214
-1.404501081163207195e-214
-1.093826541834540390e-214
-8.518729673250267715e-215
-6.634393340300922846e-215
-5.166870728630071646e-215
-4.023962969485819802e-215
-3.133865511685892185e-215
-2.440656914541441787e-215
-1.900785516253513657e-215
-1.480333248509021153e-215
-1.152884693145462212e-215
-8.978675018127222054e-216
-6.992599135061141020e-216
-5.445841682090044685e-216
-4.241225766494623572e-216
-3.303069948128632406e-216
-2.572433462142203347e-216
-2.003413194715433469e-216
-1.560259764859964316e-216
-1.215131526667746293e-216
-9.463453845035924626e-217
-7.370145265074074554e-217
-5.739874903789697402e-217
-4.470219069803320806e-217
-3.481410112063552846e-217
-2.711324921467802286e-217
-2.111581972000139940e-217
-1.644501693313170354e-217
-1.280739206514548360e-217
-9.974406969437799925e-218
-7.768075958471036509e-218
-6.049783639415397432e-218
-4.711576235789285002e-218
-3.669379261933316628e-218
-2.857715442579640962e-218
-2.225591024476270626e-218
-1.733292032658809773e-218
-1.349889192326108157e-218
-1.051294760043199346e-218
-8.187491823605082779e-219
-6.376425043614363712e-219
-4.965964817162982541e-219
-3.867497288311576923e-219
-3.012009916663591243e-219
-2.345755681716441660e-219
-1.826876361814962066e-219
-1.422772741156131406e-219
-1.108056524945044380e-219
-8.629552893145802706e-220
-6.720702550738058060e-220
-5.234088409304787947e-220
-4.076312151831532716e-220
-3.174635095889881204e-220
-2.472408298645004012e-220
-1.925513519056968778e-220
-1.499591436456143979e-220
-1.167882984999217660e-220
-9.095481832531606842e-221
-7.083568373587350720e-221
-5.516688596289666851e-221
-4.296401398751481676e-221
-3.346040773736733015e-221
-2.605899174775017388e-221
-2.029476317919910887e-221
-1.580557745620898288e-221
-1.230939609979129935e-221
-9.586567321653559810e-222
-7.466026137070533174e-222
-5.814547001982107098e-222
-4.528373758349154822e-222
-3.526701029042322678e-222
-2.746597523076890070e-222
-2.139052301754263034e-222
-1.665895607636910901e-222
-1.297400803742840255e-222
-1.010416761912393972e-222
-7.869133654058456723e-223
-6.128487451874271043e-223
-4.772870826562961813e-223
-3.717115537225897547e-223
-2.894892491158415200e-223
-2.254544539021703340e-223
-1.755841052459462161e-223
-1.367450386604348809e-223
-1.064971431898762275e-223
-8.294005851114312931e-224
-6.459378251646641013e-224
-5.030568840536806160e-224
-3.917810952304674029e-224
-3.051194237580606141e-224
-2.376272461530734389e-224
-1.850642853831150912e-224
-1.441282103749199831e-224
-1.122471631026678578e-224
-8.741817852190142680e-225
-6.808134588753269466e-225
-5.302180548976563130e-225
-4.129342363528918720e-225
-3.215935066286247922e-225
-2.504572747930520220e-225
-1.950563217347589361e-225
-1.519100161100581318e-225
-1.183076395029030162e-225
-9.213808228819034663e-226
-7.175721063674017728e-226
-5.588457183491298728e-226
-4.352294830664042239e-226
-3.389570622278783154e-226
-2.639800254906545314e-226
-2.055878505673311733e-226
-1.601119790118044867e-226
-1.246953346335056758e-226
-9.711282425792509765e-227
-7.563154357834778463e-227
-5.890190536371633326e-227
-4.587285002166006512e-227
-3.572581151858596555e-227
-2.782328998653617163e-227
-2.166880002913714748e-227
-1.687567843090968953e-227
-1.314279157685368358e-227
-1.023561637179791183e-227
-7.971506045574706486e-228
-6.208215150552019314e-228
-4.834962820725672755e-228
-3.765472830902281938e-228
-2.932553189340796825e-228
-2.283874720257158397e-228
-1.778683420573260859e-228
-1.385240040778580452e-228
-1.078826028500223215e-228
-8.401905557937876122e-229
-6.543410627814006334e-229
-5.096013320899301112e-229
-3.968779164858686506e-229
-3.090888321429421239e-229
-2.407186245115493847e-229
-1.874718532694660893e-229
-1.460032261301077012e-229
-1.137074268410792987e-229
-8.855543306486703061e-230
-6.896704061614582767e-230
-5.371158523797175141e-230
-4.183062464333891237e-230
-3.257772322859835093e-230
-2.537155636111589153e-230
-1.975938796177733834e-230
-1.538862681764388231e-230
-1.198467461597467728e-230
-9.333673975777065716e-231
-7.269072601268372186e-231
-5.661159434070702480e-231
-4.408915400346334805e-231
-3.433666766285301381e-231
-2.674142366389251400e-231
-2.082624168988368475e-231
-1.621949333651575269e-231
-1.263175411149990156e-231
-9.837619993601562773e-232
-7.661546154575805157e-232
-5.966818144721347440e-232
-4.646962643553652792e-232
-3.619058145703150061e-232
-2.818525317854559975e-232
-2.195069724651711515e-232
-1.709522020455086122e-232
-1.331377088208231403e-232
-1.036877518859897318e-232
-8.075210236372234824e-233
-6.288980055552920734e-233
-4.897862591985061531e-233
-3.814459222014107134e-233
-2.970703829098528272e-233
-2.313586468375154503e-233
-1.801822953273976454e-233
-1.403261126965804313e-233
-1.092860864534630445e-233
-8.511208970876627456e-234
-6.628536211403083016e-234
-5.162309192057884378e-234
-4.020410441231391997e-234
-3.131098799899460089e-234
-2.438502197235635632e-234
-1.899107420728454628e-234
-1.479026346400036268e-234
-1.151866876759587302e-234
-8.970748256143799344e-235
-6.986425766621230745e-235
-5.441033857914854436e-235
-4.237481429262115545e-235
-3.300153855359871701e-235
-2.570162406810383872e-235
-2.001644495044613618e-235
-1.558882300171311898e-235
-1.214058756089570404e-235
-9.455099099372530838e-236
-7.363638582609062872e-236
-5.734807494390748280e-236
-4.466272567395276171e-236
-3.478336572897774791e-236
-2.708931246758693611e-236
-2.109717776262267615e-236
-1.643049856212717132e-236
-1.279608514643823182e-236
-9.965601132294468442e-237
-7.761217965608209535e-237
-6.044442629203529658e-237
-4.707416652853890210e-237
-3.666139775485981518e-237
-2.855192527997706712e-237
-2.223626176624237894e-237
-1.731761807613030517e-237
-1.348697451862179804e-237
-1.050366631636674051e-237
-8.180263552307156978e-238
-6.370795660267285180e-238
-4.961580649004069513e-238
-3.864082894716298629e-238
-3.009350784257874003e-238
-2.343684747316578720e-238
-1.825263516482659327e-238
-1.421516655948361148e-238
-1.107078284801628463e-238
-8.621934351248559738e-239
-6.714769224342624152e-239
-5.229467530061805181e-239
-4.072713407458619283e-239
-3.171832390954182507e-239
-2.470225549846363572e-239
-1.923813592583339802e-239
-1.498267532387317637e-239
-1.166851927473704330e-239
-9.087451948448991119e-240
-7.077314693575837995e-240
-5.511818225399622988e-240
-4.292608350088466971e-240
-3.343086744467749507e-240
-2.603598574467116949e-240
-2.027684608598584114e-240
-1.579162360998412361e-240
-1.229852883342452243e-240
-9.578103886097267047e-241
-7.459434806831819078e-241
-5.809413668830713873e-241
-4.524375914471083575e-241
-3.523587505099483518e-241
-2.744172708192094923e-241
-2.137163854023181918e-241
-1.664424883065155470e-241
-1.296255402294674581e-241
-1.009524722367631498e-241
-7.862186443098540766e-242
-6.123076958538526510e-242
-4.768657130116280375e-242
-3.713833907133597270e-242
-2.892336755072780514e-242
-2.252554129756887929e-242
-1.754290920165391062e-242
-1.366243142359861781e-242
-1.064031229135797318e-242
-8.286683544633884748e-243
-6.453675633625793867e-243
-5.026127637156613460e-243
-3.914352139634400197e-243
-3.048500511564500165e-243
-2.374174585600010989e-243
-1.849009026413516751e-243
-1.440009677676942688e-243
-1.121480664605204348e-243
-8.734100197939727136e-244
-6.802124073579572388e-244
-5.297499555052624926e-244
-4.125696801795402866e-244
-3.213095899953450244e-244
-2.502361602967267612e-244
-1.948841175918723881e-244
-1.517759033887299612e-244
-1.182031924105128003e-244
-9.205673881084730650e-245
-7.169386027288766459e-245
-5.583523452193680075e-245
-4.348452436865991703e-245
-3.386578162979993539e-245
-2.637469725261338562e-245
-2.054063487360653616e-245
-1.599706252434857551e-245
-1.245852482080489599e-245
-9.702708886357387606e-246
-7.556477278609011457e-246
-5.884990421841977052e-246
-4.583235148898249492e-246
-3.569427122962342946e-246
-2.779872638479384451e-246
-2.164966987686517164e-246
-1.686077985334000088e-246
-1.313118855297575931e-246
-1.022657992771578894e-246
-7.964468455847368123e-247
-6.202734270161432604e-247
-4.830694306785562888e-247
-3.762148508903173337e-247
-2.929964204764709567e-247
-2.281858417041941878e-247
-1.777113122050340828e-247
-1.384017091059274424e-247
-1.077873594301170834e-247
-8.394487992937416157e-248
-6.537633822383165184e-248
-5.091514340306110338e-248
-3.965275355249686237e-248
-3.088159551762199103e-248
-2.405061077161839121e-248
-1.873063450228196908e-248
-1.458743281780147152e-248
-1.136070410150529661e-248
-8.847725250494845873e-249
-6.890615353486027345e-249
-5.366416633138762814e-249
-4.179369476175880596e-249
-3.254896220790502777e-249
-2.534915725567799955e-249
-1.974194352092221369e-249
-1.537504107344566583e-249
-1.197409402775449883e-249
-9.325433805385836271e-250
-7.262655150115039774e-250
-5.656161518087165234e-250
-4.405023019464630158e-250
-3.430635377006617777e-250
-2.671781518045218233e-250
-2.080785538449322874e-250
-1.620517406747987688e-250
-1.262060225356174948e-250
-9.828934917906628026e-251
-7.654782210823556969e-251
-5.961550380030444959e-251
-4.642860104287341908e-251
-3.615863084909966986e-251
-2.816037002006867473e-251
-2.193131822320999697e-251
-1.708012780602411934e-251
-1.330201691029125861e-251
-1.035962118616390277e-251
-8.068081092107564095e-252
-6.283427872416966425e-252
-4.893538547411025142e-252
-3.811091652713811160e-252
-2.968081163490410757e-252
-2.311543934345817982e-252
-1.800232226172479191e-252
-1.402022267453505355e-252
-1.091896039776336550e-252
-8.503694908103767850e-253
-6.622684253431532096e-253
-5.157751682607139666e-253
-4.016861049302296329e-253
-3.128334530685653388e-253
-2.436349382207302806e-253
-1.897430806698580989e-253
-1.477720598080662151e-253
-1.150849958945964665e-253
-8.962828492248113136e-254
-6.980257848297530075e-254
-5.436230278294435874e-254
-4.233740397692187667e-254
-3.297240337043716770e-254
-2.567893356464269957e-254
-1.999877356858231314e-254
-1.557506051567961921e-254
-1.212986932599580572e-254
-9.446751729639347903e-255
-7.357137644524273163e-255
-5.729744558719614671e-255
-4.462329549129956756e-255
-3.475265747185080109e-255
-2.706539685288970703e-255
-2.107855226316884163e-255
-1.641599300856742924e-255
-1.278478820996702180e-255
-9.956803069324379365e-256
-7.754366027277594792e-256
-6.039106334266089821e-256
-4.703260742177911946e-256
-3.662903148997154945e-256
-2.852671840753699184e-256
-2.221663063424726712e-256
-1.730232933515993191e-256
-1.347506763518189535e-256
-1.049439322621980451e-256
-8.173041662439230694e-257
-6.365171246782889467e-257
-4.957200351378104602e-257
-3.860671515495111667e-257
-3.006693999449059785e-257
-2.341615641227022022e-257
-1.823652095039854767e-257
-1.420261679666846988e-257
-1.106100908290849042e-257
-8.614322535329053838e-258
-6.708841136143917166e-258
-5.224850730330535889e-258
-4.069117840212623377e-258
-3.169032160367414775e-258
-2.468044728072608691e-258
-1.922115166878199858e-258
-1.496944797118166177e-258
-1.165821780210293073e-258
-9.079429153494756599e-259
-7.071066534583057792e-259
-5.506952154283290871e-259
-4.288818650092586544e-259
-3.340135323143352549e-259
-2.601300005228502927e-259
-2.025894481075607342e-259
-1.577768208281720682e-259
-1.228767116114971464e-259
-9.569647922427316629e-260
-7.452849295704035854e-260
-5.804284867607471329e-260
-4.520381600062204718e-260
-3.520476729910015088e-260
-2.741750034038578324e-260
-2.135277073495295874e-260
-1.662955456912554015e-260
-1.295111012056362954e-260
-1.008633470353895226e-260
-7.855245365436422441e-261
-6.117671241819909752e-261
-4.764447153702759669e-261
-3.710555174206034783e-261
-2.889783275301313276e-261
-2.250565477711311749e-261
-1.752742156395039951e-261
-1.365036963922720023e-261
-1.063091856424427219e-261
-8.279367702601775294e-262
-6.447978050122360901e-262
-5.021690354662524664e-262
-3.910896380553294793e-262
-3.045809163686029554e-262
-2.372078561764740216e-262
-1.847376641409271741e-262
-1.438738374957362774e-262
-1.120490573051674500e-262
-8.726389357167713440e-263
-6.796118864748188381e-263
-5.292822693712235894e-263
-4.122054458521192275e-263
-3.210259240159280027e-263
-2.500152410098260269e-263
-1.947120654782385391e-263
-1.516419090679028403e-263
-1.180988375285255180e-263
-9.197546714703826939e-264
-7.163056583747168061e-264
-5.578594076607077468e-264
-4.344613435299092772e-264
-3.383588345553479742e-264
-2.635141253108329067e-264
-2.052250071424529908e-264
-1.598293962683770390e-264
-1.244752589716419120e-264
-9.694142916013063161e-265
-7.549806094197086059e-265
-5.879794898197955219e-265
-4.579188871015818943e-265
-3.566275878578982450e-265
-2.777418446885973604e-265
-2.163055661351761356e-265
-1.684589442887787162e-265
-1.311959577274830198e-265
-1.021755146139667233e-265
-7.957437079208105637e-266
-6.197258228528705449e-266
-4.826429561273863104e-266
-3.758827121759061360e-266
-2.927377505855991895e-266
-2.279843893906262872e-266
-1.775544209854758290e-266
-1.382795221012784551e-266
-1.076922000952152948e-266
-8.387076976483609448e-267
-6.531862116965586105e-267
-5.087019331607243085e-267
-3.961774638955095445e-267
-3.085433191170660583e-267
-2.402937785398213794e-267
-1.871409828939996370e-267
-1.457455440225992962e-267
-1.135067438139682433e-267
-8.839914096620381648e-268
-6.884532020731904149e-268
-5.361678928826168142e-268
-4.175679748347270669e-268
-3.252022657868261612e-268
-2.532677792513753345e-268
-1.972451448077268067e-268
-1.536146732332902774e-268
-1.196352278053444665e-268
-9.317200909772818274e-269
-7.256243364564675024e-269
-5.651168014479654886e-269
-4.401134074944831550e-269
-3.427606663969277873e-269
-2.669422753960039384e-269
-2.078948531132704917e-269
-1.619086744011297602e-269
-1.260946024096529538e-269
-9.820257509771517870e-270
-7.648024238572903675e-270
-5.956287265949661500e-270
-4.638761186919833579e-270
-3.612670844854405942e-270
-2.813550882951844968e-270
-2.191195630854139532e-270
-1.706504873171844720e-270
-1.329027331541401092e-270
-1.035047526527742841e-270
-8.060958241759269682e-271
-6.277880590988013447e-271
-4.889218320290239461e-271
-3.807727056449097092e-271
-2.965460813284731843e-271
-2.309503203553714370e-271
-1.798642903433551124e-271
-1.400784501659874788e-271
-1.090932066806998030e-271
-8.496187479069961722e-272
-6.616837461821151440e-272
