-1.399999999999999911e+00
-9.384480644498950364e-01
-6.290605497641101884e-01
-4.216718966770829913e-01
-2.826551251925175090e-01
-1.894693965312577721e-01
-1.270051346051775110e-01
-8.513408767530515620e-02
-5.706708556971269025e-02
-3.825321142620957682e-02
-2.564189444422784736e-02
-1.718827586429580792e-02
-1.152164586862804152e-02
-7.723190189065080001e-03
-5.177009203076104321e-03
-3.470253047332901453e-03
-2.326180182443507525e-03
-1.559285206982724461e-03
-1.045220131727350732e-03
-7.006320068168551008e-04
-4.696476790635165837e-04
-3.148142538503874454e-04
-2.110263051336670943e-04
-1.414551625719307642e-04
-9.482023108719545750e-05
-6.355990166747879178e-05
-4.260547621176507231e-05
-2.855930477564068762e-05
-1.914387449195334797e-05
-1.283252283074666333e-05
-8.601897294659492543e-06
-5.766024190549991427e-06
-3.865081600852077682e-06
-2.590841676614671292e-06
-1.736693111939398639e-06
-1.164140206744994859e-06
-7.803465169772433360e-07
-5.230819131839364342e-07
-3.506322921258670443e-07
-2.350358541993928404e-07
-1.575492446069627551e-07
-1.056084168978196022e-07
-7.079143887669727430e-08
-4.745292056675694060e-08
-3.180864389883397424e-08
-2.132197164259767883e-08
-1.429254501303669225e-08
-9.580579431105182121e-09
-6.422054445306532887e-09
-4.304831831421248490e-09
-2.885615071413980852e-09
-1.934285627511356941e-09
-1.296590430879485537e-09
-8.691305573165073810e-10
-5.825956351913807753e-10
-3.905255330016494184e-10
-2.617770932597585925e-10
-1.754744332049568566e-10
-1.176240301440245685e-10
-7.884574530103980548e-11
-5.285188361990736687e-11
-3.542767706116660452e-11
-2.374788211857691346e-11
-1.591868143497343195e-11
-1.067061127231804643e-11
-7.152724639288654978e-12
-4.794614709488228724e-12
-3.213926352787296279e-12
-2.154359260755537581e-12
-1.444110198846954965e-12
-9.680160149716282612e-13
-6.488805397190189905e-13
-4.349576332560823619e-13
-2.915608207477702140e-13
-1.954390627858337019e-13
-1.310067215637624298e-13
-8.781643162959954767e-14
-5.886511449263860101e-14
-3.945846625659874563e-14
-2.644980091761893519e-14
-1.772983176873184386e-14
-1.188466164742048699e-14
-7.966526942616909047e-15
-5.340122706919097416e-15
-3.579591298737977184e-15
-2.399471804158817884e-15
-1.608414050224959759e-15
-1.078152180191165431e-15
-7.227070190591628794e-16
-4.844450022860183493e-16
-3.247331962340997389e-16
-2.176751710489422823e-16
-1.459120306783428658e-16
-9.780775912145984858e-17
-6.556250159693978629e-17
-4.394785908867240940e-17
-2.945913092748672169e-17
-1.974704599948285588e-17
-1.323684078344115737e-17
-8.872919723322717113e-18
-5.947695957408224111e-18
-3.986859827975872102e-18
-2.672472063426431329e-18
-1.791411596584955425e-18
-1.200819103891607032e-18
-8.049331170010982893e-19
-5.395628040437876684e-19
-3.616797636457508801e-19
-2.424411958171775047e-19
-1.625131935411060725e-19
-1.089358513758731429e-19
-7.302188490920695322e-20
-4.894803325394882294e-20
-3.281084790414079465e-20
-2.199376907757204854e-20
-1.474286430057533644e-20
-9.882437476658855625e-21
-6.624395944298301116e-21
-4.440465394340314228e-21
-2.976532967553867256e-21
-1.995229715837309028e-21
-1.337442474971742468e-21
-8.965145013930789485e-22
-6.009516418454235103e-22
-4.028299322270179031e-22
-2.700249787149484996e-22
-1.810031561629770480e-22
-1.213300439717629556e-22
-8.132996066065782261e-23
-5.451710297412895899e-23
-3.654390697534786290e-23
-2.449611340603733477e-23
-1.642023586602921179e-23
-1.100681326163269450e-23
-7.378087572243322970e-24
-4.945680001081129514e-24
-3.315188446002248017e-24
-2.222237271741049745e-24
-1.489610190295565427e-24
-9.985155713340822706e-25
-6.693250037439656350e-25
-4.486619673224600947e-25
-3.007471105900324169e-25
-2.015968170157948681e-25
-1.351343876626661741e-25
-9.058328895903643599e-26
-6.071979442508101320e-26
-4.070169539429491214e-26
-2.728316233043218230e-26
-1.828845062933314435e-26
-1.225911506777512690e-26
-8.217530576587235177e-27
-5.508375474397236530e-27
-3.692374501579520744e-27
-2.475072645879609013e-27
-1.659090809927573436e-27
-1.112121828087958517e-27
-7.454775550011607445e-28
-4.997085489869110821e-28
-3.349646575613092659e-28
-2.245335246768092918e-28
-1.505093225979022851e-28
-1.008894160526196148e-28
-6.762819801290036304e-29
-4.533253680531509012e-29
-3.038730815825095308e-29
-2.036922180353781970e-29
-1.365389769705773538e-29
-9.152481332857598600e-30
-6.135091708381487008e-30
-4.112474956395123509e-30
-2.756674402091177435e-30
-1.847854112115042489e-30
-1.238653653500093531e-30
-8.302943740364025283e-31
-5.565629630272104877e-31
-3.730753109981294581e-31
-2.500798596430287410e-31
-1.676335430285002653e-31
-1.123681242799825805e-31
-7.532260624029593324e-32
-5.049025288251921129e-32
-3.384462863656163912e-32
-2.268673302571898648e-32
-1.520737192619833668e-32
-1.019380624965029975e-32
-6.833112674543938999e-33
-4.580372402567042356e-33
-3.070315439749093939e-33
-2.058093986916564565e-33
-1.379581656055575909e-33
-9.247612391970920230e-34
-6.198859964305747574e-34
-4.155220096641887507e-34
-2.785327326469226739e-34
-1.867060741703165829e-34
-1.251528242329793762e-34
-8.389244690134172606e-35
-5.623478886894948908e-35
-3.769530626343899925e-35
-2.526791942983581258e-35
-1.693759291543226891e-35
-1.135360806280557417e-35
-7.610551079330394370e-36
-5.101504949853378162e-36
-3.419641032836738322e-36
-2.292253934556470710e-36
-1.536543762937281618e-36
-1.029976085907887460e-36
-6.904136173213885093e-37
-4.627980877465027403e-37
-3.102228354834398481e-37
-2.079485853625676958e-37
-1.393921053132816563e-37
-9.343732245060444583e-38
-6.263291028653568598e-38
-4.198409530661642751e-38
-2.814278069869603128e-38
-1.886467005352071980e-38
-1.264536649872326156e-38
-8.476442653561659793e-39
-5.681929429753876225e-39
-3.808711196923904529e-39
-2.553055464858471770e-39
-1.711364256735486002e-39
-1.147161767358671991e-39
-7.689655287061860332e-40
-5.154530086021547135e-40
-3.455184844554031420e-40
-2.316079664063121384e-40
-1.552514627036990965e-40
-1.040681676266433062e-40
-6.975897891433677468e-41
-4.676084195725714710e-41
-3.134472973345413207e-41
-2.101100067790352520e-41
-1.408409494166706212e-41
-9.440851169668659904e-42
-6.328391790667877813e-42
-4.242047876452090940e-42
-2.843529727828735239e-42
-1.906074978061855719e-42
-1.277680267041814102e-42
-8.564546954222919639e-43
-5.740987508629150897e-43
-3.848299011074300646e-43
-2.579591970262215514e-43
-1.729152208259348668e-43
-1.159085387843027404e-43
-7.769581705381815388e-44
-5.208106366429169871e-44
-3.491098099303288099e-44
-2.340153038639932480e-44
-1.568651492591551910e-44
-1.051498540727852171e-44
-7.048405502270974622e-45
-4.724687500760106394e-45
-3.167052743013551515e-45
-2.122938940494128944e-45
-1.423048528322888016e-45
-9.538979550163417537e-46
-6.394169211198527611e-46
-4.286139800010300815e-46
-2.873085428058074567e-46
-1.925886756400229366e-46
-1.290960499209622552e-46
-8.653567012603810121e-47
-5.800659438261125363e-47
-3.888298301692241313e-47
-2.606404296590663280e-47
-1.747125048078131623e-47
-1.171132942657744960e-47
-7.850338880362001768e-48
-5.262239519679595680e-48
-3.527384637082217294e-48
-2.364476632314345404e-48
-1.584956085023136177e-48
-1.062427835877184392e-48
-7.121666758547348166e-49
-4.773795989439981164e-49
-3.199971147406139823e-49
-2.145004806841989041e-49
-1.437839720869002093e-49
-9.638127878847747603e-50
-6.460630323446655117e-50
-4.330690015831985523e-50
-2.902948330778562977e-50
-1.945904458726585290e-50
-1.304378766354553065e-50
-8.743512347107018670e-51
-5.860951599025924121e-51
-3.928713345671688581e-51
-2.633495310731499483e-51
-1.765284697924168853e-51
-1.183305719978548616e-51
-7.931935446902513521e-52
-5.316935333919382859e-52
-3.564048337801387702e-52
-2.389053045868256633e-52
-1.601430147688007883e-52
-1.073470730321079852e-52
-7.195689493667335259e-53
-4.823414912653295189e-53
-3.233231706298727325e-53
-2.167300026210070150e-53
-1.452784653342168287e-53
-9.738306757081869628e-54
-6.527782233716351614e-54
-4.375703287415348810e-54
-2.933121629058579757e-54
-1.966130225418665168e-54
-1.317936503214694226e-54
-8.834392575069306835e-55
-5.921870437617334405e-55
-3.969548464360776978e-55
-2.660867909371001924e-55
-1.783633099504315188e-55
-1.195605021370433014e-55
-8.014380129654654986e-56
-5.372199657457267264e-56
-3.601093121699380284e-56
-2.413884907116139292e-56
-1.618075442062816045e-56
-1.084628404812708932e-56
-7.270481622456128459e-57
-4.873549575866034538e-57
-3.266837976051471941e-57
-2.189826982497784818e-57
-1.467884923718033740e-57
-9.839526896416877116e-58
-6.595632122175034111e-58
-4.421184427770485190e-58
-2.963608549155146230e-58
-1.986566219101336993e-58
-1.331635159440846593e-58
-8.926217413790590815e-59
-5.983422467736200116e-59
-4.010808024023584865e-59
-2.688525019303662411e-59
-1.802172214707588676e-59
-1.208032161926934129e-59
-8.097681743953908015e-60
-5.428038399389108546e-60
-3.638522949761807584e-60
-2.438974871186050878e-60
-1.634893747933191980e-60
-1.095902052377949847e-60
-7.346051142005348324e-61
-4.924205339689297110e-61
-3.300793549989451808e-61
-2.212588084383058101e-61
-1.483142146581550044e-61
-9.941799119739358509e-62
-6.664187243620916432e-62
-4.467138299934067467e-62
-2.994412350859354505e-62
-2.007214624877717785e-62
-1.345476199751432779e-62
-9.018996681572579375e-63
-6.045614270786975544e-63
-4.052496436307620085e-63
-2.716469597744972738e-63
-1.820904025814814489e-63
-1.220588470410694955e-63
-8.181849196762629134e-64
-5.484457530230552781e-64
-3.676341824144632127e-64
-2.464325620803362123e-64
-1.651886863583752502e-64
-1.107292878443122557e-64
-7.422406132529252422e-65
-4.975387620452191822e-65
-3.335102058786643856e-65
-2.235585765579469753e-65
-1.498557953299841655e-65
-1.004513436243017536e-65
-6.733454928258337509e-66
-4.513569817489005907e-66
-3.025536327844371173e-66
-2.028077650563126602e-66
-1.359461104089318408e-66
-9.112740298768076675e-67
-6.108452496581008295e-67
-4.094618158714790378e-67
-2.744704632648047433e-67
-1.839830535710861160e-67
-1.233275289395472255e-67
-8.266891487621847123e-68
-5.541463082554437633e-68
-3.714553788602664887e-68
-2.489939866577982856e-68
-1.669056605990517607e-68
-1.118802100963645142e-68
-7.499554758227377057e-69
-5.027101890781743655e-69
-3.369767170854648960e-69
-2.258822485096661598e-69
-1.514133992196322738e-69
-1.014954367353188303e-69
-6.803442582482585368e-70
-4.560483945090529326e-70
-3.056983808017860300e-70
-2.049157526920724327e-70
-1.373591367779807911e-70
-9.207458288843123721e-71
-6.171943864048516423e-71
-4.137177695078359549e-71
-2.773233143022530527e-71
-1.858953768098465396e-71
-1.246093975409881379e-71
-8.352817709614797444e-72
-5.599061151636263043e-72
-3.753162928921157860e-72
-2.515820347293742631e-72
-1.686404811015329948e-72
-1.130430950554513195e-72
-7.577505268158084685e-73
-5.079353680186997810e-73
-3.404792592734319353e-73
-2.282300727503459940e-73
-1.529871928727283669e-73
-1.025503821693099229e-73
-6.874157689670383464e-74
-4.607885698996199931e-74
-3.088758153878079458e-74
-2.070456507900498418e-74
-1.387868501690643335e-74
-9.303160779446804508e-75
-6.236095161955878454e-75
-4.180179596044867834e-75
-2.802058179258019902e-75
-1.878275767714765137e-75
-1.259045899082179816e-75
-8.439637050337689438e-76
-5.657257896106414150e-76
-3.792173373353514239e-76
-2.541969830201438455e-76
-1.703933333601824791e-76
-1.142180670621661535e-76
-7.656265997121251223e-77
-5.132148575651387954e-77
-3.440182069492359659e-77
-2.306023003193086410e-77
-1.545773445659667988e-77
-1.036162927255251533e-77
-6.945607810981591219e-78
-4.655780147602648347e-78
-3.120862762872805396e-78
-2.091976870879859137e-78
-1.402294032393671659e-78
-9.399858003496230993e-79
-6.300913249632029691e-79
-4.223628459559887791e-79
-2.831182823449684316e-79
-1.897798600550093046e-79
-1.272132445287102899e-79
-8.527358792882764717e-80
-5.716059538607555986e-80
-3.831589293061958866e-80
-2.568391111314940509e-80
-1.721644047974147670e-80
-1.154052517495008579e-80
-7.735845366547951920e-81
-5.185492222229127870e-81
-3.475939385122058746e-81
-2.329991848652096811e-81
-1.561840243251129131e-81
-1.046932823756404967e-81
-7.017800586166311484e-82
-4.704172411987911573e-82
-3.153301067763303748e-82
-2.113720916907316327e-82
-1.416869502327797938e-82
-9.497560300268843725e-83
-6.366405057702434723e-83
-4.267528931360598950e-83
-2.860610189728042952e-83
-1.917524354068509782e-83
-1.285355013293692295e-83
-8.615992316831627793e-84
-5.775472366461258178e-84
-3.871414902563851188e-84
-2.595087015709645696e-84
-1.739538847837019319e-84
-1.166047760562886982e-84
-7.816251885402639862e-85
-5.239390323649220747e-85
-3.512068362947208855e-85
-2.354209826731138910e-85
-1.578074039431962641e-85
-1.057814662759674468e-85
-7.090743734382350571e-86
-4.753067666458072014e-86
-3.186076536990755966e-86
-2.135690970948701597e-86
-1.431596469964224575e-86
-9.596278116508723718e-87
-6.432577588828889243e-87
-4.311885705471700831e-87
-2.890343424592188983e-87
-1.937455137431432496e-87
-1.298715016915016158e-87
-8.705547099256448247e-88
-5.835502732339140387e-88
-3.911654460182650076e-88
-2.622060397825132665e-88
-1.757619646578359822e-88
-1.178167682407543526e-88
-7.897494151091450486e-89
-5.293848642925783006e-89
-3.548572866031696600e-89
-2.378679526919174165e-89
-1.594476569988484502e-89
-1.068809607797453523e-89
-7.164445055021185201e-90
-4.802471139101581773e-90
-3.219192675047383031e-90
-2.157889382135342252e-90
-1.446476509972812787e-90
-9.696022007544411504e-91
-6.499437918459705142e-91
-4.356703524707664563e-91
-2.920385707245657333e-91
-1.957593081722776507e-91
-1.312213884659453202e-91
-8.796032715735246571e-92
-5.896157054942605828e-92
-3.952312268502465432e-92
-2.649314141769854393e-92
-1.775888377474028940e-92
-1.190413578942541148e-92
-7.979580850382097604e-93
-5.348873002973203208e-93
-3.585456797591866867e-93
-2.403403565620562574e-93
-1.611049588748986028e-93
-1.079918834495912036e-93
-7.238912428540495813e-94
-4.852388112347336968e-94
-3.252653022851437067e-94
-2.180318524015724373e-94
-1.461511213390568911e-94
-9.796802638415637727e-95
-6.566993195584991988e-95
-4.401987181180236788e-95
-2.950740249937013753e-95
-1.977940340176981797e-95
-1.325853059883174957e-95
-8.887458841374031373e-96
-5.957441819689657445e-96
-3.993392674828990787e-96
-2.676851161629738599e-96
-1.794346993894190652e-96
-1.202786759551092160e-96
-8.062520760333411164e-97
-5.404469287229957885e-97
-3.622724101414164107e-97
-2.428384586434348486e-97
-1.627794867770946504e-97
-1.091143530700791897e-97
-7.314153817308407795e-98
-4.902823923529891206e-98
-3.286461158125171708e-98
-2.202980794808855440e-98
-1.476702187791892699e-98
-9.898630785015851885e-99
-6.635250643501584905e-99
-4.447741516809962039e-99
-2.981410298302745833e-99
-1.998499088409414392e-99
-1.339634000944774184e-99
-8.979835251842036984e-100
-6.019363579407175986e-100
-4.034900071653560526e-100
-2.704674401780003775e-100
-1.812997469512576750e-100
-1.215288547226161244e-100
-8.146322749232210060e-101
-5.460643440286634782e-101
-3.660378762277127953e-101
-2.453625260437466554e-101
-1.644714197530640933e-101
-1.102484896604202471e-101
-7.390177266453427447e-102
-4.953783965460568568e-102
-3.320620695778121272e-102
-2.225878617660874375e-102
-1.492051057460173996e-102
-1.000151733524250824e-102
-6.704217560585964263e-103
-4.493971423844900358e-103
-3.012399131714543824e-103
-2.019271524648601385e-103
-1.353558181360936754e-103
-9.073171824417741896e-104
-6.081928955032931686e-104
-4.076838897123138786e-104
-2.732786837199452063e-104
-1.831841798517167521e-104
-1.227920278712028806e-104
-8.230995777543376755e-105
-5.517401468521997320e-105
-3.698424806376747989e-105
-2.479128286469868683e-105
-1.661809387114728325e-105
-1.113944144873195996e-105
-7.466990904725272428e-106
-5.005273687003116870e-106
-3.355135288292979512e-106
-2.249014440904335121e-106
-1.507559463561802813e-106
-1.010547329016205643e-106
-6.773901321073314584e-107
-4.540681845382846212e-107
-3.043710063630203224e-107
-2.040259869971724839e-107
-1.367627089964106350e-107
-9.167478539043218998e-108
-6.145144636322325829e-108
-4.119213635515219637e-108
-2.761191473789179688e-108
-1.850881995823567084e-108
-1.240683304646982639e-108
-8.316548898866332653e-109
-5.574749440745693888e-109
-3.736866301757786760e-109
-2.504896391423294565e-109
-1.679082264413359871e-109
-1.125522500779214585e-109
-7.544602945364667244e-110
-5.057298593657434790e-110
-3.390008626116406079e-110
-2.272390738319551096e-110
-1.523229064321356123e-110
-1.021050976518709501e-110
-6.844309375847519134e-111
-4.587877775900240989e-111
-3.075346441947318514e-111
-2.061466368541712880e-111
-1.381842231061795256e-111
-9.262765479393277910e-112
-6.209017382564373741e-112
-4.162028817716494301e-112
-2.789891348693441127e-112
-1.870120097290555354e-112
-1.253578989708008022e-112
-8.402991260904012244e-113
-5.632693488846059904e-113
-3.775707358748022312e-113
-2.530932330532990262e-113
-1.696534676316000229e-113
-1.137221202329225581e-113
-7.623021686980056740e-114
-5.109864248147264695e-114
-3.425244438053824515e-114
-2.296010009399609311e-114
-1.539061535199069766e-114
-1.031663799126287014e-114
-6.915449253236509379e-115
-4.635564261786466316e-115
-3.107311649361939136e-115
-2.082893287847420671e-115
-1.396205124597159570e-115
-9.359042833951846999e-116
-6.273554023303908807e-116
-4.205289021708241579e-116
-2.818889530624701259e-116
-1.889558159937667005e-116
-1.266608712756463624e-116
-8.490332106440256552e-117
-5.691239808447027752e-117
-3.814952130398161371e-117
-2.557238887672168667e-117
-1.714168488908574177e-117
-1.149041500397998485e-117
-7.702255514436639231e-118
-5.162976271015541762e-118
-3.460846491667933325e-118
-2.319874779617182738e-118
-1.555058569069855408e-118
-1.042386931607044592e-118
-6.987328559817987809e-119
-4.683746401883171390e-119
-3.139609103729658624e-119
-2.104542918945905270e-119
-1.410717306311829973e-119
-9.456320897102403674e-120
-6.338761459073244748e-120
-4.248998873055010282e-120
-2.848189120191516750e-120
-1.909198262165028219e-120
-1.279773866985653205e-120
-8.578580774330019959e-121
-5.750394659569480492e-121
-3.854604812925576537e-121
-2.583818875649528322e-121
-1.731985587673184861e-121
-1.160984658862113463e-121
-7.782312899751405807e-122
-5.216640341224934018e-122
-3.496818593681350509e-122
-2.343987600694815688e-122
-1.571221876404662818e-122
-1.053221520523801078e-122
-7.059954981232163729e-123
-4.732429348029192487e-123
-3.172242258431410566e-123
-2.126417576707870959e-123
-1.425380327909845111e-123
-9.554610070227893903e-124
-6.404646662127891130e-124
-4.293163045399668761e-124
-2.877793250230713237e-124
-1.929042503975747553e-124
-1.293075860069683959e-124
-8.667746700495042727e-125
-5.810164367301228972e-125
-3.894669646163857987e-125
-2.610675136510223855e-125
-1.749987877689572376e-125
-1.173051954734711601e-125
-7.863202402999864616e-126
-5.270862196766238530e-126
-3.533164590383936509e-126
-2.368351050877570155e-126
-1.587553185452843581e-126
-1.064168724356800206e-126
-7.133336283005134732e-127
-4.781618305611807255e-127
-3.205214602742452644e-127
-2.148519600064473257e-127
-1.440195757223723624e-127
-9.653920862825060784e-128
-6.471216677193460249e-128
-4.337786260962768843e-128
-2.907705086141393093e-128
-1.949093007200405347e-128
-1.306516114314273729e-128
-8.757839418934684787e-129
-5.870555322472833414e-129
-3.935150914014847506e-129
-2.637810541839680317e-129
-1.768177283839208867e-129
-1.185244678302297246e-129
-7.944932673230652416e-130
-5.325647635270146668e-130
-3.569888368043959053e-130
-2.392967735209238597e-130
-1.604054242427292693e-130
-1.075229713627488756e-130
-7.207480311376818879e-131
-4.831318534123183024e-131
-3.238529662206178621e-131
-2.170851352257878549e-131
-1.455165178381981344e-131
-9.754263893624912134e-132
-6.538478622218574573e-132
-4.382873291048449057e-132
-2.937927826224036533e-132
-1.969351915723814756e-132
-1.320096066808392144e-132
-8.848868562744878133e-133
-5.931573982342266029e-133
-3.976052944907558427e-133
-2.665227993070482811e-133
-1.786555751010521241e-133
-1.197564133262635955e-133
-8.027512449392133171e-134
-5.381002514628324265e-134
-3.606993853323426300e-134
-2.417840285810082208e-134
-1.620726811691074314e-134
-1.086405671023918714e-134
-7.282394994141493524e-135
-4.881535347722468669e-135
-3.272190999010000104e-135
-2.193415221093838063e-135
-1.470290191978843299e-135
-9.855649891730294953e-136
-6.606439689135569388e-136
-4.428428956553130017e-136
-2.968464702022320244e-136
-1.989821395714703804e-136
-1.333817169578210556e-136
-8.940843865147617398e-137
-5.993226871283350776e-137
-4.017380112260777804e-137
-2.692930421793214666e-137
-1.805125244307242058e-137
-1.210011636864083790e-137
-8.110950561264103079e-138
-5.436932753619471614e-138
-3.644485013698755454e-138
-2.442971362158802766e-138
-1.637572675945981382e-138
-1.097697791526840215e-138
-7.358088341495078056e-139
-4.932274115805114076e-139
-3.306202212366951068e-139
-2.216213619196871363e-139
-1.485572415244891464e-139
-9.958089697762542697e-140
-6.675107144630984471e-140
-4.474458128481968557e-140
-2.999318978668470966e-140
-2.010503635856661898e-140
-1.347680889742288454e-140
-9.033775160533712978e-141
-6.055520581484710823e-141
-4.059136834950454358e-141
-2.720920790069009741e-141
-1.823887749258428185e-141
-1.222588520046706382e-141
-8.195255930403709810e-142
-5.493444332541873172e-142
-3.682365857883773700e-142
-2.468363651376774188e-142
-1.654593636423521185e-142
-1.109107282537715913e-142
-7.434568446891191493e-143
-4.983540263575328013e-143
-3.340566938900351927e-143
-2.239248984268742246e-143
-1.501013482220315944e-143
-1.006159426502003096e-143
-6.744488330920305430e-144
-4.520965728469433502e-144
-3.030493955233075392e-144
-2.031400847582607867e-144
-1.361688709668363994e-144
-9.127672385511287922e-145
-6.118461773654298764e-145
-4.101327577783109150e-145
-2.749202090746873148e-145
-1.842845272030656988e-145
-1.235296127584178292e-145
-8.280437571098921186e-146
-5.550543293854077561e-146
-3.720640436259158420e-146
-2.494019868515215081e-146
-1.671791513076956259e-146
-1.120635364007761631e-146
-7.511843487908226807e-147
-5.035339272627274512e-147
-3.375288853032461618e-147
-2.262523779348351361e-147
-1.516615043929550108e-147
-1.016617466065164438e-147
-6.814590666534514786e-148
-4.567956729305298299e-148
-3.061992965076805159e-148
-2.052515265311134498e-148
-1.375842127132165244e-148
-9.222545579970258200e-149
-6.182057177731234593e-149
-4.143956851971849708e-149
-2.777777347783536612e-149
-1.861999839642952678e-149
-1.248135818227845339e-149
-8.366504591331911392e-150
-5.608235742819121442e-150
-3.759312841305317303e-150
-2.519942756846064149e-150
-1.689168144776267932e-150
-1.132283268568324770e-150
-7.589921727121209302e-151
-5.087676681530902667e-151
-3.410371667378127029e-151
-2.286040493075598296e-151
-1.532378768557718474e-151
-1.027184206683669455e-151
-6.885421647112945762e-152
-4.615436155467379698e-152
-3.093819376207518129e-152
-2.073849146685305939e-152
-1.390142655477097014e-152
-9.318404888155346681e-153
-6.246313593606805631e-153
-4.187029215619648776e-153
-2.806649616566633648e-153
-1.881353500182898297e-153
-1.261108964851940146e-153
-8.453466193754810409e-154
-5.666527848158573915e-154
-3.798387208039758118e-154
-2.546135088154452101e-154
-1.706725389504687478e-154
-1.144052241662937600e-154
-7.668811512986941234e-155
-5.140558086423872065e-155
-3.445819133140605520e-155
-2.309801639957350169e-155
-1.548306341629353199e-155
-1.037860778198283842e-155
-6.956988846204343579e-156
-4.663409083657230485e-156
-3.125976591640204607e-156
-2.095404772814521533e-156
-1.404591823776360075e-156
-9.415260559750203049e-157
-6.311237891849437861e-157
-4.230549274206482513e-157
-2.835821984242033237e-157
-1.900908323026040837e-157
-1.274216954600302214e-157
-8.541331676670861245e-158
-5.725425842711805875e-158
-3.837867714460086058e-158
-2.572599663035637237e-158
-1.724465124557259464e-158
-1.155943541680102922e-158
-7.748521280736241558e-159
-5.193989141611070841e-159
-3.481635040513423081e-159
-2.333809760636172848e-159
-1.564399466188099464e-159
-1.048648322193360185e-159
-7.029299916078250681e-160
-4.711880643343996069e-160
-3.158468049760677499e-160
-2.117184448517721533e-160
-1.419191176996370841e-160
-9.513122950975479603e-161
-6.376837014440725486e-161
-4.274521681081530216e-161
-2.865297570042974516e-161
-1.920666399057056110e-161
-1.287461189034987409e-161
-8.630110435030512336e-162
-5.784936024102106670e-162
-3.877758581989440952e-162
-2.599339311194316019e-162
-1.742389246741961597e-162
-1.167958440088101250e-162
-7.829059553275427061e-163
-5.247975560167465198e-163
-3.517823219085445464e-163
-2.358067422162516067e-163
-1.580659862979154937e-163
-1.059547992118838466e-163
-7.102362588540849878e-164
-4.760856017312613917e-164
-3.191297224693932951e-164
-2.139190502570293533e-164
-1.433942276161872723e-164
-9.612002525692976375e-165
-6.443117975517345121e-165
-4.318951137961693860e-165
-2.895079525624225667e-165
-1.940629840893201289e-165
-1.300843084285695685e-165
-8.719811961435504623e-166
-5.845064755411365674e-166
-3.918064075928728541e-166
-2.626356891747039970e-166
-1.760499672581934433e-166
-1.180098221570877271e-166
-7.910434942099393641e-167
-5.302523114550116347e-167
-3.554387538250154025e-167
-2.382577218268400424e-167
-1.597089270633175926e-167
-1.070560953413819503e-167
-7.176184675763257136e-168
-4.810340442217711275e-168
-3.224467626674547284e-168
-2.161425287952960421e-168
-1.448846698523173872e-168
-9.711909856526599097e-169
-6.510087862120667927e-169
-4.363842395432881301e-169
-2.925171035398910238e-169
-1.960800783110649524e-169
-1.314364071201477929e-169
-8.810445847153348594e-170
-5.905818465858474923e-170
-3.958788505912471196e-170
-2.653655293528517258e-170
-1.778798338520794060e-170
-1.192364184165336587e-170
-7.992656148209740158e-171
-5.357637637215110644e-171
-3.591331907620184056e-171
-2.407341769645277299e-171
-1.613689445852084420e-171
-1.081688383630818994e-171
-7.250774071116433671e-172
-4.860339209144622310e-172
-3.257982802422720055e-172
-2.183891182103244083e-172
-1.463906037724306652e-172
-9.812855625992298841e-173
-6.577753834956016107e-173
-4.409200253458919962e-173
-2.955575316878834461e-173
-1.981181382472064727e-173
-1.328025595503655989e-173
-8.902021783144876161e-174
-5.967203651488073437e-174
-3.999936226369383968e-174
-2.681237435399607641e-174
-1.797287201129585627e-174
-1.204757639400407985e-174
-8.075731963046879553e-175
-5.413325021240882999e-175
-3.628660277444149109e-175
-2.432363724224113298e-175
-1.630462163597271166e-175
-1.092931472561915618e-175
-7.326138750014773923e-176
-4.910857664173495990e-176
-3.291846335523324522e-176
-2.206590587170170173e-176
-1.479121903973750597e-176
-9.914850627639730954e-177
-6.646123129156102278e-177
-4.455029561894546387e-177
-2.986295621019184685e-177
-2.001773818157653821e-177
-1.341829117940330080e-177
-8.994549561097436914e-178
-6.029226875864810596e-178
-4.041511636988875637e-178
-2.709106266560016804e-178
-1.815968237315887622e-178
-1.217279912436872082e-178
-8.159671269429615691e-179
-5.469591220959557285e-179
-3.666376639029822683e-179
-2.457645757458379457e-179
-1.647409217278831609e-179
-1.104291422365908112e-179
-7.402286770770519824e-180
-4.961901208952011402e-180
-3.326061846808892940e-180
-2.229525930270371078e-180
-1.494495924216520745e-180
-1.001790576720859440e-180
-6.715203055056113569e-181
-4.501335221003726216e-181
-3.017335232565130932e-181
-2.022580291998061086e-181
-1.355776114442870722e-181
-9.088039074473860407e-182
-6.091894770774799106e-182
-4.083519183190126009e-182
-2.737264766863483494e-182
-1.834843444535601253e-182
-1.229932342209323239e-182
-8.244483042504471272e-183
-5.526442252591769800e-183
-3.704485025170701852e-183
-2.483190572610676374e-183
-1.664532418947692073e-183
-1.115769447696792895e-183
-7.479226275452910523e-184
-5.013475301272672806e-184
-3.360632994747523724e-184
-2.252699663748099841e-184
-1.510029742308043718e-184
-1.012203206379135615e-184
-6.785000998974992550e-185
-4.548122181984620793e-185
-3.048697470403712265e-185
-2.043603028709684004e-185
-1.369868076283278276e-185
-9.182500319569806790e-186
-6.155214036936096076e-186
-4.125963356598310400e-186
-2.765715947136245942e-186
-1.853914841005912243e-186
-1.242716281569266415e-186
-8.330176350707206696e-187
-5.583884194891175302e-187
-3.742989510577004161e-187
-2.509000901040949112e-187
-1.681833599489267719e-187
-1.127366775833892587e-187
-7.556965490760422325e-188
-5.065585455656091033e-188
-3.395563475832933400e-188
-2.276114265437319263e-188
-1.525725019190266804e-188
-1.022724065101369578e-188
-6.855524424004828918e-189
-4.595395447497470888e-189
-3.080385687918542109e-189
-2.064844276133011186e-189
-1.384106510233937767e-189
-9.277943396582096855e-190
-6.219191444713107545e-190
-4.168848695524639451e-190
-2.794462849499595606e-190
-1.873184465921495478e-190
-1.255633097429698333e-190
-8.416760356729668904e-191
-5.641923189794104182e-191
-3.781894212312196012e-191
-2.535079502499086545e-191
-1.699314608819135151e-191
-1.139084646812703212e-191
-7.635512728899985047e-192
-5.118237243941772894e-192
-3.430857024980450958e-192
-2.299772238926513665e-192
-1.541583433068740977e-192
-1.033354277822440725e-192
-6.926780870810396973e-193
-4.643160072200517290e-193
-3.112403273348186420e-193
-2.086306305472278438e-193
-1.398492938728653977e-193
-9.374378510690757299e-194
-6.283833834841880143e-194
-4.212179785451372770e-194
-2.823508547694217666e-194
-1.892654379672452208e-194
-1.268684170911549080e-194
-8.504244318501359898e-195
-5.700565443075960735e-195
-3.821203290231939076e-195
-2.561429165419868133e-195
-1.716977316081216421e-195
-1.150924313557735701e-195
-7.714876388475316729e-196
-5.171436295882157730e-196
-3.466517415926183346e-196
-2.323676113826905397e-196
-1.557606679592401896e-196
-1.044094981169762480e-196
-6.998777958433111039e-197
-4.691421163290206582e-197
-3.144753650149157128e-197
-2.107991411538775501e-197
-1.413028900025356056e-197
-9.471815973147070417e-198
-6.349148119161192099e-198
-4.255961259523077595e-198
-2.852856147409471709e-198
-1.912326664064508502e-198
-1.281870897490931008e-198
-8.592637590178866420e-199
-5.759817225016066021e-199
-3.860920947429725358e-199
-2.588052707220969455e-199
-1.734823609847060430e-199
-1.162887042016422168e-199
-7.795064955386697913e-200
-5.225188299745729268e-200
-3.502548461630321553e-200
-2.347828446042148201e-200
-1.573796472034792007e-200
-1.054947323585052478e-200
-7.071523385107230142e-201
-4.740183881047016152e-201
-3.177440277360903571e-201
-2.129901912996103804e-201
-1.427715948370896076e-201
-9.570266202378170917e-202
-6.415141281351239178e-202
-4.300197799040590903e-202
-2.882508786615309003e-202
-1.932203422542043019e-202
-1.295194687148631317e-202
-8.681949623145564980e-203
-5.819684871066167920e-203
-3.901051430686076489e-203
-2.614952974604798093e-203
-1.752855398318160132e-203
-1.174974111294407836e-203
-7.876087003735698029e-204
-5.279499002924933288e-204
-3.538954014685632388e-204
-2.372231818042137637e-204
-1.590154541477159629e-204
-1.065912465446774765e-204
-7.145024929082602052e-205
-4.789453439388276661e-205
-3.210466649976373398e-205
-2.152040152607974029e-205
-1.442555654166754067e-205
-9.669739725100523657e-206
-6.481820377681811602e-206
-4.344894133962516480e-206
-2.912469635897633299e-206
-1.952286780412347691e-206
-1.308656964520804817e-206
-8.772189967024158711e-207
-5.880174782529141060e-207
-3.941599030922404845e-207
-2.642132843861997652e-207
-1.771074609529888973e-207
-1.187186813792586842e-207
-7.957951196743688041e-208
-5.334374212550417400e-208
-3.575737967728204611e-208
-2.396888839139007736e-208
-1.606682636993914990e-208
-1.076991579194447889e-208
-7.219290449455935408e-209
-4.839235106424064245e-209
-3.243836299315534122e-209
-2.174408497489192288e-209
-1.457549604137273959e-209
-9.770247177444920385e-210
-6.549192537764602474e-210
-4.390055043410733504e-210
-2.942741898797972948e-210
-1.972578885073306754e-210
-1.322259169051223871e-210
-8.863368270694827103e-211
-5.941293427243116558e-211
-3.982568083660711097e-211
-2.669595221179576209e-211
-1.789483191557555233e-211
-1.199526455344890507e-211
-8.040666287677724853e-212
-5.389819796113161116e-212
-3.612904253854456649e-212
-2.421802145765994104e-212
-1.623382525839107862e-212
-1.088185849453948140e-212
-7.294327887012768609e-213
-4.889534205021557507e-213
-3.277552793402771351e-213
-2.197009339358033971e-213
-1.472699401499240502e-213
-9.871799306095956003e-214
-6.617264965316984260e-214
-4.435685356181152148e-214
-2.973328812155028786e-214
-1.993081906242896796e-214
-1.336002755145492935e-214
-8.955494283328880170e-215
-6.003047340272714855e-215
-4.023962969485819802e-215
-2.697343042951503618e-215
-1.808083112725101855e-215
-1.211994355358179792e-215
-8.124241120786023087e-216
-5.445841682090044685e-216
-3.650456847041485561e-216
-2.446974401759879416e-216
-1.640255993635750730e-216
-1.099496473164112304e-216
-7.370145265074074554e-217
-4.940356113373915532e-217
-3.311619737349142180e-217
-2.219845094792459105e-217
-1.488006666133218627e-217
-9.974406969437799925e-218
-6.686044938931899446e-218
-4.481789951261030597e-218
-3.004233646451427979e-218
-2.013798036191069382e-218
-1.349889192326108157e-218
-9.048577855430694047e-219
-6.065443124609161123e-219
-4.065788114514658129e-219
-2.725379276092527626e-219
-1.826876361814962066e-219
-1.224591846953254348e-219
-8.208684632245461332e-220
-5.502445860578946545e-220
-3.688399762571766302e-220
-2.472408298645004012e-220
-1.657304844566653446e-220
-1.110924659704969269e-220
-7.446750690355788443e-221
-4.991706265575051249e-221
-3.346040773736733015e-221
-2.242918205488384515e-221
-1.503473034757095799e-221
-1.007808113871741749e-221
-6.755539812855737653e-222
-4.528373758349154822e-222
-3.035459706163255293e-222
-2.034729489974612398e-222
-1.363919965389885914e-222
-9.142628939890446400e-223
-6.128487451874271043e-223
-4.108047990869293082e-223
-2.753706918356182754e-223
-1.845864948281006863e-223
-1.237320277107325503e-223
-8.294005851114312931e-224
-5.559638383938934643e-224
-3.726737057463539226e-224
-2.498106555921455191e-224
-1.674530901567240164e-224
-1.122471631026678578e-224
-7.524152353835193738e-225
-5.043590152202085043e-225
-3.380819583008691281e-225
-2.266231138520628332e-225
-1.519100161100581318e-225
-1.018283289921712049e-225
-6.825757017776598375e-226
-4.575441758383680417e-226
-3.067010330113205033e-226
-2.055878505673311733e-226
-1.378096574566646925e-226
-9.237657593050926001e-227
-6.192187063034806580e-227
-4.150747117154875825e-227
-2.782328998653617163e-227
-1.865050902463829270e-227
-1.250181006798392973e-227
-8.380213900299043537e-228
-5.617425367437086906e-228
-3.765472830902281938e-228
-2.524071921356424324e-228
-1.691936006520941361e-228
-1.134138621780370034e-228
-7.602358531626313236e-229
-5.096013320899301112e-229
-3.415959883863528759e-229
-2.289786386607349557e-229
-1.534889716082279351e-229
-1.028867345143926115e-229
-6.896704061614582767e-230
-4.622998984075773073e-230
-3.098888891828455877e-230
-2.077247344629593199e-230
-1.392420535679550026e-230
-9.333673975777065716e-231
-6.256548769124674414e-231
-4.193890058943969278e-231
-2.811248577379475879e-231
-1.884436275806678676e-231
-1.263175411149990156e-231
-8.467317997531683467e-232
-5.675812989903963184e-232
-3.804611224681758758e-232
-2.550307171276444463e-232
-1.709522020455086122e-232
-1.145926879450418528e-232
-7.681377585866984215e-233
-5.148981376975016562e-233
-3.451465433650621008e-233
-2.313586468375154503e-233
-1.550843387988701166e-233
-1.039561411230676690e-233
-6.968388530329579696e-234
-4.671050520444850784e-234
-3.131098799899460089e-234
-2.098838291690789045e-234
-1.406893380307564193e-234
-9.430688354549169688e-235
-6.321579451969308954e-235
-4.237481429262115545e-235
-2.840468746738212285e-235
-1.904023141076396654e-235
-1.276304879579136647e-235
-8.555327456350175020e-236
-5.734807494390748280e-236
-3.844156423645622545e-236
-2.576815110866390937e-236
-1.727290823741133134e-236
-1.157837664487120100e-236
-7.761217965608209535e-237
-5.202499983999244106e-237
-3.487340028774865997e-237
-2.337633928630082991e-237
-1.566962882653825396e-237
-1.050366631636674051e-237
-7.040818088730107764e-238
-4.719601505366234502e-238
-3.163643498346679525e-238
-2.120653655452145471e-238
-1.421516655948361148e-238
-9.528711102557551108e-239
-6.387286064926831148e-239
-4.281525889084160643e-239
-2.869992631073741480e-239
-1.923813592583339802e-239
-1.289570815944482098e-239
-8.644251687101418333e-240
-5.794415188840949311e-240
-3.884112656133560871e-240
-2.603598574467116949e-240
-1.745244316295162289e-240
-1.169872250442437707e-240
-7.841888207723204954e-241
-5.256574864407474492e-241
-3.523587505099483518e-241
-2.361931338628942639e-241
-1.583249923642807974e-241
-1.061284161702072930e-241
-7.114000481290446290e-242
-4.768657130116280375e-242
-3.196526466987797512e-242
-2.142695768505448526e-242
-1.436291926184811085e-242
-9.627752700808414800e-243
-6.453675633625793867e-243
-4.326028147831224061e-243
-2.899823387205763610e-243
-1.943809746406813889e-243
-1.302974638695969741e-243
-8.734100197939727136e-244
-5.854642446762977247e-244
-3.924484194436456033e-244
-2.630660425880544557e-244
-1.763384417780421306e-244
-1.182031924105128003e-244
-7.923396937817627356e-245
-5.311211800116676161e-245
-3.560211738358916743e-245
-2.386481296353426979e-245
-1.599706252434857551e-245
-1.072315168775658230e-245
-7.187943532984299396e-246
-4.818222639931172888e-246
-3.229751221808696263e-246
-2.164966987686517164e-246
-1.451220770851698338e-246
-9.727823739252085789e-247
-6.520755256721449679e-247
-4.370992963872759136e-247
-2.929964204764709567e-247
-1.964013740620700149e-247
-1.316517781027525739e-247
-8.824882595850284090e-248
-5.915495707909609097e-248
-3.965275355249686237e-248
-2.658003558675016156e-248
-1.781713067813970480e-248
-1.194317985639252221e-248
-8.005752871149136960e-249
-5.366416633138762814e-249
-3.597216644572077794e-249
-2.411286426789778092e-249
-1.616333628610689026e-249
-1.083460832339293672e-249
-7.262655150115039774e-250
-4.868303334566196911e-250
-3.263321315341944185e-250
-2.187469694328895716e-250
-1.466304786204144818e-250
-9.828934917906628026e-251
-6.588532106652623720e-251
-4.416425145038775039e-251
-2.960418306535077176e-251
-1.984427735521387144e-251
-1.330201691029125861e-251
-8.916608587673492405e-252
-5.976981478971207853e-252
-4.006490500137779331e-252
-2.685630896493768850e-252
-1.800232226172479191e-252
-1.206731748722805067e-252
-8.088964813565566659e-253
-5.422195266209444488e-253
-3.634606180459822661e-253
-2.436349382207302806e-253
-1.633133830040137850e-253
-1.094722344134889830e-253
-7.338143321166756085e-254
-4.918904568860731212e-254
-3.297240337043716770e-254
-2.210206294517761378e-254
-1.481545585089439158e-254
-9.931097048009607869e-255
-6.657013430406352499e-255
-4.462329549129956756e-255
-2.991188948799054697e-255
-2.005053913860323242e-255
-1.344027831842668428e-255
-9.009287981139783892e-256
-6.039106334266089821e-256
-4.048134035999457987e-256
-2.713545393369656865e-256
-1.818943873003179866e-256
-1.219274540687763368e-256
-8.173041662439230694e-257
-5.478553663417587146e-257
-3.672384343870881513e-257
-2.461672842443865786e-257
-1.650108653071692816e-257
-1.106100908290849042e-257
-7.414416117656012883e-258
-4.970031753314678004e-258
-3.331511913680180745e-258
-2.233179219346430058e-258
-1.496944797118166177e-258
-1.003432105317082690e-258
-6.726206550298006426e-259
-4.508711084440568224e-259
-3.022279421683667532e-259
-2.025894481075607342e-259
-1.357997681817979549e-259
-9.102930685925402475e-260
-6.101876916448194992e-260
-4.090210415537451976e-260
-2.741750034038578324e-260
-1.837850009034997144e-260
-1.231947702662967508e-260
-8.257992407624652625e-261
-5.535497850841043278e-261
-3.710555174206034783e-261
-2.487259515191625374e-261
-1.667259912725870249e-261
-1.117597741451679786e-261
-7.491481694992334772e-262
-5.021690354662524664e-262
-3.366139709714186482e-262
-2.256390925178057931e-262
-1.512504068839617034e-262
-1.013861797053686835e-262
-6.796118864748188381e-263
-4.555574710281785445e-263
-3.053693049514950367e-263
-2.046951665529386876e-263
-1.372112734670418624e-263
-9.197546714703826939e-264
-6.165299937215353151e-264
-4.132724137737813565e-264
-2.770247834260756764e-264
-1.856952655791842742e-264
-1.244752589716419120e-264
-8.343826132417102798e-265
-5.593033917195329562e-265
-3.749122752852924062e-265
-2.513112136285692045e-265
-1.684589442887787162e-265
-1.129214072907719279e-265
-7.569348293356112756e-266
-5.073885896461796019e-266
-3.401127427695929231e-266
-2.279843893906262872e-266
-1.528225063917351920e-266
-1.024399895197920367e-266
-6.866757849079116808e-267
-4.602925437510406053e-267
-3.085433191170660583e-267
-2.068227718745453610e-267
-1.386374499641669323e-267
-9.293146184223556490e-268
-6.229382178024800982e-268
-4.175679748347270669e-268
-2.799041841142292927e-268
-1.876253855810224914e-268
-1.257690571001141533e-268
-8.430552014520937133e-269
-5.651168014479654886e-269
-3.788091203621220817e-269
-2.539233469998634512e-269
-1.702099096504566026e-269
-1.140951144726186844e-269
-7.648024238572903675e-270
-5.126623959681990148e-270
-3.436478808661521036e-270
-2.303540633222280282e-270
-1.544109463306559811e-270
-1.035047526527742841e-270
-6.938131056311670058e-271
-4.650768329068243125e-271
-3.117503240441834474e-271
-2.089724915649272613e-271
-1.400784501659874788e-271
-9.389739316386786555e-272
-6.294130490823186753e-272
-4.219081840362535071e-272
-2.828135133460008665e-272
-1.895755672855965346e-272
-1.270763029901163680e-272
-8.518179327037559539e-273
-5.709906358639128587e-273
-3.827464693182257854e-273
-2.565626309333773179e-273
-1.719790745782901308e-273
-1.152810211884887100e-273
-7.727517943009623144e-274
-5.179910183299556964e-274
-3.472197632529914396e-274
-2.327483676882342962e-274
-1.560158965435006684e-274
-1.045805829533213938e-274
-7.010246117970598557e-275
-4.699108500519319969e-275
-3.149906626394646428e-275
-2.111445554812872832e-275
-1.415344281503782221e-275
-9.487336439339156190e-276
-6.359551798773566137e-276
-4.262935054520026617e-276
-2.857530821992869599e-276
-1.915460192146344253e-276
-1.283971364179001294e-276
-8.606717439449302991e-277
-5.769255230227527652e-277
-3.867247431517556940e-277
-2.592293476325820775e-277
-1.737666282388651222e-277
-1.164792542405365284e-277
-7.807837906471516397e-278
-5.233750264904915068e-278
-3.508287718509782990e-278
-2.351675584977799368e-278
-1.576375286383243039e-278
-1.056675954537883695e-278
-7.083110744906034329e-279
-4.747951120600512606e-279
-3.182646813735972824e-279
-2.133391958698726478e-279
-1.430055395967025761e-279
-9.585947988581527816e-280
-6.425653097000630192e-280
-4.307244079790607753e-280
-2.887232049852040825e-280
-1.935369520572437263e-280
-1.297316986126118937e-280
-8.696175818627976541e-281
-5.829220975076851506e-281
-3.907443672365518016e-281
-2.619237822341781183e-281
-1.755727617650470330e-281
-1.176899417489399652e-281
-7.888992717108293310e-282
-5.288149961306973770e-282
-3.544752925506736343e-282
-2.376118944210696535e-282
-1.592760160069323807e-282
-1.067659063821425608e-282
-7.156732728111617582e-283
-4.797301411772655641e-283
-3.215727303186357060e-283
-2.155566473909744869e-283
-1.444919418024093765e-283
-9.685584508077217267e-284
-6.492441453336542059e-284
-4.352013653884343270e-284
-2.917241992819218660e-284
-1.955485786923723125e-284
-1.310801322712778087e-284
-8.786564029844262985e-285
-5.889810004980432667e-285
-3.948057713679293914e-285
-2.646462228384925116e-285
-1.773976682762604179e-285
-1.189132131655606518e-285
-7.970991052338620973e-286
-5.343115089152808146e-286
-3.581597152534709872e-286
-2.400816368168236158e-286
-1.609315338433685016e-286
-1.078756331744752796e-286
-7.231119939563142876e-287
-4.847164650777305657e-287
-3.249151631851440280e-287
-2.177971471439479792e-287
-1.459937936999654413e-287
-9.786256651386955627e-288
-6.559924009074433960e-288
-4.397248563753170589e-288
-2.947563859685241067e-288
-1.975811142117242226e-288
-1.324425815741638677e-288
-8.877891737787445130e-289
-5.951028798373237189e-289
-3.989093898085053992e-289
-2.673969605404922021e-289
-1.792415428992764698e-289
-1.201491992877447290e-289
-8.053841679770808640e-290
-5.398651525547841954e-290
-3.618824339135686350e-290
-2.425770497604104443e-290
-1.626042591625915727e-290
-1.089968944874619007e-290
-7.306280333057884485e-291
-4.897546169204758808e-291
-3.282923373602703737e-291
-2.200609346924890794e-291
-1.475112558737184394e-291
-9.887975182804816178e-292
-6.628107979737133630e-292
-4.442953646106179540e-292
-2.978200892592173628e-292
-1.996347759425813310e-292
-1.338191922001486945e-292
-8.970168707605776965e-293
-6.012883901029209004e-293
-4.030556613344945843e-293
-2.701762894606695915e-293
-1.811045827890183661e-293
-1.213980322724028080e-293
-8.137553458146566077e-294
-5.454765208682406409e-294
-3.656438465797677511e-294
-2.450984000720037173e-294
-1.642943708195308018e-294
-1.101298102111342639e-294
-7.382221945062541828e-295
-4.948451354059742082e-295
-3.317046139458523562e-295
-2.223482520904227690e-295
-1.490444905771825852e-295
-9.990750978505770698e-296
-6.697000655842748158e-296
-4.489133787925319555e-296
-3.009156367382312536e-296
-2.017097834711965487e-296
-1.352101113422543723e-296
-9.063404805942591992e-297
-6.075381926759211316e-297
-4.072450292829418168e-297
-2.729845067767019795e-297
-1.829869871495793520e-297
-1.226598456500317467e-297
-8.222135338285556667e-298
-5.511462138470955563e-298
-3.694443554383198708e-298
-2.476459573450272735e-298
-1.660020495280624487e-298
-1.112745014816638090e-298
-7.458952895578339887e-299
-4.999885648341282710e-299
-3.351523577969137093e-299
-2.246593439073853675e-299
-1.505936617503385085e-299
-1.009459502771646976e-299
-6.766609403689423463e-300
-4.535793926986387850e-300
-3.040433593945757949e-300
-2.038063586662071071e-300
-1.366154877234910513e-300
-9.157610001998350790e-301
-6.138529558116104945e-301
-4.114779415987614003e-301
-2.758219127551380855e-301
-1.848889572556664612e-301
-1.239347743390884175e-301
-8.307596364039620265e-302
-5.568748377188674452e-302
-3.732843668558088966e-302
-2.502199939751759704e-302
-1.677274778804620836e-302
-1.124310906942755818e-302
-7.536481389002565405e-303
-5.051854551623053495e-303
-3.386359375609396643e-303
-2.269944572551502749e-303
-1.521589350371107636e-303
-1.019951843388122539e-303
-6.836941666140769420e-304
-4.582939052390564862e-304
-3.072035916576693742e-304
-2.059247257022873554e-304
-1.380354716126367787e-304
-9.252794368593596426e-305
-6.202333547114105434e-305
-4.157548508829538692e-305
-2.786888107834083129e-305
-1.868106964739560921e-305
-1.252229546603749446e-305
-8.393945673266320117e-306
-5.626630050124024460e-306
-3.771642914224733041e-306
-2.528207851893173233e-306
-1.694708403668735054e-306
-1.135997015164237124e-306
-7.614815715011710833e-307
-5.104363620639674893e-307
-3.421557257169907509e-307
-2.293538418139760186e-307
-1.537404778031986566e-307
-1.030553241585719335e-307
-6.908004963419323811e-308
-4.630574205093770264e-308
-3.103966714329971266e-308
-2.080651110842805789e-308
-1.394702148404126808e-308
-9.348968083242807764e-309
-6.266800715945180694e-309
-4.200762144408645431e-309
-2.815855074024837243e-309
-1.887524102849842293e-309
-1.265245243515721645e-309
-8.481192498798516283e-310
-5.685113346231844080e-310
-3.810845439964034054e-310
-2.554486090751170146e-310
-1.712323233949747032e-310
-1.147804589009132532e-310
-7.693964249445203008e-311
-5.157418469885167439e-311
-3.457120986158143269e-311
-2.317377498592099605e-311
-1.553384591538753379e-311
-1.041264830911285661e-311
-6.979806893918474452e-312
-4.678704478448589372e-312
-3.136229401380247498e-312
-2.102277436708907687e-312
-1.409198708158343838e-312
-9.446141429251286231e-313
-6.331937957697181517e-313
-4.244424943311491429e-313
-2.845123123385703882e-313
-1.907143063046411277e-313
-1.278396225792680605e-313
-8.569346169118724829e-314
-5.744204518487968400e-314
-3.850455437453624385e-314
-2.581037466548456751e-314
-1.730121152694458390e-314
-1.159734891111123914e-314
-7.773935459162043453e-315
-5.211024772528578300e-315
-3.493054367959764273e-315
-2.341464357516035854e-315
-1.569530500817432162e-315
-1.052087753572003281e-315
-7.052355132789635416e-316
-4.727335068484834193e-316
-3.168827419258943162e-316
-2.124128575521502392e-316
-1.423845907300434219e-316
-9.544324573634700171e-317
-6.397752390799240544e-317
-4.288541682794833334e-317
-2.874695268913709272e-317
-1.926965701354238279e-317
-1.291684236356063283e-317
-8.658421392864511087e-318
-5.803912658108583466e-318
-3.890475462268770200e-318
-2.607866223695518934e-318
-1.748108008771956935e-318
-1.171790314211059666e-318
-7.854705044148721684e-319
-5.265158774600996172e-319
-3.529357941066944688e-319
-2.365783938546224952e-319
-1.585851910021233157e-319
-1.062982237027441940e-319
-7.125908809968298907e-320
-4.776132598347330343e-320
-3.202039450697118853e-320
-2.146221165534374988e-320
-1.438719160689709937e-320
-9.644161406821132542e-321
-6.467319304061917263e-321
-4.328015057569319727e-321
-2.905105997546529680e-321
-1.941677988156098919e-321
-1.309273961479303342e-321
-8.695555366805939178e-322
-5.879381185510833876e-322
-3.952525166729972353e-322
-2.618547922958606684e-322
-1.778636325028487559e-322
-1.185757550018991706e-322
-7.410984687618698163e-323
-5.434722104253711986e-323
-3.458459520888725809e-323
-1.976262583364986177e-323
-1.482196937523739633e-323
-1.482196937523739633e-323
-4.940656458412465442e-324
-4.940656458412465442e-324
0.000000000000000000e+00
0.000000000000000000e+00
0.000000000000000000e+00
0.000000000000000000e+00
0.000000000000000000e+00
0.000000000000000000e+00
0.000000000000000000e+00
0.000000000000000000e+00
0.000000000000000000e+00
0.000000000000000000e+00
0.000000000000000000e+00
0.000000000000000000e+00
0.000000000000000000e+00
0.000000000000000000e+00
0.000000000000000000e+00
0.000000000000000000e+00
0.000000000000000000e+00
0.000000000000000000e+00
0.000000000000000000e+00
0.000000000000000000e+00
0.000000000000000000e+00
0.000000000000000000e+00
0.000000000000000000e+00
0.000000000000000000e+00
0.000000000000000000e+00
0.000000000000000000e+00
0.000000000000000000e+00
0.000000000000000000e+00
0.000000000000000000e+00
0.000000000000000000e+00
0.000000000000000000e+00
0.000000000000000000e+00
0.000000000000000000e+00
0.000000000000000000e+00
0.000000000000000000e+00
0.000000000000000000e+00
0.000000000000000000e+00
0.000000000000000000e+00
0.000000000000000000e+00
0.000000000000000000e+00
0.000000000000000000e+00
0.000000000000000000e+00
0.000000000000000000e+00
0.000000000000000000e+00
0.000000000000000000e+00
0.000000000000000000e+00
0.000000000000000000e+00
0.000000000000000000e+00
0.000000000000000000e+00
0.000000000000000000e+00
0.000000000000000000e+00
0.000000000000000000e+00
0.000000000000000000e+00
0.000000000000000000e+00
0.000000000000000000e+00
0.000000000000000000e+00
0.000000000000000000e+00
0.000000000000000000e+00
0.000000000000000000e+00
0.000000000000000000e+00
0.000000000000000000e+00
0.000000000000000000e+00
0.000000000000000000e+00
0.000000000000000000e+00
0.000000000000000000e+00
0.000000000000000000e+00
0.000000000000000000e+00
0.000000000000000000e+00
0.000000000000000000e+00
0.000000000000000000e+00
0.000000000000000000e+00
0.000000000000000000e+00
0.000000000000000000e+00
0.000000000000000000e+00
0.000000000000000000e+00
0.000000000000000000e+00
0.000000000000000000e+00
0.000000000000000000e+00
0.000000000000000000e+00
0.000000000000000000e+00
0.000000000000000000e+00
0.000000000000000000e+00
0.000000000000000000e+00
0.000000000000000000e+00
0.000000000000000000e+00
0.000000000000000000e+00
0.000000000000000000e+00
0.000000000000000000e+00
0.000000000000000000e+00
0.000000000000000000e+00
0.000000000000000000e+00
0.000000000000000000e+00
0.000000000000000000e+00
0.000000000000000000e+00
0.000000000000000000e+00
0.000000000000000000e+00
0.000000000000000000e+00
0.000000000000000000e+00
0.000000000000000000e+00
0.000000000000000000e+00
0.000000000000000000e+00
0.000000000000000000e+00
0.000000000000000000e+00
0.000000000000000000e+00
0.000000000000000000e+00
0.000000000000000000e+00
0.000000000000000000e+00
0.000000000000000000e+00
0.000000000000000000e+00
0.000000000000000000e+00
0.000000000000000000e+00
0.000000000000000000e+00
0.000000000000000000e+00
0.000000000000000000e+00
0.000000000000000000e+00
0.000000000000000000e+00
0.000000000000000000e+00
0.000000000000000000e+00
0.000000000000000000e+00
0.000000000000000000e+00
0.000000000000000000e+00
0.000000000000000000e+00
0.000000000000000000e+00
0.000000000000000000e+00
0.000000000000000000e+00
0.000000000000000000e+00
0.000000000000000000e+00
0.000000000000000000e+00
0.000000000000000000e+00
0.000000000000000000e+00
0.000000000000000000e+00
0.000000000000000000e+00
0.000000000000000000e+00
0.000000000000000000e+00
0.000000000000000000e+00
0.000000000000000000e+00
0.000000000000000000e+00
0.000000000000000000e+00
0.000000000000000000e+00
0.000000000000000000e+00
0.000000000000000000e+00
0.000000000000000000e+00
0.000000000000000000e+00
0.000000000000000000e+00
0.000000000000000000e+00
0.000000000000000000e+00
0.000000000000000000e+00
0.000000000000000000e+00
0.000000000000000000e+00
0.000000000000000000e+00
0.000000000000000000e+00
0.000000000000000000e+00
0.000000000000000000e+00
0.000000000000000000e+00
0.000000000000000000e+00
0.000000000000000000e+00
0.000000000000000000e+00
0.000000000000000000e+00
0.000000000000000000e+00
0.000000000000000000e+00
0.000000000000000000e+00
0.000000000000000000e+00
0.000000000000000000e+00
0.000000000000000000e+00
0.000000000000000000e+00
0.000000000000000000e+00
0.000000000000000000e+00
0.000000000000000000e+00
0.000000000000000000e+00
0.000000000000000000e+00
0.000000000000000000e+00
0.000000000000000000e+00
0.000000000000000000e+00
0.000000000000000000e+00
0.000000000000000000e+00
0.000000000000000000e+00
0.000000000000000000e+00
0.000000000000000000e+00
0.000000000000000000e+00
0.000000000000000000e+00
0.000000000000000000e+00
0.000000000000000000e+00
0.000000000000000000e+00
0.000000000000000000e+00
0.000000000000000000e+00
0.000000000000000000e+00
0.000000000000000000e+00
0.000000000000000000e+00
0.000000000000000000e+00
0.000000000000000000e+00
0.000000000000000000e+00
0.000000000000000000e+00
0.000000000000000000e+00
0.000000000000000000e+00
0.000000000000000000e+00
0.000000000000000000e+00
0.000000000000000000e+00
0.000000000000000000e+00
0.000000000000000000e+00
0.000000000000000000e+00
0.000000000000000000e+00
0.000000000000000000e+00
0.000000000000000000e+00
0.000000000000000000e+00
0.000000000000000000e+00
0.000000000000000000e+00
0.000000000000000000e+00
0.000000000000000000e+00
0.000000000000000000e+00
0.000000000000000000e+00
0.000000000000000000e+00
0.000000000000000000e+00
0.000000000000000000e+00
0.000000000000000000e+00
0.000000000000000000e+00
0.000000000000000000e+00
0.000000000000000000e+00
0.000000000000000000e+00
0.000000000000000000e+00
0.000000000000000000e+00
0.000000000000000000e+00
0.000000000000000000e+00
0.000000000000000000e+00
0.000000000000000000e+00
0.000000000000000000e+00
0.000000000000000000e+00
0.000000000000000000e+00
0.000000000000000000e+00
0.000000000000000000e+00
0.000000000000000000e+00
0.000000000000000000e+00
0.000000000000000000e+00
0.000000000000000000e+00
0.000000000000000000e+00
0.000000000000000000e+00
0.000000000000000000e+00
0.000000000000000000e+00
0.000000000000000000e+00
0.000000000000000000e+00
0.000000000000000000e+00
0.000000000000000000e+00
0.000000000000000000e+00
0.000000000000000000e+00
0.000000000000000000e+00
0.000000000000000000e+00
0.000000000000000000e+00
0.000000000000000000e+00
0.000000000000000000e+00
0.000000000000000000e+00
0.000000000000000000e+00
0.000000000000000000e+00
0.000000000000000000e+00
0.000000000000000000e+00
0.000000000000000000e+00
0.000000000000000000e+00
0.000000000000000000e+00
0.000000000000000000e+00
0.000000000000000000e+00
0.000000000000000000e+00
0.000000000000000000e+00
0.000000000000000000e+00
0.000000000000000000e+00
0.000000000000000000e+00
0.000000000000000000e+00
0.000000000000000000e+00
0.000000000000000000e+00
0.000000000000000000e+00
0.000000000000000000e+00
0.000000000000000000e+00
0.000000000000000000e+00
0.000000000000000000e+00
0.000000000000000000e+00
0.000000000000000000e+00
0.000000000000000000e+00
0.000000000000000000e+00
0.000000000000000000e+00
0.000000000000000000e+00
0.000000000000000000e+00
0.000000000000000000e+00
0.000000000000000000e+00
0.000000000000000000e+00
0.000000000000000000e+00
0.000000000000000000e+00
0.000000000000000000e+00
0.000000000000000000e+00
0.000000000000000000e+00
0.000000000000000000e+00
0.000000000000000000e+00
0.000000000000000000e+00
0.000000000000000000e+00
0.000000000000000000e+00
0.000000000000000000e+00
0.000000000000000000e+00
0.000000000000000000e+00
0.000000000000000000e+00
0.000000000000000000e+00
0.000000000000000000e+00
0.000000000000000000e+00
0.000000000000000000e+00
0.000000000000000000e+00
0.000000000000000000e+00
0.000000000000000000e+00
0.000000000000000000e+00
0.000000000000000000e+00
0.000000000000000000e+00
0.000000000000000000e+00
0.000000000000000000e+00
0.000000000000000000e+00
0.000000000000000000e+00
0.000000000000000000e+00
0.000000000000000000e+00
0.000000000000000000e+00
0.000000000000000000e+00
0.000000000000000000e+00
0.000000000000000000e+00
0.000000000000000000e+00
0.000000000000000000e+00
0.000000000000000000e+00
0.000000000000000000e+00
0.000000000000000000e+00
0.000000000000000000e+00
0.000000000000000000e+00
0.000000000000000000e+00
0.000000000000000000e+00
0.000000000000000000e+00
0.000000000000000000e+00
0.000000000000000000e+00
0.000000000000000000e+00
0.000000000000000000e+00
0.000000000000000000e+00
0.000000000000000000e+00
0.000000000000000000e+00
0.000000000000000000e+00
0.000000000000000000e+00
0.000000000000000000e+00
0.000000000000000000e+00
0.000000000000000000e+00
0.000000000000000000e+00
0.000000000000000000e+00
0.000000000000000000e+00
0.000000000000000000e+00
0.000000000000000000e+00
0.000000000000000000e+00
0.000000000000000000e+00
0.000000000000000000e+00
0.000000000000000000e+00
0.000000000000000000e+00
0.000000000000000000e+00
0.000000000000000000e+00
0.000000000000000000e+00
0.000000000000000000e+00
0.000000000000000000e+00
0.000000000000000000e+00
0.000000000000000000e+00
0.000000000000000000e+00
0.000000000000000000e+00
0.000000000000000000e+00
0.000000000000000000e+00
0.000000000000000000e+00
0.000000000000000000e+00
0.000000000000000000e+00
0.000000000000000000e+00
0.000000000000000000e+00
0.000000000000000000e+00
0.000000000000000000e+00
0.000000000000000000e+00
0.000000000000000000e+00
0.000000000000000000e+00
0.000000000000000000e+00
0.000000000000000000e+00
0.000000000000000000e+00
0.000000000000000000e+00
0.000000000000000000e+00
0.000000000000000000e+00
0.000000000000000000e+00
0.000000000000000000e+00
0.000000000000000000e+00
0.000000000000000000e+00
0.000000000000000000e+00
0.000000000000000000e+00
0.000000000000000000e+00
0.000000000000000000e+00
0.000000000000000000e+00
0.000000000000000000e+00
0.000000000000000000e+00
0.000000000000000000e+00
0.000000000000000000e+00
0.000000000000000000e+00
0.000000000000000000e+00
0.000000000000000000e+00
0.000000000000000000e+00
0.000000000000000000e+00
0.000000000000000000e+00
0.000000000000000000e+00
0.000000000000000000e+00
0.000000000000000000e+00
0.000000000000000000e+00
0.000000000000000000e+00
0.000000000000000000e+00
0.000000000000000000e+00
0.000000000000000000e+00
0.000000000000000000e+00
0.000000000000000000e+00
0.000000000000000000e+00
0.000000000000000000e+00
0.000000000000000000e+00
0.000000000000000000e+00
0.000000000000000000e+00
0.000000000000000000e+00
0.000000000000000000e+00
0.000000000000000000e+00
0.000000000000000000e+00
0.000000000000000000e+00
0.000000000000000000e+00
0.000000000000000000e+00
0.000000000000000000e+00
0.000000000000000000e+00
0.000000000000000000e+00
0.000000000000000000e+00
0.000000000000000000e+00
0.000000000000000000e+00
0.000000000000000000e+00
0.000000000000000000e+00
0.000000000000000000e+00
0.000000000000000000e+00
0.000000000000000000e+00
0.000000000000000000e+00
0.000000000000000000e+00
0.000000000000000000e+00
0.000000000000000000e+00
0.000000000000000000e+00
0.000000000000000000e+00
0.000000000000000000e+00
0.000000000000000000e+00
0.000000000000000000e+00
0.000000000000000000e+00
0.000000000000000000e+00
0.000000000000000000e+00
0.000000000000000000e+00
0.000000000000000000e+00
0.000000000000000000e+00
0.000000000000000000e+00
0.000000000000000000e+00
0.000000000000000000e+00
0.000000000000000000e+00
0.000000000000000000e+00
0.000000000000000000e+00
0.000000000000000000e+00
0.000000000000000000e+00
0.000000000000000000e+00
0.000000000000000000e+00
0.000000000000000000e+00
0.000000000000000000e+00
0.000000000000000000e+00
0.000000000000000000e+00
0.000000000000000000e+00
0.000000000000000000e+00
0.000000000000000000e+00
0.000000000000000000e+00
0.000000000000000000e+00
0.000000000000000000e+00
0.000000000000000000e+00
0.000000000000000000e+00
0.000000000000000000e+00
0.000000000000000000e+00
0.000000000000000000e+00
0.000000000000000000e+00
0.000000000000000000e+00
0.000000000000000000e+00
0.000000000000000000e+00
0.000000000000000000e+00
0.000000000000000000e+00
0.000000000000000000e+00
0.000000000000000000e+00
0.000000000000000000e+00
0.000000000000000000e+00
0.000000000000000000e+00
0.000000000000000000e+00
0.000000000000000000e+00
0.000000000000000000e+00
0.000000000000000000e+00
0.000000000000000000e+00
0.000000000000000000e+00
0.000000000000000000e+00
0.000000000000000000e+00
0.000000000000000000e+00
0.000000000000000000e+00
0.000000000000000000e+00
0.000000000000000000e+00
0.000000000000000000e+00
0.000000000000000000e+00
0.000000000000000000e+00
0.000000000000000000e+00
0.000000000000000000e+00
0.000000000000000000e+00
0.000000000000000000e+00
0.000000000000000000e+00
0.000000000000000000e+00
0.000000000000000000e+00
0.000000000000000000e+00
0.000000000000000000e+00
0.000000000000000000e+00
0.000000000000000000e+00
0.000000000000000000e+00
0.000000000000000000e+00
0.000000000000000000e+00
0.000000000000000000e+00
0.000000000000000000e+00
0.000000000000000000e+00
0.000000000000000000e+00
0.000000000000000000e+00
0.000000000000000000e+00
0.000000000000000000e+00
0.000000000000000000e+00
0.000000000000000000e+00
0.000000000000000000e+00
0.000000000000000000e+00
0.000000000000000000e+00
0.000000000000000000e+00
0.000000000000000000e+00
0.000000000000000000e+00
0.000000000000000000e+00
0.000000000000000000e+00
0.000000000000000000e+00
0.000000000000000000e+00
0.000000000000000000e+00
0.000000000000000000e+00
0.000000000000000000e+00
0.000000000000000000e+00
0.000000000000000000e+00
0.000000000000000000e+00
0.000000000000000000e+00
0.000000000000000000e+00
0.000000000000000000e+00
0.000000000000000000e+00
0.000000000000000000e+00
0.000000000000000000e+00
0.000000000000000000e+00
0.000000000000000000e+00
0.000000000000000000e+00
0.000000000000000000e+00
0.000000000000000000e+00
0.000000000000000000e+00
0.000000000000000000e+00
0.000000000000000000e+00
0.000000000000000000e+00
0.000000000000000000e+00
0.000000000000000000e+00
0.000000000000000000e+00
0.000000000000000000e+00
0.000000000000000000e+00
0.000000000000000000e+00
0.000000000000000000e+00
0.000000000000000000e+00
0.000000000000000000e+00
0.000000000000000000e+00
0.000000000000000000e+00
0.000000000000000000e+00
0.000000000000000000e+00
0.000000000000000000e+00
0.000000000000000000e+00
0.000000000000000000e+00
0.000000000000000000e+00
0.000000000000000000e+00
0.000000000000000000e+00
0.000000000000000000e+00
0.000000000000000000e+00
0.000000000000000000e+00
0.000000000000000000e+00
0.000000000000000000e+00
0.000000000000000000e+00
0.000000000000000000e+00
0.000000000000000000e+00
0.000000000000000000e+00
0.000000000000000000e+00
0.000000000000000000e+00
0.000000000000000000e+00
0.000000000000000000e+00
0.000000000000000000e+00
0.000000000000000000e+00
0.000000000000000000e+00
0.000000000000000000e+00
0.000000000000000000e+00
0.000000000000000000e+00
0.000000000000000000e+00
0.000000000000000000e+00
0.000000000000000000e+00
0.000000000000000000e+00
0.000000000000000000e+00
0.000000000000000000e+00
0.000000000000000000e+00
0.000000000000000000e+00
0.000000000000000000e+00
0.000000000000000000e+00
0.000000000000000000e+00
0.000000000000000000e+00
0.000000000000000000e+00
0.000000000000000000e+00
0.000000000000000000e+00
0.000000000000000000e+00
0.000000000000000000e+00
0.000000000000000000e+00
0.000000000000000000e+00
0.000000000000000000e+00
0.000000000000000000e+00
0.000000000000000000e+00
0.000000000000000000e+00
0.000000000000000000e+00
0.000000000000000000e+00
0.000000000000000000e+00
0.000000000000000000e+00
0.000000000000000000e+00
0.000000000000000000e+00
0.000000000000000000e+00
0.000000000000000000e+00
0.000000000000000000e+00
0.000000000000000000e+00
0.000000000000000000e+00
0.000000000000000000e+00
0.000000000000000000e+00
0.000000000000000000e+00
0.000000000000000000e+00
0.000000000000000000e+00
0.000000000000000000e+00
0.000000000000000000e+00
0.000000000000000000e+00
0.000000000000000000e+00
0.000000000000000000e+00
0.000000000000000000e+00
0.000000000000000000e+00
0.000000000000000000e+00
0.000000000000000000e+00
0.000000000000000000e+00
0.000000000000000000e+00
0.000000000000000000e+00
0.000000000000000000e+00
0.000000000000000000e+00
