-1.300000000000000044e+00
-9.769204809978718762e-01
-7.341335586100871113e-01
-5.516846993800350596e-01
-4.145785245211615622e-01
-3.115463473743085299e-01
-2.341200057923381317e-01
-1.759358682075965186e-01
-1.322118099954948944e-01
-9.935417308799850133e-02
-7.466240504790255805e-02
-5.610710203988838324e-02
-4.216321316323418111e-02
-3.168469729526347811e-02
-2.381033055535443366e-02
-1.789292275296552187e-02
-1.344612515560372583e-02
-1.010445773428459738e-02
-7.593270546153820140e-03
-5.706170395611971993e-03
-4.288057482720818679e-03
-3.222377829666266038e-03
-2.421543768703420755e-03
-1.819735156368573314e-03
-1.367489649421787775e-03
-1.027637420055956029e-03
-7.722461866865204961e-04
-5.803254739588984117e-04
-4.361014162732654146e-04
-3.277203118073316766e-04
-2.462743728027625041e-04
-1.850695990276337026e-04
-1.390756013078148527e-04
-1.045121564036143350e-04
-7.853851238764910042e-05
-5.901990869123031246e-05
-4.435212122083626420e-05
-3.332961199718101304e-05
-2.504644660289114376e-05
-1.882183589429534844e-05
-1.414418228855231053e-05
-1.062903181896470553e-05
-7.987476059326672494e-06
-6.002406887566455411e-06
-4.510672479804896952e-06
-3.389667945072968925e-06
-2.547258491787503934e-06
-1.914206916171507571e-06
-1.438483031750556990e-06
-1.080987334834638219e-06
-8.123374362302011055e-07
-6.104531376419898431e-07
-4.587416714245171540e-07
-3.447339494629287797e-07
-2.590597351735539108e-07
-1.946775085330229378e-07
-1.462957271350368686e-07
-1.099379170159182685e-07
-8.261584828545746970e-08
-6.208393403467414146e-08
-4.665466669184158496e-08
-3.505992263491485964e-08
-2.634673575711469816e-08
-1.979897366812641889e-08
-1.487847913779252046e-08
-1.118083922754540989e-08
-8.402146797025802828e-09
-6.314022531050141748e-09
-4.744844560049930660e-09
-3.565642946049308687e-09
-2.679499709170125520e-09
-2.013583188243183701e-09
-1.513162043682887636e-09
-1.137106916571085256e-09
-8.545100276020250230e-10
-6.421448824480582302e-10
-4.825572980242133502e-10
-3.626308520729601927e-10
-2.725088511013728583e-10
-2.047842137647153303e-10
-1.538906866244591622e-10
-1.156453566140457828e-10
-8.690485954504933764e-11
-6.530702860600143027e-11
-4.907674907562827432e-11
-3.688006254828821286e-11
-2.771452957223478894e-11
-2.082683966179798372e-11
-1.565089709236096748e-11
-1.176129378116729509e-11
-8.838345213734771699e-12
-6.641815736482323115e-12
-4.991173710756576857e-12
-3.750753709427873893e-12
-2.818606244552949123e-12
-2.118118590901749430e-12
-1.591718025103287391e-12
-1.196139952843755425e-12
-8.988720139022264733e-13
-6.754819078283765830e-13
-5.076093156161969723e-13
-3.814568744390585401e-13
-2.866561794284232641e-13
-2.154156097601751779e-13
-1.618799393087382015e-13
-1.216490985949222815e-13
-9.141653531716086030e-14
-6.869745050246113400e-14
-5.162457414476299569e-14
-3.879469523447093539e-14
-2.915333256048094038e-14
-2.190806743667375449e-14
-1.646341521382242757e-14
-1.237188269965777054e-14
-9.297188921383793087e-15
-6.986626363851037065e-15
-5.250291067635173455e-15
-3.945474519363837095e-15
-2.964934511709053955e-15
-2.228080961004617058e-15
-1.674352249328332932e-15
-1.258237695979773262e-15
-9.455370578201656223e-16
-7.105496287130638036e-16
-5.339619115809431775e-16
-4.012602519201528109e-16
-3.015379679316640820e-16
-2.265989359007095177e-16
-1.702839549644055664e-16
-1.279645255308055324e-16
-9.616243525555247535e-17
-7.226388654137009455e-17
-5.430466984520844324e-17
-4.080872629662438412e-17
-3.066683117123756167e-17
-2.304542727575842714e-17
-1.731811530695032103e-17
-1.301417041203262383e-17
-9.779853552854765554e-18
-7.349337874572024914e-18
-5.522860531879065686e-18
-4.150304282528818887e-18
-3.118859427673526483e-18
-2.343752040190439484e-18
-1.761276438801979742e-18
-1.323559250588192572e-18
-9.946247228567699159e-19
-7.474378943581627866e-19
-5.616826055941643204e-19
-4.220917240193764426e-19
-3.171923461955620373e-19
-2.383628457032384327e-19
-1.791242660587918601e-19
-1.346078185819583574e-19
-1.011547191347393607e-19
-7.601547451716484159e-20
-5.712390302199246548e-20
-4.292731601286209465e-20
-3.225890323633278790e-20
-2.424183328161696765e-20
-1.821718725365191286e-20
-1.368980256481995677e-20
-1.028757577414601810e-20
-7.730879595062147254e-21
-5.809580471188271259e-21
-4.365767806391579611e-21
-3.280775373342376703e-21
-2.465428196747391914e-21
-1.852713307563215607e-21
-1.392271981212166407e-21
-1.046260779665885352e-21
-7.862412185541585081e-22
-5.908424226232896217e-22
-4.440046643869942841e-22
-3.336594233063396397e-22
-2.507374802353093378e-22
-1.884235229197484372e-22
-1.415959989554418177e-22
-1.064061780053265350e-22
-7.996182661392932205e-23
-6.008949701319103603e-23
-4.515589255772832405e-23
-3.393362790568016345e-23
-2.550035084278453935e-23
-1.916293462380583198e-23
-1.440051023847629303e-23
-1.082165645291304144e-23
-8.132229097825800735e-24
-6.111185509102214122e-24
-4.592417143861049097e-24
-3.451097203941241239e-24
-2.593421184957454360e-24
-1.948897131875930194e-24
-1.464551941144303884e-24
-1.100577528299278142e-24
-8.270590217858311244e-25
-6.215160749051109468e-25
-4.670552175724699596e-25
-3.509813906180487506e-25
-2.637545453414511602e-25
-1.982055517694952692e-25
-1.489469715162339168e-25
-1.119302669667812851e-25
-8.411305403339098530e-26
-6.320905015730798285e-26
-4.750016591007382823e-26
-3.569529609872929637e-26
-2.682420448779374356e-26
-2.015778057738519771e-26
-1.514811438269902123e-26
-1.138346399150547662e-26
-8.554414706156534850e-27
-6.428448407225936348e-27
-4.830833007736285074e-27
-3.630261311952383634e-27
-2.728058943861916268e-27
-2.050074350483178105e-27
-1.540584323504175231e-27
-1.157714137181139506e-27
-8.699958859638738809e-28
-6.537821533707677341e-28
-4.913024428759929709e-28
-3.692026298537268970e-28
-2.774473928787557188e-28
-2.084954157713229394e-28
-1.566795706624390890e-28
-1.177411396416086627e-28
-8.847979290147477494e-29
-6.649055526146271709e-29
-4.996614248295640333e-29
-3.754842149850642801e-29
-2.821678614694731558e-29
-2.120427407299206562e-29
-1.593453048199867522e-29
-1.197443783303792324e-29
-8.998518128869703726e-30
-6.762182045171851480e-30
-5.081626258588085165e-30
-3.818726745224043509e-30
-2.869686437495143978e-30
-2.156504196023729183e-30
-1.620563935733397828e-30
-1.217816999680375595e-30
-9.151618223808693458e-31
-6.877233290086269206e-31
-5.168084656681240806e-31
-3.883698268186714176e-31
-2.918511061698151552e-31
-2.193194792455192469e-31
-1.648136085821054910e-31
-1.238536844392495952e-31
-9.307323151980870486e-32
-6.994242008027479828e-32
-5.256014051305910657e-32
-3.949775211641065754e-32
-2.968166384299874638e-32
-2.230509639870746618e-32
-1.676177346348389225e-32
-1.259609214948013934e-32
-9.465677231818137048e-33
-7.113241503291016587e-33
-5.345439469883953664e-33
-4.016976383126161214e-33
-3.018666538739024644e-33
-2.268459359228531044e-33
-1.704695698724368051e-33
-1.281040109194463454e-33
-9.626725535783184297e-34
-7.234265646809137229e-34
-5.436386365651630732e-34
-4.085320910171311453e-34
-3.070025898919381930e-34
-2.307054752190977259e-34
-1.733699260152939821e-34
-1.302835627026349134e-34
-9.790513903198118093e-35
-7.357348885791228699e-35
-5.528880624904908645e-35
-4.154828245739910662e-35
-3.122259083301392230e-35
-2.346306804199039968e-35
-1.763196285943608550e-35
-1.325001972121311587e-35
-9.957088953291326975e-36
-7.482526253529260122e-36
-5.622948574366894483e-36
-4.225518173766806742e-36
-3.175380959062685918e-36
-2.386226687599218348e-36
-1.793195171861081076e-36
-1.347545453705829015e-36
-1.012649809846772662e-36
-7.609833379368512396e-37
-5.718616988681851344e-37
-4.297410814788954554e-37
-3.229406646330042909e-37
-2.426825764823457802e-37
-1.823704456514881335e-37
-1.370472488351149773e-37
-1.029878955780267215e-37
-7.739306498849635498e-38
-5.815913098035456630e-38
-4.370526631672758855e-38
-3.284351522482918945e-38
-2.468115591623142869e-38
-1.854732823789882424e-38
-1.393789601799493598e-38
-1.047401237076772660e-38
-7.870982464021542262e-39
-5.914864595905917382e-39
-4.444886435438259324e-39
-3.340231226530179655e-39
-2.510107920358461871e-39
-1.886289105317800977e-39
-1.417503430821635424e-39
-1.065221641118766942e-39
-8.004898753931399602e-40
-6.015499646946146009e-40
-4.520511391182400800e-40
-3.397061663561773093e-40
-2.552814703343213280e-40
-1.918382282991162754e-40
-1.441620725105777544e-40
-1.083345240143713968e-40
-8.141093485292003309e-41
-6.117846895000042610e-41
-4.597423024103712564e-41
-3.454859009275432060e-41
-2.596248096247086619e-41
-1.951021491519613346e-41
-1.466148349178857181e-41
-1.101777192687735712e-41
-8.279605423330622480e-42
-6.221935471256003984e-42
-4.675643225628536464e-42
-3.513639714581159821e-42
-2.640420461555254401e-42
-1.984216021030127503e-42
-1.491093284360347062e-42
-1.120522745053844250e-42
-8.420473992823585276e-43
-6.327795002537874017e-43
-4.755194259642522402e-43
-3.573420510283279171e-43
-2.685344372087369711e-43
-2.017975319711186386e-43
-1.516462630749287684e-43
-1.139587232805310911e-43
-8.563739289316856078e-44
-6.435455619738355747e-44
-4.836098768827087305e-44
-3.634218411842880466e-44
-2.731032614576074291e-44
-2.052308996501936778e-44
-1.542263609245344572e-44
-1.158976082284204894e-44
-8.709442090539412976e-45
-6.544947966394476701e-45
-4.918379781104689227e-45
-3.696050724220800018e-45
-2.777498193306379569e-45
-2.087226823827392408e-45
-1.568503563603925933e-45
-1.178694812156027501e-45
-8.857623868008887936e-46
-6.656303207410323125e-46
-5.002060716193094198e-46
-3.758935046802989018e-46
-2.824754333817356618e-46
-2.122738740379736870e-46
-1.595189962526619819e-46
-1.198749034980363854e-46
-9.008326798836495597e-47
-6.769553037927261031e-47
-5.087165392271125347e-47
-3.822889278410211577e-47
-2.872814486666221629e-47
-2.158854853947416675e-47
-1.622330401786836785e-47
-1.219144458808505526e-47
-9.161593777731576785e-48
-6.884729692345066671e-48
-5.173718032758558631e-48
-3.887931622392172367e-48
-2.921692331257097679e-48
-2.195585444291892161e-48
-1.649932606391960103e-48
-1.239886888808091487e-48
-9.317468429210369755e-49
-7.001865953497502742e-49
-5.261743273210276663e-49
-3.954080591809185535e-49
-2.971401779734273045e-49
-2.232940966073785154e-49
-1.678004432782055583e-49
-1.260982228915382047e-49
-9.475995120013795554e-50
-7.120995161982543025e-50
-5.351266168328892828e-50
-4.021355014701129279e-50
-3.021956980942312731e-50
-2.270932051828511225e-50
-1.706553871065984074e-50
-1.282436483515826728e-50
-9.637218971734561084e-51
-7.242151225652939228e-51
-5.442312199095500800e-51
-4.089774039446868661e-51
-3.073372324453135604e-51
-2.309569514992527820e-51
-1.735589047295799802e-51
-1.304255759152954232e-51
-9.801185873661220747e-52
-7.365368629266621182e-52
-5.534907280022876416e-52
-4.159357140214318781e-52
-3.125662444661599480e-52
-2.348864352981398558e-52
-1.765118225779483622e-52
-1.326446266266628643e-52
-9.967942495838600213e-53
-7.490682444302854493e-53
-5.629077766531321747e-53
-4.230124122503208473e-53
-3.178842224951205886e-53
-2.388827750319736843e-53
-1.795149811433415604e-53
-1.349014320960584970e-53
-1.013753630235249201e-53
-7.618128338944356737e-54
-5.724850462449994614e-54
-4.302095128782755092e-54
-3.232926801930019400e-54
-2.429471081824931811e-54
-1.825692352174474964e-54
-1.371966346800317644e-54
-1.031001556483900300e-54
-7.747742588229232103e-55
-5.822252627646659808e-55
-4.375290644224356526e-55
-3.287931569739369898e-55
-2.470805915844502019e-55
-1.856754541353218199e-55
-1.395308876641371692e-55
-1.048542937622369725e-55
-7.879562084376731969e-56
-5.921311985786048282e-56
-4.449731502532781710e-56
-3.343872184435139482e-56
-2.512844017549082445e-56
-1.888345220228172319e-56
-1.419048554488733068e-56
-1.066382766469599298e-56
-8.013624347287157382e-57
-6.022056732221436574e-57
-4.525438891875603944e-57
-3.400764568444328100e-57
-2.555597352280835025e-57
-1.920473380482385155e-57
-1.443192137388058255e-57
-1.084526120791923059e-57
-8.149967535221383476e-58
-6.124515542019675946e-58
-4.602434360914500869e-58
-3.458624915096642351e-58
-2.599078088959586640e-58
-1.953148166782653237e-58
-1.467746497348797135e-58
-1.102978164748384219e-58
-8.288630455662692229e-59
-6.228717578122824391e-59
-4.680739824938095474e-59
-3.517469693234196955e-59
-2.643298603546011963e-59
-1.986378879382456686e-59
-1.492718623300218303e-59
-1.121744150360724754e-59
-8.429652576361206937e-60
-6.334692499648901824e-60
-4.760377572100512202e-60
-3.577315651898424008e-60
-2.688271482564501134e-60
-2.020174976769016270e-60
-1.518115623080821282e-60
-1.140829419008085765e-60
-8.573074036568301713e-61
-6.442470470334414459e-61
-4.841370269764408749e-61
-3.638179825097754698e-61
-2.734009526685522194e-61
-2.054546078355697179e-61
-1.543944725461196160e-61
-1.160239402947421556e-61
-8.718935658462212918e-62
-6.552082167118823532e-62
-4.923740970953346610e-62
-3.700079536655826303e-62
-2.780525754369400890e-62
-2.089501967219651705e-62
-1.570213282201676859e-62
-1.179979626859785726e-62
-8.867278958765850737e-63
-6.663558788876855657e-63
-5.007513120913108430e-63
-3.763032405142790272e-63
-2.827833405571309884e-63
-2.125052592886552173e-63
-1.596928770145016685e-63
-1.200055709422632580e-63
-9.018146160564691521e-64
-6.776932065298300112e-64
-5.092710563785513730e-64
-3.827056348889482970e-64
-2.875945945509997476e-64
-2.161208074162714069e-64
-1.624098793344261225e-64
-1.220473364909193702e-64
-9.171580205324279091e-65
-6.892234265920020648e-65
-5.179357549394349922e-65
-3.892169591087833800e-65
-2.924877068500651866e-65
-2.197978702014865112e-65
-1.651731085227274941e-65
-1.241238404814871815e-65
-9.327624765113733965e-66
-7.009498209309725660e-66
-5.267478740148029116e-66
-3.958390664978090840e-66
-2.974640701852241059e-66
-2.235374942499508975e-66
-1.679833510797819851e-66
-1.262356739511510157e-66
-9.486324255034611981e-67
-7.128757272407693655e-67
-5.357099218059735900e-67
-4.025738419123294824e-67
-3.025251009831978521e-67
-2.273407439741764214e-67
-1.708414068874371289e-67
-1.283834379929457983e-67
-9.647723845863578619e-68
-7.250045400027507100e-68
-5.448244491885644109e-68
-4.094232022774594369e-68
-3.076722397696741783e-68
-2.312087018965269736e-68
-1.737480894366542444e-68
-1.305677439268569625e-68
-9.811869476910238093e-69
-7.373397114516587379e-69
-5.540940504386094142e-69
-4.163890971327186805e-69
-3.129069515793602899e-69
-2.351424689572991366e-69
-1.767042260590670277e-69
-1.327892134738321708e-69
-9.978807869091250405e-70
-7.498847525583115229e-70
-5.635213639709391589e-70
-4.234735091869777921e-70
-3.182307263729249023e-70
-2.391431648281027221e-70
-1.797106581624810244e-70
-1.350484789327203873e-70
-1.014858653822963221e-70
-7.626432340288935745e-71
-5.731090730902194108e-71
-4.306784548827278244e-71
-3.236450794611123894e-71
-2.432119282305745324e-71
-1.827682414703343482e-71
-1.373461833602582139e-71
-1.032125380857866263e-71
-7.756187873213740843e-72
-5.828599067546068689e-72
-4.380059849700566236e-72
-3.291515519360752144e-72
-2.473499172604532356e-72
-1.858778462652828452e-72
-1.396829807540960752e-72
-1.049685882657762288e-72
-7.888151056790038442e-73
-5.927766403525413621e-73
-4.454581850903937276e-73
-3.347517111099614680e-73
-2.515583097172360502e-73
-1.890403576368991328e-73
-1.420595362389620662e-73
-1.067545157483865449e-73
-8.022359451815888589e-74
-6.028620964927587989e-74
-4.530371763700739314e-74
-3.404471509610567844e-74
-2.558383034394030001e-74
-1.922566757336177439e-74
-1.444765262559532587e-74
-1.085708288637420355e-74
-8.158851258146564896e-75
-6.131191458075921466e-75
-4.607451160241246369e-75
-3.462394925874606680e-75
-2.601911166453876079e-75
-1.955277160189134527e-75
-1.469346387550833112e-75
-1.104180445906659090e-75
-8.297665325566049993e-76
-6.235507077701088496e-76
-4.685841979702505782e-76
-3.521303846685405991e-76
-2.646179882802762180e-76
-1.988544095318856886e-76
-1.494345733911069997e-76
-1.122966887038101739e-76
-8.438841164845798259e-77
-6.341597515250484580e-77
-4.765566534533432493e-77
-3.581215039341384353e-77
-2.691201783684711960e-77
-2.022377031522785464e-77
-1.519770417226387070e-77
-1.142072959233192664e-77
-8.582418958990236100e-78
-6.449492967340049468e-78
-4.846647516804832499e-78
-3.642145556418478098e-78
-2.736989683723561416e-78
-2.056785598699581693e-78
-1.545627674147005606e-78
-1.161504100670218172e-78
-8.728439574675072235e-79
-6.559224144348075424e-79
-4.929108004668651044e-79
-3.704112740624151940e-79
-2.783556615569938723e-79
-2.091779590590319348e-79
-1.571924864446911094e-79
-1.181265842052309974e-79
-8.876944573877754198e-80
-6.670822279156867123e-80
-5.012971468927152936e-80
-3.767134229733047470e-80
-2.830915833611065465e-80
-2.127368967565966742e-80
-1.598669473118851568e-80
-1.201363808181457972e-80
-9.027976225708009351e-81
-6.784319136043145555e-81
-5.098261779712607349e-81
-3.831227961607651117e-81
-2.879080817743204816e-81
-2.163563859462661592e-81
-1.625869112504532707e-81
-1.221803719559598889e-81
-9.181577518439707051e-82
-6.899747019718027410e-82
-5.185003213282017072e-82
-3.896412179303750310e-82
-2.928065277208782386e-82
-2.200374568464610203e-82
-1.653531524461452266e-82
-1.242591394016953148e-82
-9.337792171745136513e-83
-7.017138784522686964e-83
-5.273220458926604475e-83
-3.962705436263413572e-83
-2.977883154497974957e-83
-2.237811572036585804e-83
-1.681664582566617808e-83
-1.263732748367752735e-83
-9.496664649139979591e-84
-7.136527843779326873e-84
-5.362938625999740259e-84
-4.030126601595210543e-84
-3.028548629317408474e-84
-2.275885525906332490e-84
-1.710276294357328222e-84
-1.285233800094486383e-84
-9.658240170638481763e-85
-7.257948179302452035e-85
-5.454183251062951518e-85
-4.098694865445266528e-85
-3.080076122626407423e-85
-2.314607267097133858e-85
-1.739374803610553651e-85
-1.307100669060589297e-85
-9.822564725625550161e-86
-7.381434351069936831e-86
-5.546980305154853198e-86
-4.168429744459726313e-86
-3.132480300741126782e-86
-2.353987817012618420e-86
-1.768968392660808118e-86
-1.329339579252494401e-86
-9.989685085945123263e-87
-7.507021507060442501e-87
-5.641356201183780752e-87
-4.239351087339100683e-87
-3.185776079509383485e-87
-2.394038384573659553e-87
-1.799065484757758874e-87
-1.351956860550948612e-87
-1.015964881921368148e-87
-7.634745393258283458e-88
-5.737337801444791686e-88
-4.311479080488279305e-88
-3.239978628555989331e-88
-2.434770369409052318e-88
-1.829674646463443352e-88
-1.374958950532801221e-88
-1.033250430236034001e-88
-7.764642363826557269e-89
-5.834952425266117648e-89
-4.384834253761967814e-89
-3.295103375600861577e-89
-2.476195365099793231e-89
-1.860804590090724073e-89
-1.398352396303455683e-89
-1.050830073539468817e-89
-7.896749391455501443e-90
-5.934227856784771617e-90
-4.459437486308612393e-90
-3.351166010849680850e-90
-2.518325162479171150e-90
-1.892464176183242706e-90
-1.422143856360145821e-90
-1.068708815541179146e-90
-8.031104077885641167e-91
-6.035192352855441111e-91
-4.535310012512509741e-91
-3.408182491460073591e-91
-2.561171752989020471e-91
-1.924662416037089452e-91
-1.446340102487303766e-91
-1.086891745083368411e-91
-8.167744664611300874e-92
-6.137874651092259670e-92
-4.612473428038133140e-92
-3.466169046083808932e-92
-2.604747332092428020e-92
-1.957408474265906703e-92
-1.470948021683939110e-92
-1.105384037589502604e-92
-8.306710043763963465e-93
-6.242303978048906317e-93
-4.690949695977319629e-93
-3.525142179485400043e-93
-2.649064302745223557e-93
-1.990711671409310288e-93
-1.495974618124058622e-93
-1.124190956537211376e-93
-8.448039769182828304e-94
-6.348510057537928205e-94
-4.770761153099868086e-94
-3.585118677240247199e-94
-2.694135278926096496e-94
-2.024581486586030080e-94
-1.521427015150020536e-94
-1.143317854956526142e-94
-8.591774067673797128e-95
-6.456523119089995809e-95
-4.851930516211791512e-95
-3.646115610512138178e-95
-2.739973089227227270e-95
-2.059027560191622515e-95
-1.547312457300179389e-95
-1.162770176953617168e-95
-8.737953850457826667e-96
-6.566373906558872093e-96
-4.934480888620952170e-96
-3.708150340912634540e-96
-2.786590780505247972e-96
-2.094059696642589627e-96
-1.573638312371040557e-96
-1.182553459260160279e-96
-8.886620724816480170e-97
-6.678093686871689132e-97
-5.018435766713532841e-97
-3.771240525442113409e-97
-2.834001621595001247e-97
-2.129687867167199427e-97
-1.600412073514099358e-97
-1.202673332809390507e-97
-9.037817005934151046e-98
-6.791714258929236180e-98
-5.103819046641005180e-98
-3.835404121515791419e-98
-2.882219107086505583e-98
-2.165922212643252484e-98
-1.627641361368798494e-98
-1.223135524338773241e-98
-9.191585728943291152e-99
-6.907267962655790918e-99
-5.190655031122113945e-99
-3.900659392075291144e-99
-2.931256961165454664e-99
-2.202773046484721989e-99
-1.655333926231506376e-99
-1.243945858020147630e-99
-9.347970661172020793e-100
-7.024787688204598527e-100
-5.278968436360630552e-100
-3.967024910786193693e-100
-2.981129141519860557e-100
-2.240250857577150501e-100
-1.683497650261678700e-100
-1.265110257117260982e-100
-9.507016314602390600e-101
-7.144306885320043602e-101
-5.368784399079476663e-101
-4.034519567325103466e-101
-3.031849843312681313e-101
-2.278366313263362072e-101
-1.712140549725084388e-101
-1.286634745671812253e-101
-9.668767958540703224e-102
-7.265859572857286268e-102
-5.460128483675990634e-102
-4.103162572756015541e-102
-3.083433503222541635e-102
-2.317130262379340442e-102
-1.741270777275618389e-102
-1.308525450218191636e-102
-9.833271632500944353e-103
-7.389480348465868416e-103
-5.553026689498038254e-103
-4.172973464998835764e-103
-3.135894803552346891e-103
-2.356553738342325877e-103
-1.770896624275951017e-103
-1.330788601527064206e-103
-1.000057415931011592e-103
-7.515204398436868000e-104
-5.647505458244865668e-104
-4.243972114389788256e-104
-3.189248676408571059e-104
-2.396647962291470967e-104
-1.801026523157209081e-104
-1.353430536378984335e-104
-1.017072315843490836e-104
-7.643067507718851282e-105
-5.743591681492279868e-105
-4.316178729337461506e-105
-3.243510307951669150e-105
-2.437424346281327189e-105
-1.831669049819304988e-105
-1.376457699367964498e-105
-1.034376705953682024e-105
-7.773106070102103153e-106
-5.841312708347283442e-106
-4.389613862075119963e-106
-3.298695142717989145e-106
-2.478894496530328726e-106
-1.862832926071797676e-106
-1.399876644735959910e-106
-1.051975511625501558e-106
-7.905357098578047523e-107
-5.940696353232976833e-107
-4.464298414509776020e-107
-3.354818888016124338e-107
-2.521070216724147014e-107
-1.894527022116601896e-107
-1.423694038238178013e-107
-1.069873742022627007e-107
-8.039858235874969505e-108
-6.041770903804415102e-108
-4.540253644172002875e-108
-3.411897518397509977e-108
-2.563963511375667177e-108
-1.926760359072406976e-108
-1.447916659040469118e-108
-1.088076491534352318e-108
-8.176647765170959866e-109
-6.144565129000809150e-109
-4.617501170266230082e-109
-3.469947280203659641e-109
-2.607586589241417549e-109
-1.959542111542518436e-109
-1.472551401649013636e-109
-1.106588941225428012e-109
-8.315764620991381308e-110
-6.249108287233706889e-110
-4.696062979824761383e-110
-3.528984696189801201e-110
-2.651951866796768480e-110
-1.992881610226402874e-110
-1.497605277872466585e-110
-1.125416360310871929e-110
-8.457248400290374051e-111
-6.355430134715554959e-111
-4.775961433965183424e-111
-3.589026570228044216e-111
-2.697071971770270325e-111
-2.026788344575163190e-111
-1.523085418817896070e-111
-1.144564107655687590e-111
-8.601139373722331599e-112
-6.463560933928169993e-112
-4.857219274255547547e-112
-3.650089992090693516e-112
-2.742959746737373249e-112
-2.061271965492689731e-112
-1.548999076920433139e-112
-1.164037633300293229e-112
-8.747478497102738778e-113
-6.573531462237089579e-113
-4.939859629187194035e-113
-3.712192342313297418e-113
-2.789628252776425036e-113
-2.096342288082784195e-113
-1.575353628007714745e-113
-1.183842480011578125e-113
-8.896307423066412276e-114
-6.685373020651574084e-114
-5.023906020757548447e-114
-3.775351297143544089e-114
-2.837090773185723462e-114
-2.132009294442494670e-114
-1.602156573399009128e-114
-1.203984284860672916e-114
-9.047668512922898200e-115
-6.799117442733465597e-115
-5.109382371166347334e-115
-3.839584833570703571e-115
-2.885360817264658027e-115
-2.168283136503557563e-115
-1.629415542040497338e-115
-1.224468780827402751e-115
-9.201604848713272985e-116
-6.914797103659533402e-116
-5.196313009622936238e-116
-3.904911234443367381e-116
-2.934452124158799171e-116
-2.205174138921895159e-116
-1.657138292676663989e-116
-1.245301798431999655e-116
-9.358160245474721169e-117
-7.032444929434152831e-117
-5.284722679272240307e-117
-3.971349093673108043e-117
-2.984378666770481885e-117
-2.242692802016330493e-117
-1.685332716058578305e-117
-1.266489267394930122e-117
-9.517379263708519291e-118
-7.152094406262594137e-118
-5.374636544237152344e-118
-4.038917321526877219e-118
-3.035154655735927039e-118
-2.280849804757174552e-118
-1.714006837190229959e-118
-1.288037218324256872e-118
-9.679307222065415009e-119
-7.273779590081842465e-119
-5.466080196781010569e-119
-4.107635150009453192e-119
-3.086794543469849941e-119
-2.319656007806304635e-119
-1.743168817612120355e-119
-1.309951784432413684e-119
-9.843990210244187077e-120
-7.397535116253977473e-120
-5.559079664591954578e-120
-4.177522138337226472e-120
-3.139313028279764490e-120
-2.359122456607675730e-120
-1.772826957724669380e-120
-1.332239203281839606e-120
-1.001147510211020550e-120
-7.523396209424460460e-121
-5.653661418190884809e-121
-4.248598178506303316e-121
-3.192725058548532938e-121
-2.399260384531704809e-121
-1.802989699150669895e-121
-1.354905818560380577e-121
-1.018180956903717654e-121
-7.651398693547729181e-122
-5.749852378467072409e-122
-4.320883500952965360e-122
-3.247045836989825779e-122
-2.440081216072510173e-122
-1.833665627138036820e-122
-1.377958081886899581e-122
-1.035504209347530119e-122
-7.781579002085524335e-123
-5.847679924338762943e-123
-4.394398680312822171e-123
-3.302290824975114547e-123
-2.481596570099672234e-123
-1.864863473003431124e-123
-1.401402554647526652e-123
-1.053122198275322461e-123
-7.913974188374401790e-124
-5.947171900547328137e-124
-4.469164641276745497e-124
-3.358475746934457283e-124
-2.523818263165325630e-124
-1.896592116617356149e-124
-1.425245909863549585e-124
-1.071039938310891830e-124
-8.048621936173969072e-125
-6.048356625582429517e-125
-4.545202664546691569e-125
-3.415616594832152555e-125
-2.566758312867366475e-125
-1.928860588932072394e-125
-1.449494934090287456e-125
-1.089262529396518065e-125
-8.185560570392410457e-126
-6.151262899742332738e-126
-4.622534392892839158e-126
-3.473729632718352378e-126
-2.610428941270615718e-126
-1.961678074551442896e-126
-1.474156529349069180e-126
-1.107795158244505798e-126
-8.324829067994961877e-127
-6.255920013331358913e-127
-4.701181837313527901e-127
-3.532831401359097805e-127
-2.654842578384725666e-127
-1.995053914345582427e-127
-1.499237715091683899e-127
-1.126643099813484341e-127
-8.466467069097934034e-128
-6.362357754996455040e-128
-4.781167383301328177e-128
-3.592938722943159300e-128
-2.700011865702722414e-128
-2.028997608109450749e-128
-1.524745630198332350e-128
-1.145811718809822911e-128
-8.610514888251045135e-129
-6.470606420207396473e-129
-4.862513797213059782e-129
-3.654068705870930148e-129
-2.745949659799022006e-129
-2.063518817266788219e-129
-1.550687535009573973e-129
-1.165306471214525657e-129
-8.757013525914124876e-130
-6.580696819877665492e-130
-4.945244232750850878e-130
-3.716238749623808562e-130
-2.792669035988807708e-130
-2.098627367620054650e-130
-1.577070813392754999e-130
-1.185132905836436509e-130
-8.906004680124202695e-131
-6.692660289135618031e-131
-5.029382237552135816e-131
-3.779466549716634106e-131
-2.840183292049670394e-131
-2.134333252147036442e-131
-1.603902974844039697e-131
-1.205296665891207226e-131
-9.057530758365991269e-132
-6.806528696243072341e-132
-5.114951759892040606e-132
-3.843770102734371438e-132
-2.888505952006398594e-132
-2.170646633845637801e-132
-1.631191656625314456e-132
-1.225803490607792795e-132
-9.211634889641882168e-133
-6.922334451665998961e-133
-5.201977155499801135e-133
-3.909167711454275709e-133
-2.937650769980993077e-133
-2.207577848625864362e-133
-1.658944625938341376e-133
-1.246659216861947523e-133
-9.368360936747799103e-134
-7.040110517299543469e-134
-5.290483194490854020e-134
-3.975677990056310469e-134
-2.987631734106534543e-134
-2.245137408252219368e-134
-1.687169782135454303e-134
-1.267869780837581539e-134
-9.527753508757896046e-135
-7.159890415849592011e-135
-5.380495068418379282e-135
-4.043319869420001599e-135
-3.038463070509286160e-135
-2.283336003335558849e-135
-1.715875158967961634e-135
-1.289441219716380073e-135
-9.689857973721133903e-136
-7.281708240375990778e-136
-5.472038397441798115e-136
-4.112112602513620894e-136
-3.090159247357730294e-136
-2.322184506375969290e-136
-1.745068926872796491e-136
-1.311379673396099423e-136
-9.854720471576613578e-137
-7.405598663994058963e-137
-5.565139237620254837e-137
-4.182075769873963646e-137
-3.142734978980654454e-137
-2.361693974857416747e-137
-1.774759395297977567e-137
-1.333691386238466511e-137
-1.002238792728316434e-137
-7.531596949745239341e-138
-5.659824088328680162e-138
-4.253229285179568626e-138
-3.196205230055301325e-138
-2.401875654394912758e-138
-1.804955015068134680e-138
-1.356382708846074908e-138
-1.019290806417780199e-138
-7.659738960633651562e-139
-5.756119899800326121e-139
-4.325593400918770590e-139
-3.250585219866599627e-139
-2.442740981935905493e-139
-1.835664380789275109e-139
-1.379460099870256533e-139
-1.036632941755872337e-139
-7.790061169833798820e-140
-5.854054080797645136e-140
-4.399188714153931700e-140
-3.305890426639771957e-140
-2.484301589014778169e-140
-1.866896233295471962e-140
-1.402930127849340005e-140
-1.054270134849995576e-140
-7.922600671071977872e-141
-5.953654506413324188e-141
-4.474036172384998659e-141
-3.362136591944819579e-141
-2.526569305064080724e-141
-1.898659462136676965e-141
-1.426799473078259983e-141
-1.072207405790103841e-141
-8.057395189183827439e-142
-6.054949526005743157e-142
-4.550157079510318048e-142
-3.419339725177790020e-142
-2.569556160781418939e-142
-1.930963108108960630e-142
-1.451074929509974336e-142
-1.090449860077513618e-142
-8.194483090853809069e-143
-6.157967971266072911e-143
-4.627573101891376467e-143
-3.477516108117364396e-143
-2.613274391553761721e-143
-1.963816365827801708e-143
-1.475763406689149828e-143
-1.109002690078333920e-143
-8.333903395532833111e-144
-6.262739164425998143e-144
-4.706306274519465597e-144
-3.536682299559150434e-144
-2.657736440940009561e-144
-1.997228586345045761e-144
-1.500871931719166921e-144
-1.127871176501004344e-144
-8.475695786546197046e-145
-6.369292926603393353e-145
-4.786379007287523108e-145
-3.596855140028831879e-145
-2.702954964212663071e-145
-2.031209279810954845e-145
-1.526407651261749890e-145
-1.147060689899594191e-145
-8.619900622388241556e-146
-6.477659586290339740e-146
-4.867814091368681379e-146
-3.658051756575290697e-146
-2.748942831960516600e-146
-2.065768118180416557e-146
-1.552377833571459622e-146
-1.166576692202366472e-146
-8.766558948209625750e-147
-6.587869987985548374e-147
-4.950634705703056340e-147
-3.720289567646327113e-147
-2.795713133751110666e-147
-2.100914937966326501e-147
-1.578789870564380179e-147
-1.186424738266411229e-147
-8.915712507500046125e-148
-6.699955500973277464e-148
-5.034864423596310797e-148
-3.783586288045246436e-148
-2.843279181857033858e-148
-2.136659743039254856e-148
-1.605651279922088561e-148
-1.206610477458729110e-148
-9.067403753969198224e-149
-6.813948028253514145e-149
-5.120527219427675496e-149
-3.847959933973861188e-149
-2.891654515044856537e-149
-2.173012707474855099e-149
-1.632969707231415522e-149
-1.227139655264146575e-149
-9.221675863632479742e-150
-6.929880015620292353e-150
-5.207647475474899025e-150
-3.913428828160255816e-150
-2.940852902428681398e-150
-2.209984178449721345e-150
-1.660752928160525302e-150
-1.248018114920936565e-150
-9.378572747097143250e-151
-7.047784460898265781e-151
-5.296249988853934838e-151
-3.980011605074001353e-151
-2.990888347389258760e-151
-2.247584679186386325e-151
-1.689008850672484116e-151
-1.269251799083568332e-151
-9.538139062062644940e-152
-7.167694923334541558e-152
-5.386359978576954093e-152
-4.047727216230097979e-152
-3.041775091559608379e-152
-2.285824911949062774e-152
-1.717745517275549489e-152
-1.290846751514447409e-152
-9.700420226031111022e-153
-7.289645533150671018e-153
-5.478003092730460618e-153
-4.116594935582930709e-153
-3.093527618879316944e-153
-2.324715761089083083e-153
-1.746971107312691409e-153
-1.312809118804086699e-153
-9.865462429234547052e-154
-7.413671001257171685e-154
-5.571205415775213312e-154
-4.186634365013163481e-154
-3.146160659716086621e-154
-2.364268296143419903e-154
-1.776693939289590343e-154
-1.335145152120618311e-154
-1.003331264778201426e-154
-7.539806629132890067e-155
-5.665993475971926882e-155
-4.257865439905648314e-155
-3.199689195059134288e-155
-2.404493774985298498e-155
-1.806922473242342357e-155
-1.357861208989067426e-155
-1.020401865702989670e-155
-7.668088318874604310e-156
-5.762394252930153426e-156
-4.330308434824571904e-156
-3.254128460783074438e-156
-2.445403647028531228e-156
-1.837665313145447738e-156
-1.380963755100821375e-156
-1.037762904518255839e-156
-7.798552583413316722e-157
-5.860435185288764652e-157
-4.403983969283998598e-157
-3.309493951984519549e-157
-2.487009556486377033e-157
-1.868931209360658947e-157
-1.404459366154280023e-157
-1.055419322711858673e-157
-7.931236556908657679e-158
-5.960144178525517231e-158
-4.478913013616815935e-158
-3.365801427392463509e-158
-2.529323345685699014e-158
-1.900729061128029963e-158
-1.428354729726033562e-158
-1.073376145845810029e-158
-8.066178005317992078e-159
-6.061549612899822593e-159
-4.555116894943543733e-159
-3.423066913853508743e-159
-2.572357058438228899e-159
-1.933067919098281120e-159
-1.452656647174663806e-159
-1.091638484986645993e-159
-8.203415337145775386e-160
-6.164680351530641747e-160
-4.632617303242423807e-160
-3.481306710894375953e-160
-2.616122943467753594e-160
-1.965956987909313010e-160
-1.477372035576545242e-160
-1.110211538160196269e-160
-8.342987614375805636e-161
-6.269565748611462688e-161
-4.711436297524108440e-161
-3.540537395360093493e-161
-2.660633457897048075e-161
-1.999405628806027830e-161
-1.502507929694656010e-161
-1.129100591831101231e-161
-8.484934563588978862e-162
-6.376235657766830576e-162
-4.791596312108771971e-162
-3.600775826133052700e-162
-2.705901270793414455e-162
-2.033423362304827930e-162
-1.528071483980891165e-162
-1.148311022407439189e-162
-8.629296587272634016e-163
-6.484720440547495445e-163
-4.873120163012646784e-163
-3.662039148931369855e-163
-2.751939266774692290e-163
-2.068019870903449560e-163
-1.554069974612350782e-163
-1.167848297771277448e-163
-8.776114775317470572e-164
-6.595050975073647857e-164
-4.956031054441910203e-164
-3.724344801189092648e-164
-2.798760549676615857e-164
-2.103205001836780000e-164
-1.580510801562718011e-164
-1.187717978834611574e-164
-8.925430916714908011e-165
-6.707258664823441469e-165
-5.040352585397318086e-165
-3.787710517019426135e-165
-2.846378446282411593e-165
-2.138988769880162058e-165
-1.607401490707993075e-165
-1.207925721122431741e-165
-9.077287511451052018e-166
-6.821375447571390161e-166
-5.126108756391207322e-166
-3.852154332262197735e-166
-2.894806510116655345e-166
-2.175381360199196893e-166
-1.634749695968939374e-166
-1.228477276382395216e-166
-9.231727782603498797e-167
-6.937433804478844208e-167
-5.213323976278490922e-167
-3.917694589618278251e-167
-2.944058525302060975e-167
-2.212393131249229261e-167
-1.662563201489539987e-167
-1.249378494221950804e-167
-9.388795688643958998e-168
-7.055466769338735002e-168
-5.302023069205347865e-168
-3.984349943869186741e-168
-2.994148510483508696e-168
-2.250034617723564676e-168
-1.690849923852603851e-168
-1.270635323773318494e-168
-9.548535935949663730e-169
-7.175507937979602907e-169
-5.392231281673182213e-169
-4.052139367187675704e-169
-3.045090722818021621e-169
-2.288316533551971463e-169
-1.719617914333071240e-169
-1.292253815386722498e-169
-9.710993991530322300e-170
-7.297591477825633917e-170
-5.483974289725727502e-170
-4.121082154537586688e-170
-3.096899662032798160e-170
-2.327249774950193920e-170
-1.748875361189554852e-170
-1.314240122352800394e-170
-9.876216095966230562e-171
-7.421752137623331001e-171
-5.577278206256942696e-171
-4.191197929165788506e-171
-3.149590074552276264e-171
-2.366845423521217217e-171
-1.778630591995367287e-171
-1.336600502653582942e-171
-1.004424927657189263e-171
-7.548025257331706274e-172
-5.672169588443564780e-172
-4.262506648187564255e-172
-3.203176957695244600e-172
-2.407114749409971752e-172
-1.808892076008215651e-172
-1.359341320743999054e-172
-1.021514136078092953e-172
-7.676446778181107226e-173
-5.768675445304085079e-173
-4.335028608266772737e-173
-3.257675563944265201e-173
-2.448069214510361821e-173
-1.839668426581202986e-173
-1.382469049363324208e-173
-1.038894098975923119e-173
-7.807053252903213223e-174
-5.866823245386026719e-174
-4.408784451393891315e-174
-3.313101405285917766e-174
-2.489720475728207544e-174
-1.870968403614361813e-174
-1.405990271377520946e-174
-1.056569763224974793e-174
-7.939881856134611690e-175
-5.966640924585663109e-175
-4.483795170759892208e-175
-3.369470257626710208e-175
-2.532080388299027457e-175
-1.902800916047987631e-175
-1.429911681652927725e-175
-1.074546159865219690e-175
-8.074970394999653675e-176
-6.068156894097462002e-176
-4.560082116732532743e-176
-3.426798165283210779e-176
-2.575161009162404959e-176
-1.935175024398401140e-176
-1.454240088961740095e-176
-1.092828405534540372e-176
-8.212357319868839521e-177
-6.171400048502095912e-177
-4.637667002933080754e-177
-3.485101445548753877e-177
-2.618974600393764758e-177
-1.968099943336739461e-177
-1.478982417920328674e-177
-1.111421703924718880e-177
-8.352081735304763240e-178
-6.276399773990411604e-178
-4.716571912416689654e-178
-3.544396693337847409e-178
-2.663533632694390115e-178
-2.001585044312179396e-178
-1.504145710959705293e-178
-1.130331347262809917e-178
-8.494183411192043345e-179
-6.383185956727646428e-179
-4.796819303957910306e-179
-3.604700785909392096e-179
-2.708850788941567826e-179
-2.035639858218678608e-179
-1.529737130330343931e-179
-1.149562717817412029e-179
-8.638702794057045666e-180
-6.491788991359951667e-180
-4.878432018442879978e-180
-3.666030887671288714e-180
-2.754938967797630058e-180
-2.070274078108201807e-180
-1.555763960140697407e-180
-1.169121289430627823e-180
-8.785681018580232459e-181
-6.602239789665272647e-181
-4.961433285371644795e-181
-3.728404455064736562e-181
-2.801811287381907370e-181
-2.105497561949554808e-181
-1.582233608430478673e-181
-1.189012629076087711e-181
-8.935159919303838618e-182
-6.714569789353294064e-182
-5.045846729468346711e-182
-3.791839241533688485e-182
-2.849481089004405249e-182
-2.141320335434265377e-182
-1.609153609279218309e-182
-1.209242398443414420e-182
-9.087182042541307629e-183
-6.828810963011345171e-183
-5.131696377406644103e-183
-3.856353302577827758e-183
-2.897961940963148599e-183
-2.177752594830206002e-183
-1.636531624950603354e-183
-1.229816355549988473e-183
-9.241790658484262791e-184
-6.944995827206274729e-184
-5.219006664648170524e-184
-3.921965000891715506e-184
-2.947267642406141555e-184
-2.214804709883639501e-184
-1.664375448073764914e-184
-1.250740356379449080e-184
-9.399029773520546025e-185
-7.063157451739294861e-185
-5.307802442397623267e-185
-3.988693011591389225e-185
-2.997412227258861763e-185
-2.252487226771271463e-185
-1.692693003860746594e-185
-1.272020356548758505e-185
-9.558944142759289435e-186
-7.183329469058669352e-186
-5.398108984676183660e-186
-4.056556327529641317e-186
-3.048409968219422390e-186
-2.290810871101268750e-186
-1.721492352362633031e-186
-1.293662413003288457e-186
-9.721579282769616201e-187
-7.305546083832550919e-187
-5.489951995514973100e-187
-4.125574264702890006e-187
-3.100275380820016394e-187
-2.329786550966596188e-187
-1.750781690763598612e-187
-1.315672685740811973e-187
-9.886981484536047767e-188
-7.429842082684260140e-188
-5.583357616272457886e-188
-4.195766467747741989e-188
-3.153023227559152716e-188
-2.369425360049672710e-188
-1.780569355714077064e-188
-1.338057439564831619e-188
-1.005519782663378727e-188
-7.556252844095316763e-189
-5.678352433073226904e-189
-4.267152915533365882e-189
-3.206668522103354977e-189
-2.409738580779976424e-189
-1.810863825703632287e-189
-1.360823045867655798e-189
-1.022627618863099989e-189
-7.684814348472738805e-190
-5.774963484376457576e-190
-4.339753926847877302e-190
-3.261226533560512107e-190
-2.450737687545371214e-190
-1.841673723474091993e-190
-1.383975984444204620e-190
-1.040026526471343409e-190
-7.815563188391836123e-191
-5.873218268671596775e-191
-4.413590166181684637e-191
-3.316712790825940706e-191
-2.492434349957933464e-191
-1.873007818474263096e-191
-1.407522845335897165e-191
-1.057721457754653027e-191
-7.948536579011184589e-192
-5.973144752305267255e-192
-4.488682649609248470e-192
-3.373143087002195730e-192
-2.534840436176044349e-192
-1.904875029355366540e-192
-1.431470330706688161e-192
-1.075717449237055221e-192
-8.083772368665201533e-193
-6.074771377441367470e-193
-4.565052750770642253e-193
-3.430533483895038567e-193
-2.577968016281594409e-193
-1.937284426509973044e-193
-1.455825256750634086e-193
-1.094019623133608491e-193
-8.221309049636953538e-194
-6.178127070156227659e-194
-4.642722206956187108e-194
-3.488900316583981334e-194
-2.621829365716059783e-194
-1.970245234653614420e-194
-1.480594555631991830e-194
-1.112633188808343953e-194
-8.361185769113772415e-195
-6.283241248673270915e-195
-4.721713125292007852e-195
-3.548260198072515182e-195
-2.666436968774333309e-195
-2.003766835450423347e-195
-1.505785277458328210e-195
-1.131563444256947647e-195
-8.503442340331651918e-196
-6.390143831734255304e-196
-4.802047989033432789e-196
-3.608630024016494113e-196
-2.711803522158140965e-196
-2.037858770183442831e-196
-1.531404592287110386e-196
-1.150815777614988728e-196
-8.648119253904490378e-197
-6.498865247116460760e-197
-4.883749663964167405e-197
-3.670026977533159354e-197
-2.757941938589914358e-197
-2.072530742470254225e-197
-1.557459792166871919e-197
-1.170395668691167789e-197
-8.795257689350852799e-198
-6.609436440293026157e-198
-4.966841404904597078e-198
-3.732468534091987097e-198
-2.804865350487990663e-198
-2.107792621025395462e-198
-1.583958293212238935e-198
-1.190308690527293224e-198
-8.944899526814457342e-199
-6.721888883240989899e-199
-5.051346862330837186e-199
-3.795972466488531390e-199
-2.852587113705141195e-199
-2.143654442468599793e-199
-1.610907637715127808e-199
-1.210560510984477653e-199
-9.097087358984575898e-200
-6.836254583399187010e-200
-5.137290089106086937e-200
-3.860556849903967529e-200
-2.901120811329110166e-200
-2.180126414181994924e-200
-1.638315496291428593e-200
-1.231156894356386374e-200
-9.251864503219205088e-201
-6.952566092778155722e-201
-5.224695547327988507e-201
-3.926240067048567920e-201
-2.950480257549410796e-201
-2.217218917215321526e-201
-1.666189670064300030e-201
-1.252103703009933990e-201
-9.409275013874012503e-202
-7.070856517227023825e-202
-5.313588115289550933e-202
-3.993040813394834669e-202
-3.000679501589112653e-202
-2.254942509240703017e-202
-1.694538092884610053e-202
-1.273406899053822280e-202
-9.569363694843679805e-203
-7.191159525854104649e-203
-5.403993094561442368e-203
-4.060978102498603675e-203
-3.051732831703686577e-203
-2.293307927557682418e-203
-1.723368833589057225e-203
-1.295072546035827973e-203
-9.732176112311306995e-204
-7.313509360611720003e-204
-5.495936217193304612e-204
-4.130071271410884883e-204
-3.103654779247881954e-204
-2.332326092149258723e-204
-1.752690098297199424e-204
-1.317106810668246850e-204
-9.897758607720052272e-205
-7.437940846042137428e-205
-5.589443653037892742e-205
-4.200339986181787749e-205
-3.156460122811619780e-205
-2.372008108790579800e-205
-1.782510232746587779e-205
-1.339515964583414554e-205
-1.006615831096283105e-205
-7.564489399189703165e-206
-5.684542017199820930e-206
-4.271804247457838716e-206
-3.210163892427151740e-206
-2.412365272209198928e-206
-1.812837724668608708e-206
-1.362306386118737626e-206
-1.023742315379692626e-206
-7.693191039681633708e-207
-5.781258377610716466e-207
-4.344484396175756114e-207
-3.264781373846002031e-207
-2.453409069300426588e-207
-1.843681206204256287e-207
-1.385484562132163773e-207
-1.041160188348684692e-207
-7.824082399979863601e-208
-5.879620262734902201e-208
-4.418401119350662469e-208
-3.320328112890476050e-208
-2.495151182396727255e-208
-1.875049456361106995e-208
-1.409057089848542535e-208
-1.058874407667871196e-208
-7.957200735809551717e-209
-5.979655669402884309e-209
-4.493575455965202938e-209
-3.376819919878301729e-209
-2.537603492592871145e-209
-1.906951403512097450e-209
-1.433030678737318397e-209
-1.076890015351368549e-209
-8.092583936760560548e-210
-6.081393070781416969e-210
-4.570028802957657197e-210
-3.434272874122737114e-210
-2.580778083127657717e-210
-1.939396127936703043e-210
-1.457412152422576502e-210
-1.095212139197552879e-210
-8.230270537073769472e-211
-6.184861424477526277e-211
-4.647782921312166277e-211
-3.492703328509239575e-211
-2.624687242823036497e-211
-1.972392864405907397e-211
-1.482208450624772928e-211
-1.113845994248827080e-211
-8.370299726608657842e-212
-6.290090180780731601e-212
-4.726859942252578502e-212
-3.552127914149797055e-212
-2.669343469582473155e-212
-2.005951004810045138e-212
-1.507426631136314537e-212
-1.132796884275924597e-212
-8.512711361997965828e-213
-6.397109291045514029e-213
-4.807282373541410570e-213
-3.612563545117464290e-213
-2.714759473947352746e-213
-2.040080100832460398e-213
-1.533073871830346086e-213
-1.152070203287525842e-213
-8.657545977992112808e-214
-6.505949216216025944e-214
-4.889073105887336399e-214
-3.674027423259426471e-214
-2.760948182715384197e-214
-2.074789866668103568e-214
-1.559157472703792579e-214
-1.171671437065559639e-214
-8.804844798996141616e-215
-6.616640935497684461e-215
-4.972255419458967546e-215
-3.736537043093975825e-215
-2.807922742619816982e-215
-2.110090181788490120e-215
-1.585684857955165391e-215
-1.191606164726558935e-215
-8.954649750805450072e-216
-6.729215955172618134e-216
-5.056852990512184719e-216
-3.800110196789792327e-216
-2.855696524071408721e-216
-2.145991093753702487e-216
-1.612663578097625900e-216
-1.211880060309918976e-216
-9.107003472536194885e-217
-6.843706317568785125e-217
-5.142889898128864804e-217
-3.864764979230144223e-217
-2.904283124964056289e-217
-2.182502821072115098e-217
-1.640101312108461410e-217
-1.232498894392501310e-217
-9.261949328763671071e-218
-6.960144610179842360e-218
-5.230390631070530982e-218
-3.930519793163251498e-218
-2.953696374545009418e-218
-2.219635756109387475e-218
-1.668005869614211463e-218
-1.253468535731386181e-218
-9.419531421864722877e-219
-7.078563974940557953e-219
-5.319380094748609514e-219
-3.997393354440047983e-219
-3.003950337351769003e-219
-2.257400468045717910e-219
-1.696385193113893437e-219
-1.274794952934235132e-219
-9.579794604570633993e-220
-7.198998117660027168e-220
-5.409883618312973525e-220
-4.065404697342198986e-220
-3.055059317214293295e-220
-2.295807705884646667e-220
-1.725247360239590768e-220
-1.296484216158140838e-220
-9.742784492733614917e-221
-7.321481317614972449e-221
-5.501926961862622237e-221
-4.134573179998488965e-221
-3.107037861326966651e-221
-2.334868401512433584e-221
-1.754600586055597825e-221
-1.318542498837381604e-221
-9.908547478309906685e-222
-7.446048437308339900e-222
-5.595536323775979584e-222
-4.204918489895644466e-222
-3.159900764389023383e-222
-2.374593672809609495e-222
-1.784453225396681025e-222
-1.340976079440495630e-222
-1.007713074256661451e-222
-7.572734932389766562e-223
-5.690738348168966462e-223
-4.276460649481530753e-223
-3.213663072815568953e-223
-2.414994826815331524e-223
-1.814813775246122662e-223
-1.363791343257630040e-223
-1.024858226950818433e-223
-7.701576861749005687e-224
-5.787560132478116400e-224
-4.349220021865381136e-224
-3.268340089020073345e-224
-2.456083362946403376e-224
-1.845690877154118582e-224
-1.386994784217617169e-224
-1.042295085953344531e-224
-7.832610897778536155e-225
-5.886029235174982300e-225
-4.423217316611075586e-225
-3.323947375770837368e-225
-2.497870976268847336e-225
-1.877093319697957039e-225
-1.410593006736254424e-225
-1.060028614333037378e-225
-7.965874336813889100e-226
-5.986173683606498604e-226
-4.498473595635417152e-226
-3.380500760618587239e-226
-2.540369560828766212e-226
-1.909030040982360948e-226
-1.434592727596756941e-226
-1.078063859599971942e-226
-8.101405109744425841e-227
-6.088021981977427106e-227
-4.575010279199011435e-227
-3.438016340404304614e-227
-2.583591213035501886e-227
-1.941510131184918426e-227
-1.459000777861180530e-227
-1.096405955141803407e-227
-8.239241792816392879e-228
-6.191603119458126914e-228
-4.652849152007191829e-228
-3.496510485837833604e-228
-2.627548235106640342e-228
-1.974542835142811443e-228
-1.483824104814248033e-228
-1.115060121685742981e-228
-8.379423618605602690e-229
-6.296946578441264277e-229
-4.732012369406494360e-229
-3.555999846160189870e-229
-2.672253138568766167e-229
-2.008137554983495549e-229
-1.509069773941918439e-229
-1.134031668783551310e-229
-8.521990487191677030e-230
-6.404082342927827574e-230
-4.812522463694404355e-230
-3.616501353881312131e-230
-2.717718647817702745e-230
-2.042303852802406408e-230
-1.534744970941104595e-230
-1.153325996323804662e-230
-8.666982977507276616e-231
-6.513040907066433259e-231
-4.894402350531206112e-231
-3.678032229598328115e-231
-2.763957703742390085e-231
-2.077051453382813296e-231
-1.560857003766306276e-231
-1.172948596067848053e-231
-8.814442358894804915e-232
-6.623853283830837781e-232
-4.977675335460798979e-232
-3.740609986899939877e-232
-2.810983467405811013e-232
-2.112390246965636904e-232
-1.587413304708294358e-232
-1.192905053213825021e-232
-8.964410602850134509e-233
-6.736551013844882065e-233
-5.062365120548054355e-233
-3.804252437348009922e-233
-2.858809323793527191e-233
-2.148330292062643627e-233
-1.614421432510795648e-233
-1.213201047986016787e-233
-9.116930394965875236e-234
-6.851166174365199596e-234
-5.148495811120671124e-234
-3.868977695550662579e-234
-2.907448885620927784e-234
-2.184881818321065324e-234
-1.641889074521429399e-234
-1.233842357251190131e-234
-9.272045147088144167e-235
-6.967731388405301116e-235
-5.236091922634859111e-235
-3.934804184314822375e-235
-2.956915997210066816e-235
-2.222055229434575038e-235
-1.669824048879196647e-235
-1.254834856163834179e-235
-9.429799009664679560e-236
-7.086279834027286393e-236
-5.325178387648552286e-236
-4.001750639892954743e-236
-3.007224738429246488e-236
-2.259861106103734865e-236
-1.698234306741066461e-236
-1.276184519837299334e-236
-9.590236884319795035e-237
-7.206845253779052881e-237
-5.415780562922090891e-237
-4.069836117314705697e-237
-3.058389428699537894e-237
-2.298310209049348109e-237
-1.727127934543614769e-237
-1.297897425045629598e-237
-9.753404436626260212e-238
-7.329461964304029049e-238
-5.507924236633817631e-238
-4.139079995809140052e-238
-3.110424631072920990e-238
-2.337413482073259405e-238
-1.756513156306205658e-238
-1.319979751952049686e-238
-9.919348109110654436e-239
-7.454164866106414676e-239
-5.601635635718276796e-239
-4.209501984323902415e-239
-3.163345156374617270e-239
-2.377182055175368919e-239
-1.786398335970244041e-239
-1.342437785869048845e-239
-1.008811513446918742e-239
-7.580989453482359353e-240
-5.696941433335585714e-240
-4.281122127131256567e-240
-3.217166067421515972e-240
-2.417627247719465891e-240
-1.816791979781189653e-240
-1.365277919046946763e-240
-1.025975354900808808e-240
-7.709971824628657882e-241
-5.793868756458384122e-241
-4.353960809537102743e-241
-3.271902683306663267e-241
-2.458760571656936392e-241
-1.847702738709117041e-241
-1.388506652492852012e-241
-1.043431220632422891e-241
-7.841148691910564552e-242
-5.892445193598152531e-242
-4.428038763679403562e-242
-3.327570583762071797e-242
-2.500593734802633102e-242
-1.879139410910410744e-242
-1.412130597822134770e-242
-1.061184079120111171e-242
-7.974557392318231206e-243
-5.992698802652524065e-243
-4.503377074432605966e-243
-3.384185613592135635e-243
-2.543138644166419788e-243
-1.911110944233458058e-243
-1.436156479139042708e-243
-1.079238983376011367e-243
-8.110235898086890227e-244
-6.094658118896049743e-244
-4.579997185407615602e-244
-3.441763887182375378e-244
-2.586407409344253586e-244
-1.943626438763788020e-244
-1.460591134951864157e-244
-1.097601072383333273e-244
-8.248222827511180645e-245
-6.198352163100286472e-245
-4.657920905053719451e-245
-3.500321793088781908e-245
-2.630412345962661195e-245
-1.976695149415961437e-245
-1.485441520118082143e-245
-1.116275572559920026e-245
-8.388557455934480835e-246
-6.303810449791843037e-246
-4.737170412869582884e-246
-3.559875998699395799e-246
-2.675165979186475880e-246
-2.010326488566051924e-246
-1.510714707825087852e-246
-1.135267799245492279e-246
-8.531279726924980138e-247
-6.411062995658065589e-247
-4.817768265712022494e-247
-3.620443454981520569e-247
-2.720681047281516117e-247
-2.044530028732248096e-247
-1.536417891602946565e-247
-1.154583158214164011e-247
-8.676430263651509701e-248
-6.520140328085008604e-248
-4.899737404220647120e-248
-3.682041401303280644e-248
-2.766970505242386985e-248
-2.079315505298840511e-248
-1.562558387371366731e-248
-1.174227147213995272e-248
-8.824050380438454177e-249
-6.631073493852266397e-249
-4.983101159343138033e-249
-3.744687370343317697e-249
-2.814047528478990151e-249
-2.114692819286487278e-249
-1.589143635523257311e-249
-1.194205357530778270e-249
-8.974182094532914108e-250
-6.743894067963966745e-250
-5.067883258979792887e-250
-3.808399193079940594e-250
-2.861925516565677631e-250
-2.150672040172004607e-250
-1.616181203041081865e-250
-1.214523475580550356e-250
-9.126868138056156257e-251
-6.858634162641180991e-251
-5.154107834735610268e-251
-3.873195003865050363e-251
-2.910618097057418941e-251
-2.187263408752542631e-251
-1.643678785652090120e-251
-1.235187284527045512e-251
-9.282151970173521146e-252
-6.975326436459883255e-252
-5.241799428787098076e-252
-3.939093245588764485e-252
-2.960139129366043056e-252
-2.224477340062372180e-252
-1.671644210017302262e-252
-1.256202665928716123e-252
-9.440077789461305934e-253
-7.094004103644165314e-253
-5.330983000871833894e-253
-4.006112674925335952e-253
-3.010502708707679520e-253
-2.262324426335352844e-253
-1.700085435960507360e-253
-1.277575601412402339e-253
-9.600690546483757470e-254
-7.214700943525572517e-254
-5.421683935388044199e-254
-4.074272367675435269e-254
-3.061723170112022931e-254
-2.300815440021554390e-254
-1.729010558733332707e-254
-1.299312174375449466e-254
-9.764035956594901143e-255
-7.337451310151337456e-255
-5.513928048624596859e-255
-4.143591724192103378e-255
-3.113815092504887219e-255
-2.339961336852695563e-255
-1.758427811318805480e-255
-1.321418571718241342e-255
-9.930160512941863253e-256
-7.462290142069129369e-256
-5.607741596104226432e-256
-4.214090474905882809e-256
-3.166793302856824660e-256
-2.379773258959674498e-256
-1.788345566776084103e-256
-1.343901085604014225e-256
-1.009911149970708318e-256
-7.589252972265000247e-257
-5.703151280060992326e-257
-4.285788685939365144e-257
-3.220672880402244170e-257
-2.420262538045819988e-257
-1.818772340622105147e-257
-1.366766115250990288e-257
-1.027093700555788462e-257
-7.718375938283046711e-258
-5.800184257038741893e-258
-4.358706764817149310e-258
-3.275469160933941062e-258
-2.461440698610096210e-258
-1.849716793256976357e-258
-1.390020168752583077e-258
-1.044568593734192296e-258
-7.849695792508799861e-259
-5.898868145618687227e-259
-4.432865466277850971e-259
-3.331197741165232173e-259
-2.503319461229518031e-259
-1.881187732427349778e-259
-1.413669864930871230e-259
-1.062340803400425285e-259
-7.983249912627372788e-260
-5.999231034285120747e-260
-4.508285898177611291e-260
-3.387874483172215948e-260
-2.545910745892965586e-260
-1.913194115734835020e-260
-1.437721935220072328e-260
-1.080415388074088986e-260
-8.119076312268537852e-261
-6.101301489414938376e-261
-4.584989527502046116e-261
-3.445515518905604114e-261
-2.589226675395946361e-261
-1.945745053184994215e-261
-1.462183225582016690e-261
-1.098797492340535451e-261
-8.257213651819376567e-262
-6.205108563413924722e-262
-4.662998186472344774e-262
-3.504137254785034684e-262
-2.633279578790292286e-262
-1.978849809779661628e-262
-1.487060698455861293e-262
-1.117492348314200166e-262
-8.397701249435543463e-263
-6.310681802980461043e-263
-4.742334078762990675e-263
-3.563756376367723642e-263
-2.678081994892476745e-263
-2.012517808155590726e-263
-1.512361434738497271e-263
-1.136505277128815500e-263
-8.540579092224983291e-264
-6.418051257520301475e-264
-4.823019785820103738e-264
-3.624389853096460586e-264
-2.723646675854638401e-264
-2.046758631264644736e-264
-1.538092635801332435e-264
-1.155841690450960643e-264
-8.685887847636081773e-265
-6.527247487697508871e-265
-4.905078273287146027e-265
-3.686054943132461362e-265
-2.769986590791823869e-265
-2.081582025103215280e-265
-1.564261625538659606e-265
-1.175507092021281407e-265
-8.833668875030110195e-266
-6.638301574130709474e-266
-4.988532897545478971e-266
-3.748769198264306941e-266
-2.817114929475854245e-266
-2.116997901484387223e-266
-1.590875852453470534e-266
-1.195507079220649802e-266
-8.983964237450316100e-267
-6.751245126244777081e-267
-5.073407412357895279e-267
-3.812550468907049253e-267
-2.865045106087042216e-267
-2.153016340860780891e-267
-1.617942891777022060e-267
-1.215847344662937492e-267
-9.136816713601379256e-268
-6.866110291261859408e-268
-5.159725975634160523e-268
-3.877416909179609055e-268
-2.913790763034492224e-268
-2.189647595193074607e-268
-1.645470447624421020e-268
-1.236533677816259472e-268
-9.292269810017450635e-269
-6.982929763357569321e-269
-5.247513156302536872e-269
-3.943386982074988276e-269
-2.963365774838225998e-269
-2.226902090867269008e-269
-1.673466355188738459e-269
-1.257571966649736920e-269
-9.450367773453694207e-270
-7.101736792960553172e-270
-5.336793941306899380e-270
-4.010479464714156154e-270
-3.013784252077268532e-270
-2.264790431664097875e-270
-1.701938582969661967e-270
-1.278968199310512459e-270
-9.611155603471897956e-271
-7.222565196222077266e-271
-5.427593742717090721e-271
-4.078713453689200448e-271
-3.065060545408310148e-271
-2.303323401775184338e-271
-1.730895235043087243e-271
-1.300728465827026795e-271
-9.774679065256160863e-272
-7.345449364638842668e-272
-5.519938404960107808e-272
-4.148108370502002541e-272
-3.117209249647628370e-272
-2.342511968874595288e-272
-1.760344553366253536e-272
-1.322858959843431076e-272
-9.940984702635945802e-273
-7.470424274839321764e-273
-5.613854212180524419e-273
-4.218683967088507015e-273
-3.170245207927986266e-273
-2.382367287238503666e-273
-1.790294920125015937e-273
-1.345365980382069686e-273
-1.011011985133046539e-273
-7.597525498545024440e-274
-5.709367895716798991e-274
-4.290460331444480513e-274
-3.224183515920635383e-274
-2.422900700921878888e-274
-1.820754860119105066e-274
-1.368255933635909383e-274
-1.028213265242977904e-274
-7.726789212688564738e-275
-5.806506641714900579e-275
-4.363457893339368955e-275
-3.279039526134499352e-275
-2.464123746986582249e-275
-1.851733043187917163e-275
-1.391535334793007955e-275
-1.045707206608810404e-275
-7.858252209717587811e-276
-5.905298098861169415e-276
-4.437697430134607060e-276
-3.334828852284924637e-276
-2.506048158784315645e-276
-1.883238286679663998e-276
-1.415210809889704428e-276
-1.063498788546867117e-276
-7.991951908060067636e-277
-6.005770386256553750e-277
-4.513200072696082874e-277
-3.391567373736670900e-277
-2.548685869298255651e-277
-1.915279557959391868e-277
-1.439289097697847481e-277
-1.081593075090696550e-277
-8.127926362780914626e-278
-6.107952101418253800e-278
-4.589987311407069767e-278
-3.449271240026318825e-278
-2.592049014537286392e-278
-1.947865976963069104e-278
-1.463777051641582844e-278
-1.099995216433286304e-278
-8.266214276411029653e-279
-6.211872328417341792e-279
-4.668081002288640947e-279
-3.507956875455864937e-279
-2.636149936992582413e-279
-1.981006818791674978e-279
-1.488681641749178827e-279
-1.118710450392618193e-279
-8.406855009960377622e-280
-6.317560646161841214e-280
-4.747503373216423233e-280
-3.567640983770698446e-280
-2.681001189148323658e-280
-2.014711516352706907e-280
-1.514009956636435492e-280
-1.137744103902124144e-280
-8.549888594127906507e-281
-6.425047136810188123e-281
-4.828277030251549787e-281
-3.628340552910838376e-281
-2.726615537056590451e-281
-2.048989663044436646e-281
-1.539769205523800446e-281
-1.157101594527784541e-281
-8.695355740687941869e-282
-6.534362394339247495e-282
-4.910424964070762013e-282
-3.690072859849025312e-282
-2.773005963970104688e-282
-2.083851015485776423e-282
-1.565966720289538999e-282
-1.176788432009108853e-282
-8.843297854085727243e-283
-6.645537533246503133e-283
-4.993970556514051740e-283
-3.752855475507102737e-283
-2.820185674036705359e-283
-2.119305496294941686e-283
-1.592609957555220581e-283
-1.196810219828421114e-283
-8.993757043214560170e-284
-6.758604197411335607e-284
-5.078937587238266190e-284
-3.816706269755950274e-284
-2.868168096059859734e-284
-2.155363196911855055e-284
-1.619706500809520730e-284
-1.217172656804722680e-284
-9.146776133408226103e-285
-6.873594569099689140e-285
-5.165350240483769860e-285
-3.881643416504772397e-285
-2.916966887318369429e-285
-2.192034380472393190e-285
-1.647264062565275256e-285
-1.237881538716691169e-285
-9.302398678627492462e-286
-6.990541378121764901e-286
-5.253233111962064101e-286
-3.947685398870520428e-286
-2.966595937456241191e-286
-2.229329484727647894e-286
-1.675290486555973488e-286
-1.258942759951943489e-286
-9.460668973853697925e-287
-7.109477911153382220e-287
-5.342611215851822245e-287
-4.014851014442250376e-287
-3.017069372433480551e-287
-2.267259125016553324e-287
-1.703793749967791757e-287
-1.280362315184324213e-287
-9.621632067703846087e-288
-7.230438021204099967e-288
-5.433509991923436867e-288
-4.083159380627944378e-288
-3.068401558549099588e-288
-2.305834097286615278e-288
-1.732781965709556856e-288
-1.302146301081175297e-288
-9.785333775244302645e-289
-7.353456137259234889e-289
-5.525955312775148818e-289
-4.152629940099061502e-289
-3.120607106529232425e-289
-2.345065381165973869e-289
-1.762263384723284159e-289
-1.324300918037480318e-289
-9.951820691039864037e-290
-7.478567274072894388e-290
-5.619973491201445135e-290
-4.223282466323200504e-290
-3.173700875684721920e-290
-2.384964143090374262e-290
-1.792246398331086046e-290
-1.346832471941862660e-290
-1.012114020240717802e-290
-7.605807042140025972e-291
-5.715591287680705928e-291
-4.295137069190775437e-291
-3.227697978143010946e-291
-2.425541739479364988e-291
-1.822739540625191829e-291
-1.369747375970242766e-291
-1.029334050291043852e-291
-7.735211657829842241e-292
-5.812835917990081570e-292
-4.368214200742264951e-292
-3.282613783146660845e-292
-2.466809719970836545e-292
-1.853751490895398280e-292
-1.393052152412281822e-292
-1.046847060607550124e-292
-7.866817953691432264e-293
-5.911735060956481806e-293
-4.442534660985621082e-293
-3.338463921430824385e-293
-2.508779830706217874e-293
-1.885291076100890873e-293
-1.416753434527382456e-293
-1.064658035933699816e-293
-8.000663388943592743e-294
-6.012316866329581684e-294
-4.518119603820533000e-294
-3.395264289669272521e-294
-2.551464017675724106e-294
-1.917367273382070974e-294
-1.440857968432230390e-294
-1.082772045823478647e-294
-8.136786060129774875e-295
-6.114609962799441343e-295
-4.594990543055474976e-295
-3.453031055001698630e-295
-2.594874430117744063e-295
-1.949989212615062469e-295
-1.465372615022070562e-295
-1.101194246083384913e-295
-8.275224711968761742e-296
-6.218643466139695106e-296
-4.673169358534744504e-296
-3.511780659634288341e-296
-2.639023423975988042e-296
-1.983166179011877436e-296
-1.490304351922230902e-296
-1.119929880240909184e-296
-8.416018748375265544e-297
-6.324446987499592147e-297
-4.752678302364649842e-297
-3.571529825518458105e-297
-2.683923565418433494e-297
-2.016907615761516411e-297
-1.515660275475491809e-297
-1.138984281036009270e-297
-8.559208243681993521e-298
-6.432050641830234427e-298
-4.833540005245504302e-298
-3.632295559113230925e-298
-2.729587634411660054e-298
-2.051223126719580865e-298
-1.541447602760579881e-298
-1.158362871939852733e-298
-8.704833954043312235e-299
-6.541485056453988037e-299
-4.915777482916796018e-299
-3.694095156222576466e-299
-2.776028628360847926e-299
-2.086122479140007059e-299
-1.567673673647561052e-299
-1.178071168698134848e-299
-8.852937329032697221e-300
-6.652781379787075187e-300
-4.999414142703813958e-300
-3.756946206921607432e-300
-2.823259765806775333e-300
-2.121615606456737797e-300
-1.594345952886493950e-300
-1.198114780900621602e-300
-9.003560523447469056e-301
-6.765971290199478298e-301
-5.084473790184534579e-301
-3.820866600559927644e-301
-2.871294490190404125e-301
-2.157712611110408231e-301
-1.621472032231577718e-301
-1.218499413578748191e-301
-9.156746409299363106e-302
-6.881087005037577186e-302
-5.170980635960912657e-302
-3.885874530856438047e-302
-2.920146473678382310e-302
-2.194423767423065812e-302
-1.649059632603263240e-302
-1.239230868828365396e-302
-9.312538588025353618e-303
-6.998161289788097188e-303
-5.258959302553954954e-303
-3.951988501076596174e-303
-2.969829621053552488e-303
-2.231759524524271009e-303
-1.677116606284404928e-303
-1.260315047462296505e-303
-9.470981402889709872e-304
-7.117227467409585709e-304
-5.348434831410376455e-304
-4.019227329297647550e-304
-3.020358073675003195e-304
-2.269730509323265652e-304
-1.705650939156748396e-304
-1.281757950688770261e-304
-9.632119951612760647e-305
-7.238319427814881598e-305
-5.439432690028314990e-305
-4.087610153767964024e-305
-3.071746213500453312e-305
-2.308347529535730212e-305
-1.734670752972449716e-305
-1.303565681820540961e-305
-9.796000099204032161e-306
-7.361471637514719716e-306
-5.531978779210414049e-306
-4.157156438350764269e-306
-3.124008667182531831e-306
-2.347621576757947025e-306
-1.764184307667110591e-306
-1.325744448011663654e-306
-9.962668491013457373e-307
-7.486719149433723491e-307
-5.626099440431087603e-307
-4.227885978067809679e-307
-3.177160310229200168e-307
-2.387563829597158699e-307
-1.794200003710252807e-307
-1.348300562023783009e-307
-1.013217256601584857e-307
-7.614097612880893941e-308
-5.721821463339101803e-308
-4.299818904729930519e-308
-3.231216271240231351e-308
-2.428185656852585353e-308
-1.824726384495727458e-308
-1.371240444023991429e-308
-1.030456057030452185e-308
-7.743643283703265863e-309
-5.819172093377669199e-309
-4.372975692670481963e-309
-3.286191936212253151e-309
-2.469498620750490617e-309
-1.855772138774856012e-309
-1.394570623410993549e-309
-1.047988157083271753e-309
-7.875393034598622263e-310
-5.918179039543847073e-310
-4.447377164571551353e-310
-3.342102952916913800e-310
-2.511514480237109476e-310
-1.887346103127856497e-310
-1.418297740674813755e-310
-1.065818546937037520e-310
