-5.000000000000000000e-01
-4.803947195761615885e-01
-4.615581731933178777e-01
-4.434602183585787394e-01
-4.260718944831056731e-01
-4.093653765389909105e-01
-3.933139305332767344e-01
-3.778918707278627331e-01
-3.630745185368454697e-01
-3.488381630355155139e-01
-3.351600230178196638e-01
-3.220182105415707041e-01
-3.093916959030704183e-01
-2.972602739850971898e-01
-2.856045319244074343e-01
-2.744058180470132502e-01
-2.636462120215242733e-01
-2.533084961827947734e-01
-2.433761279799858401e-01
-2.338332135049546179e-01
-2.246644820586107816e-01
-2.158552617145398644e-01
-2.073914558407906894e-01
-1.992595205422570681e-01
-1.914464429875560314e-01
-1.839397205857211670e-01
-1.767273409793900796e-01
-1.697977628224695557e-01
-1.631398973115197326e-01
-1.567430904413026627e-01
-1.505971059561010683e-01
-1.446921089695253071e-01
-1.390186502265970681e-01
-1.335676509829251679e-01
-1.283303884767779401e-01
-1.232984819708032448e-01
-1.184638793410608820e-01
-1.138188441919063681e-01
-1.093559434761073729e-01
-1.050680356003823590e-01
-1.009482589973276917e-01
-9.699002114544595654e-02
-9.318698801970498602e-02
-8.953307395574661154e-02
-8.602243191152526836e-02
-8.264944411079326592e-02
-7.940871305346033915e-02
-7.629505287844194628e-02
-7.330348106517507734e-02
-7.042921046052250111e-02
-6.766764161830635116e-02
-6.501435543921295357e-02
-6.246510609929120661e-02
-6.001581425572836276e-02
-5.766256051903125707e-02
-5.540157918116693503e-02
-5.322925218962640259e-02
-5.114210335776873950e-02
-4.913679280218077178e-02
-4.721011159815117347e-02
-4.535897664470625590e-02
-4.358042573099064898e-02
-4.187161279609798170e-02
-4.022980337476621954e-02
-3.865237022164987046e-02
-3.713678910716693843e-02
-3.568063477819302665e-02
-3.428157707713895552e-02
-3.293737721320147416e-02
-3.164588417982036606e-02
-3.040503131260898634e-02
-2.921283298225041403e-02
-2.806738141706686257e-02
-2.696684365017800941e-02
-2.590945858636291635e-02
-2.489353418393197223e-02
-2.391744474709918411e-02
-2.297962832452210211e-02
-2.207858420984643022e-02
-2.121287054025569260e-02
-2.038110198918310564e-02
-1.958194754949353286e-02
-1.881412840358811026e-02
-1.807641587702321292e-02
-1.736762947236928159e-02
-1.668663498016303981e-02
-1.603234266393038440e-02
-1.540370551637553799e-02
-1.479971758394599962e-02
-1.421941235709225232e-02
-1.366186122364627942e-02
-1.312617198284398053e-02
-1.261148741761360624e-02
-1.211698392284555649e-02
-1.164187018744850498e-02
-1.118538592808280066e-02
-1.074680067254496149e-02
-1.032541259085628313e-02
-9.920547372185143861e-03
-9.531557145805818337e-03
-9.157819444367089334e-03
-8.798736207811696380e-03
-8.453732826352639354e-03
-8.122257220974935313e-03
-7.803778959991415284e-03
-7.497788410238851592e-03
-7.203795921556174937e-03
-6.921331043239750506e-03
-6.649941771221883589e-03
-6.389193824767880336e-03
-6.138669951534217982e-03
-5.897969259875780919e-03
-5.666706577333693526e-03
-5.444511834277225397e-03
-5.231029471713401734e-03
-5.025917872316792989e-03
-4.828848813768888380e-03
-4.639506943532371863e-03
-4.457589274219776743e-03
-4.282804698749030289e-03
-4.114873524510015076e-03
-3.953527025796720745e-03
-3.798507013788783495e-03
-3.649565423394291429e-03
-3.506463916292712306e-03
-3.368973499542733500e-03
-3.236874159144702452e-03
-3.109954507971286405e-03
-2.988011447502971363e-03
-2.870849842827101050e-03
-2.758282210380385777e-03
-2.650128417935201063e-03
-2.546215396349595182e-03
-2.446376862619737899e-03
-2.350453053791637988e-03
-2.258290471306332974e-03
-2.169741635369447363e-03
-2.084664848952055751e-03
-2.002923971045210156e-03
-1.924388198805271474e-03
-1.848931858241466015e-03
-1.776434203110680964e-03
-1.706779221697715156e-03
-1.639855451171786521e-03
-1.575555799222220707e-03
-1.513777372687907666e-03
-1.454421312906292035e-03
-1.397392637518421856e-03
-1.342600088476910260e-03
-1.289955986013589968e-03
-1.239376088333179245e-03
-1.190779456808435362e-03
-1.144088326461084647e-03
-1.099227981521265669e-03
-1.056126635866357077e-03
-1.014715318147867010e-03
-9.749277614225603092e-04
-9.367002971112116643e-04
-8.999717531152955563e-04
-8.646833559285778317e-04
-8.307786365869669577e-04
-7.982033403061237088e-04
-7.669053396622315180e-04
-7.368345511769980446e-04
-7.079428551734016353e-04
-6.801840187739469339e-04
-6.535136219181937990e-04
-6.278889862811847097e-04
-6.032691069790201794e-04
-5.796145869522956835e-04
-5.568875739224016241e-04
-5.350516998198021892e-04
-5.140720225873648876e-04
-4.939149702656147342e-04
-4.745482872704363721e-04
-4.559409827772581219e-04
-4.380632811291208339e-04
-4.208865741892745048e-04
-4.043833755620557051e-04
-3.885272766087907790e-04
-3.732929041883396013e-04
-3.586558800546567403e-04
-3.445927818463965543e-04
-3.310811056061381975e-04
-3.180992297692525794e-04
-3.056263805647861501e-04
-2.936425987729953703e-04
-2.821287077863368978e-04
-2.710662829228045246e-04
-2.604376219425063124e-04
-2.502257167203054164e-04
-2.404142260291903654e-04
-2.309874493908256480e-04
-2.219303019514370099e-04
-2.132282903428269144e-04
-2.048674894898934039e-04
-1.968345203275391453e-04
-1.891165283913128783e-04
-1.817011632475239115e-04
-1.745765587299132103e-04
-1.677313139512559266e-04
-1.611544750595095483e-04
-1.548355177093131132e-04
-1.487643302207906676e-04
-1.429311973987043474e-04
-1.373267849860712684e-04
-1.319421247273589663e-04
-1.267686000173651965e-04
-1.217979321128093953e-04
-1.170221668845789696e-04
-1.124336620894240973e-04
-1.080250751407396963e-04
-1.037893513588587611e-04
-9.971971268206140829e-05
-9.580964682022851254e-05
-9.205289683378959720e-05
-8.844345112128329392e-05
-8.497553379951375187e-05
-8.164359546090403197e-05
-7.844230429326120766e-05
-7.536653754773825183e-05
-7.241137334134400028e-05
-6.957208278087932338e-05
-6.684412239570011434e-05
-6.422312686719389965e-05
-6.170490204333978061e-05
-5.928541822716951594e-05
-5.696080372839306750e-05
-5.472733866786837995e-05
-5.258144902500046724e-05
-5.051970091854670925e-05
-4.853879511167355883e-05
-4.663556173247440200e-05
-4.480695520149758802e-05
-4.305004935817017571e-05
-4.136203277831611421e-05
-3.974020427527838310e-05
-3.818196857744344158e-05
-3.668483217525354172e-05
-3.524639933105891664e-05
-3.386436824542694911e-05
-3.253652737377147187e-05
-3.126075188741013022e-05
-3.003500027338468090e-05
-2.885731106760516465e-05
-2.772579971608847256e-05
-2.663865555927030838e-05
-2.559413893456321114e-05
-2.459057839252564668e-05
-2.362636802218593464e-05
-2.269996488124242709e-05
-2.180988652702636063e-05
-2.095470864427745062e-05
-2.013306276593568672e-05
-1.934363408330185019e-05
-1.858515934206336702e-05
-1.785642482081760583e-05
-1.715626438885898411e-05
-1.648355764012078404e-05
-1.583722810028665251e-05
-1.521624150420181227e-05
-1.461960414082837445e-05
-1.404636126309546366e-05
-1.349559556010042084e-05
-1.296642568921545424e-05
-1.245800486575160214e-05
-1.196951950792238506e-05
-1.150018793493954936e-05
-1.104925911615687279e-05
-1.061601146926106538e-05
-1.019975170558596107e-05
-9.799813720702895439e-06
-9.415557528511368394e-06
-9.046368237124879111e-06
-8.691655064912595611e-06
-8.350850395122829631e-06
-8.023408867575026313e-06
-7.708806505967180317e-06
-7.406539879401993020e-06
-7.116125296789950343e-06
-6.837098032840481782e-06
-6.569011584402252353e-06
-6.311436955962959306e-06
-6.063961973164892647e-06
-5.826190623238116827e-06
-5.597742421295469905e-06
-5.378251801475646901e-06
-5.167367531959753470e-06
-4.964752152925540575e-06
-4.770081436539615332e-06
-4.583043868123808574e-06
-4.403340147665163848e-06
-4.230682710872124776e-06
-4.064795269010255153e-06
-3.905412366781383747e-06
-3.752278957538429048e-06
-3.605149995156414157e-06
-3.463790041906328601e-06
-3.327972891704586748e-06
-3.197481208134982221e-06
-3.072106176664104903e-06
-2.951647170493495843e-06
-2.835911429513984764e-06
-2.724713751848407204e-06
-2.617876197489050892e-06
-2.515227803555724157e-06
-2.416604310718631690e-06
-2.321847900348442734e-06
-2.230806941972777500e-06
-2.143335750635135971e-06
-2.059294353767854081e-06
-1.978548267206164066e-06
-1.900968279984809327e-06
-1.826430247572963075e-06
-1.754814893216464395e-06
-1.686007617069592259e-06
-1.619898312810836858e-06
-1.556381191449319953e-06
-1.495354612039815215e-06
-1.436720919035575293e-06
-1.380386286018599323e-06
-1.326260565557369600e-06
-1.274257144951706942e-06
-1.224292807633992228e-06
-1.176287600004885457e-06
-1.130164703490527120e-06
-1.085850311616416278e-06
-1.043273511901311005e-06
-1.002366172382135982e-06
-9.630628325882925444e-07
-9.253005987909540781e-07
-8.890190433596687433e-07
-8.541601080652717648e-07
-8.206680111743195267e-07
-7.884891581864276152e-07
-7.575720560716244910e-07
-7.278672308705290879e-07
-6.993271485254496164e-07
-6.719061388157607083e-07
-6.455603222757971785e-07
-6.202475399783567021e-07
-5.959272860714129954e-07
-5.725606429601194551e-07
-5.501102190303461672e-07
-5.285400888141284121e-07
-5.078157355012451311e-07
-4.879039957049661537e-07
-4.687730063935515517e-07
-4.503921539026091874e-07
-4.327320249466943353e-07
-4.157643595517839385e-07
-3.994620058332836690e-07
-3.837988765472223348e-07
-3.687499073450977895e-07
-3.542910166655673195e-07
-3.403990671988171164e-07
-3.270518288619251835e-07
-3.142279432259909626e-07
-3.019068893380876149e-07
-2.900689508833639958e-07
-2.786951846347297780e-07
-2.677673901396554340e-07
-2.572680805955606147e-07
-2.471804548672035807e-07
-2.374883706012764566e-07
-2.281763183951996923e-07
-2.192293969787656464e-07
-2.106332893689304349e-07
-2.023742399595834853e-07
-1.944390325096460612e-07
-1.868149689942630084e-07
-1.794898492852567508e-07
-1.724519516283167010e-07
-1.656900138856941160e-07
-1.591932155143765602e-07
-1.529511602509128929e-07
-1.469538594751718233e-07
-1.411917162264195434e-07
-1.356555098461357007e-07
-1.303363812229910738e-07
-1.252258186163810986e-07
-1.203156440358232294e-07
-1.155980001544292608e-07
-1.110653377355041593e-07
-1.067104035521584908e-07
-1.025262287805963358e-07
-9.850611784851202196e-08
-9.464363772074442812e-08
-9.093260760504978381e-08
-8.736708906151397711e-08
-8.394137649978315918e-08
-8.064998804890059545e-08
-7.748765678514483729e-08
-7.444932230382694348e-08
-7.153012262156450128e-08
-6.872538639606979928e-08
-6.603062545100665699e-08
-6.344152759394975768e-08
-6.095394971595767382e-08
-5.856391116171382523e-08
-5.626758735962955823e-08
-5.406130370171288196e-08
-5.194152966341217375e-08
-4.990487315402341076e-08
-4.794807508862202088e-08
-4.606800417283067441e-08
-4.426165189208090644e-08
-4.252612769734766433e-08
-4.085865437965477597e-08
-3.925656362594715888e-08
-3.771729174922129122e-08
-3.623837558607877918e-08
-3.481744855513989840e-08
-3.345223687000775956e-08
-3.214055590072544943e-08
-3.088030667790181640e-08
-2.966947253391305111e-08
-2.850611587580360340e-08
-2.738837508472450420e-08
-2.631446153694584649e-08
-2.528265674167760127e-08
-2.429130959111714731e-08
-2.333883371832491559e-08
-2.242370495869866497e-08
-2.154445891098527609e-08
-2.069968859392583416e-08
-1.988804219478576050e-08
-1.910822090616596712e-08
-1.835897684763384577e-08
-1.763911106884862364e-08
-1.694747163098462164e-08
-1.628295176338363470e-08
-1.564448809248565250e-08
-1.503105894020450286e-08
-1.444168268902460961e-08
-1.387541621120378138e-08
-1.333135335956749989e-08
-1.280862351748030811e-08
-1.230639020567317335e-08
-1.182384974369838237e-08
-1.136022996386927793e-08
-1.091478897562739063e-08
-1.048681397835900978e-08
-1.007562012076230454e-08
-9.680549404939051855e-09
-9.300969633457755368e-09
-8.936273397702673812e-09
-8.585877105890585202e-09
-8.249220049199365052e-09
-7.925763504514364680e-09
-7.614989872356314577e-09
-7.316401848611850989e-09
-7.029521628740806902e-09
-6.753890143186987452e-09
-6.489066322769034616e-09
-6.234626392875494311e-09
-5.990163195335123320e-09
-5.755285536876906258e-09
-5.529617563137444847e-09
-5.312798157213666270e-09
-5.104480361798818897e-09
-4.904330823976721762e-09
-4.712029261786049541e-09
-4.527267951700757774e-09
-4.349751236206861910e-09
-4.179195050687304243e-09
-4.015326468858023626e-09
-3.857883266027581955e-09
-3.706613499481776891e-09
-3.561275105321516771e-09
-3.421635511108993851e-09
-3.287471263702085554e-09
-3.158567671681708585e-09
-3.034718461799720233e-09
-2.915725448897756624e-09
-2.801398218768633913e-09
-2.691553823453035206e-09
-2.586016488483734931e-09
-2.484617331608941508e-09
-2.387194092544698861e-09
-2.293590873323761923e-09
-2.203657888825626587e-09
-2.117251227088360436e-09
-2.034232619018795879e-09
-1.954469217132432009e-09
-1.877833382969151243e-09
-1.804202482844435608e-09
-1.733458691609335804e-09
-1.665488804105055259e-09
-1.600184054010570929e-09
-1.537439939793303032e-09
-1.477156057484390439e-09
-1.419235940010885759e-09
-1.363586902827880176e-09
-1.310119895603449007e-09
-1.258749359719138954e-09
-1.209393091357898464e-09
-1.161972109960450800e-09
-1.116410531839540037e-09
-1.072635448749859531e-09
-1.030576811219278935e-09
-9.901673164547615468e-10
-9.513423006435320966e-10
-9.140396354771775481e-10
-8.781996287331121282e-10
-8.437649287542659251e-10
-8.106804326742118366e-10
-7.788931982408165578e-10
-7.483523590973541216e-10
-7.190090433854654196e-10
-6.908162955397703359e-10
-6.637290011489397405e-10
-6.377038147630220772e-10
-6.126990905314615203e-10
-5.886748155608618935e-10
-5.655925458858163160e-10
-5.434153449503685594e-10
-5.221077245016312992e-10
-5.016355878010184450e-10
-4.819661750621851245e-10
-4.630680110283877067e-10
-4.449108546053468055e-10
-4.274656504690523344e-10
-4.107044825710427174e-10
-3.946005294667775556e-10
-3.791280213955953298e-10
-3.642621990436043353e-10
-3.499792739234968541e-10
-3.362563903078929422e-10
-3.230715886553054200e-10
-3.104037704701812223e-10
-2.982326645408121323e-10
-2.865387945010690393e-10
-2.753034476640651466e-10
-2.645086450778583357e-10
-2.541371127552966537e-10
-2.441722540319515742e-10
-2.345981230079175452e-10
-2.253993990309650026e-10
-2.165613621802317446e-10
-2.080698697112074419e-10
-1.999113334243281170e-10
-1.920726979209534660e-10
-1.845414197119466389e-10
-1.773054471454142108e-10
-1.703532011214945481e-10
-1.636735565633238004e-10
-1.572558246145420760e-10
-1.510897355348415690e-10
-1.451654222661933983e-10
-1.394734046434462319e-10
-1.340045742240418623e-10
-1.287501797125631594e-10
-1.237018129567940331e-10
-1.188513954928838327e-10
-1.141911656180789074e-10
-1.097136659703441903e-10
-1.054117315949920342e-10
-1.012784784792277067e-10
-9.730729253625790684e-11
-9.349181902134236001e-11
-8.982595236284579129e-11
-8.630382639202198573e-11
-8.291980495589034201e-11
-7.966847289818997550e-11
-7.654462739397381200e-11
-7.354326962397970674e-11
-7.065959677545161042e-11
-6.788899435661552597e-11
-6.522702881250768931e-11
-6.266944043034173634e-11
-6.021213652305801535e-11
-5.785118488015208058e-11
-5.558280747529852463e-11
-5.340337442070367863e-11
-5.130939815850945092e-11
-4.929752787995758003e-11
-4.736454416338050551e-11
-4.550735382243967541e-11
-4.372298495636818362e-11
-4.200858219429449060e-11
-4.036140212604050685e-11
-3.877880891207973996e-11
-3.725827006563223750e-11
-3.579735240014461939e-11
-3.439371813567305037e-11
-3.304512115793630796e-11
-3.174940342405422313e-11
-3.050449150921793542e-11
-2.930839328876832836e-11
-2.815919475037136048e-11
-2.705505693119036472e-11
-2.599421297515258762e-11
-2.497496530560291986e-11
-2.399568290881889265e-11
-2.305479872404111101e-11
-2.215080713584117669e-11
-2.128226156481614078e-11
-2.044777215275268850e-11
-1.964600353855776541e-11
-1.887567272139548863e-11
-1.813554700761239423e-11
-1.742444203816451884e-11
-1.674121989339020811e-11
-1.608478727209610755e-11
-1.545409374204165835e-11
-1.484813005902364594e-11
-1.426592655187004252e-11
-1.370655157075946596e-11
-1.316910999638239326e-11
-1.265274180755950254e-11
-1.215662070502421502e-11
-1.167995278916774406e-11
-1.122197528963009945e-11
-1.078195534470494222e-11
-1.035918882860442794e-11
-9.952999224707868379e-12
-9.562736542990589560e-12
-9.187776279901362718e-12
-8.827518419023424419e-12
-8.481386470920326697e-12
-8.148826550629649389e-12
-7.829306491329028224e-12
-7.522314992755639984e-12
-7.227360803016808948e-12
-6.943971932482010448e-12
-6.671694898498870571e-12
-6.410093999724151108e-12
-6.158750618908622322e-12
-5.917262553020244453e-12
-5.685243369633369362e-12
-5.462321788554513428e-12
-5.248141087694791859e-12
-5.042358532238546762e-12
-4.844644826194409831e-12
-4.654683585451535039e-12
-4.472170831497492795e-12
-4.296814504987859025e-12
-4.128333998388855657e-12
-3.966459706945499836e-12
-3.810932597256445155e-12
-3.661503792765329599e-12
-3.517934175505108190e-12
-3.379994003458346323e-12
-3.247462542920951397e-12
-3.120127715281200784e-12
-2.997785757648646968e-12
-2.880240896790068247e-12
-2.767305035850506753e-12
-2.658797453358210391e-12
-2.554544514031662550e-12
-2.454379390926127105e-12
-2.358141798474936350e-12
-2.265677735998378807e-12
-2.176839241269789416e-12
-2.091484153744371441e-12
-2.009475887072027823e-12
-1.930683210530045385e-12
-1.854980039025970778e-12
-1.782245231334518712e-12
-1.712362396245796117e-12
-1.645219706314522272e-12
-1.580709718912281159e-12
-1.518729204296358406e-12
-1.459178980420153533e-12
-1.401963754220734271e-12
-1.346991969129626044e-12
-1.294175658562737783e-12
-1.243430305155082530e-12
-1.194674705514950554e-12
-1.147830840281177358e-12
-1.102823749275493064e-12
-1.059581411550264201e-12
-1.018034630139602624e-12
-9.781169213294723834e-13
-9.397644082695416194e-13
-9.029157187566085654e-13
-8.675118870259794499e-13
-8.334962593936621460e-13
-8.008144035983966307e-13
-7.694140216984063797e-13
-7.392448663835458971e-13
-7.102586605688792882e-13
-6.824090201410544055e-13
-6.556513797338106810e-13
-6.299429214138953873e-13
-6.052425061632309416e-13
-5.815106080477176834e-13
-5.587092509672935382e-13
-5.368019478860810863e-13
-5.157536424453410734e-13
-4.955306528658274951e-13
-4.761006180497433606e-13
-4.574324457960877884e-13
-4.394962630464974488e-13
-4.222633680819865634e-13
-4.057061845940632287e-13
-3.897982175567592475e-13
-3.745140108289329784e-13
-3.598291064190179111e-13
-3.457200053470101510e-13
-3.321641300410923289e-13
-3.191397882087007423e-13
-3.066261381242279505e-13
-2.946031552778200193e-13
-2.830516003318817399e-13
-2.719529883340364326e-13
-2.612895591372564461e-13
-2.510442489798426422e-13
-2.412006631797593982e-13
-2.317430498996496467e-13
-2.226562749405326386e-13
-2.139257975238600063e-13
-2.055376470231630781e-13
-1.974784006080731890e-13
-1.897351617649279396e-13
-1.822955396596005982e-13
-1.751476293095179014e-13
-1.682799925331508398e-13
-1.616816396464827076e-13
-1.553420118771722757e-13
-1.492509644682620004e-13
-1.433987504444048897e-13
-1.377760050146233614e-13
-1.323737305866477519e-13
-1.271832823688461376e-13
-1.221963545367153497e-13
-1.174049669417892901e-13
-1.128014523416984712e-13
-1.083784441309480866e-13
-1.041288645527750908e-13
-1.000459133732290878e-13
-9.612305699934642892e-14
-9.235401802400893885e-14
-8.873276518075117395e-14
-8.525350369244878350e-14
-8.191066599843816405e-14
-7.869890284523273251e-14
-7.561307472657439929e-14
-7.264824365912817840e-14
-6.979966528065489352e-14
-6.706278125802036426e-14
-6.443321199288837365e-14
-6.190674961343001264e-14
-5.947935124083056267e-14
-5.714713251982168600e-14
-5.490636140288301682e-14
-5.275345217817078553e-14
-5.068495973161347928e-14
-4.869757403399504392e-14
-4.678811484420087408e-14
-4.495352662015428189e-14
-4.319087362929710502e-14
-4.149733525079111863e-14
-3.987020146192356142e-14
-3.830686850149171257e-14
-3.680483470323004667e-14
-3.536169649261026120e-14
-3.397514454060971777e-14
-3.264296006829155349e-14
-3.136301129628555274e-14
-3.013325003348609339e-14
-2.895170839950985305e-14
-2.781649567566670015e-14
-2.672579527940685528e-14
-2.567786185740104801e-14
-2.467101849260320803e-14
-2.370365402082484971e-14
-2.277422045252903702e-14
-2.188123049571668397e-14
-2.102325517594236066e-14
-2.019892154964985480e-14
-1.940691050716987507e-14
-1.864595466186302198e-14
-1.791483632203103570e-14
-1.721238554234988375e-14
-1.653747825170791481e-14
-1.588903445445220250e-14
-1.526601650216503048e-14
-1.466742743320526162e-14
-1.409230937735669645e-14
-1.353974202303157730e-14
-1.300884114457561569e-14
-1.249875718731848202e-14
-1.200867390810480391e-14
-1.153780706913116217e-14
-1.108540318299820871e-14
-1.065073830697023641e-14
-1.023311688451210756e-14
-9.831870632250564982e-15
-9.446357470578192041e-15
-9.075960496189187279e-15
-8.720086994902257581e-15
-8.378167493191614351e-15
-8.049654846907775764e-15
-7.734023365730308080e-15
-7.430767971950992074e-15
-7.139403392241846639e-15
-6.859463381114218522e-15
-6.590499974826634512e-15
-6.332082774547087769e-15
-6.083798257623188412e-15
-5.845249115857669529e-15
-5.616053619730508110e-15
-5.395845007550254402e-15
-5.184270898557039263e-15
-4.980992729038332811e-15
-4.785685210554543917e-15
-4.598035809408271521e-15
-4.417744246523675273e-15
-4.244522016935888549e-15
-4.078091928121523802e-15
-3.918187656431498061e-15
-3.764553320916351279e-15
-3.616943073862240311e-15
-3.475120707381984658e-15
-3.338859275432164546e-15
-3.207940730651004391e-15
-3.082155575436075191e-15
-2.961302526703435234e-15
-2.845188193791753344e-15
-2.733626768995973337e-15
-2.626439730235420732e-15
-2.523455555380270990e-15
-2.424509447779626862e-15
-2.329443072551698869e-15
-2.238104303214213202e-15
-2.150346978249586752e-15
-2.066030667215315133e-15
-1.985020446025304584e-15
-1.907186681042534848e-15
-1.832404821637639224e-15
-1.760555200881241874e-15
-1.691522844051395553e-15
-1.625197284649484406e-15
-1.561472387630257968e-15
-1.500246179563115785e-15
-1.441420685452862894e-15
-1.384901771958804695e-15
-1.330598996761359705e-15
-1.278425463834991851e-15
-1.228297684396071445e-15
-1.180135443302999773e-15
-1.133861670694868467e-15
-1.089402318663239785e-15
-1.046686242759695515e-15
-1.005645088149534046e-15
-9.662131802294802244e-16
-9.283274195342657027e-16
-8.919271807640514219e-16
-8.569542157710064999e-16
-8.233525603498450109e-16
-7.910684446831576046e-16
-7.600502072982322148e-16
-7.302482123976761716e-16
-7.016147704315454754e-16
-6.741040617839112240e-16
-6.476720634516676501e-16
-6.222764785983561533e-16
-5.978766688701977230e-16
-5.744335893660570710e-16
-5.519097261572703658e-16
-5.302690362573565344e-16
-5.094768899455453414e-16
-4.895000153518508605e-16
-4.703064452149587721e-16
-4.518654657278033791e-16
-4.341475673889199619e-16
-4.171243977809462133e-16
-4.007687162007061889e-16
-3.850543500682734175e-16
-3.699561530452564698e-16
-3.554499647953033093e-16
-3.415125723223927812e-16
-3.281216728250992324e-16
-3.152558380073494611e-16
-3.028944797885772007e-16
-2.910178173584020236e-16
-2.796068455231125473e-16
-2.686433042933018270e-16
-2.581096496639867497e-16
-2.479890255404646699e-16
-2.382652367649543909e-16
-2.289227232008962418e-16
-2.199465348334118173e-16
-2.113223078460908352e-16
-2.030362416358203841e-16
-1.950750767288756022e-16
-1.874260735629316327e-16
-1.800769921010513058e-16
-1.730160722450065709e-16
-1.662320150166178464e-16
-1.597139644769769732e-16
-1.534514903546289062e-16
-1.474345713549121667e-16
-1.416535791237493456e-16
-1.360992628402255197e-16
-1.307627344133050193e-16
-1.256354542589836430e-16
-1.207092176351363459e-16
-1.159761415121784817e-16
-1.114286519585365137e-16
-1.070594720207418103e-16
-1.028616100787524551e-16
-9.882834865786960994e-17
-9.495323367934419808e-17
-9.123006413247667689e-17
-8.765288215167282504e-17
-8.421596348259047864e-17
-8.091380832211071160e-17
-7.774113251747939533e-17
-7.469285911053553003e-17
-7.176411021349499180e-17
-6.895019920328893500e-17
-6.624662322196899698e-17
-6.364905597117090687e-17
-6.115334078911618342e-17
-5.875548399906587464e-17
-5.645164851858585060e-17
-5.423814771939622179e-17
-5.211143952797960197e-17
-5.006812075750741171e-17
-4.810492166201638366e-17
-4.621870070411520102e-17
-4.440643952785596629e-17
-4.266523812872032901e-17
-4.099231021299355838e-17
-3.938497873910016283e-17
-3.784067163376625323e-17
-3.635691767615353474e-17
-3.493134254337851823e-17
-3.356166501109036672e-17
-3.224569330302368785e-17
-3.098132158368998348e-17
-2.976652658859128874e-17
-2.859936438656536262e-17
-2.747796726908108688e-17
-2.640054076150633323e-17
-2.536536075156555855e-17
-2.437077073039304535e-17
-2.341517914176420983e-17
-2.249705683526683143e-17
-2.161493461933397487e-17
-2.076740091022404255e-17
-1.995309947318562099e-17
-1.917072725219254508e-17
-1.841903228477611837e-17
-1.769681169861859700e-17
-1.700290978670004967e-17
-1.633621615792109941e-17
-1.569566396024014798e-17
-1.508022817348247798e-17
-1.448892396908930571e-17
-1.392080513418197647e-17
-1.337496255741949577e-17
-1.285052277422631936e-17
-1.234664656906307268e-17
-1.186252763250207534e-17
-1.139739127096061430e-17
-1.095049316702584221e-17
-1.052111818838811533e-17
-1.010857924347673354e-17
-9.712216181966834388e-18
-9.331394738397974756e-18
-8.965505517214336428e-18
-8.613963017601429788e-18
-8.276204696560138216e-18
-7.951690068717845342e-18
-7.639899841436524138e-18
-7.340335083833726749e-18
-7.052516428386734463e-18
-6.775983303842192784e-18
-6.510293198204052171e-18
-6.255020950619661581e-18
-6.009758071031900800e-18
-5.774112086507893060e-18
-5.547705913198574210e-18
-5.330177252924089638e-18
-5.121178013419410795e-18
-4.920373751312449357e-18
-4.727443136943270819e-18
-4.542077440168228435e-18
-4.363980036325656268e-18
-4.192865931573265886e-18
-4.028461306837164585e-18
-3.870503079642917446e-18
-3.718738483127461414e-18
-3.572924661558198061e-18
-3.432828281711983847e-18
-3.298225159492293431e-18
-3.168899901186684958e-18
-3.044645558791009987e-18
-2.925263298848428894e-18
-2.810562084273459263e-18
-2.700358368651883759e-18
-2.594475802527327812e-18
-2.492744951204489304e-18
-2.395003023617548759e-18
-2.301093611829625008e-18
-2.210866440746780881e-18
-2.124177127645794435e-18
-2.040886951130997386e-18
-1.960862629150447640e-18
-1.883976105716210097e-18
-1.810104345987457057e-18
-1.739129139388460922e-18
-1.670936910446503168e-18
-1.605418537046812821e-18
-1.542469175813951866e-18
-1.481988094340034327e-18
-1.423878509991382976e-18
-1.368047435035667684e-18
-1.314405527841694642e-18
-1.262866949913727152e-18
-1.213349228531616115e-18
-1.165773124776796482e-18
-1.120062506733150585e-18
-1.076144227659689856e-18
-1.033948008940164306e-18
-9.934063276222826568e-19
-9.544543083665827001e-19
-9.170296196320418903e-19
-8.810723739323384718e-19
-8.465250320030581974e-19
-8.133323107266214803e-19
-7.814410946674943970e-19
-7.508003510761600466e-19
-7.213610482258318485e-19
-6.930760769512295218e-19
-6.659001752638647358e-19
-6.397898559231983936e-19
-6.147033368477959763e-19
-5.906004742550559787e-19
-5.674426984226118312e-19
-5.451929519685426173e-19
-5.238156305516559370e-19
-5.032765258969464741e-19
-4.835427710550573198e-19
-4.645827878081458280e-19
-4.463662361380115652e-19
-4.288639656755739951e-19
-4.120479690540762533e-19
-3.958913370913200828e-19
-3.803682157292330741e-19
-3.654537646618600711e-19
-3.511241175855739412e-19
-3.373563440078958514e-19
-3.241284125538247817e-19
-3.114191557109224092e-19
-2.992082359567874150e-19
-2.874761132146779948e-19
-2.762040135852204509e-19
-2.653738993041648827e-19
-2.549684398781138765e-19
-2.449709843520360598e-19
-2.353655346641838249e-19
-2.261367200457880358e-19
-2.172697724245388038e-19
-2.087505027925257088e-19
-2.005652785007964336e-19
-1.927010014442098816e-19
-1.851450871016736014e-19
-1.778854443982251601e-19
-1.709104563567314560e-19
-1.642089615082517515e-19
-1.577702360312987701e-19
-1.515839765914413461e-19
-1.456402838537699422e-19
-1.399296466418488931e-19
-1.344429267178048660e-19
-1.291713441591967566e-19
-1.241064633092655764e-19
-1.192401792780877645e-19
-1.145647049730165159e-19
-1.100725586376760095e-19
-1.057565518795540232e-19
-1.016097781670403716e-19
-9.762560177750277639e-20
-9.379764717871501788e-20
-9.011978882664517707e-20
-8.658614136327767854e-20
-8.319105019878740683e-20
-7.992908246298578030e-20
-7.679501831157196713e-20
-7.378384257326768295e-20
-7.089073672447322741e-20
-6.811107117860169587e-20
-6.544039787775273946e-20
-6.287444317487054698e-20
-6.040910099499854256e-20
-5.804042626468074362e-20
-5.576462859900443330e-20
-5.357806623617511560e-20
-5.147724020992076161e-20
-4.945878875039922978e-20
-4.751948190464934978e-20
-4.565621636797673305e-20
-4.386601051800552249e-20
-4.214599964344447011e-20
-4.049343135993906521e-20
-3.890566120566898305e-20
-3.738014840964503173e-20
-3.591445182593348607e-20
-3.450622602730179444e-20
-3.315321755203461939e-20
-3.185326129791409758e-20
-3.060427705759531581e-20
-2.940426618982934432e-20
-2.825130842121177834e-20
-2.714355877333539147e-20
-2.607924461043105472e-20
-2.505666280277232323e-20
-2.407417700130452063e-20
-2.313021501913698341e-20
-2.222326631570928471e-20
-2.135187957960305734e-20
-2.051466040613478158e-20
-1.971026906601062442e-20
-1.893741836147374833e-20
-1.819487156651328616e-20
-1.748144044783886749e-20
-1.679598336345373922e-20
-1.613740343578448323e-20
-1.550464679644215936e-20
-1.489670089980854113e-20
-1.431259290274696829e-20
-1.375138810784579150e-20
-1.321218846770309826e-20
-1.269413114785926320e-20
-1.219638714607774879e-20
-1.171815996576457016e-20
-1.125868434140415765e-20
-1.081722501397075404e-20
-1.039307555435745094e-20
-9.985557232938824485e-21
-9.594017933458725445e-21
-9.217831109505148549e-21
-8.856394781902295971e-21
-8.509130575415414981e-21
-8.175482793227268575e-21
-7.854917527704303694e-21
-7.546921806030777499e-21
-7.251002769342754350e-21
-6.966686884048773652e-21
-6.693519184075073251e-21
-6.431062542822811169e-21
-6.178896973672203382e-21
-5.936618957914508525e-21
-5.703840799035734889e-21
-5.480190002319687738e-21
-5.265308678776905870e-21
-5.058852972445927911e-21
-4.860492510150390173e-21
-4.669909872831465317e-21
-4.486800087609643967e-21
-4.310870139763037869e-21
-4.141838503841429563e-21
-3.979434693165307991e-21
-3.823398826989597501e-21
-3.673481214638988465e-21
-3.529441955949591617e-21
-3.391050557377490076e-21
-3.258085563159894497e-21
-3.130334200938656501e-21
-3.007592041279190232e-21
-2.889662670539626577e-21
-2.776357376567174638e-21
-2.667494846718393449e-21
-2.562900877720279598e-21
-2.462408096907866659e-21
-2.365855694392250452e-21
-2.273089165730446592e-21
-2.183960064685379711e-21
-2.098325765680139245e-21
-2.016049235566691818e-21
-1.936998814343593391e-21
-1.861048004471897901e-21
-1.788075268452106548e-21
-1.717963834338240760e-21
-1.650601508877814393e-21
-1.585880497978683841e-21
-1.523697234215547879e-21
-1.463952211099903649e-21
-1.406549823848481101e-21
-1.351398216395182332e-21
-1.298409134401778313e-21
-1.247497784032139037e-21
-1.198582696264005797e-21
-1.151585596521166360e-21
-1.106431279417465945e-21
-1.063047488412095476e-21
-1.021364800183743915e-21
-9.813165135384647403e-22
-9.428385426735355226e-22
-9.058693146265007729e-22
-8.703496707452958275e-22
-8.362227720217767065e-22
-8.034340081372044975e-22
-7.719309100740485088e-22
-7.416630661543880868e-22
-7.125820413704675773e-22
-6.846412998783496329e-22
-6.577961305306376360e-22
-6.320035753291003226e-22
-6.072223606827098768e-22
-5.834128313610868790e-22
-5.605368870376880492e-22
-5.385579213211298744e-22
-5.174407631771698291e-22
-4.971516206475435591e-22
-4.776580267756223100e-22
-4.589287876523559715e-22
-4.409339324993630664e-22
-4.236446657092887044e-22
-4.070333207667013312e-22
-3.910733159757469574e-22
-3.757391119237775360e-22
-3.610061706128385270e-22
-3.468509161936373341e-22
-3.332506972391545407e-22
-3.201837504975282228e-22
-3.076291660662056302e-22
-2.955668539316468597e-22
-2.839775118210038383e-22
-2.728425943143747638e-22
-2.621442831681731949e-22
-2.518654588021371503e-22
-2.419896729043481097e-22
-2.325011221104229593e-22
-2.233846227147592738e-22
-2.146255863733655662e-22
-2.062099967594045776e-22
-1.981243871340708832e-22
-1.903558187969418689e-22
-1.828918603812952068e-22
-1.757205679612697713e-22
-1.688304659390362241e-22
-1.622105286813921499e-22
-1.558501628763956298e-22
-1.497391905818105071e-22
-1.438678329382206864e-22
-1.382266945207733049e-22
-1.328067483044933962e-22
-1.275993212191180697e-22
-1.225960802703336858e-22
-1.177890192052072003e-22
-1.131704457004725529e-22
-1.087329690531755694e-22
-1.044694883539675574e-22
-1.003731811241387360e-22
-9.643749239819589103e-23
-9.265612423451913849e-23
-8.902302563731170118e-23
-8.553238287371567982e-23
-8.217861017059912244e-23
-7.895634077612685003e-23
-7.586041837181469129e-23
-7.288588882131648732e-23
-7.002799224275131678e-23
-6.728215539187633130e-23
-6.464398434392037931e-23
-6.210925746236687406e-23
-5.967391864343476751e-23
-5.733407082544669068e-23
-5.508596975270055474e-23
-5.292601798385904699e-23
-5.085075913527774759e-23
-4.885687235005342901e-23
-4.694116698394452155e-23
-4.510057749965964283e-23
-4.333215856134391189e-23
-4.163308032141289678e-23
-4.000062389219395781e-23
-3.843217699512408460e-23
-3.692522978054812168e-23
-3.547737081142351831e-23
-3.408628320450663236e-23
-3.274974092284521119e-23
-3.146560521364436464e-23
-3.023182118580581119e-23
-2.904641452166351060e-23
-2.790748831765500475e-23
-2.681322004886978577e-23
-2.576185865262145108e-23
-2.475172172637360945e-23
-2.378119283553689294e-23
-2.284871892682875874e-23
-2.195280784305689492e-23
-2.109202593534922419e-23
-2.026499576901045450e-23
-1.947039391933177149e-23
-1.870694885382959359e-23
-1.797343889752214724e-23
-1.726869027798886854e-23
-1.659157524708411480e-23
-1.594101027629952911e-23
-1.531595432288715061e-23
-1.471540716396935637e-23
-1.413840779596820909e-23
-1.358403289679514165e-23
-1.305139534833852372e-23
-1.253964281688542189e-23
-1.204795638920581196e-23
-1.157554926211671206e-23
-1.112166548342921325e-23
-1.068557874226363829e-23
-1.026659120679747704e-23
-9.864032407585129319e-24
-9.477258164664065866e-24
-9.105649556729371008e-24
-8.748611930727620399e-24
-8.405573950285121862e-24
-8.075986681447826581e-24
-7.759322714269840424e-24
-7.455075318845208367e-24
-7.162757634431620797e-24
-6.881901890369584557e-24
-6.612058657549511718e-24
-6.352796129229263952e-24
-6.103699430051239198e-24
-5.864369952153290239e-24
-5.634424717311061186e-24
-5.413495764091286408e-24
-5.201229559034748488e-24
-4.997286430927485860e-24
-4.801340027254337778e-24
-4.613076791965299481e-24
-4.432195463718942667e-24
-4.258406593799997484e-24
-4.091432082939658043e-24
-3.931004736297390998e-24
-3.776867835892299481e-24
-3.628774729799414660e-24
-3.486488437454105234e-24
-3.349781270432592249e-24
-3.218434468101889994e-24
-3.092237847556123370e-24
-2.970989467279037316e-24
-2.854495303994468099e-24
-2.742568942187787428e-24
-2.635031275801187037e-24
-2.531710221625855360e-24
-2.432440443932111619e-24
-2.337063089896963568e-24
-2.245425535405700784e-24
-2.157381140820750324e-24
-2.072789016326954974e-24
-1.991513796477872642e-24
-1.913425423582090808e-24
-1.838398939583234840e-24
-1.766314286100403555e-24
-1.697056112309144390e-24
-1.630513590355526260e-24
-1.566580238007928216e-24
-1.505153748262751646e-24
-1.446135825631377141e-24
-1.389432028846453954e-24
-1.334951619735660080e-24
-1.282607418021311550e-24
-1.232315661813306344e-24
-1.183995873572231618e-24
-1.137570731328130249e-24
-1.092965944948853328e-24
-1.050110137259991188e-24
-1.008934729826196974e-24
-9.693738332110132810e-25
-9.313641415397479444e-25
-8.948448311965601565e-25
-8.597574634936992154e-25
-8.260458911571359277e-25
-7.936561684789463243e-25
-7.625364649926637936e-25
-7.326369825334972266e-25
-7.039098755506098450e-25
-6.763091745440526640e-25
-6.497907125037515598e-25
-6.243120542328684681e-25
-5.998324284424330337e-25
-5.763126625085817395e-25
-5.537151197880027991e-25
-5.320036393912734323e-25
-5.111434783177368217e-25
-4.911012558592664710e-25
-4.718449001840266206e-25
-4.533435970146952549e-25
-4.355677403190461925e-25
-4.184888849339815315e-25
-4.020797010472015810e-25
-3.863139304636721774e-25
-3.711663445869214798e-25
-3.566127040478865515e-25
-3.426297199167625974e-25
-3.291950164357442155e-25
-3.162870952130387827e-25
-3.038853008208532373e-25
-2.919697877423028745e-25
-2.805214886143482584e-25
-2.695220837159546992e-25
-2.589539716526178541e-25
-2.488002411903855111e-25
-2.390446441942734411e-25
-2.296715696277828281e-25
-2.206660185719114142e-25
-2.120135802236831028e-25
-2.037004088357887389e-25
-1.957132015604351676e-25
-1.880391771619562489e-25
-1.806660555641004424e-25
-1.735820381992946836e-25
-1.667757891284176232e-25
-1.602364169008786151e-25
-1.539534571259731600e-25
-1.479168557276250993e-25
-1.421169528557191555e-25
-1.365444674282836611e-25
-1.311904822797734427e-25
-1.260464298917064269e-25
-1.211040786828053446e-25
-1.163555198367114826e-25
-1.117931546461911389e-25
-1.074096823535830093e-25
-1.031980884680275536e-25
-9.915163354078811590e-26
-9.526384238069057340e-26
-9.152849369243908757e-26
-8.793961012121558037e-26
-8.449144868763675446e-26
-8.117849159776188452e-26
-7.799543741344529073e-26
-7.493719256890429368e-26
-7.199886321992674682e-26
-6.917574741267830971e-26
-6.646332755957002529e-26
-6.385726321015648575e-26
-6.135338410548858514e-26
-5.894768350480948673e-26
-5.663631177391461115e-26
-5.441557022491557724e-26
-5.228190519755017467e-26
-5.023190237256920486e-26
-4.826228130809506219e-26
-4.636989019021634755e-26
-4.455170078941281685e-26
-4.280480361474208978e-26
-4.112640325803342613e-26
-3.951381392063824288e-26
-3.796445511557904190e-26
-3.647584753822076646e-26
-3.504560909885280959e-26
-3.367145111083837840e-26
-3.235117462822729939e-26
-3.108266692697340677e-26
-2.986389812412527025e-26
-2.869291792958045714e-26
-2.756785252520527307e-26
-2.648690156632576064e-26
-2.544833530079294296e-26
-2.445049180100913986e-26
-2.349177430449007083e-26
-2.257064865870399151e-26
-2.168564086610036309e-26
-2.083533472539928355e-26
-2.001836956536731916e-26
-1.923343806745308371e-26
-1.847928417379920777e-26
-1.775470107728095808e-26
-1.705852929035793334e-26
-1.638965478964649143e-26
-1.574700723324465552e-26
-1.512955824795672132e-26
-1.453631978367675516e-26
-1.396634253229752253e-26
-1.341871440861538763e-26
-1.289255909079878586e-26
-1.238703461808676232e-26
-1.190133204347200334e-26
-1.143467413921304789e-26
-1.098631415310408819e-26
-1.055553461351211646e-26
-1.014164618126924925e-26
-9.743986546582922455e-27
-9.361919369199195894e-27
-8.994833260122175282e-27
-8.642140803261454496e-27
-8.303277615440988043e-27
-7.977701443265593200e-27
-7.664891295399835064e-27
-7.364346608870738924e-27
-7.075586448060185495e-27
-6.798148735105530843e-27
-6.531589510476123393e-27
-6.275482222543557708e-27
-6.029417045008004749e-27
-5.793000221088703191e-27
-5.565853433429104254e-27
-5.347613198708386618e-27
-5.137930285990559448e-27
-4.936469157880609548e-27
-4.742907433592856190e-27
-4.556935373073068401e-27
-4.378255381348260019e-27
-4.206581532311239786e-27
-4.041639111177839697e-27
-3.883164174884653791e-27
-3.730903129723823880e-27
-3.584612325538977343e-27
-3.444057665833102413e-27
-3.309014233164048210e-27
-3.179265929228743611e-27
-3.054605129059776805e-27
-2.934832348781155472e-27
-2.819755926391544086e-27
-2.709191715064173533e-27
-2.602962788472611816e-27
-2.500899157670970177e-27
-2.402837499075210895e-27
-2.308620893110644666e-27
-2.218098573107113870e-27
-2.131125684040153903e-27
-2.047563050732052567e-27
-1.967276955141870292e-27
-1.890138922388036001e-27
-1.816025515161179182e-27
-1.744818136198019580e-27
-1.676402838500498698e-27
-1.610670142996257965e-27
-1.547514863348768387e-27
-1.486835937636748494e-27
-1.428536266633531427e-27
-1.372522558427585500e-27
-1.318705179135543277e-27
-1.266998009468903737e-27
-1.217318306924738970e-27
-1.169586573380076440e-27
-1.123726427877932151e-27
-1.079664484401482961e-27
-1.037330234440783846e-27
-9.966559341641095996e-28
-9.575764960133635688e-28
-9.200293845501273153e-28
-8.839545163855746987e-28
-8.492941640342600386e-28
-8.159928635378186838e-28
-7.839973257107996341e-28
-7.532563508666010610e-28
-7.237207468870478157e-28
-6.953432505045028397e-28
-6.680784516705752513e-28
-6.418827208903249393e-28
-6.167141394057830626e-28
-5.925324321169904871e-28
-5.692989031332458179e-28
-5.469763738514244997e-28
-5.255291234622820735e-28
-5.049228317895384018e-28
-4.851245243702704047e-28
-4.661025196887500538e-28
-4.478263784792392371e-28
-4.302668550166846514e-28
-4.133958503173147907e-28
-3.971863671742709502e-28
-3.816124669563168467e-28
-3.666492281004944575e-28
-3.522727062323040829e-28
-3.384598958496068167e-28
-3.251886935088977538e-28
-3.124378624550908713e-28
-3.001869986381776977e-28
-2.884164980623942346e-28
-2.771075254156450963e-28
-2.662419839289860058e-28
-2.558024864179307449e-28
-2.457723274592536563e-28
-2.361354566587376630e-28
-2.268764529671264532e-28
-2.179805000031540427e-28
-2.094333623441735273e-28
-2.012213627464439625e-28
-1.933313602586222377e-28
-1.857507291934375728e-28
-1.784673389238968247e-28
-1.714695344716985675e-28
-1.647461178567733527e-28
-1.582863301781319519e-28
-1.520798343973269821e-28
-1.461166987969860978e-28
-1.403873810879453467e-28
-1.348827131395505805e-28
-1.295938863086916825e-28
-1.245124373440979315e-28
-1.196302348433247378e-28
-1.149394662407787786e-28
-1.104326253059453208e-28
-1.061025001318179519e-28
-1.019421615943087612e-28
-9.794495226417150384e-29
-9.410447575369382450e-29
-9.041458648111496073e-29
-8.686937983637974378e-29
-8.346318273250549803e-29
-8.019054452743189633e-29
-7.704622830183020946e-29
-7.402520247891788699e-29
-7.112263277285623849e-29
-6.833387445286972804e-29
-6.565446491067756567e-29
-6.308011651937627687e-29
-6.060670977231436180e-29
-5.823028669101000426e-29
-5.594704449153413458e-29
-5.375332949925082093e-29
-5.164563130215564032e-29
-4.962057713346547508e-29
-4.767492647447726584e-29
-4.580556586904097104e-29
-4.400950394137102296e-29
-4.228386660920155866e-29
-4.062589248464615753e-29
-3.903292845538607637e-29
-3.750242543912291308e-29
-3.603193430450700770e-29
-3.461910195200042608e-29
-3.326166754841985278e-29
-3.195745890911714020e-29
-3.070438902202431530e-29
-2.950045270798530457e-29
-2.834372341204466169e-29
-2.723235012054718064e-29
-2.616455439912006128e-29
-2.513862754680121598e-29
-2.415292786175013126e-29
-2.320587801417761278e-29
-2.229596252227879795e-29
-2.142172532714163348e-29
-2.058176746273940087e-29
-1.977474481728879860e-29
-1.899936598238336745e-29
-1.825439018646372761e-29
-1.753862530932029853e-29
-1.685092597444448507e-29
-1.619019171618396156e-29
-1.555536521876087940e-29
-1.494543062434272801e-29
-1.435941190745231857e-29
-1.379637131311821897e-29
-1.325540785626815913e-29
-1.273565587995910516e-29
-1.223628367014299340e-29
-1.175649212474534393e-29
-1.129551347493287286e-29
-1.085261005651819733e-29
-1.042707312954091552e-29
-1.001822174413195644e-29
-9.625401650848091612e-30
-9.247984253734256616e-30
-8.885365604434797961e-30
-8.536965435748320619e-30
-8.202226233075345792e-30
-7.880612342276996899e-30
-7.571609112513144447e-30
-7.274722072692079064e-30
-6.989476140210903389e-30
-6.715414860721736955e-30
-6.452099677708065601e-30
-6.199109230699979009e-30
-5.956038681008270036e-30
-5.722499063895442783e-30
-5.498116666149762611e-30
-5.282532428064113510e-30
-5.075401368863648688e-30
-4.876392034663477220e-30
-4.685185968071148698e-30
-4.501477198587449313e-30
-4.324971752987779542e-30
-4.155387184902801971e-30
-3.992452122843489576e-30
-3.835905835949274299e-30
-3.685497816762856184e-30
-3.540987380364673920e-30
-3.402143279226056254e-30
-3.268743333163428472e-30
-3.140574073803010711e-30
-3.017430402985502738e-30
-2.899115264565632896e-30
-2.785439329079935960e-30
-2.676220690779518570e-30
-2.571284576541916907e-30
-2.470463066196711837e-30
-2.373594823817686566e-30
-2.280524839550638037e-30
-2.191104181564816889e-30
-2.105189757729957492e-30
-2.022644086638568144e-30
-1.943335077606248390e-30
-1.867135819298332429e-30
-1.793924376644872417e-30
-1.723583595718297458e-30
-1.656000916262340532e-30
-1.591068191571417646e-30
-1.528681515433015623e-30
-1.468741055855401404e-30
-1.411150895315293375e-30
-1.355818877269290246e-30
-1.302656458683685720e-30
-1.251578568346859861e-30
-1.202503470737039589e-30
-1.155352635228171657e-30
-1.110050610424026738e-30
-1.066524903420003188e-30
-1.024705863798884161e-30
-9.845265721754206124e-31
-9.459227331109891540e-31
-9.088325722271342551e-31
-8.731967373534785055e-31
-8.389582035514818450e-31
-8.060621818624753383e-31
-7.744560316335408108e-31
-7.440891762813188831e-31
-7.149130223586482337e-31
-6.868808817946535901e-31
-6.599478971839437460e-31
-6.340709700051123526e-31
-6.092086916539862967e-31
-5.853212771809504427e-31
-5.623705016266113973e-31
-5.403196388536392442e-31
-5.191334027771706109e-31
-4.987778908995188408e-31
-4.792205300589243528e-31
-4.604300243055966699e-31
-4.423763048214619754e-31
-4.250304818036930528e-31
-4.083647982348093617e-31
-3.923525854655772517e-31
-3.769682205394335715e-31
-3.621870851903293958e-31
-3.479855264482340842e-31
-3.343408187893226475e-31
-3.212311277703243862e-31
-3.086354750887163191e-31
-2.965337050130009342e-31
-2.849064521291998523e-31
-2.737351103520904268e-31
-2.630018031514863475e-31
-2.526893549459646914e-31
-2.427812636182976697e-31
-2.332616741085151226e-31
-2.241153530424540193e-31
-2.153276643550829492e-31
-2.068845458697014734e-31
-1.987724867954323421e-31
-1.909785061070948243e-31
-1.834901317727856174e-31
-1.762953807959594752e-31
-1.693827400400965141e-31
-1.627411478052070682e-31
-1.563599761267714787e-31
-1.502290137687104766e-31
-1.443384498832471234e-31
-1.386788583114398476e-31
-1.332411824993319524e-31
-1.280167210055265189e-31
-1.229971135770184896e-31
-1.181743277710191180e-31
-1.135406461013195600e-31
-1.090886536886801107e-31
-1.048112263954283148e-31
-1.007015194253301198e-31
-9.675295637045047551e-32
-9.295921868749372825e-32
-8.931423558679597894e-32
-8.581217431775563663e-32
-8.244743083519848602e-32
-7.921462083169981889e-32
-7.610857112155341617e-32
-7.312431136256154599e-32
-7.025706610243492995e-32
-6.750224713704669045e-32
-6.485544616832419710e-32
-6.231242775003839412e-32
-5.986912251017867088e-32
-5.752162063909675106e-32
-5.526616563297011792e-32
-5.309914828260118389e-32
-5.101710089790612560e-32
-4.901669175887639848e-32
-4.709471978411353623e-32
-4.524810940841397946e-32
-4.347390566121337143e-32
-4.176926943799794516e-32
-4.013147295713663746e-32
-3.855789539484369657e-32
-3.704601869130558922e-32
-3.559342352124625933e-32
-3.419778542248908956e-32
-3.285687107632505066e-32
-3.156853473372233502e-32
-3.033071478167395988e-32
-2.914143044417342355e-32
-2.799877861255404290e-32
-2.690093080010569122e-32
-2.584613021610884455e-32
-2.483268895459332746e-32
-2.385898529332766539e-32
-2.292346109871999810e-32
-2.202461933246914672e-32
-2.116102165598661740e-32
-2.033128612874541863e-32
-1.953408499688287538e-32
-1.876814256850879111e-32
-1.803223317232829170e-32
-1.732517919630535703e-32
-1.664584920323161562e-32
-1.599315612018717839e-32
-1.536605549899008932e-32
-1.476354384485827590e-32
-1.418465701060202891e-32
-1.362846865378430770e-32
-1.309408875437454458e-32
-1.258066219052618288e-32
-1.208736737020058559e-32
-1.161341491644303996e-32
-1.115804640421262141e-32
-1.072053314673897440e-32
-1.030017502946931152e-32
-9.896299389734522516e-33
-9.508259940346451380e-33
-9.135435735400041605e-33
-8.777230176627041931e-33
-8.433070058712409440e-33
-8.102404652042495561e-33
-7.784704821421145255e-33
-7.479462179339562476e-33
-7.186188272448727562e-33
-6.904413799928972180e-33
-6.633687862509277044e-33
-6.373577240931911930e-33
-6.123665702708945477e-33
-5.883553336062091617e-33
-5.652855909977841840e-33
-5.431204259356549500e-33
-5.218243694268855570e-33
-5.013633432376689884e-33
-4.817046053608575194e-33
-4.628166976217465599e-33
-4.446693953383318034e-33
-4.272336589553157890e-33
-4.104815875746760760e-33
-3.943863743082258332e-33
-3.789222633809214935e-33
-3.640645089160821731e-33
-3.497893353367463852e-33
-3.360738993196591719e-33
-3.228962532410676236e-33
-3.102353100558743545e-33
-2.980708095538287784e-33
-2.863832859389043469e-33
-2.751540366798376199e-33
-2.643650925821210486e-33
-2.539991890334264998e-33
-2.440397383765692549e-33
-2.344708033657055199e-33
-2.252770716633294538e-33
-2.164438313372897403e-33
-2.079569473185333417e-33
-1.998028387820044622e-33
-1.919684574144029352e-33
-1.844412665341196923e-33
-1.772092210298624193e-33
-1.702607480859005166e-33
-1.635847286631086653e-33
-1.571704797061121455e-33
-1.510077370481383006e-33
-1.450866389861413872e-33
-1.393977104999914829e-33
-1.339318480904038910e-33
-1.286803052114125080e-33
-1.236346782740237869e-33
-1.187868931986764825e-33
-1.141291924950042099e-33
-1.096541228481819386e-33
-1.053545231920455118e-33
-1.012235132498451961e-33
-9.725448252434730795e-34
-9.344107971961648856e-34
-8.977720257759727482e-34
-8.625698811319488171e-34
-8.287480323224460799e-34
-7.962523571736806897e-34
-7.650308556726112359e-34
-7.350335667559159038e-34
-7.062124883615437249e-34
-6.785215006152499988e-34
-6.519162920289239276e-34
-6.263542885927280101e-34
-6.017945856476643587e-34
-5.781978824293205416e-34
-5.555264191783322729e-34
-5.337439167166449129e-34
-5.128155183931536872e-34
-4.927077343055628735e-34
-4.733883877094507155e-34
-4.548265635285892518e-34
-4.369925588842091130e-34
-4.198578355641011793e-34
-4.033949743553385434e-34
-3.875776311677346625e-34
-3.723804948776313927e-34
-3.577792468247468789e-34
-3.437505218970870535e-34
-3.302718711418186041e-34
-3.173217258421387607e-34
-3.048793630027138513e-34
-2.929248721884973280e-34
-2.814391236637505800e-34
-2.704037377804184006e-34
-2.598010555667384432e-34
-2.496141104691465956e-34
-2.398266012021593465e-34
-2.304228656628291131e-34
-2.213878558680624317e-34
-2.127071138746097725e-34
-2.043667486432972836e-34
-1.963534138103761887e-34
-1.886542863305168649e-34
-1.812570459571779645e-34
-1.741498555276028008e-34
-1.673213420208249386e-34
-1.607605783584014422e-34
-1.544570659187728470e-34
-1.484007177372102651e-34
-1.425818423645376037e-34
-1.369911283587281817e-34
-1.316196293846274182e-34
-1.264587498978920229e-34
-1.215002313902988337e-34
-1.167361391743636452e-34
-1.121588496861436867e-34
-1.077610382859205714e-34
-1.035356675372010047e-34
-9.947597594532953251e-35
-9.557546713764256608e-35
-9.182789946789632733e-35
-8.822727602829672670e-35
-8.476783505316389427e-35
-8.144404069888663757e-35
-7.825057418538178639e-35
-7.518232528492082509e-35
-7.223438414466615578e-35
-6.940203342986781725e-35
-6.668074077511306837e-35
-6.406615153158193683e-35
-6.155408179867685060e-35
-5.914051172888658956e-35
-5.682157909517878753e-35
-5.459357311060585548e-35
-5.245292849026077657e-35
-5.039621974605424916e-35
-4.842015570520907826e-35
-4.652157424367570945e-35
-4.469743722606406523e-35
-4.294482564397660870e-35
-4.126093494497033659e-35
-3.964307054467885820e-35
-3.808864351489774590e-35
-3.659516644075166999e-35
-3.516024944029549985e-35
-3.378159634019708654e-35
-3.245700100136838910e-35
-3.118434378867093488e-35
-2.996158817905061721e-35
-2.878677750266274339e-35
-2.765803181178627205e-35
-2.657354487250307829e-35
-2.553158127434152803e-35
-2.453047365324640413e-35
-2.356862002344330445e-35
-2.264448121391848792e-35
-2.175657840541592748e-35
-2.090349076401328062e-35
-2.008385316748196191e-35
-1.929635402080275913e-35
-1.853973315733164297e-35
-1.781277982226654259e-35
-1.711433073517918384e-35
-1.644326822852007202e-35
-1.579851845911114085e-35
-1.517904968976692316e-35
-1.458387063829652342e-35
-1.401202889123886378e-35
-1.346260937979964374e-35
-1.293473291554442555e-35
-1.242755478351094590e-35
-1.194026339048434698e-35
-1.147207896627440231e-35
-1.102225231591803377e-35
-1.059006362080621730e-35
-1.017482128682190789e-35
-9.775860837640678892e-36
-9.392543851428023517e-36
-9.024256939227076493e-36
-8.670410763406389295e-36
-8.330439094593556757e-36
-8.003797905587080665e-36
-7.689964500797611369e-36
-7.388436679822566358e-36
-7.098731933819233519e-36
-6.820386673386824944e-36
-6.552955486725359464e-36
-6.296010426880957923e-36
-6.049140326940096040e-36
-5.811950142074522369e-36
-5.584060317385010900e-36
-5.365106180533131396e-36
-5.154737358187057965e-36
-4.952617215350111036e-36
-4.758422316672344057e-36
-4.571841908885491515e-36
-4.392577423531213099e-36
-4.220341999187684300e-36
-4.054860022430562394e-36
-3.895866686792212348e-36
-3.743107569015338752e-36
-3.596338221921041035e-36
-3.455323783241607692e-36
-3.319838599790367406e-36
-3.189665866368800635e-36
-3.064597278831813726e-36
-2.944432700756535804e-36
-2.828979843181654739e-36
-2.718053956903712418e-36
-2.611477536839291620e-36
-2.509080037978697777e-36
-2.410697602477861800e-36
-2.316172797450540827e-36
-2.225354363042358491e-36
-2.138096970382660235e-36
-2.054260989027224816e-36
-1.973712263519979600e-36
-1.896321898715411802e-36
-1.821966053519063677e-36
-1.750525742715141844e-36
-1.681886646564974525e-36
-1.615938927870956648e-36
-1.552577056213532932e-36
-1.491699639080177389e-36
-1.433209259615557557e-36
-1.377012320733958869e-36
-1.323018895343811085e-36
-1.271142582445316491e-36
-1.221300368870263853e-36
-1.173412496443378878e-36
-1.127402334352170437e-36
-1.083196256521235045e-36
-1.040723523794941728e-36
-9.999161707395653814e-37
-9.607088968842132970e-37
-9.230389622260246596e-37
-8.868460868328917462e-37
-8.520723543826012582e-37
-8.186621194844538967e-37
-7.865619186347268940e-37
-7.557203846636298928e-37
-7.260881645369526336e-37
-6.976178403805941390e-37
-6.702638536019313211e-37
-6.439824319862703856e-37
-6.187315196520339986e-37
-5.944707097523471630e-37
-5.711611798154375119e-37
-5.487656296204577923e-37
-5.272482215091079113e-37
-5.065745230377997110e-37
-4.867114518783401827e-37
-4.676272228792070937e-37
-4.492912972024690497e-37
-4.316743334551772909e-37
-4.147481407368559950e-37
-3.984856335280302465e-37
-3.828607883476574301e-37
-3.678486021099598070e-37
-3.534250521141971827e-37
-3.395670576031779774e-37
-3.262524428291646165e-37
-3.134599015679064774e-37
-3.011689630241694370e-37
-2.893599590740808051e-37
-2.780139927919235818e-37
-2.671129082110523838e-37
-2.566392612704414050e-37
-2.465762919004959141e-37
-2.369078972033355081e-37
-2.276186056847475546e-37
-2.186935524964841552e-37
-2.101184556493248354e-37
-2.018795931588687179e-37
-1.939637810874074394e-37
-1.863583524468356932e-37
-1.790511369287451130e-37
-1.720304414293562234e-37
-1.652850313380367168e-37
-1.588041125595454694e-37
-1.525773142411693045e-37
-1.465946721771399209e-37
-1.408466128637940644e-37
-1.353239381799082545e-37
-1.300178106677587397e-37
-1.249197393912880878e-37
-1.200215663488110060e-37
-1.153154534184567491e-37
-1.107938698155142315e-37
-1.064495800415642780e-37
-1.022756323061342296e-37
-9.826534740236072369e-38
-9.441230801882176205e-38
-9.071034847048087848e-38
-8.715354483226457975e-38
-8.373620545952781347e-38
-8.045286188020407764e-38
-7.729826004408010862e-38
-7.426735191520275448e-38
-7.135528739393542878e-38
-6.855740655577260702e-38
-6.586923219445814879e-38
-6.328646265750810935e-38
-6.080496496264127875e-38
-5.842076818413241694e-38
-5.613005709848091104e-38
-5.392916607923702274e-38
-5.181457323122304574e-38
-4.978289475474345465e-38
-4.783087953078947188e-38
-4.595540391854927014e-38
-4.415346675692178072e-38
-4.242218456201335962e-38
-4.075878691295290330e-38
-3.916061201862538430e-38
-3.762510245823657470e-38
-3.614980108889810538e-38
-3.473234711367023725e-38
-3.337047230378730357e-38
-3.206199736900373733e-38
-3.080482847026817073e-38
-2.959695386913271108e-38
-2.843644070854102115e-38
-2.732143191984763656e-38
-2.625014325110862602e-38
-2.522086041190100297e-38
-2.423193633008924275e-38
-2.328178851616143348e-38
-2.236889653090560363e-38
-2.149179955238500872e-38
-2.064909403831030760e-38
-1.983943148007161791e-38
-1.906151624483910567e-38
-1.831410350227174810e-38
-1.759599723252541279e-38
-1.690604831236381486e-38
-1.624315267631824043e-38
-1.560624954994526274e-38
-1.499431975236301020e-38
-1.440638406534357454e-38
-1.384150166635433205e-38
-1.329876862304263047e-38
-1.277731644674956251e-38
-1.227631070274436645e-38
-1.179494967494934993e-38
-1.133246308302439071e-38
-1.088811084975349822e-38
-1.046118191676292326e-38
-1.005099310667715552e-38
-9.656888029888149788e-39
-9.278236034193093177e-39
-8.914431195615201170e-39
-8.564891348797171709e-39
-8.229057155411368502e-39
-7.906391209100051242e-39
-7.596377175510157530e-39
-7.298518966047867092e-39
-7.012339944031780328e-39
-6.737382161971685641e-39
-6.473205628755694368e-39
-6.219387605569806465e-39
-5.975521929426372189e-39
-5.741218363215936006e-39
-5.516101971245223827e-39
-5.299812519259765277e-39
-5.092003897992019316e-39
-4.892343569313234812e-39
-4.700512034100908379e-39
-4.516202320972593975e-39
-4.339119495065651398e-39
-4.168980186079012997e-39
-4.005512134820035216e-39
-3.848453757531542160e-39
-3.697553727302410566e-39
-3.552570571890443298e-39
-3.413272287315693954e-39
-3.279435966604192489e-39
-3.150847443089624460e-39
-3.027300947700592876e-39
-2.908598779686530914e-39
-2.794550990254176161e-39
-2.684975078608862375e-39
-2.579695699914594359e-39
-2.478544384704587481e-39
-2.381359269294479670e-39
-2.287984836765614941e-39
-2.198271668105072629e-39
-2.112076203103101525e-39
-2.029260510626384553e-39
-1.949692067898696372e-39
-1.873243548436110152e-39
-1.799792618297652354e-39
-1.729221740324681899e-39
-1.661417986056568672e-39
-1.596272855020862977e-39
-1.533682101109562940e-39
-1.473545565763025524e-39
-1.415767017694841130e-39
-1.360253998901394498e-39
-1.306917676709167483e-39
-1.255672701623668346e-39
-1.206437070751879208e-39
-1.159131996580278967e-39
-1.113681780897871882e-39
-1.070013693663020099e-39
-1.028057856619807132e-39
-9.877471314778777522e-40
-9.490170124769537616e-40
-9.118055231637400110e-40
-8.760531172164873749e-40
-8.417025831580681867e-40
-8.086989528055083847e-40
-7.769894133090707226e-40
-7.465232226405100070e-40
-7.172516283949661976e-40
-6.891277897766858590e-40
-6.621067026438273081e-40
-6.361451274921529441e-40
-6.112015202626735954e-40
-5.872359658622178078e-40
-5.642101142908295174e-40
-5.420871192735585731e-40
-5.208315792985376247e-40
-5.004094809670647595e-40
-4.807881445648483110e-40
-4.619361717675503745e-40
-4.438233953967131231e-40
-4.264208311458911837e-40
-4.097006311995257345e-40
-3.936360396705427371e-40
-3.782013497852054369e-40
-3.633718627467768455e-40
-3.491238482122134673e-40
-3.354345063185112912e-40
-3.222819311981014258e-40
-3.096450759247495697e-40
-2.975037188340210240e-40
-2.858384311642677356e-40
-2.746305459664950526e-40
-2.638621282332471979e-40
-2.535159461987583447e-40
-2.435754437644775215e-40
-2.340247140057491505e-40
-2.248484737173683467e-40
-2.160320389571648538e-40
-2.075613015485859793e-40
-1.994227065045937509e-40
-1.916032303367857747e-40
-1.840903602150552723e-40
-1.768720739443710130e-40
-1.699368207267218052e-40
-1.632735026773549244e-40
-1.568714570658124293e-40
-1.507204392532687287e-40
-1.448106062989389577e-40
-1.391325012092665486e-40
-1.336770378047102945e-40
-1.284354861799325488e-40
-1.233994587340725653e-40
-1.185608967488107889e-40
-1.139120574926856964e-40
-1.094455018310855594e-40
-1.051540823220326072e-40
-1.010309317787622880e-40
-9.706945228075442656e-41
-9.326330461564866929e-41
-8.960639813516207246e-41
-8.609288100874160565e-41
-8.271713085939720247e-41
-7.947374576668907076e-41
-7.635753562251103356e-41
-7.336351382580650375e-41
-7.048688930293989250e-41
-6.772305884096405455e-41
-6.506759972148923007e-41
-6.251626264339799422e-41
-6.006496492304931959e-41
-5.770978396112098582e-41
-5.544695096560682311e-41
-5.327284492095140714e-41
-5.118398679365000174e-41
-4.917703396505058986e-41
-4.724877488245609128e-41
-4.539612391994907569e-41
-4.361611644073758106e-41
-4.190590405309842648e-41
-4.026275005234782499e-41
-3.868402504152519485e-41
-3.716720272380118588e-41
-3.570985585986192490e-41
-3.430965238380682919e-41
-3.296435167134919270e-41
-3.167180095433534149e-41
-3.042993187586010962e-41
-2.923675718045085666e-41
-2.809036753403785883e-41
-2.698892846861107956e-41
-2.593067744667884339e-41
-2.491392104083456312e-41
-2.393703222390855612e-41
-2.299844776538037083e-41
-2.209666572987366954e-41
-2.123024307374185093e-41
-2.039779333588780168e-41
-1.959798441913251234e-41
-1.882953645857444629e-41
-1.809121977353185233e-41
-1.738185289979322533e-41
-1.670030069902041041e-41
-1.604547254228710066e-41
-1.541632056483792856e-41
-1.481183798928317659e-41
-1.423105751453836964e-41
-1.367304976793769022e-41
-1.313692181803876101e-41
-1.262181574574130025e-41
-1.212690727143484257e-41
-1.165140443597403795e-41
-1.119454633337647701e-41
-1.075560189320941373e-41
-1.033386871072227472e-41
-9.928671922848673976e-42
-9.539363128281136864e-42
-9.165319349891657493e-42
-8.805942037834285891e-42
-8.460656111738736863e-42
-8.128909040458085748e-42
-7.810169957902036379e-42
-7.503928813536974015e-42
-7.209695556197102390e-42
-6.926999349897665885e-42
-6.655387820396645133e-42
-6.394426331300145853e-42
-6.143697288550676396e-42
-5.902799472188299811e-42
-5.671347394312391060e-42
-5.448970682219435441e-42
-5.235313485727030515e-42
-5.030033907738236562e-42
-4.832803457133027312e-42
-4.643306523112220785e-42
-4.461239870153350057e-42
-4.286312152768593855e-42
-4.118243449290356687e-42
-3.956764813936386385e-42
-3.801617846439563482e-42
-3.652554278552159793e-42
-3.509335576763526111e-42
-3.371732560595950239e-42
-3.239525035866588832e-42
-3.112501442330194695e-42
-2.990458515137205948e-42
-2.873200959566988515e-42
-2.760541138514266225e-42
-2.652298772230021071e-42
-2.548300649835297780e-42
-2.448380352146741240e-42
-2.352377985370653656e-42
-2.260139925238528154e-42
-2.171518571175716581e-42
-2.086372110108758025e-42
-2.004564289534458780e-42
-1.925964199486575741e-42
-1.850446063052148716e-42
-1.777889035101512579e-42
-1.708177008910236630e-42
-1.641198430363772356e-42
-1.576846119446872074e-42
-1.515017098732889667e-42
-1.455612428597743712e-42
-1.398537048895568621e-42
-1.343699626842129268e-42
-1.291012410862827339e-42
-1.240391090171594395e-42
-1.191754659855497530e-42
-1.145025291249740235e-42
-1.100128207395056595e-42
-1.056991563378755513e-42
-1.015546331367405465e-42
-9.757261901476827747e-43
-9.374674189982326903e-43
-9.007087957228823271e-43
-8.653914986821593635e-43
-8.314590126660151692e-43
-7.988570384575314439e-43
-7.675334059424927572e-43
-7.374379906261659330e-43
-7.085226334233257296e-43
-6.807410635935199679e-43
-6.540488246979792500e-43
-6.284032034598037416e-43
-6.037631614136728500e-43
-5.800892692354726728e-43
-5.573436436470352880e-43
-5.354898867947439538e-43
-5.144930280052598897e-43
-4.943194678249581008e-43
-4.749369242536133640e-43
-4.563143810863622249e-43
-4.384220382811026929e-43
-4.212312642721223910e-43
-4.047145501534340145e-43
-3.888454656587057750e-43
-3.735986168671495335e-43
-3.589496055678700247e-43
-3.448749902175042134e-43
-3.313522484287367472e-43
-3.183597409297097623e-43
-3.058766769365328556e-43
-2.938830808836300971e-43
-2.823597604585380218e-43
-2.712882758901452698e-43
-2.606509104410917369e-43
-2.504306420572373897e-43
-2.406111161287312336e-43
-2.311766193191367717e-43
-2.221120544207653010e-43
-2.134029161958960503e-43
-2.050352681653268291e-43
-1.969957203070093374e-43
-1.892714076291782274e-43
-1.818499695836103276e-43
-1.747195302861029213e-43
-1.678686795125435243e-43
-1.612864544400967687e-43
-1.549623221043685300e-43
-1.488861625443969660e-43
-1.430482526085739381e-43
-1.374392503955107374e-43
-1.320501803050176684e-43
-1.268724186752220930e-43
-1.218976799828645978e-43
-1.171180035847067916e-43
-1.125257409787895067e-43
-1.081135435652116203e-43
-1.038743508867892814e-43
-9.980137933083071202e-44
-9.588811127389650104e-44
-9.212828465222198832e-44
-8.851588294107466354e-44
-8.504512552702728314e-44
-8.171045845775212093e-44
-7.850654555450237641e-44
-7.542825987309725439e-44
-7.247067549970834332e-44
-6.962905966835434674e-44
-6.689886518746235650e-44
-6.427572316338843786e-44
-6.175543600926245954e-44
-5.933397072794609284e-44
-5.700745245838414426e-44
-5.477215827499328757e-44
-5.262451123019349173e-44
-5.056107463052242813e-44
-4.857854653719809800e-44
-4.667375448230996482e-44
-4.484365039219154029e-44
-4.308530570985691394e-44
-4.139590670867955300e-44
-3.977274998983443852e-44
-3.821323815627835800e-44
-3.671487565636513379e-44
-3.527526479042611891e-44
-3.389210187394299515e-44
-3.256317355115935180e-44
-3.128635325323796413e-44
-3.005959779530020542e-44
-2.888094410689071490e-44
-2.774850609064934352e-44
-2.666047160414964020e-44
-2.561509956008721037e-44
-2.461071714016730790e-44
-2.364571711823766941e-44
-2.271855528838623669e-44
-2.182774799387952354e-44
-2.097186975299792309e-44
-2.014955097795832024e-44
-1.935947578328387378e-44
