-1.300000000000000044e+00
-1.114625094908573644e+00
-9.556839247691898409e-01
-8.194071425757356586e-01
-7.025628954324943942e-01
-6.023801800005278428e-01
-5.164831271570246018e-01
-4.428346574046734818e-01
-3.796881707988384314e-01
-3.255461257017830401e-01
-2.791245240442064568e-01
-2.393224608492954264e-01
-2.051960158753071417e-01
-1.759358682075965186e-01
-1.508481029220881398e-01
-1.293377546433159830e-01
-1.108946977265906630e-01
-9.508154844489132007e-02
-8.152329227649318666e-02
-6.989839030072739212e-02
-5.993115378684982925e-02
-5.138520613665217146e-02
-4.405787712843273196e-02
-3.777539651980739432e-02
-3.238877302392254715e-02
-2.777026092750916816e-02
-2.381033055535443366e-02
-2.041507073466649128e-02
-1.750396165784069008e-02
-1.500796532626669753e-02
-1.286788828936508318e-02
-1.103297785062036518e-02
-9.459718449132240720e-03
-8.110799672440318839e-03
-6.954231426675549881e-03
-5.962585279980321326e-03
-5.112343987383487567e-03
-4.383343770878918473e-03
-3.758296128179093587e-03
-3.222377829666266038e-03
-2.762879380171572377e-03
-2.368903608726678333e-03
-2.031107238235565701e-03
-1.741479306298315041e-03
-1.493151182356981582e-03
-1.280233675651922193e-03
-1.097677370945135747e-03
-9.411528798220886692e-04
-8.069481676885943873e-04
-6.918805215355382492e-04
-5.932210707553402847e-04
-5.086300709941824708e-04
-4.361014162732654146e-04
-3.739150634641169916e-04
-3.205962408472586727e-04
-2.748804733705444473e-04
-2.356835951685822645e-04
-2.020760381793650323e-04
-1.732607871034026151e-04
-1.485544778992803306e-04
-1.273711915596761998e-04
-1.092085588314015523e-04
-9.363584634790735972e-05
-8.028374163260071274e-05
-6.883559472065605062e-05
-5.901990869123031246e-05
-5.060390102035228525e-05
-4.338798305965705103e-05
-3.720102671981680755e-05
-3.189630610636323970e-05
-2.734801786233692465e-05
-2.344829769643744734e-05
-2.010466234256622284e-05
-1.723781628591363011e-05
-1.477977124131000951e-05
-1.267223378659398941e-05
-1.086522291314305134e-05
-9.315884708280667797e-06
-7.987476059326672494e-06
-6.848493277466890296e-06
-5.871924976444039683e-06
-5.034611487819204417e-06
-4.316695621106368490e-06
-3.701151743359311159e-06
-3.173382010163774816e-06
-2.720870172507661441e-06
-2.332884749434816089e-06
-2.000224527115033067e-06
-1.715000348749270611e-06
-1.470448020379148947e-06
-1.260767895594793279e-06
-1.080987334834638219e-06
-9.268427774500196266e-07
-7.946786298311944594e-07
-6.813605716903160376e-07
-5.842012245286761929e-07
-5.008964194892152858e-07
-4.294705531634858171e-07
-3.682297354463756172e-07
-3.157216183231350395e-07
-2.707009529139326891e-07
-2.321000579488720515e-07
-1.990034993227285350e-07
-1.706263802459494735e-07
-1.462957271350368686e-07
-1.254345298020071871e-07
-1.075480574502881936e-07
-9.221212595596942671e-08
-7.906303818876422068e-08
-6.778895880377810361e-08
-5.812251895416508111e-08
-4.983447554277820038e-08
-4.272827463968321105e-08
-3.663539013502809836e-08
-3.141132708174476499e-08
-2.693219494591848340e-08
-2.309176949822354714e-08
-1.979897366812641889e-08
-1.697571761840597822e-08
-1.455504681658224688e-08
-1.247955418410132732e-08
-1.070001866682353019e-08
-9.174237940024379367e-09
-7.866027565087319861e-09
-6.744362862529935610e-09
-5.782643150573302308e-09
-4.958060900407833974e-09
-4.251060847445810056e-09
-3.644876231189546817e-09
-3.125131165476657928e-09
-2.679499709170125520e-09
-2.297413552031729008e-09
-1.969811383444316160e-09
-1.688924000172008516e-09
-1.448090056911605346e-09
-1.241598090093277543e-09
-1.064551068468095440e-09
-9.127502582509807718e-10
-7.825956486390962193e-10
-6.710005762610692448e-10
-5.753185238451534804e-10
-4.932803571104347067e-10
-4.229405114313489755e-10
-3.626308520729601927e-10
-3.109211137758465207e-10
-2.665849815011404189e-10
-2.285710079283916520e-10
-1.959776780042547023e-10
-1.680320291888110982e-10
-1.440713203709683640e-10
-1.235273147246878675e-10
-1.059128037683127227e-10
-9.081005304022214124e-11
-7.786089537585376724e-11
-6.675823684459814133e-11
-5.723877390679944472e-11
-4.907674907562827432e-11
-4.207859699709726444e-11
-3.607835397808399137e-11
-3.093372209766692738e-11
-2.652269456075948937e-11
-2.274066226309051755e-11
-1.949793294867777238e-11
-1.671760412572382881e-11
-1.433373929636838214e-11
-1.228980424893028465e-11
-1.053732632874743695e-11
-9.034744891740561935e-12
-7.746425678793139762e-12
-6.641815736482323115e-12
-5.694718842801439247e-12
-4.882674254334769989e-12
-4.186424041650418867e-12
-3.589456380578552360e-12
-3.077613968363505431e-12
-2.638758278137789061e-12
-2.262481689392399444e-12
-1.939860667513780552e-12
-1.663244138951506140e-12
-1.426072043257650598e-12
-1.222719758894248552e-12
-1.048364713310839234e-12
-8.988720139022264733e-13
-7.706963875434080722e-13
-6.607981031625127085e-13
-5.665708834253242418e-13
-4.857800959310650770e-13
-4.165097581014305639e-13
-3.571170989647341265e-13
-3.061936002515703317e-13
-2.625315928775420575e-13
-2.250956166366380406e-13
-1.929978638900891247e-13
-1.654771248889559243e-13
-1.418807354111926714e-13
-1.216490985949222815e-13
-1.043024138976213560e-13
-8.942929845371507002e-14
-7.667703098198412647e-14
-6.574318687353958244e-14
-5.636846608347014447e-14
-4.833054373702973748e-14
-4.143879761528443880e-14
-3.552978748064124442e-14
-3.046337903283940325e-14
-2.611942057362643640e-14
-2.239489356602718355e-14
-1.920146951269266792e-14
-1.646341521382242757e-14
-1.411579672709699200e-14
-1.210293943588509908e-14
-1.037710770568934919e-14
-8.897372816408066960e-15
-7.628642323019855415e-15
-6.540827825630440107e-15
-5.608131412249169861e-15
-4.808433852029221632e-15
-4.122770029753593509e-15
-3.534879181307942536e-15
-3.030819263812083892e-15
-2.598636315059445236e-15
-2.228080961004617058e-15
-1.910365348172121687e-15
-1.637954736551079076e-15
-1.404388810526304080e-15
-1.204128470170324126e-15
-1.032424469496703099e-15
-8.852047863836131118e-16
-7.589780531048862306e-16
-6.507507572888912916e-16
-5.579562496961208034e-16
-4.783938752095159953e-16
-4.101767835069902923e-16
-3.516871817275175391e-16
-3.015379679316640820e-16
-2.585398354802843410e-16
-2.216730681998916200e-16
-1.900633574469069621e-16
-1.629610675637699571e-16
-1.397234579997458971e-16
-1.197994404876315301e-16
-1.027165097873226394e-16
-8.806953805413230204e-17
-7.551116708626269950e-17
-6.474357060014059267e-17
-5.551139117300129343e-17
-4.759568434977966682e-17
-4.080872629662438412e-17
-3.498956186267152902e-17
-3.000018747076129346e-17
-2.572227831297871430e-17
-2.205438223528358421e-17
-1.890951376319457072e-17
-1.621309120998133633e-17
-1.390116794514360937e-17
-1.191891587707363447e-17
-1.021932518514654898e-17
-8.762089464919657810e-18
-7.512649847256531283e-18
-6.441375422317845152e-18
-5.522860531879065686e-18
-4.735322265009632626e-18
-4.060083868506959502e-18
-3.481131820977954285e-18
-2.984736066420623497e-18
-2.559124401008562975e-18
-2.194203291043859931e-18
-1.881318501175731676e-18
-1.613049856097120395e-18
-1.383035268418857520e-18
-1.185819859479442109e-18
-1.016726594935958018e-18
-8.717453672127412274e-19
-7.474378943581627866e-19
-6.408561799517170266e-19
-5.494726003087914879e-19
-4.711199609760368074e-19
-4.039401009355683056e-19
-3.463398256482206978e-19
-2.969531238721284828e-19
-2.546087722148972986e-19
-2.183025591496811352e-19
-1.871734697776907389e-19
-1.604832665502505375e-19
-1.375989816998546432e-19
-1.179779061819412890e-19
-1.011547191347393607e-19
-8.673045262769926168e-20
-7.436302999354837196e-20
-6.375915335711385200e-20
-5.466734797074105473e-20
-4.687199840022100081e-20
-4.018823512723144561e-20
-3.445755030222933111e-20
-2.954403867379949299e-20
-2.533117454674334257e-20
-2.171904833331497071e-20
-1.862199716141931456e-20
-1.596657334879553988e-20
-1.368980256481995677e-20
-1.173769037160929831e-20
-1.006394172650959431e-20
-8.628863078511629154e-21
-7.398421021414704635e-21
-6.343435179359966037e-21
-5.438886183723455135e-21
-4.663322329792034874e-21
-3.998350841872093552e-21
-3.428201681999584341e-21
-2.939353557818862171e-21
-2.520213260272080418e-21
-2.160840726477396239e-21
-1.852713307563215607e-21
-1.588523650985405872e-21
-1.362006404033940810e-21
-1.167789628740321095e-21
-1.001267404436868313e-21
-8.584905966917741632e-22
-7.360732021659132939e-22
-6.311120483260258039e-22
-5.411179436641085316e-22
-4.639566456256458017e-22
-3.977982462799609143e-22
-3.410737753955890896e-22
-2.924379917470263658e-22
-2.507374802353093378e-22
-2.149832982341680193e-22
-1.843275224600137366e-22
-1.580431401663501109e-22
-1.355068077750516189e-22
-1.161840680592498963e-22
-9.961667529800434065e-23
-8.541172781424148974e-23
-7.323235017019556035e-23
-6.278970404525551711e-23
-5.383613833132632411e-23
-4.615931599774286996e-23
-3.957717844223001581e-23
-3.393362790568016345e-23
-2.909482555766230348e-23
-2.494601746042904560e-23
-2.138881313801667376e-23
-1.833885221072584062e-23
-1.572380375838046902e-23
-1.348165096654509589e-23
-1.155922037546884180e-23
-9.910920852366217763e-24
-8.497662381307741241e-24
-7.285929029435509199e-24
-6.246984104562839167e-24
-5.356188654185161628e-24
-4.592417143861049097e-24
-3.937556457566066048e-24
-3.376076338632650286e-24
-2.894661084128469484e-24
-2.481893758172962674e-24
-2.127985435197335830e-24
-1.824543052054534028e-24
-1.564370363508500279e-24
-1.341297280690633094e-24
-1.150033545223391767e-24
-9.860432688405133285e-25
-8.454373631656291185e-25
-7.248813085828801888e-25
-6.215160749051109468e-25
-5.328903184448568816e-25
-4.569022475172760898e-25
-3.917497776945267652e-25
-3.358877947255190188e-25
-2.879915115958179965e-25
-2.469250507271941475e-25
-2.117145062323856096e-25
-1.815248473867652011e-25
-1.556401155744135689e-25
-1.334464450720863013e-25
-1.144175050028354017e-25
-9.810201720999052255e-26
-8.411305403339098530e-26
-7.211886218078342436e-26
-6.183499507919548584e-26
-5.301756712216883740e-26
-4.545746983489933934e-26
-3.897541279156025197e-26
-3.341767167837977726e-26
-2.865244266625951155e-26
-2.456671663557076133e-26
-2.106359912424239227e-26
-1.806001244074987648e-26
-1.548472544678528004e-26
-1.327666428519711957e-26
-1.138346399150547662e-26
-9.760226639938562553e-27
-8.368456572977472001e-27
-7.175147462994844300e-27
-6.151999555325879863e-27
-5.274748529409704633e-27
-4.522590061701656731e-27
-3.877686443659037131e-27
-3.324743554068574410e-27
-2.850648153461811511e-27
-2.444156898925633552e-27
-2.095629704181869841e-27
-1.796801121474572517e-27
-1.540584323504175231e-27
-1.320903036769617741e-27
-1.132547440557199272e-27
-9.710506141688701641e-28
-8.325826022915434058e-28
-7.138595862295685418e-28
-6.120660069634834277e-28
-5.247877931553692223e-28
-4.499551105789728330e-28
-3.857932752566812301e-28
-3.307806661908215720e-28
-2.836126395745121939e-28
-2.431705886946246189e-28
-2.084954157713229394e-28
-1.787647866093167972e-28
-1.532736286467093361e-28
-1.314174099056298442e-28
-1.126778022990020825e-28
-9.661038929354911514e-29
-8.283412641190558952e-29
-7.102230462579879532e-29
-6.089480233396710274e-29
-5.221144217764343072e-29
-4.476629514813059064e-29
-3.838279690629995936e-29
-3.290956049580110205e-29
-2.821678614694731558e-29
-2.419318302850451230e-29
-2.074332994560580397e-29
-1.778541239180044187e-29
-1.524928228861449404e-29
-1.307479439864188598e-29
-1.121037995961262307e-29
-9.611823712649469168e-30
-8.241215321504979958e-30
-7.066050315303400021e-30
-6.058459233326053850e-30
-5.194546690727486870e-30
-4.453824690891681926e-30
-3.818726745224043509e-30
-3.274191277557869973e-30
-2.807304433459071024e-30
-2.406993823524274388e-30
-2.063765937684703955e-30
-1.769481003200676678e-30
-1.517159947024221003e-30
-1.300818884571806198e-30
-1.115327209749788816e-30
-9.562859207857421115e-31
-8.199232963196527959e-31
-7.030054476754135349e-31
-6.027596260280447601e-31
-5.168084656681240806e-31
-4.431136039191410357e-31
-3.799273406335819563e-31
-3.257511908554349955e-31
-2.793003477106329836e-31
-2.394732127499691600e-31
-2.053252711457672713e-31
-1.760466921830599495e-31
-1.509431238329885824e-31
-1.294192259447233835e-31
-1.109645515397173504e-31
-9.514144137803379785e-32
-8.157464471210017537e-32
-6.994242008027479828e-32
-5.996890509239316186e-32
-5.141757425397884425e-32
-4.408562967908416820e-32
-3.779919166550292490e-32
-3.240917507509867907e-32
-2.778775372614671331e-32
-2.382532894946318909e-32
-2.042793041655661602e-32
-1.751498759949231278e-32
-1.501741901185135123e-32
-1.287599391643578709e-32
-1.103992764703812762e-32
-9.465677231818137048e-33
-8.115908756068575042e-33
-6.958611975001789882e-33
-5.966341179283274585e-33
-5.115564310165848170e-33
-4.386104888253448527e-33
-3.760663521037304501e-33
-3.224407641581068651e-33
-2.764619748862504871e-33
-2.370395807663051294e-33
-2.032386655451794971e-33
-1.742576283633739045e-33
-1.494091735023616114e-33
-1.281040109194463454e-33
-1.098368810225045479e-33
-9.417457225705521685e-34
-8.074564733845678181e-34
-6.923163448314022492e-34
-5.935947473572718727e-34
-5.089504627771808864e-34
-4.363761214436722988e-34
-3.741505967538401657e-34
-3.207981880129583330e-34
-2.750536236618807005e-34
-2.358320549069759936e-34
-2.022033281409031642e-34
-1.733699260152939821e-34
-1.486480540300678304e-34
-1.274514241009541429e-34
-1.092773505267369097e-34
-9.369482861709425615e-35
-8.033431326136194917e-35
-6.887895503335487131e-35
-5.905708599327388687e-35
-5.063577698482862391e-35
-4.341531363652584218e-35
-3.722446006353729458e-35
-3.191639794710799272e-35
-2.736524468533487096e-35
-2.346306804199039968e-35
-2.011732649473053797e-35
-1.724867457961227646e-35
-1.478908118488254431e-35
-1.268021616870033488e-35
-1.087206703884519096e-35
-9.321752888480991647e-36
-7.992507460028712838e-36
-6.852807220147734503e-36
-5.875623767805599045e-36
-5.037782846028797162e-36
-4.319414756064304166e-36
-3.703483140329003969e-36
-3.175380959062685918e-36
-2.722584079127770181e-36
-2.334354259687989069e-36
-2.001484490965338827e-36
-1.716080646692535679e-36
-1.471374272069554945e-36
-1.261562067424287435e-36
-1.081668260873725678e-36
-9.274266061045981425e-37
-7.951792068077442160e-37
-6.817897683518560138e-37
-5.845692194283670267e-37
-5.012119397584456772e-37
-4.297410814788954554e-37
-3.684616874842491288e-37
-3.159204949094672885e-37
-2.708714704784817394e-37
-2.322462603770037717e-37
-1.991288538575980456e-37
-1.707338597154326081e-37
-1.463878804533999422e-37
-1.255135424183362452e-37
-1.076158031771910664e-37
-9.227021140772301105e-38
-7.911284088274363821e-38
-6.783165982878128931e-38
-5.815913098035456630e-38
-4.986586683752111507e-38
-4.275518965882361370e-38
-3.665846717792309510e-38
-3.143111342876590236e-38
-2.694915983740008715e-38
-2.310631526266817002e-38
-1.981144526356828306e-38
-1.698641081321613773e-38
-1.456421520372071838e-38
-1.248741519516632480e-38
-1.070675872851918180e-38
-9.180016895337680168e-39
-7.870982464021542262e-39
-6.748611212295131862e-39
-5.786285702311988248e-39
-4.961184038544292936e-39
-4.253738638324134442e-39
-3.647172179583287561e-39
-3.127099720627663421e-39
-2.681187556071662413e-39
-2.298860718580066221e-39
-1.971052189714523978e-39
-1.689987872331015613e-39
-1.449002225070218715e-39
-1.242380186647414869e-39
-1.065221641118766942e-39
-9.133252098697420201e-40
-7.830886144103553435e-40
-6.714232470453537771e-40
-5.756809234321199411e-40
-4.935910799365982875e-40
-4.232069264002772972e-40
-3.628592773114398066e-40
-3.111169664705562357e-40
-2.667529063691607500e-40
-2.287149873683584200e-40
-1.961011265403600502e-40
-1.681378744474836329e-40
-1.441620725105777544e-40
-1.236051259648602582e-40
-1.059795194305920190e-40
-9.086725531052914380e-41
-7.790994082660069497e-41
-6.680028860628506053e-41
-5.727482925207783418e-41
-4.910766306997629366e-41
-4.210510277700846706e-41
-3.610108013765999712e-41
-3.095320759595508038e-41
-2.653940150335845337e-41
-2.275498686115222128e-41
-1.951021491519613346e-41
-1.672813473195155217e-41
-1.434276827941926855e-41
-1.229754573438406119e-41
-1.054396390871574045e-41
-9.040435978819061997e-42
-7.751305239158583650e-42
-6.645999490663387160e-42
-5.698306010033128558e-42
-4.885749905577868812e-42
-4.189061117080252428e-42
-3.591717419387201308e-42
-3.079552591899435935e-42
-2.640420461555254401e-42
-2.263906851968881586e-42
-1.941082607492310573e-42
-1.664291835078064791e-42
-1.426970342022666615e-42
-1.223489963775941727e-42
-1.049025089994966630e-42
-8.994382234593131922e-43
-7.711818578367257911e-43
-6.612143472946346362e-43
-5.669277727755371382e-43
-4.860860942586424972e-43
-4.167721222667549672e-43
-3.573420510283279171e-43
-3.063864750325167374e-43
-2.626969644706346132e-43
-2.252374068886718111e-43
-1.931194354078836559e-43
-1.655813607847700429e-43
-1.419701076767819250e-43
-1.217257267257018781e-43
-1.043681151572704648e-43
-8.948563097123136365e-44
-7.672533070327931415e-44
-6.578459924387218784e-44
-5.640397321209545739e-44
-4.836098768827087305e-44
-4.146490037839301913e-44
-3.555216809203170884e-44
-3.048256825675857311e-44
-2.613587348942066800e-44
-2.240900036051061022e-44
-1.921356473356968427e-44
-1.647378570360538038e-44
-1.412468842568060767e-44
-1.211056321309859903e-44
-1.038364436215108309e-44
-8.902977371276500463e-45
-7.633447690329252843e-45
-6.544947966394476701e-45
-5.611664037087748222e-45
-4.811462738410776551e-45
-4.125367008807801343e-45
-3.537105841327022552e-45
-3.032728410839058978e-45
-2.600273225202646345e-45
-2.229484454176694884e-45
-1.911568708718390261e-45
-1.638986502599600806e-45
-1.405273450779973470e-45
-1.204886964190858838e-45
-1.033074805242576559e-45
-8.857623868008887936e-46
-7.594561418879838559e-46
-6.511606724852305308e-46
-5.583077125919815373e-46
-4.786952208738698222e-46
-4.104351584606263981e-46
-3.519087134253804749e-46
-3.017279100776278313e-46
-2.587026926206493222e-46
-2.218127025503022315e-46
-1.901830804861998115e-46
-1.630637185668722693e-46
-1.398114713721125858e-46
-1.198749034980363854e-46
-1.027812120681954147e-46
-8.812501404333185874e-47
-7.555873241682117238e-47
-6.478435330097804784e-47
-5.554635842053287857e-47
-4.762566540485583870e-47
-4.083443217074697026e-47
-3.501160217988993016e-47
-3.001908492512367351e-47
-2.573848106441135815e-47
-2.206827453786295949e-47
-1.892142507787242302e-47
-1.622330401786836785e-47
-1.390992444665157875e-47
-1.192642373578478801e-47
-1.022576245262992202e-47
-8.767608803288649341e-48
-7.517382149605223750e-48
-6.445432916898311575e-48
-5.526339443634290938e-48
-4.738305097583010080e-48
-4.062641360845543406e-48
-3.483324624932303414e-48
-2.986616185125011985e-48
-2.560736422154210715e-48
-2.195585444291892161e-48
-1.882503564787474776e-48
-1.614065934282294892e-48
-1.383906457836989681e-48
-1.186566820700888109e-48
-1.017367042414679444e-48
-8.722944893910196503e-49
-7.479087138659113432e-49
-6.412598624428822883e-49
-5.498187192588092482e-49
-4.714167247202809476e-49
-4.041945473329451218e-49
-3.465579889865503150e-49
-2.971401779734273045e-49
-2.547691531344459283e-49
-2.184400703786622692e-49
-1.872913724443464149e-49
-1.605843567587217167e-49
-1.376856568407855890e-49
-1.180522217874700752e-49
-1.012184376261738157e-49
-8.678508511197876846e-50
-7.440987209968258355e-50
-6.379931596249549644e-50
-5.470178354599859085e-50
-4.690152359740569438e-50
-4.021355014701129279e-50
-3.447925549940219650e-50
-2.956264879492186425e-50
-2.534713093752953726e-50
-2.173272940531086319e-50
-1.863372736616677681e-50
-1.597663087231868653e-50
-1.369842592490565181e-50
-1.174508407434318738e-50
-1.007028111621066564e-50
-8.634298496086474734e-51
-7.403081369745597848e-51
-6.347430980283572988e-51
-5.442312199095500800e-51
-4.666259808799131835e-51
-4.000869447885257786e-51
-3.430361144666068382e-51
-2.941205089572406960e-51
-2.521800770854001944e-51
-2.162201864272059406e-51
-1.853880352442864120e-51
-1.589524279839064208e-51
-1.362864347134682646e-51
-1.168525232517321938e-51
-1.001898113998211133e-51
-8.590313695415275760e-52
-7.365368629266621182e-52
-6.315095928794527657e-52
-5.414587999222616102e-52
-4.642488971172532491e-52
-3.980488238542484653e-52
-3.412886215898345550e-52
-2.926222017159911933e-52
-2.508954225846463973e-52
-2.151187186234925782e-52
-1.844436324325535228e-52
-1.581426933118604718e-52
-1.355921650321759861e-52
-1.162572537060379242e-52
-9.967942495838600213e-53
-8.546552961897871510e-53
-7.327848004843568316e-53
-6.282925598364853634e-53
-5.387005031831526904e-53
-4.618839226829338965e-53
-3.960210855055487939e-53
-3.395500307826275773e-53
-2.911315271440755260e-53
-2.496173123644931578e-53
-2.140228619116141125e-53
-1.835040405929506744e-53
-1.573370835861738288e-53
-1.349014320960584970e-53
-1.156650165795159442e-53
-9.917163852503513809e-54
-8.503015154092718686e-54
-7.290518517799774855e-54
-6.250919149873258133e-54
-5.359562577456425680e-54
-4.595309958896745342e-54
-3.940036768515106135e-54
-3.378202966961069923e-54
-2.896484463591874269e-54
-2.483457130870985609e-54
-2.129325877075744109e-54
-1.825692352174474964e-54
-1.565355777935629222e-54
-1.342142178882460337e-54
-1.150757964244347850e-54
-9.866643885482023573e-55
-8.459699136372634841e-55
-7.253379194444153667e-55
-6.219075748473180547e-55
-5.332259920296600451e-55
-4.571900553644418300e-55
-3.919965452706544928e-55
-3.360993742124103130e-55
-2.881729206770945526e-55
-2.470805915844502019e-55
-2.118478675729865772e-55
-1.816391919228622333e-55
-1.557381550277966495e-55
-1.335305044836502520e-55
-1.144895778717518353e-55
-9.816381277026531053e-56
-8.416603778895670797e-56
-7.216429066045783292e-56
-6.187394563570936568e-56
-5.305096348197769841e-56
-4.548610400468483413e-56
-3.899996384095651603e-56
-3.343872184435139482e-56
-2.867049116106255757e-56
-2.458219148574966382e-56
-2.107686732143465291e-56
-1.807138864502258825e-56
-1.549447944891376065e-56
-1.328502740484948665e-56
-1.139063456307206482e-56
-9.766374716102304916e-57
-8.373727957575502629e-57
-7.179667168808545834e-57
-6.155874768804132073e-57
-5.278071152633503838e-57
-4.525438891875603944e-57
-3.880129041815201702e-57
-3.326837847300580257e-57
-2.852443808686865180e-57
-2.445696500753038390e-57
-2.096949764822618322e-57
-1.797932946641467022e-57
-1.541554754838107729e-57
-1.321735088398598159e-57
-1.133260844884823046e-57
-9.716622898353136975e-58
-8.331070554052249444e-58
-7.143092543846500797e-58
-6.124515542019675946e-58
-5.251183628686668945e-58
-4.502385423467068251e-58
-3.860362907651591602e-58
-3.309890286402049775e-58
-2.837912903552173937e-58
-2.433237645741605523e-58
-2.086267493707623653e-58
-1.788773925521936208e-58
-1.533701774234505285e-58
-1.315001912051978466e-58
-1.127487793096864909e-58
-9.667124526068022706e-59
-8.288630455662692229e-59
-7.106704237157740623e-59
-6.093316065253121321e-59
-5.224433075031419380e-59
-4.479449393923345131e-59
-3.840697466030713901e-59
-3.293029059684288326e-59
-2.823456021682593026e-59
-2.420842258567787752e-59
-2.075639640165222022e-59
-1.779661562242417505e-59
-1.525888798245875942e-59
-1.308303035819021027e-59
-1.121744150360724754e-59
-9.617878308145782221e-60
-8.246406555412334277e-60
-7.070501299601044592e-60
-6.062275524706889267e-60
-5.197818793914073174e-60
-4.456630204987695035e-60
-3.821132204005334865e-60
-3.276253727344327108e-60
-2.809072785989011441e-60
-2.408510015913901945e-60
-2.065065926981801554e-60
-1.770595619118874693e-60
-1.518115623080821282e-60
-1.301638284968182882e-60
-1.116029766860987936e-60
-9.568882960063454952e-61
-8.204397751945917650e-61
-7.034482786869497693e-61
-6.031393110728530805e-61
-5.171340091136040601e-61
-4.433927261451525687e-61
-3.801666611240835836e-61
-3.259563851819264682e-61
-2.794762821303602875e-61
-2.396240596109585158e-61
-2.054546078355697179e-61
-1.761575859677877986e-61
-1.510382045986226220e-61
-1.295007485658184563e-61
-1.110344493545429077e-61
-9.520137203840599671e-62
-8.162602949518001383e-62
-6.998647759467464488e-62
-6.000668017790806901e-62
-5.144996276034521307e-62
-4.411339971137844152e-62
-3.782300180002778181e-62
-3.242958997775603727e-62
-2.780525754369400890e-62
-2.384033679122851368e-62
-2.044079819890405069e-62
-1.752602048650840471e-62
-1.502687865241839258e-62
-1.288410464933181707e-62
-1.104688182121029041e-62
-9.471639768008141824e-63
-8.121021057966020067e-63
-6.962995282684493893e-63
-5.970099444469310538e-63
-5.118786661465671453e-63
-4.388867744886828837e-63
-3.763032405142790272e-63
-3.226438732097148799e-63
-2.766361213831122514e-63
-2.371888946552291521e-63
-2.033666878587251823e-63
-1.743673951967479567e-63
-1.495032880154882471e-63
-1.281847050718546366e-63
-1.099060685050327356e-63
-9.423389387573040677e-64
-8.079650992679981335e-64
-6.927524426572517537e-64
-5.939686593422926333e-64
-5.092710563785513730e-64
-4.366509996539451961e-64
-3.743862784086146041e-64
-3.210002623874453407e-64
-2.752268830225237604e-64
-2.359806081618226435e-64
-2.023306982838098605e-64
-1.734791336750111091e-64
-1.487416891055116478e-64
-1.275317071816087673e-64
-1.093461855547324321e-64
-9.375384803987446205e-65
-8.038491674576029095e-65
-6.892234265920020648e-65
-5.909428671371673768e-65
-5.066767302833119434e-65
-4.344266142923190233e-65
-3.724790816818332662e-65
-3.193650244392838284e-65
-2.738248235970103058e-65
-2.347784769154982749e-65
-2.012999862418660560e-65
-1.725953971307177528e-65
-1.479839699289292160e-65
-1.268820357899875605e-65
-1.087891547573900016e-65
-9.327624765113733965e-66
-7.997542030066452590e-66
-6.857123880229283312e-66
-5.879324889077368756e-66
-5.040956201912429742e-66
-4.322135603835822156e-66
-3.705816005871689601e-66
-3.177381167121948980e-66
-2.724299065356918158e-66
-2.335824695602133586e-66
-2.002745248481001157e-66
-1.717161625127599676e-66
-1.472301107216306664e-66
-1.262356739511510157e-66
-1.082349615835757886e-66
-9.280108025193706884e-67
-7.956800991033521725e-67
-6.822192353691779885e-67
-5.849374461321689593e-67
-5.015276587774178223e-67
-4.300117802031279762e-67
-3.686937856313177749e-67
-3.161194967703893576e-67
-2.710420954539565457e-67
-2.323925548996858063e-67
-1.992542873546973309e-67
-1.708414068874371289e-67
-1.464800918201712374e-67
-1.255926048055952841e-67
-1.076835915778882256e-67
-9.232833344815304278e-68
-7.916267494799796019e-68
-6.787438775163708830e-68
-5.819576606887036507e-68
-4.989727790599335433e-68
-4.278212163203611510e-68
-3.668155875730621923e-68
-3.145091223942904564e-68
-2.696613541525738052e-68
-2.312087018965269736e-68
-1.982392471500790774e-68
-1.699711074378920460e-68
-1.457338936612922629e-68
-1.249528115797021564e-68
-1.071350303585520682e-68
-9.185799490879480256e-69
-7.875940484102225111e-69
-6.752862238143587199e-69
-5.789930548534822761e-69
-4.964309143980488009e-69
-4.256418115972978525e-69
-3.649469574220709570e-69
-3.129069515793602899e-69
-2.682876466166881818e-69
-2.300308796714784648e-69
-1.972293777582538218e-69
-1.691052414635008892e-69
-1.449914967813774537e-69
-1.243162775852907167e-69
-1.065892636170679231e-69
-9.139005236569887299e-70
-7.835818907062765114e-70
-6.718461840747055546e-70
-5.760435512986524028e-70
-4.939019984905600479e-70
-4.234735091869777921e-70
-3.630878464375375105e-70
-3.113129425350670456e-70
-2.669209370149415932e-70
-2.288590575025867146e-70
-1.962246528380813448e-70
-1.682437863792668632e-70
-1.442528818159786122e-70
-1.236829862192072208e-70
-1.060462771178144353e-70
-9.092449361318771173e-71
-7.795901717162735611e-71
-6.684236685684899495e-71
-5.731090730902194108e-71
-4.913859653739587491e-71
-4.213162525320663432e-71
-3.612382061269917589e-71
-3.097270536837680568e-71
-2.655611896984773738e-71
-2.276932048243823986e-71
-1.952250461826308149e-71
-1.673867197152647382e-71
-1.435180294992773444e-71
-1.230529209628633895e-71
-1.055060566977014267e-71
-9.046130650777232126e-72
-7.756187873213740843e-72
-6.650185880238106668e-72
-5.701895436861543334e-72
-4.888827494208230192e-72
-4.191699853633429249e-72
-3.593979882449526855e-72
-3.081492436595985959e-72
-2.642083692000713989e-72
-2.265332912271285033e-72
-1.942305317184523429e-72
-1.665340191160163709e-72
-1.427869206636153730e-72
-1.224260653818340216e-72
-1.049685882657762288e-72
-9.000047896781465622e-73
-7.716676339332064940e-73
-6.616308536236104282e-73
-5.672848869343480787e-73
-4.863922853379946963e-73
-4.170346516981975263e-73
-3.575671447917519691e-73
-3.065794713074550631e-73
-2.628624402331463483e-73
-2.253792864559754307e-73
-1.932410835049413434e-73
-1.656856623399457150e-73
-1.420595362389620662e-73
-1.218024031253999958e-73
-1.044338578028772564e-73
-8.954199897323314785e-74
-7.677366084910980613e-74
-6.582603770032085200e-74
-5.643950270705768803e-74
-4.839145081649865030e-74
-4.149101958392541185e-74
-3.557456280122003487e-74
-3.050176956818510233e-74
-2.615233676909116269e-74
-2.242311604102232688e-74
-1.922566757336177439e-74
-1.648416272587608974e-74
-1.413358572524452863e-74
-1.211819179261499182e-74
-1.039018513612591967e-74
-8.908585456516867190e-75
-7.638256084593220565e-75
-6.549070702481458272e-75
-5.615198887166389496e-75
-4.814493532721778941e-75
-4.127965623728224196e-75
-3.539333903944233067e-75
-3.034638760459190122e-75
-2.601911166453876079e-75
-2.230888831424853896e-75
-1.912772827274914119e-75
-1.640018918569145089e-75
-1.406158648278444296e-75
-1.205645935995278765e-75
-1.033725550642203870e-75
-8.863203384569302171e-76
-7.599345318245756268e-76
-6.515708458917420552e-76
-5.586593968782598736e-76
-4.789967563592388167e-76
-4.106936961675477291e-76
-3.521303846685405991e-76
-3.019179718702785391e-76
-2.588656523465469915e-76
-2.219524248579584866e-76
-1.903028789403757123e-76
-1.631664342309920613e-76
-1.398995401850860526e-76
-1.199504140434390666e-76
-1.028459551057616190e-76
-8.818052497747821628e-77
-7.560632770931451095e-77
-6.482516169129634784e-77
-5.558134769432642468e-77
-4.765566534533432493e-77
-4.086015423728780376e-77
-3.503365638055045021e-77
-3.003799428320480932e-77
-2.575469402213856510e-77
-2.208217559135944913e-77
-1.893334389562050156e-77
-1.623352325891778940e-77
-1.391868646397820061e-77
-1.193393632378021540e-77
-1.023220377502023844e-77
-8.773131618350807684e-78
-7.522117432884316663e-78
-6.449492967340049468e-78
-5.529820546795025965e-78
-4.741289809075958828e-78
-4.065200464177275152e-78
-3.485518810158418607e-78
-2.988497488137246625e-78
-2.562349458729992573e-78
-2.196968468173779418e-78
-1.883689374884097005e-78
-1.615082652506495914e-78
-1.384778196027101660e-78
-1.187314252441588715e-78
-1.018007893318460886e-78
-8.728439574675072235e-79
-7.483798299481452785e-79
-6.416637992181600717e-79
-5.501650562330409635e-79
-4.717136753993307981e-79
-4.044491540089598532e-79
-3.467762897484047746e-79
-2.973273499022054756e-79
-2.549296350797371618e-79
-2.185776682275063442e-79
-1.874093493792133737e-79
-1.606855106450494673e-79
-1.377723865793613135e-79
-1.181265842052309974e-79
-1.012821962546002796e-79
-8.683975200987067640e-80
-7.445674371218555360e-80
-6.383950386675201015e-80
-5.473624081261096791e-80
-4.693106739284202952e-80
-4.023888111300643015e-80
-3.450097436892254585e-80
-2.958127063876793129e-80
-2.536309737942514614e-80
-2.174641909516751322e-80
-1.864546495990196276e-80
-1.598669473118851568e-80
-1.370705471694252260e-80
-1.175248243445305577e-80
-1.007662449916451244e-80
-8.639737337491715055e-81
-7.407744653682144312e-81
-6.351429298206834257e-81
-5.445740372553109989e-81
-4.669199138157247025e-81
-4.003389640396552836e-81
-3.432521967602291608e-81
-2.943057787626578178e-81
-2.523389281426669038e-81
-2.163563859462661592e-81
-1.855048132457164222e-81
-1.590525539000019490e-81
-1.363722830663419919e-81
-1.169261299659379243e-81
-1.002529220850576456e-81
-8.595724830301422142e-82
-7.370008157525319521e-82
-6.319073878506589884e-82
-5.417998708895884222e-82
-4.645413327013512060e-82
-3.982995592701616843e-82
-3.415036031181108685e-82
-2.928065277208782386e-82
-2.510534644236397289e-82
-2.152542243156337040e-82
-1.845598155440691287e-82
-1.582423091670119557e-82
-1.356775760567933830e-82
-1.163304854532827352e-82
-9.974221414548351383e-83
-8.551936531407699614e-83
-7.332463898440263738e-83
-6.286883283625089623e-83
-5.390398366684533145e-83
-4.621748685431330216e-83
-3.962705436263413572e-83
-3.397639171530614894e-83
-2.913149141563365044e-83
-2.497745491075358719e-83
-2.141576773113319884e-83
-1.836196318450319364e-83
-1.574361919787267261e-83
-1.349864080202588759e-83
-1.157378752699596334e-83
-9.923410785176504998e-84
-8.508371298649269902e-84
-7.295110897134257928e-84
-6.254856673912913808e-84
-5.362938625999740259e-84
-4.598204596149059028e-84
-3.942518641839731260e-84
-3.380330934876559478e-84
-2.898308991622421563e-84
-2.485021488354994616e-84
-2.130667163313471238e-84
-1.826842376251469987e-84
-1.566341813086373761e-84
-1.342987609285119472e-84
-1.151482839584965297e-84
-9.872858995061644190e-85
-8.465027995684214545e-85
-7.257948179302452035e-85
-6.222993213997271768e-85
-5.335618770590055765e-85
-4.574780445050029783e-85
-3.922434682884417745e-85
-3.363110869755920394e-85
-2.883544440299787652e-85
-2.472362304186392778e-85
-2.119813129193938396e-85
-1.817536084858629677e-85
-1.558362562373303348e-85
-1.336146168451807079e-85
-1.145616961401778954e-85
-9.822564725625550161e-86
-8.421905491958395026e-86
-7.220974775603924726e-86
-6.191292072761628209e-86
-5.308438087852757177e-86
-4.551475621145483046e-86
-3.902453035533315528e-86
-3.345978527005898840e-86
-2.868855102481519067e-86
-2.459767608371067743e-86
-2.109014387641245040e-86
-1.808277201529401023e-86
-1.550423959519773567e-86
-1.329339579252494401e-86
-1.139780965146173316e-86
-9.772526665007928663e-87
-8.379002662677898161e-87
-7.184189721635756303e-87
-6.159752423322616325e-87
-5.281395868814802458e-87
-4.528289516559674574e-87
-3.882573178591379473e-87
-3.328933459751438771e-87
-2.854240595015191693e-87
-2.447237072392908845e-87
-2.098270656984390698e-87
-1.799065484757758874e-87
-1.542525797457571359e-87
-1.322567664146198228e-87
-1.133974698593845175e-87
-9.722743508031366445e-88
-8.336318388777777959e-88
-7.147592057907274702e-88
-6.128373443009875095e-88
-5.254491408115399341e-88
-4.505221526512979818e-88
-3.862794593518189117e-88
-3.311975223394332054e-88
-2.839700536700559218e-88
-2.434770369409052318e-88
-2.087581656987022996e-88
-1.789900694268109926e-88
-1.534667870173505565e-88
-1.315830246496362449e-88
-1.128198010295823235e-88
-9.673213956166442785e-89
-8.293851556894767016e-89
-7.111180829816455087e-89
-6.097154313343186393e-89
-5.227724003986403364e-89
-4.482271049307154662e-89
-3.843116764415312793e-89
-3.295103375600861577e-89
-2.825234548278959985e-89
-2.422367174241843294e-89
-2.076947108840605355e-89
-1.780782591008870999e-89
-1.526849972703681157e-89
-1.309127150566140326e-89
-1.122450749574774472e-89
-9.623936717499802121e-90
-8.251601059336348832e-90
-7.074955087623389091e-90
-6.066094220012529167e-90
-5.201092958235208715e-90
-4.459437486308612393e-90
-3.823539178011965700e-90
-3.278317476290929986e-90
-2.810842252424071842e-90
-2.410027163370145642e-90
-2.066366735156670746e-90
-1.771710937146083245e-90
-1.519071901128503270e-90
-1.302458201514072525e-90
-1.116732766520818109e-90
-9.574910506698252958e-91
-8.209565794053747569e-91
-7.038913886427138474e-91
-6.035192352855441111e-91
-5.174597576225346164e-91
-4.436720241933703297e-91
-3.804061323652501314e-91
-3.261617087626288839e-91
-2.796523273731426790e-91
-2.397750014920696723e-91
-2.055840259960056920e-91
-1.762685496057561793e-91
-1.511333452567009967e-91
-1.295823225389226675e-91
-1.111043911987871099e-91
-9.526134044977428705e-92
-8.167744664611300874e-92
-7.003056286139468239e-92
-6.004447905837105361e-92
-5.148237166859550097e-92
-4.414118723632795797e-92
-3.784682693282219558e-92
-3.245001773998848535e-92
-2.782277238709257614e-92
-2.385535408660192406e-92
-2.045367408681240567e-92
-1.753706032326320069e-92
-1.503634425171927208e-92
-1.289222049126959343e-92
-1.105384037589502604e-92
-9.477606060066258364e-93
-8.126136580159504853e-93
-6.967381351461937767e-93
-5.973860077028798183e-93
-5.122011042560553267e-93
-4.391632341874448061e-93
-3.765402781434980689e-93
-3.228471102019957663e-93
-2.768103775768122445e-93
-2.373383025986387822e-93
-2.034947908149640989e-93
-1.744772311734832411e-93
-1.495974618124058622e-93
-1.282654500544103964e-93
-1.099752995695285882e-93
-9.429325286175946916e-94
-8.084740455405852504e-94
-6.931888151859904031e-94
-5.943428068586470651e-94
-5.095918519254323839e-94
-4.369260510130900529e-94
-3.746221085219159077e-94
-3.212024640508367139e-94
-2.754002515211841534e-94
-2.361292549920330331e-94
-2.024581486586030080e-94
-1.735884101258522903e-94
-1.488353831627348145e-94
-1.276120408334775831e-94
-1.094150639426852216e-94
-9.381290463964796591e-95
-8.043555210585840448e-95
-6.896575761539838249e-95
-5.913151086731123253e-95
-5.069958916351054270e-95
-4.347002644861789241e-95
-3.727137104305383647e-95
-3.195661960479713277e-95
-2.739973089227227270e-95
-2.349263665097550764e-95
-2.014267873595849042e-95
-1.727041169060087046e-95
-1.480771866903539357e-95
-1.269619602065609594e-95
-1.088576822653966417e-95
-9.333500340507518962e-96
-8.002579771436406721e-96
-6.861443259423598501e-96
-5.883028341726747066e-96
-5.044131556728575260e-96
-4.324858165499909681e-96
-3.708150340912634540e-96
-3.179382635134598223e-96
-2.726015131875038493e-96
-2.337296057760376171e-96
-2.004006800161982338e-96
-1.718243284483047785e-96
-1.473228526186864612e-96
-1.263151912171605902e-96
-1.083031399990933400e-96
-9.285953669260398042e-97
-7.961813069166092270e-97
-6.826489729125978737e-97
-5.853059047861074631e-97
-5.018435766713532841e-97
-4.302826494435089116e-97
-3.689260299796004009e-97
-3.163186239848187076e-97
-2.712128279080197975e-97
-2.325389415749209169e-97
-1.993797998637567911e-97
-1.709490218046132036e-97
-1.465723612719181406e-97
-1.256717169951418879e-97
-1.077514226792557703e-97
-9.238649210030916999e-98
-7.921254040428971003e-98
-6.791714258929236180e-98
-5.823242423423740673e-98
-4.992870876064828002e-98
-4.280907057000104126e-98
-3.670466488233455139e-98
-3.147072352158405568e-98
-2.698312168622067407e-98
-2.313543428494920914e-98
-1.983641202739416380e-98
-1.700781741436895808e-98
-1.458256930744505362e-98
-1.250315207563242236e-98
-1.072025159150617569e-98
-9.191585728943291152e-99
-7.880901627295108914e-99
-6.757115941760681059e-99
-5.793577690687230459e-99
-4.967436217955698777e-99
-4.259099281454707628e-99
-3.651768416012661582e-99
-3.131040551755641107e-99
-2.684566440125539296e-99
-2.301757787010216844e-99
-1.973536147540611107e-99
-1.692117627506155899e-99
-1.450828285504236065e-99
-1.243945858020147630e-99
-1.066564053889865508e-99
-9.144761998408126475e-100
-7.840754777224768934e-100
-6.722693875168424610e-100
-5.764064075885264260e-100
-4.942131128955900639e-100
-4.237402598971697618e-100
-3.633165595418949862e-100
-3.115090420471064828e-100
-2.670890735051020627e-100
-2.290032183882106963e-100
-1.963482569464049960e-100
-1.683497650261678700e-100
-1.443437483231747572e-100
-1.237608955185976160e-100
-1.061130768564538068e-100
-9.098176797089602650e-101
-7.800812443039165387e-101
-6.688447161297271337e-101
-5.734700809193934724e-101
-4.916954949015401487e-101
-4.215816443621104598e-101
-3.614657541221745529e-101
-3.099221542266436872e-101
-2.657284696685692687e-101
-2.278366313263362072e-101
-1.953480206275119844e-101
-1.674921584862624066e-101
-1.436084331147662651e-101
-1.231304333770898977e-101
-1.055725161454397791e-101
-9.051828909872844426e-102
-7.761073582894930732e-102
-6.654374906866638324e-102
-5.705487124710314939e-102
-4.891907021446029757e-102
-4.194340252356397616e-102
-3.596243770662746747e-102
-3.083433503222541635e-102
-2.643747970133598905e-102
-2.266759870864994413e-102
-1.943528797075304340e-102
-1.666389207613532974e-102
-1.428768637454495996e-102
-1.225031829327000492e-102
-1.050347091561278083e-102
-9.005717127834047881e-103
-7.721537160255174320e-103
-6.620476223145727491e-103
-5.676422260433787031e-103
-4.866986692905468450e-103
-4.172973464998835764e-103
-3.577923803442505051e-103
-3.067725891529015702e-103
-2.630280202306994605e-103
-2.255212553948120654e-103
-1.933628082294934244e-103
-1.657900295958353936e-103
-1.421490211331979349e-103
-1.218791278244235080e-103
-1.044996418605164049e-103
-8.959840248206867965e-104
-7.682202143864198198e-104
-6.586750225931864688e-104
-5.647505458244865668e-104
-4.842193313379099638e-104
-4.151715524223696007e-104
-3.559697161708720329e-104
-3.052098297473335708e-104
-2.616881041916531425e-104
-2.243724061315878705e-104
-1.923777803686858528e-104
-1.649454628474967838e-104
-1.414248862931757538e-104
-1.212582517745878721e-104
-1.039673003020774539e-104
-8.914197074353114832e-105
-7.643067507718851282e-105
-6.553196035525924798e-105
-5.618735963886557528e-105
-4.817526236164159319e-105
-4.130565875545372896e-105
-3.541563370042958996e-105
-3.036550313429873534e-105
-2.603550139462696929e-105
-2.232294093306014852e-105
-1.913977704319268399e-105
-1.641051984869034230e-105
-1.407044403372761920e-105
-1.206405385884563109e-105
-1.034376705953682024e-105
-8.868786415729485526e-106
-7.604132231043293748e-106
-6.519812776710892061e-106
-5.590113026944200967e-106
-4.792984817851764441e-106
-4.109523967302569882e-106
-3.523521955449065443e-106
-3.021081533849870924e-106
-2.590287147226099335e-106
-2.220922351782562083e-106
-1.904227528569434749e-106
-1.632692145968623763e-106
-1.399876644735959910e-106
-1.200259721537773027e-106
-1.029107389256899663e-106
-8.823607087858549461e-107
-7.565395298261718386e-107
-6.486599578727529726e-107
-5.561635900825415468e-107
-4.768568418311226393e-107
-4.088589250644725551e-107
-3.505572447340016277e-107
-3.005691555250169770e-107
-2.577091719258994239e-107
-2.209608540128566462e-107
-1.894527022116601896e-107
-1.624374893718123752e-107
-1.392745400059735485e-107
-1.194145364403920031e-107
-1.023864915487187592e-107
-8.778657912295828307e-108
-7.526855698971211511e-108
-6.453555575253160332e-108
-5.533303842741739517e-108
-4.744276400672266862e-108
-4.067761179516766615e-108
-3.487714377526451890e-108
-2.990379976203378612e-108
-2.563963511375667177e-108
-2.198352363237849363e-108
-1.884875931935737680e-108
-1.616100011172925914e-108
-1.385650483334890484e-108
-1.188062154997887103e-108
-1.018649147901381344e-108
-8.733937716601074474e-109
-7.488512427916907741e-109
-6.420679904377586606e-109
-5.505116113687993668e-109
-4.720108131309486434e-109
-4.047039210645793699e-109
-3.469947280203659641e-109
-2.975146397326712022e-109
-2.550902181143973312e-109
-2.187153527507808615e-109
-1.875274006290766802e-109
-1.607867282493394873e-109
-1.378591709499676001e-109
-1.182009934647140751e-109
-1.013459950453028917e-109
-8.689445334305678778e-110
-7.450364484964051577e-110
-6.387971708582078921e-110
-5.477071978424259834e-110
-4.696062979824761383e-110
-4.026422803525983733e-110
-3.452270691940127546e-110
-2.959990421272258719e-110
-2.537907387876183237e-110
-2.176011740831263741e-110
-1.865720994727847659e-110
-1.599676492939608361e-110
-1.371568894435241218e-110
-1.175988545487321787e-110
-1.008297187788609867e-110
-8.645179604884244922e-111
-7.412410875073618169e-111
-6.355430134715554959e-111
-5.449170705455451516e-111
-4.672140319031740380e-111
-4.005911420405416490e-111
-3.434684151665151718e-111
-2.944911652715936718e-111
-2.524978792619880014e-111
-2.164926712589331560e-111
-1.856216648069211016e-111
-1.591527428865388772e-111
-1.364581854960515672e-111
-1.169997830458396467e-111
-1.003160725244236241e-111
-8.601139373722331599e-112
-7.374650608274872103e-112
-6.323054333973586267e-112
-5.421411567013485467e-112
-4.648339524938948084e-112
-3.985504526271125662e-112
-3.417187200656615410e-112
-2.929909698347776788e-112
-2.512116058149625323e-112
-2.153898153643414482e-112
-1.846760718406237459e-112
-1.583419877713094573e-112
-1.357630408827706425e-112
-1.164037633300293229e-112
-9.980504288419377074e-113
-8.557323492088067294e-113
-7.337082699640181296e-113
-6.290843461875542046e-113
-5.393793839037046710e-113
-4.624659976733906752e-113
-3.965201588835948205e-113
-3.399779382529224749e-113
-2.914984166861486458e-113
-2.499318848957584756e-113
-2.142925776327842794e-113
-1.837352959093359521e-113
-1.575353628007714745e-113
-1.350714374717464212e-113
-1.158107798549058101e-113
-9.929661652862550212e-114
-8.513730817101195901e-114
-7.299706169259751365e-114
-6.258796678243099936e-114
-5.366316801153797005e-114
-4.601101056765889194e-114
-3.945002078524407577e-114
-3.382460243222794983e-114
-2.900134668943667777e-114
-2.486586831245282606e-114
-2.132009294442494670e-114
-1.827993124741522229e-114
-1.567328469351667545e-114
-1.343833572233884862e-114
-1.152208171532668554e-114
-9.879078019608175360e-115
-8.470360211704005310e-115
-7.262520042215425954e-115
-6.226913147176895158e-115
-5.338979736661264713e-115
-4.577662150531388861e-115
-3.924905468458112197e-115
-3.365229330990115782e-115
-2.885360817264658027e-115
-2.473919672914745950e-115
-2.121148423245145929e-115
-1.818680971211418418e-115
-1.559344192419133112e-115
-1.336987821900267344e-115
-1.146338598367096333e-115
-9.828752069248010091e-116
-8.427210544629725372e-116
-7.225523348555881044e-116
-6.195192037036870671e-116
-5.311781932507087405e-116
-4.554342646657039554e-116
-3.904911234443367381e-116
-3.348086196385453608e-116
-2.870662226467762512e-116
-2.461317043559351219e-116
-2.110342879444104539e-116
-1.809416255607745761e-116
-1.551400588950725803e-116
-1.330176945154122453e-116
-1.140498925952032928e-116
-9.778682489095683080e-117
-8.384280690375924120e-117
-7.188715123269684508e-117
-6.163632520419147217e-117
-5.284722679272240307e-117
-4.531141936884186448e-117
-3.885018854956598147e-117
-3.331030392252070245e-117
-2.856038513159367232e-117
-2.448778614456054315e-117
-2.099592381190941842e-117
-1.800198736272454060e-117
-1.543497451747709399e-117
-1.323400764342669028e-117
-1.134689001967288337e-117
-9.728867973150240561e-118
-8.341569529173222875e-118
-7.152094406262594137e-118
-6.132233774135152218e-118
-5.257801271151319168e-118
-4.508059416051989896e-118
-3.865227811130971092e-118
-3.314061473711700964e-118
-2.841489295899102295e-118
-2.436304058556247717e-118
-2.088896648072661683e-118
-1.791028172778648446e-118
-1.535634574667123430e-118
-1.316659102717897481e-118
-1.128908674868555981e-118
-9.679307222065415009e-119
-8.299075946957031922e-119
-7.115660242330859908e-119
-6.100994979188748679e-119
-5.231017005934424771e-119
-4.485094482083191217e-119
-3.845537586743081938e-119
-3.297178998152188117e-119
-2.827014195189245206e-119
-2.423893050477512687e-119
-2.078255401105104003e-119
-1.781904325923910189e-119
-1.527811752616051203e-119
-1.309951784432413684e-119
-1.123157793883589528e-119
-9.629998943113511047e-120
-8.256798835336612267e-120
-7.079411681136730582e-120
-6.069915320756974014e-120
-5.204369184989149819e-120
-4.462246535967372559e-120
-3.825947668198611975e-120
-3.280382525216313078e-120
-2.812612833465793735e-120
-2.411545266494577760e-120
-2.067668362725189618e-120
-1.772826957724669380e-120
-1.520028781546446462e-120
-1.303278634534547867e-120
-1.117436209008014283e-120
-9.580941850152238960e-121
-8.214737091568998616e-121
-7.043347777184057429e-121
-6.038993988167383010e-121
-5.177857113241169831e-121
-4.439514981745845700e-121
-3.806457544520249700e-121
-3.263671616789563150e-121
-2.798284835087967838e-121
-2.399260384531704809e-121
-2.057135256783915975e-121
-1.763795831409588582e-121
-1.512285458449463403e-121
-1.296639478963869154e-121
-1.111743771001798269e-121
-9.532134663591709435e-122
-8.172889618528340753e-122
-7.007467589792035078e-122
-6.008230174877594060e-122
-5.151480099157892270e-122
-4.416899226495092269e-122
-3.787066707333481337e-122
-3.247045836989825779e-122
-2.784029826328732718e-122
-2.387038084153734463e-122
-2.046655808538688077e-122
-1.754810711413491633e-122
-1.504581581350682669e-122
-1.290034144546717843e-122
-1.106080331385104298e-122
-9.483576110358888097e-123
-8.131255324678221725e-123
-6.971770183073070778e-123
-5.977623078452888278e-123
-5.125237454729228966e-123
-4.394398680312822171e-123
-3.767774650853766691e-123
-3.230504752155269955e-123
-2.769847435364418859e-123
-2.374878046557866976e-123
-2.036229744646852569e-123
-1.745871363371314042e-123
-1.496916949304495178e-123
-1.283462458991393908e-123
-1.100445742434542218e-123
-9.435264923867651173e-124
-8.089833124041344441e-124
-6.936254625906761299e-124
-5.947171900547328137e-124
-5.099128495450240899e-124
-4.372012756301567251e-124
-3.748580871872489523e-124
-3.214047930833223817e-124
-2.755737292265973159e-124
-2.362779954565479715e-124
-2.025856793158100752e-124
-1.736977554111596971e-124
-1.489291362389033043e-124
-1.276924250884105492e-124
-1.094839857179066431e-124
-9.387199843983565503e-125
-8.048621936173969072e-125
-6.900919991916410857e-125
-5.916875846881563854e-125
-5.073152540302118242e-125
-4.349740870553632985e-125
-3.729484869745116560e-125
-3.197674943769100409e-125
-2.741699028988674689e-125
-2.350743492613317154e-125
-2.015536683507606205e-125
-1.728129051650998782e-125
-1.481704621700615477e-125
-1.270419349684202358e-125
-1.089262529396518065e-125
-9.339379616992102779e-126
-8.007620686135889618e-126
-6.865765359443284523e-126
-5.886734127222462102e-126
-5.047308911736169078e-126
-4.327582442136107824e-126
-3.710486146377282361e-126
-3.181385363894474034e-126
-2.727732279362848398e-126
-2.338768346746068376e-126
-2.005269146508508832e-126
-1.719325625187848366e-126
-1.474156529349069180e-126
-1.263947585719873670e-126
-1.083713613609559580e-126
-9.291802995563808020e-127
-7.966828304462858851e-127
-6.830789811524937576e-127
-5.856745955362822293e-127
-5.021596935654971333e-127
-4.305536893074728120e-127
-3.691584206212222515e-127
-3.165178766317035425e-127
-2.713836679083696133e-127
-2.326854204607636367e-127
-1.995053914345582427e-127
-1.710567045096318889e-127
-1.466646888452228101e-127
-1.257508790183434304e-127
-1.078192965081943771e-127
-9.244468738724958131e-128
-7.926243727139132637e-128
-6.795992435869718458e-128
-5.826910549099536903e-128
-4.996015941395371698e-128
-4.283603648340283693e-128
-3.672778556217004252e-128
-3.149054728308776301e-128
-2.700011865702722414e-128
-2.315000755433259526e-128
-1.984890720567789597e-128
-1.701853082920052496e-128
-1.459175503130881402e-128
-1.251102795127353751e-128
-1.072700439814799239e-128
-9.197375611823056267e-129
-7.885865895567923188e-129
-6.761372324833748340e-129
-5.797227130215197269e-129
-4.970565261709856802e-129
-4.261782135832626223e-129
-3.654068705870930148e-129
-3.133012829295325623e-129
-2.686257478617660767e-129
-2.303207690040877976e-129
-1.974779300081446368e-129
-1.693183511366782300e-129
-1.451742178503748724e-129
-1.244729433459587470e-129
-1.067235894542629242e-129
-9.150522386495696783e-130
-7.845693756546491140e-130
-6.726928575395713831e-130
-5.767694924456447080e-130
-4.945244232750850878e-130
-4.240071786366241847e-130
-3.635454167151901849e-130
-3.117052650844267014e-130
-2.672573159063223604e-130
-2.291474700823858970e-130
-1.964719389143419378e-130
-1.684558104302017166e-130
-1.444346720682064394e-130
-1.238388538939360232e-130
-1.061799186729943089e-130
-9.103907840636423407e-131
-7.805726262236867385e-131
-6.692660289135618031e-131
-5.738313161514456015e-131
-4.920052194052264949e-131
-4.218472033654432821e-131
-3.616934454523900835e-131
-3.101173776655293390e-131
-2.658958550101893438e-131
-2.279801481742448316e-131
-1.954710725353799026e-131
-1.675976636743332924e-131
-1.436988936765018529e-131
-1.232079946172549364e-131
-1.056390174567292560e-131
-9.057530758365991269e-132
-7.765962370139414927e-132
-6.658566572209810009e-132
-5.709081075003521879e-132
-4.894988488512553283e-132
-4.196982314295999505e-132
-3.598509084924527746e-132
-3.085375792548635293e-132
-2.645413296614010271e-132
-2.268187728316045184e-132
-1.944753047649727170e-132
-1.667438884854124837e-132
-1.429668634834392606e-132
-1.225803490607792795e-132
-1.051008716967693654e-132
-9.011389929998558860e-133
-7.726401043063869377e-133
-6.624646535328050932e-133
-5.679997902443032720e-133
-4.870052462377849158e-133
-4.175602067759579465e-133
-3.580177577751583598e-133
-3.069658286454610714e-133
-2.631937045289415622e-133
-2.256633137614745994e-133
-1.934846096298139185e-133
-1.658944625938341376e-133
-1.422385623949717128e-133
-1.219559008531914453e-133
-1.045654673562708303e-133
-8.965484152010666250e-134
-7.687041249104939611e-134
-6.590899293730693345e-134
-5.651062885236282936e-134
-4.845243465223805984e-134
-4.154330736369499421e-134
-3.561939454851765729e-134
-3.054020848402176907e-134
-2.618529444617630665e-134
-2.245137408252219368e-134
-1.924989612889210630e-134
-1.650493638434291855e-134
-1.415139714142969205e-134
-1.213346337065725913e-134
-1.040327904699141885e-134
-8.919812227010337600e-135
-7.647881961613620759e-135
-6.557323967164104298e-135
-5.622275268651319780e-135
-4.820560849940295434e-135
-4.133167765290287982e-135
-3.543794240507371751e-135
-3.038463070509286160e-135
-2.605190144878987255e-135
-2.233700240377323136e-135
-1.915183340329178754e-135
-1.642085701908965381e-135
-1.407930716414102038e-135
-1.207165314159845122e-135
-1.035028271435160359e-135
-8.874372963703829623e-136
-7.608922159171290512e-136
-6.523919679859962987e-136
-5.593634301799986834e-136
-4.796003972713418992e-136
-4.112112602513620894e-136
-3.525741461424297401e-136
-3.022984546971549208e-136
-2.591918798134913675e-136
-2.222321335666418164e-136
-1.905427022834295013e-136
-1.633720597052371825e-136
-1.400758442725790610e-136
-1.201015778590195675e-136
-1.029755635536785134e-136
-8.829165176867596528e-137
-7.570160825561334215e-137
-6.490685560510901634e-137
-5.565139237620254837e-137
-4.771572193009261260e-137
-4.091164698842978840e-137
-3.507780646718893741e-137
-3.007584874051820885e-137
-2.578715058219749671e-137
-2.211000397315707508e-137
-1.895720405923713963e-137
-1.625398105671450573e-137
-1.393622705998689495e-137
-1.194897569954213879e-137
-1.024509859474052910e-137
-8.784187687315350575e-138
-7.531596949745239341e-138
-6.457620742248535340e-138
-5.536789332855458034e-138
-4.747264873556098650e-138
-4.070323507879553013e-138
-3.489911327906880825e-138
-2.992263650069844983e-138
-2.565578580731122366e-138
-2.199737130032994983e-138
-1.886063236413072446e-138
-1.617118010684937613e-138
-1.386523320106232045e-138
-1.188810528666388882e-138
-1.019290806417780199e-138
-8.739439321868305520e-139
-7.493229525834492850e-139
-6.424724362619368744e-139
-5.508583848035222316e-139
-4.723081380329408446e-139
-4.049588486008229842e-139
-3.472133038890332650e-139
-2.977020475391088751e-139
-2.552509023021255453e-139
-2.188531240030736929e-139
-1.876455262407455219e-139
-1.608880096117330186e-139
-1.379460099870256533e-139
-1.182754495954237692e-139
-1.014098340235760089e-139
-8.694918913322583192e-140
-7.455057553064767048e-140
-6.391995563564520281e-140
-5.480522047456493536e-140
-4.699021082534238685e-140
-4.028959092382483711e-140
-3.454445315945911315e-140
-2.961854952417350079e-140
-2.539506044187453915e-140
-2.177382435017875574e-140
-1.866896233295471962e-140
-1.600684147093437959e-140
-1.372432861055854126e-140
-1.176729313853892515e-140
-1.008932325489269036e-140
-8.650625300421761345e-141
-7.417080035770250116e-141
-6.359433491395855680e-141
-5.452603199163094495e-141
-4.675083352589299871e-141
-4.008434788911660868e-141
-3.436847697711989125e-141
-2.946766685575695707e-141
-2.526569305064080724e-141
-2.166290424192462422e-141
-1.857385899742287139e-141
-1.592529949832414451e-141
-1.365441420366645167e-141
-1.170734825206386878e-141
-1.003792627429592139e-141
-8.606557327824588788e-142
-7.379295983355978806e-142
-6.327037296774456927e-142
-5.424826574928513617e-142
-4.651267566109523069e-142
-3.988015040246012363e-142
-3.419339725177790020e-142
-2.931755281308487871e-142
-2.513698468213131800e-142
-2.155254918233584217e-142
-1.847924013683226779e-142
-1.584417291642726067e-142
-1.358485595440075008e-142
-1.164770873653285268e-142
-9.986791119942798585e-143
-8.562713846075834504e-143
-7.341704410274538715e-143
-6.294806134687024543e-143
-5.397191450235654959e-143
-4.627573101891376467e-143
-3.967699313763193083e-143
-3.401920941670636102e-143
-2.916820348062446195e-143
-2.500893197915576335e-143
-2.144275629294551090e-143
-1.838510328317409832e-143
-1.576345960916241634e-143
-1.351565204842347042e-143
-1.158837303632738403e-143
-9.935916458039933370e-144
-8.519093711574354988e-144
-7.304304335998665794e-144
-6.262739164425998143e-144
-5.369697104258555463e-144
-4.603999341895597062e-144
-3.947487079553463988e-144
-3.384590892844226601e-144
-2.901961496279439982e-144
-2.488153160162744555e-144
-2.133352270994899629e-144
-1.829144598100894696e-144
-1.568315747122891824e-144
-1.344680068064156112e-144
-1.152933960375161446e-144
-9.885300961587977712e-145
-8.475695786546197046e-145
-7.267094784996505492e-145
-6.230835549566190391e-145
-5.342342819842371113e-145
-4.580545671231331747e-145
-3.927377810407223860e-145
-3.367349126666979504e-145
-2.887178338385656822e-145
-2.475478022647046722e-145
-2.122484558413164132e-145
-1.819826578740901828e-145
-1.560326440804820703e-145
-1.337830005515668874e-145
-1.147060689899594191e-145
-9.834943310348131194e-146
-8.432518939012957272e-146
-7.230074786704513931e-146
-6.199094457943325134e-146
-5.315127883486494242e-146
-4.557211478140360920e-146
-3.907370981800356812e-146
-3.350195193409480584e-146
-2.872470488781824038e-146
-2.462867454754157778e-146
-2.111672208078962203e-146
-1.810556027189021421e-146
-1.552377833571459622e-146
-1.331014838521993594e-146
-1.141217339009419319e-146
-9.784842190805474482e-147
-8.389562042762759202e-147
-7.193243375504624354e-147
-6.167515061632680870e-147
-5.288051585324727497e-147
-4.533996153980104401e-147
-3.887466071880994124e-147
-3.333128645633893552e-147
-2.857837563832496825e-147
-2.450321127553824757e-147
-2.100914937966326501e-147
-1.801332701635083295e-147
-1.544469718093731968e-147
-1.324234389318216823e-147
-1.135403755288432970e-147
-9.734996296138061814e-148
-8.346823977321337935e-148
-7.156599590697406735e-148
-6.136096536926100369e-148
-5.261113219107365237e-148
-4.510899093209302096e-148
-3.867662561455021389e-148
-3.316149038181529854e-148
-2.843279181857033858e-148
-2.437838713791567225e-148
-2.090212467485865884e-148
-1.792156361500436992e-148
-1.536601888098737694e-148
-1.317488481045220426e-148
-1.129619787096933208e-148
-9.685404326180601009e-149
-8.304303627920920187e-149
-7.120142476477824110e-149
-6.104838064312602298e-149
-5.234312082181581907e-149
-4.487919693371181307e-149
-3.847959933973861188e-149
-3.299255928161613778e-149
-2.828794963118987690e-149
-2.425419887879588746e-149
-2.079564517477564917e-149
-1.783026767432295303e-149
-1.528774138364455990e-149
-1.310776937744765416e-149
-1.123865283567508144e-149
-9.636064987391632623e-150
-8.261999885474005171e-150
-7.083871081908683736e-150
-6.073738828455609057e-150
-5.207647475474899025e-150
-4.465057355078254400e-150
-3.828357675520115422e-150
-3.282448874938976001e-150
-2.814384529816360599e-150
-2.413064325889116042e-150
-2.068970810203621545e-150
-1.773943681297076861e-150
-1.520986264714047675e-150
-1.304099584355053297e-150
-1.118140094601486110e-150
-9.586976992817618080e-151
-8.219911646542518419e-151
-7.047784460898265781e-151
-6.042798018172363113e-151
-5.181118703475750032e-151
-4.442311481995669975e-151
-3.808855274794381844e-151
-3.265727440123693638e-151
-2.800047506071911623e-151
-2.400771705541392504e-151
-2.058431069340732237e-151
-1.764906866174399967e-151
-1.513238064011050353e-151
-1.297456246705861691e-151
-1.112444070864763033e-151
-9.538139062062644940e-152
-8.178037813309986617e-152
-7.011881672174021320e-152
-6.012014826411406477e-152
-5.154725074215640307e-152
-4.419681480827182528e-152
-3.789452223102131951e-152
-3.249091187558901363e-152
-2.785783517922714866e-152
-2.388541706199549542e-152
-2.047945019973589138e-152
-1.755916086350501916e-152
-1.505529334153731838e-152
-1.290846751514447409e-152
-1.106777063784035618e-152
-9.489549921252846667e-153
-8.136377293551025985e-153
-6.976161779258430321e-153
-5.981388450233585591e-153
-5.128465899251386184e-153
-4.397166761298661429e-153
-3.770148014339579843e-153
-3.232539683309781936e-153
-2.771592193311361492e-153
-2.376374008859696713e-153
-2.037512388587241619e-153
-1.746971107312691409e-153
-1.497859874069989991e-153
-1.284270926380729732e-153
-1.101138925542672106e-153
-9.441208303003715059e-154
-8.094929000605660530e-154
-6.940623850444960206e-154
-5.950918090789732835e-154
-5.102340493645999081e-154
-4.374766736143196353e-154
-3.750942144981776829e-154
-3.216072495651518297e-154
-2.757473162075616368e-154
-2.364268296143419903e-154
-2.027132903060191609e-154
-1.738071695742830276e-154
-1.490229483711769126e-154
-1.277728599782867265e-154
-1.095529509077237259e-154
-9.393112946387579226e-155
-8.053691853349109844e-155
-6.905266958772195242e-155
-5.920602953300510881e-155
-5.076348175952563169e-155
-4.352480821084780598e-155
-3.731834114068615480e-155
-3.199689195059134288e-155
-2.743426055939079313e-155
-2.352224252288956466e-155
-2.016806292656833924e-155
-1.729217619511348646e-155
-1.482637964050351420e-155
-1.271219601072856669e-155
-1.089948668073401985e-155
-9.345262596898580621e-156
-8.012664776164502173e-156
-6.870090182002024157e-156
-5.890442247034333354e-156
-5.050488268195297048e-156
-4.330308434824571904e-156
-3.712823423192185373e-156
-3.183389354195554532e-156
-2.729450508500954256e-156
-2.340241563143095222e-156
-2.006532288021091256e-156
-1.720408647671288660e-156
-1.475085117070825883e-156
-1.264743760471792064e-156
-1.084396256962252716e-156
-9.297656006423159227e-157
-7.971846698913008360e-157
-6.835092602594000642e-157
-5.860435185288764652e-157
-5.024760095852443857e-157
-4.308248999024728645e-157
-3.693909576482931392e-157
-3.167172547900640437e-157
-2.715546155227428922e-157
-2.328319916153116700e-157
-1.996310621168922270e-157
-1.711644550451886270e-157
-1.467570745767091148e-157
-1.258300909065871505e-157
-1.078872130916247951e-157
-9.250291933205352079e-158
-7.931236556908657679e-158
-6.800273307682194981e-158
-5.830580985368648230e-158
-4.999162987837535281e-158
-4.286301938293574831e-158
-3.675092080597987118e-158
-3.151038353180283600e-158
-2.701712633441543255e-158
-2.316459000358106175e-158
-1.986141025481561709e-158
-1.702925099253169304e-158
-1.460094654136382931e-158
-1.251890878801699954e-158
-1.073376145845810029e-158
-9.203169141815471569e-159
-7.890833290888743162e-159
-6.765631389049838698e-159
-5.800878868566028629e-159
-4.973696276483608420e-159
-4.264466680170832915e-159
-3.656370444707460121e-159
-3.134986349194650738e-159
-2.687949582314035832e-159
-2.304658506381644674e-159
-1.976023235698114090e-159
-1.694250066639600490e-159
-1.452656647174663806e-159
-1.245513502482050477e-159
-1.067908158395320692e-159
-9.156286403115772149e-160
-7.850635846986649442e-160
-6.731165943107950912e-160
-5.771328060140170161e-160
-4.948359297524636256e-160
-4.242742655111724394e-160
-3.637744180482047841e-160
-3.119016117248286971e-160
-2.674256642853321566e-160
-2.292918126423202043e-160
-1.965956987909313010e-160
-1.685619226334337793e-160
-1.445256530871201747e-160
-1.239168613761218810e-160
-1.062468025939442913e-160
-9.109642494231556164e-161
-7.810643176704805333e-161
-6.696876070870224874e-161
-5.741927789296032435e-161
-4.923151390078774870e-161
-4.221129296473568595e-161
-3.619212802079472788e-161
-3.103127240778473983e-161
-2.660633457897048075e-161
-2.281237554250375895e-161
-1.955942019550183718e-161
-1.677032353212952637e-161
-1.437894112203592829e-161
-1.232856047141110569e-161
-1.057055606579461052e-161
-9.063236198517157326e-162
-7.770854236885560746e-162
-6.662760877930345910e-162
-5.712677289166140639e-162
-4.898071896630001759e-162
-4.199626040500032273e-162
-3.600775826133052700e-162
-3.087319305344721988e-162
-2.647079672102163068e-162
-2.269616485190380254e-162
-1.945978069393309749e-162
-1.668489223298129364e-162
-1.430569199132807931e-162
-1.226575637966640265e-162
-1.051670759139339009e-162
-9.017066305525255029e-163
-7.731267989686644130e-163
-6.628819474437139887e-163
-5.683575796789260636e-163
-4.873120163012646784e-163
-4.178232326306903269e-163
-3.582432771738261403e-163
-3.071591898617254622e-163
-2.633594931935802982e-163
-2.258054616122882213e-163
-1.936064877542127432e-163
-1.659989613753441949e-163
-1.423281600597859334e-163
-1.220327222421577128e-163
-1.046313343162399306e-163
-8.971131610973244340e-164
-7.691883402552314339e-164
-6.595050975073647857e-164
-5.654622553091159037e-164
-4.848295538393210571e-164
-4.156947595866511240e-164
-3.564183160440396288e-164
-3.055944610367310596e-164
-2.620178885666217135e-164
-2.246551645471573519e-164
-1.926202185423707811e-164
-1.651533302877730133e-164
-1.416031126511304066e-164
-1.214110637523993566e-164
-1.040983218907417367e-164
-8.925430916714908011e-165
-7.652699448187300709e-165
-6.561454499032507013e-165
-5.625816802863505490e-165
-4.823597375253663991e-165
-4.135771293994599760e-165
-3.546026516222296918e-165
-3.040377032455737311e-165
-2.606831183352998107e-165
-2.235107273196560334e-165
-1.916389735782671038e-165
-1.643120070098940713e-165
-1.408817587753961314e-165
-1.207925721122431741e-165
-1.035680247345097922e-165
-8.879963030707111230e-166
-7.613715104528272878e-166
-6.528029169993361564e-166
-5.597157794746112734e-166
-4.799025029374835024e-166
-4.114702868334891917e-166
-3.527962365491122794e-166
-3.024888758822695976e-166
-2.593551476838851484e-166
-2.223721200786030472e-166
-1.906627272674038151e-166
-1.634749695968939374e-166
-1.401640796170139065e-166
-1.201772311891396531e-166
-1.030404290154210165e-166
-8.834726766979213663e-167
-7.574929354719798180e-167
-6.494774116100369240e-167
-5.568644781206051926e-167
-4.774577859818511898e-167
-4.093741769345153551e-167
-3.509990237067210695e-167
-3.009479385476378903e-167
-2.580339419739913575e-167
-2.212393131249229261e-167
-1.896914541456771207e-167
-1.626421962157409844e-167
-1.394500564562408708e-167
