-1.500000000000000000e+00
-1.250629377112770779e+00
-1.042715892598318206e+00
-8.693674181772141907e-01
-7.248376217847380953e-01
-6.043354822936994886e-01
-5.038664718587435587e-01
-4.201001412324733009e-01
-3.502597186363700654e-01
-2.920300624972652082e-01
-2.434809167727722823e-01
-2.030029248549190535e-01
-1.692542809755853694e-01
-1.411162506601107980e-01
-1.176560857756960010e-01
-9.809610484479031056e-02
-8.178791366615274783e-02
-6.819091168243580914e-02
-5.685437160143776147e-02
-4.740249822802940910e-02
-3.952197122167309951e-02
-3.295155883415324533e-02
-2.747345833310126800e-02
-2.290607605484007436e-02
-1.909800775237493337e-02
-1.592301969296500835e-02
-1.327586413357814341e-02
-1.106879046134040881e-02
-9.228636346705291343e-03
-7.694402483920210686e-03
-6.415230523813394634e-03
-5.348717169354383176e-03
-4.459508547908036698e-03
-3.718128264999537736e-03
-3.100000290721173155e-03
-2.584634288422686492e-03
-2.154946380129581056e-03
-1.796692832728585864e-03
-1.497997892172221127e-03
-1.248960113869059061e-03
-1.041324139497838133e-03
-8.682070399684489780e-04
-7.238701530671086230e-04
-6.035288524272295913e-04
-5.031939418537678069e-04
-4.195394173783316806e-04
-3.497922134867451831e-04
-2.916402787145503739e-04
-2.431559334065153816e-04
-2.027319690249764926e-04
-1.690283707617010124e-04
-1.409278973600617472e-04
-1.174990456621510565e-04
-9.796517219186734709e-05
-8.167874818470693770e-05
-6.809989464372727787e-05
-5.677848587981998419e-05
-4.733922828619035474e-05
-3.946921972303834550e-05
-3.290757711823369728e-05
-2.743678844911138522e-05
-2.287550243205798800e-05
-1.907251690516424027e-05
-1.590176662471890227e-05
-1.325814432590990049e-05
-1.105401651998927758e-05
-9.216318529992314286e-06
-7.684132468291452476e-06
-6.406667868314238969e-06
-5.341578030345494527e-06
-4.453556269926832440e-06
-3.713165535863513137e-06
-3.095862600822390368e-06
-2.581184477395486324e-06
-2.152070090118847016e-06
-1.794294717538905780e-06
-1.495998456634944857e-06
-1.247293078655351922e-06
-1.039934244023875435e-06
-8.670482105612132103e-07
-7.229039756672752061e-07
-6.027232992007401275e-07
-5.025223095005172618e-07
-4.189794419439346753e-07
-3.493253323342662791e-07
-2.912510151912767618e-07
-2.428313838080857887e-07
-2.024613748502257145e-07
-1.688027620788886681e-07
-1.407397954624236342e-07
-1.173422151560999717e-07
-9.783441429980389118e-08
-8.156972841063781528e-08
-6.800899908896913138e-08
-5.670270144580041714e-08
-4.727604279318178152e-08
-3.941653863386249458e-08
-3.286365410640589139e-08
-2.740016750982935344e-08
-2.284496961706894538e-08
-1.904706008157003815e-08
-1.588054192376233767e-08
-1.324044816955206932e-08
-1.103926229798724261e-08
-9.204017154344171164e-09
-7.673876160448488055e-09
-6.398116641721478403e-09
-5.334448420220667295e-09
-4.447611936680511864e-09
-3.708209430673388818e-09
-3.091730433657836598e-09
-2.577739270964060897e-09
-2.149197639203278054e-09
-1.791899803206019213e-09
-1.494001689821363203e-09
-1.245628268497810555e-09
-1.038546203696986063e-09
-8.658909278882615614e-10
-7.219390878616652940e-10
-6.019188211771965486e-10
-5.018515736008613871e-10
-4.184202139303386958e-10
-3.488590743460606701e-10
-2.908622712330350187e-10
-2.425072673985171404e-10
-2.021911418479522112e-10
-1.685774545246826189e-10
-1.405519446316404468e-10
-1.171855939777712408e-10
-9.770383093534026479e-11
-8.146085414946390877e-11
-6.791822485601234707e-11
-5.662701816418646589e-11
-4.721294163628663903e-11
-3.936392786016725601e-11
-3.281978972031529177e-11
-2.736359544992674206e-11
-2.281447755540511936e-11
-1.902163723617976616e-11
-1.585934555223236592e-11
-1.322277563293639673e-11
-1.102452776901409458e-11
-9.191732197816379811e-12
-7.663633542094988458e-12
-6.389576828780516411e-12
-5.327328326261324340e-12
-4.441675537564939697e-12
-3.703259940587922660e-12
-3.087603781856095038e-12
-2.574298662982487102e-12
-2.146329022258681088e-12
-1.789508085457627880e-12
-1.492007588169424427e-12
-1.243965680426572326e-12
-1.037160016041030554e-12
-8.647351898851088124e-13
-7.209754879290061819e-13
-6.011154169214850939e-13
-5.011817329582679968e-13
-4.178617323399311095e-13
-3.483934386903682939e-13
-2.904740461463406039e-13
-2.421835835996166086e-13
-2.019212695360844301e-13
-1.683524476971557917e-13
-1.403643445326026286e-13
-1.170291818477672537e-13
-9.757342186552709424e-14
-8.135212520696370842e-14
-6.782757178292357365e-14
-5.655143589996621122e-14
-4.714992470293844763e-14
-3.931138730809990829e-14
-3.277598388171197711e-14
-2.732707220416240143e-14
-2.278402619267160157e-14
-1.899624832364126331e-14
-1.583817747231669218e-14
-1.320512668453656066e-14
-1.100981290678481357e-14
-9.179463638493642103e-15
-7.653404594959101546e-15
-6.381048414257114018e-15
-5.320217735765882878e-15
-4.435747061990143106e-15
-3.698317056777698296e-15
-3.083482638055602706e-15
-2.570862647313019500e-15
-2.143464234167718171e-15
-1.787119560027107842e-15
-1.490016148121836574e-15
-1.242305311475724188e-15
-1.035775678583182966e-15
-8.635809944900248353e-16
-7.200131741503259646e-16
-6.003130850004085541e-16
-5.005127863778055375e-16
-4.173039961764326729e-16
-3.479284245365354451e-16
-2.900863392386372226e-16
-2.418603318339592540e-16
-2.016517574331954001e-16
-1.681277411949154897e-16
-1.401769948306497968e-16
-1.168729784870631644e-16
-9.744318685772690916e-17
-8.124354138917504963e-17
-6.773703970798654049e-17
-5.647595451830785812e-17
-4.708699188072044085e-17
-3.925891688393307935e-17
-3.273223651245001284e-17
-2.729059770738221885e-17
-2.275361547454580645e-17
-1.897089329866318251e-17
-1.581703764625323494e-17
-1.318750129286864437e-17
-1.099511768504947282e-17
-9.167211454490039490e-18
-7.643189300793248904e-18
-6.372531382937383306e-18
-5.313116636049719180e-18
-4.429826499380218295e-18
-3.693380770425025248e-18
-3.079366994904629826e-18
-2.567431217826139718e-18
-2.140603269819847467e-18
-1.784734222653574024e-18
-1.488027366126059400e-18
-1.240647158683329585e-18
-1.034393188853902186e-18
-8.624283396440339845e-19
-7.190521448089475832e-19
-5.995118239826743382e-19
-4.998447326661297044e-19
-4.167470044448948739e-19
-3.474640310550220444e-19
-2.896991498182883057e-19
-2.415375115248972568e-19
-2.013826050585010232e-19
-1.679033346171071634e-19
-1.399898951915658481e-19
-1.167169836170069492e-19
-9.731312567961277028e-20
-8.113510250239352369e-20
-6.764662846969961355e-20
-5.640057388455974426e-20
-4.702414305736660301e-20
-3.920651649406394490e-20
-3.268854753448856769e-20
-2.725417189451914897e-20
-2.272324534677795440e-20
-1.894557211601429123e-20
-1.579592603633071611e-20
-1.316989942649048171e-20
-1.098044207759302927e-20
-9.154975623948704388e-21
-7.632987641374394046e-21
-6.364025719627702543e-21
-5.306025014445070234e-21
-4.423913839173487922e-21
-3.688451072724078616e-21
-3.075256845061235781e-21
-2.564004368400465620e-21
-2.137746124111402826e-21
-1.782352069081792526e-21
-1.486041238634272553e-21
-1.238991219091382909e-21
-1.033012544386967871e-21
-8.612772232909030301e-22
-7.180923981904755011e-22
-5.987116324389146547e-22
-4.991775706315010138e-22
-4.161907561516943388e-22
-3.470002574173892399e-22
-2.893124771945876613e-22
-2.412151220965470426e-22
-2.011138119318560370e-22
-1.676792275634083660e-22
-1.398030452815842426e-22
-1.165611969593176932e-22
-9.718323809916647291e-23
-8.102680835317526744e-23
-6.755633790677842522e-23
-5.632529386424955801e-23
-4.696137812075988854e-23
-3.915418604501556823e-23
-3.264491686989030874e-23
-2.721779470059259541e-23
-2.269291575519030285e-23
-1.892028473052419076e-23
-1.577484260488785860e-23
-1.315232105400186578e-23
-1.096578605823570898e-23
-9.142756125042173718e-24
-7.622799598503656080e-24
-6.355531409154706005e-24
-5.298942858301210666e-24
-4.418009070822280767e-24
-3.683527954880674525e-24
-3.071152181193270251e-24
-2.560582092922849877e-24
-2.134892791945483483e-24
-1.779973095062206920e-24
-1.484057762103428575e-24
-1.237337489745858043e-24
-1.031633742719430049e-24
-8.601276433771403753e-25
-7.171339325828203232e-25
-5.979125089416574160e-25
-4.985112990837567974e-25
-4.156352503045321410e-25
-3.465371027963124102e-25
-2.889263206777448230e-25
-2.408931629737938691e-25
-2.008453775737610769e-25
-1.674554196340350491e-25
-1.396164447673808693e-25
-1.164056182360854894e-25
-9.705352388468189816e-26
-8.091865874833293107e-26
-6.746616785815196784e-26
-5.625011432308426538e-26
-4.689869695893409930e-26
-3.910192544343498514e-26
-3.260134444082189743e-26
-2.718146606070937617e-26
-2.266262664567796502e-26
-1.889503109708238241e-26
-1.575378731431363552e-26
-1.313476614404478149e-26
-1.095114960083244455e-26
-9.130552935971852241e-27
-7.612625154006454243e-27
-6.347048436365412851e-27
-5.291870154984185172e-27
-4.412112183793000045e-27
-3.678611408112478074e-27
-3.067052995978433972e-27
-2.557164385288248671e-27
-2.132043268231991774e-27
-1.777597296350971461e-27
-1.482076932995176930e-27
-1.235685967696636091e-27
-1.030256781391625759e-27
-8.589795978520127992e-28
-7.161767462761621767e-28
-5.971144520653353843e-28
-4.978459168343368754e-28
-4.150804859124428569e-28
-3.460745663655637821e-28
-2.885406795788900363e-28
-2.405716335822956890e-28
-2.005773015053510698e-28
-1.672319104297332718e-28
-1.394300933160766239e-28
-1.162502471697730273e-28
-9.692398280476012332e-29
-8.081065349493696758e-29
-6.737611816296658593e-29
-5.617503512695127545e-29
-4.683609946007115407e-29
-3.904973459609407027e-29
-3.255783016955459059e-29
-2.714518591006215043e-29
-2.263237796420779999e-29
-1.886981117063856800e-29
-1.573276012704746313e-29
-1.311723466530278935e-29
-1.093653267927305970e-29
-9.118366034968567599e-30
-7.602464289732617213e-30
-6.338576786126891201e-30
-5.284806891876944339e-30
-4.406223167566204211e-30
-3.673701423648769284e-30
-3.062959282104134332e-30
-2.553751239399768515e-30
-2.129197547887654915e-30
-1.775224668709867568e-30
-1.480098747775890195e-30
-1.234036649997580191e-30
-1.028881657947197491e-30
-8.578330846675010826e-31
-7.152208375629689108e-31
-5.963174603862969824e-31
-4.971814226962534209e-31
-4.145264619857748897e-31
-3.456126473000183868e-31
-2.881555532100770179e-31
-2.402505333484718727e-31
-2.003095832484058383e-31
-1.670086995517831924e-31
-1.392439905952396201e-31
-1.160950834832134273e-31
-9.679461462831177352e-32
-8.070279240031707914e-32
-6.728618866057951314e-32
-5.610005614191580116e-32
-4.677358551250351563e-32
-3.899761340988859660e-32
-3.251437397846270272e-32
-2.710895418393085519e-32
-2.260216965681892842e-32
-1.884462490620298541e-32
-1.571176100557888628e-32
-1.309972658650134803e-32
-1.092193526748246519e-32
-9.106195400291686001e-33
-7.592316987556048939e-33
-6.330116443326587938e-33
-5.277753056379197961e-33
-4.400342011636398863e-33
-3.668797992730639027e-33
-3.058871032267562660e-33
-2.550342649168707140e-33
-2.126355625835985101e-33
-1.772855207906345327e-33
-1.478123202916688706e-33
-1.232389533706415005e-33
-1.027508369933044065e-33
-8.566881017783430010e-34
-7.142662047379771279e-34
-5.955215324827781476e-34
-4.965178154841171628e-34
-4.139731775362005239e-34
-3.451513447756601198e-34
-2.877709408842779017e-34
-2.399298616995091303e-34
-2.000422223253392051e-34
-1.667857866019947342e-34
-1.390581362728787141e-34
-1.159401268996081476e-34
-9.666541912455451938e-35
-8.059507527205842220e-35
-6.719637919056718667e-35
-5.602517723422223815e-35
-4.671115500471172689e-35
-3.894556179184026887e-35
-3.247097579002438130e-35
-2.707277081768123082e-35
-2.257200166962219935e-35
-1.881947225884552594e-35
-1.569078991244728500e-35
-1.308224187640746251e-35
-1.090735733942014653e-35
-9.094041010230237864e-36
-7.582183229374892450e-36
-6.321667392871980142e-36
-5.270708635907704677e-36
-4.394468705512142808e-36
-3.663901106610791393e-36
-3.054788239175614647e-36
-2.546938608514434580e-36
-2.123517497007238901e-36
-1.770488909713479588e-36
-1.476150294893371894e-36
-1.230744615884880671e-36
-1.026136914899345744e-36
-8.555446471419883507e-37
-7.133128460982298206e-37
-5.947266669349165358e-37
-4.958550940141101088e-37
-4.134206315767052538e-37
-3.446906579695652071e-37
-2.873868419153775022e-37
-2.396096180633553748e-37
-1.997752182592037980e-37
-1.665631711827164142e-37
-1.388725300174468942e-37
-1.157853771425288481e-37
-9.653639606301822857e-38
-8.048750191800356225e-38
-6.710668959271680566e-38
-5.595039827029270540e-38
-4.664880782532549560e-38
-3.889357964909324481e-38
-3.242763552682078781e-38
-2.703663574676546618e-38
-2.254187394880132995e-38
-1.879435318369617374e-38
-1.566984681024216373e-38
-1.306478050383039687e-38
-1.089279886908041952e-38
-9.081902843101778629e-39
-7.572062997111347558e-39
-6.313229619690741033e-39
-5.263673617895790196e-39
-4.388603238715935416e-39
-3.659010756553632354e-39
-3.050710895545048976e-39
-2.543539111364455144e-39
-2.120683156338455042e-39
-1.768125769910062248e-39
-1.474180020186452840e-39
-1.229101893598577203e-39
-1.024767290399538566e-39
-8.544027187186190475e-40
-7.123607599430126269e-40
-5.939328623247369463e-40
-4.951932571039982772e-40
-4.128688231216096140e-40
-3.442305860599107002e-40
-2.870032556181785959e-40
-2.392898018687321117e-40
-1.995085705736890360e-40
-1.663408528968204591e-40
-1.386871714978376737e-40
-1.156308339359162298e-40
-9.640754521353627364e-41
-8.038007214625036762e-41
-6.701711970703038366e-41
-5.587571911672997829e-41
-4.658654386312319592e-41
-3.884166688891615528e-41
-3.238435311153779693e-41
-2.700054890672193688e-41
-2.251178644061092204e-41
-1.876926763594454141e-41
-1.564893166160295077e-41
-1.304734243762047608e-41
-1.087825983049215534e-41
-9.069780877252934662e-42
-7.561956272712065734e-42
-6.304803108730659105e-42
-5.256647989793629072e-42
-4.382745600784447471e-42
-3.654126933835226012e-42
-3.046638994102216077e-42
-2.540144151654342292e-42
-2.117852598773431404e-42
-1.765765784280443614e-42
-1.472212375281122283e-42
-1.227461363917039382e-42
-1.023399493990367531e-42
-8.532623144711399004e-43
-7.114099445738915460e-43
-5.931401172361814726e-43
-4.945323035731254356e-43
-4.123177511865322121e-43
-3.437711282259657080e-43
-2.866201813083985311e-43
-2.389704125451134238e-43
-1.992422787931169867e-43
-1.661188313477114679e-43
-1.385020603833924945e-43
-1.154764970040793970e-43
-9.627886634625053029e-44
-8.027278576515628321e-44
-6.692766937372346414e-44
-5.580113964031254429e-44
-4.652436300703097076e-44
-3.878982341870140511e-44
-3.234112846696310479e-44
-2.696451023317463885e-44
-2.248173909137762389e-44
-1.874421557084085716e-44
-1.562804442921894285e-44
-1.302992764666979497e-44
-1.086374019771935584e-44
-9.057675091059233291e-45
-7.551863038147473787e-45
-6.296387844959521524e-45
-5.249631739068146942e-45
-4.376895781268128689e-45
-3.649249629743230992e-45
-3.042572527583218574e-45
-2.536753723327873339e-45
-2.115025819262712583e-45
-1.763408948614627006e-45
-1.470247356667323530e-45
-1.225823023913713040e-45
-1.022033523231794714e-45
-8.521234323651623730e-46
-7.104603982946992297e-46
-5.923484302550574979e-46
-4.938722322424042190e-46
-4.117674147884114808e-46
-3.433122836481095811e-46
-2.862376183026680074e-46
-2.386514495227379285e-46
-1.989763424424533615e-46
-1.658971061393234167e-46
-1.383171963438881445e-46
-1.153223660716938186e-46
-9.615035923160978257e-47
-8.016564258333112306e-47
-6.683833843322393537e-47
-5.572665970799744445e-47
-4.646226514612522930e-47
-3.873804914596500662e-47
-3.229796151598791325e-47
-2.692851966183466776e-47
-2.245173184749972836e-47
-1.871919694369426948e-47
-1.560718507582901689e-47
-1.301253609991196808e-47
-1.084923994486017736e-47
-9.045585462924937554e-48
-7.541783275412167481e-48
-6.287983813365454938e-48
-5.242624853202997371e-48
-4.371053769731441174e-48
-3.644378835577088893e-48
-3.038511488733853291e-48
-2.533367820336798647e-48
-2.112202812763554501e-48
-1.761055258708233654e-48
-1.468284960839624098e-48
-1.224186870665932638e-48
-1.020669375687054284e-48
-8.509860703690498090e-49
-7.095121194115326721e-49
-5.915577999690682020e-49
-4.932130419343420061e-49
-4.112178129454977279e-49
-3.428540515078007360e-49
-2.858555659185256453e-49
-2.383329122326050499e-49
-1.987107610472893105e-49
-1.656756768761165547e-49
-1.381325790495441369e-49
-1.151684408638073896e-49
-9.602202364036913805e-50
-8.005864240964132344e-50
-6.674912672617551945e-50
-5.565227918691935772e-50
-4.640025016962841768e-50
-3.868634397834587708e-50
-3.225485218160635940e-50
-2.689257712849776758e-50
-2.242176465544675693e-50
-1.869421170987384712e-50
-1.558635356422244969e-50
-1.299516776632207581e-50
-1.083475904604750004e-50
-9.033511971283517139e-51
-7.531716966524776238e-51
-6.279590998956347442e-51
-5.235627319698465714e-51
-4.365219555752771483e-51
-3.639514542647697897e-51
-3.034455870309558361e-51
-2.529986436640978811e-51
-2.109383574240032932e-51
-1.758704710362497732e-51
-1.466325184297290178e-51
-1.222552901254986258e-51
-1.019307048922631899e-51
-8.498502264538408828e-52
-7.085651062327391917e-52
-5.907682249678019660e-52
-4.925547314729970069e-52
-4.106689446773461940e-52
-3.423964309875953017e-52
-2.854740234744333165e-52
-2.380148001064735007e-52
-1.984455341338520462e-52
-1.654545431630861453e-52
-1.379482081710202298e-52
-1.150147211058300053e-52
-9.589385934358831381e-53
-7.995178505320840402e-53
-6.666003409343175635e-53
-5.557799794438946995e-53
-4.633831796691152576e-53
-3.863470782360785171e-53
-3.221180038691534334e-53
-2.685668256904576297e-53
-2.239183746176062672e-53
-1.866925982480823314e-53
-1.556554985723751835e-53
-1.297782261491642414e-53
-1.082029747544873575e-53
-9.021454594596845922e-54
-7.521664093527827362e-54
-6.271209386760189833e-54
-5.228639126071744980e-54
-4.359393128924418698e-54
-3.634656742277607314e-54
-3.030405665075568835e-54
-2.526609566208336566e-54
-2.106568098662855661e-54
-1.756357299384231749e-54
-1.464368023544259891e-54
-1.220921112766005148e-54
-1.017946540508248103e-54
-8.487158985932945129e-55
-7.076193570689546117e-55
-5.899797038427294892e-55
-4.918972996840038908e-55
-4.101208090048377504e-55
-3.419394212711403486e-55
-2.850929902897502553e-55
-2.376971125768571560e-55
-1.981806612290011485e-55
-1.652337046057476504e-55
-1.377640833794137897e-55
-1.148612065235397583e-55
-9.576586611263674065e-56
-7.984507032340865948e-56
-6.657106037605962357e-56
-5.550381584789845711e-56
-4.627646842749320048e-56
-3.858314058963621991e-56
-3.216880605511397758e-56
-2.682083591944567853e-56
-2.236195021305396717e-56
-1.864434124398555694e-56
-1.554477391776232172e-56
-1.296050061475322202e-56
-1.080585520726561517e-56
-9.009413311355545745e-57
-7.511624638488235953e-57
-6.262838961824957530e-57
-5.221660259856465698e-57
-4.353574478852511395e-57
-3.629805425800895655e-57
-3.026360865806690514e-57
-2.523237203014845489e-57
-2.103756381009473155e-57
-1.754013021585920495e-57
-1.462413475089118278e-57
-1.219291502288011472e-57
-1.016587848016924033e-57
-8.475830847638739709e-58
-7.066748702330395105e-58
-5.891922351871931724e-58
-4.912407453945577611e-58
-4.095734049501488742e-58
-3.414830215431724357e-58
-2.847124656847483325e-58
-2.373798490770373889e-58
-1.979161418602248653e-58
-1.650131608101430045e-58
-1.375802043462689592e-58
-1.147078968430807946e-58
-9.563804371918491170e-59
-7.973849802987169235e-59
-6.648220541533722729e-59
-5.542973276511226575e-59
-4.621470144103955676e-59
-3.853164218443978453e-59
-3.212586910950522535e-59
-2.678503711575114961e-59
-2.233210285600942519e-59
-1.861945592295336300e-59
-1.552402570873448988e-59
-1.294320173493143726e-59
-1.079143221573477017e-59
-8.997388100079330353e-60
-7.501598583496220269e-60
-6.254479709218582066e-60
-5.214690708602972702e-60
-4.347763595157236458e-60
-3.624960584563365270e-60
-3.022321465287202552e-60
-2.519869341044519501e-60
-2.100948416264039343e-60
-1.751671872785562954e-60
-1.460461535445171845e-60
-1.217664066913964635e-60
-1.015230969024833475e-60
-8.464517829447437576e-61
-7.057316440401158256e-61
-5.884058175964380607e-61
-4.905850674334401745e-61
-4.090267315367378185e-61
-3.410272309895165550e-61
-2.843324489806066196e-61
-2.370630090410419370e-61
-1.976519755556506209e-61
-1.647929113828470720e-61
-1.373965707435566221e-61
-1.145547917909627025e-61
-9.551039193520940073e-62
-7.963206798248461164e-62
-6.639346905275736517e-62
-5.535574856387035522e-62
-4.615301689736396087e-62
-3.848021251615012634e-62
-3.208298947349308985e-62
-2.674928609410002262e-62
-2.230229533738362835e-62
-1.859460381731852481e-62
-1.550330519314113156e-62
-1.292592594459145160e-62
-1.077702847512675157e-62
-8.985378939316195908e-63
-7.491585910666111732e-63
-6.246131614028923938e-63
-5.207730459878225968e-63
-4.341960467472450438e-63
-3.620122209922212347e-63
-3.018287456311400118e-63
-2.516505974289402352e-63
-2.098144199417403862e-63
-1.749333848806764631e-63
-1.458512201130319358e-63
-1.216038803740652007e-63
-1.013875901111415201e-63
-8.453219911177653502e-64
-7.047896768075550617e-64
-5.876204496675592506e-64
-4.899302646309748745e-64
-4.084807877894185989e-64
-3.405720487970842555e-64
-2.839529394994103057e-64
-2.367465919036572970e-64
-1.973881618440271741e-64
-1.645729559309528063e-64
-1.372131822436893074e-64
-1.144018910940601398e-64
-9.538291053299117102e-65
-7.952577999138485039e-65
-6.630485113002159217e-65
-5.528186311219564923e-65
-4.609141468642687277e-65
-3.842885149302144390e-65
-3.204016707058421644e-65
-2.671358279071576141e-65
-2.227252760400208128e-65
-1.856978488274664808e-65
-1.548261233401875171e-65
-1.290867321291484770e-65
-1.076264395974661676e-65
-8.973385807642910820e-66
-7.481586602136649370e-66
-6.237794661363750128e-66
-5.200779501265783009e-66
-4.336165085445905834e-66
-3.615290293246220362e-66
-3.014258831682896078e-66
-2.513147096749486020e-66
-2.095343725467100640e-66
-1.746998945478706254e-66
-1.456565468667126922e-66
-1.214415709868753864e-66
-1.012522641859409967e-66
-8.441937072674936737e-67
-7.038489668549739760e-67
-5.868361299995326602e-67
-4.892763358190538191e-67
-4.079355727342659205e-67
-3.401174741538625588e-67
-2.835739365641493161e-67
-2.364305971004243892e-67
-1.971247002547351361e-67
-1.643532940620798758e-67
-1.370300385195266022e-67
-1.142491944796123639e-67
-9.525559928511512196e-68
-7.941963386696440488e-68
-6.621635148904367616e-68
-5.520807627828170537e-68
-4.602989469833428858e-68
-3.837755902343038561e-68
-3.199740182438739551e-68
-2.667792714190695976e-68
-2.224279960276187380e-68
-1.854499907496408018e-68
-1.546194709445318953e-68
-1.289144350912433843e-68
-1.074827864393370697e-68
-8.961408683664825752e-69
-7.471600640069771874e-69
-6.229468836350527091e-69
-5.193837820365772251e-69
-4.330377438739176004e-69
-3.610464825915695534e-69
-3.010235584214994635e-69
-2.509792702432984563e-69
-2.092546989417342928e-69
-1.744667158636134378e-69
-1.454621334582803510e-69
-1.212794782402819760e-69
-1.011171188854699212e-69
-8.430669293811507048e-70
-7.029095125042329595e-70
-5.860528571932037367e-70
-4.886232798311282019e-70
-4.073910853986665185e-70
-3.396635062489515698e-70
-2.831954394987172403e-70
-2.361150240676375256e-70
-1.968615903177832896e-70
-1.641339253843716843e-70
-1.368471392443531159e-70
-1.140967016752193733e-70
-9.512845796446971691e-71
-7.931362941986837334e-71
-6.612796997194839541e-71
-5.513438793049960027e-71
-4.596845682334282172e-71
-3.832633501587591187e-71
-3.195469365861335179e-71
-2.664231908406721122e-71
-2.221311128063099331e-71
-1.852024634975470649e-71
-1.544130943757911737e-71
-1.287423680248371249e-71
-1.073393250206162063e-71
-8.949447546015855050e-72
-7.461628006651444724e-72
-6.221154124137102738e-72
-5.186905404794873592e-72
-4.324597517027629300e-72
-3.605645799322447132e-72
-3.006217706730591792e-72
-2.506442785355895230e-72
-2.089753986278950439e-72
-1.742338484119356456e-72
-1.452679795409192332e-72
-1.211176018451264102e-72
-1.009821539686415078e-72
-8.419416554487159155e-73
-7.019713120794315412e-73
-5.852706298512860735e-73
-4.879710955022061614e-73
-4.068473248113049048e-73
-3.392101442725045708e-73
-2.828174476279021961e-73
-2.357998722423435017e-73
-1.965988315638076027e-73
-1.639148495064946676e-73
-1.366644840918933047e-73
-1.139444124088545383e-73
-9.500148634424648602e-74
-7.920776646099451323e-74
-6.603970642107125410e-74
-5.506079793739611459e-74
-4.590710095185165128e-74
-3.827517937897802010e-74
-3.191204249707464263e-74
-2.660675855367501740e-74
-2.218346258464819790e-74
-1.849552666296193076e-74
-1.542069932658173467e-74
-1.285705306229779353e-74
-1.071960550853816492e-74
-8.937502373358428015e-75
-7.451668684091403846e-75
-6.212850509890615672e-75
-5.179982242186147827e-75
-4.318825310000417501e-75
-3.600833204869776141e-75
-3.002205192062164215e-75
-2.503097339542274617e-75
-2.086964711069581690e-75
-1.740012917774230262e-75
-1.450740847682766145e-75
-1.209559415126361129e-75
-1.008473691946907020e-75
-8.408178834627801472e-76
-7.010343639068862765e-76
-5.844894465783580312e-76
-4.873197816688508811e-76
-4.063042900021622486e-76
-3.387573874157654382e-76
-2.824399602774174387e-76
-2.354851410623403046e-76
-1.963364235240707517e-76
-1.636960660376376649e-76
-1.364820727363071658e-76
-1.137923264088445523e-76
-9.487468419793708675e-77
-7.910204480149309676e-77
-6.595156067895819987e-77
-5.498730616769344181e-77
-4.584582697440754294e-77
-3.822409202148191678e-77
-3.186944826368552277e-77
-2.657124548729366318e-77
-2.215385346192294643e-77
-1.847083997048810211e-77
-1.540011672469405919e-77
-1.283989225791199757e-77
-1.070529763780529493e-77
-8.925573144383456588e-78
-7.441722654623133928e-78
-6.204557978798184771e-78
-5.173068320189603913e-78
-4.313060807360454744e-78
-3.596027033972454568e-78
-2.998198033051754640e-78
-2.499756359024154357e-78
-2.084179158813366531e-78
-1.737690455452110549e-78
-1.448804487944620490e-78
-1.207944969544238966e-78
-1.007127643231739095e-78
-8.396956114186373932e-79
-7.000986663152082510e-79
-5.837093059808605547e-79
-4.866693371691783834e-79
-4.057619800025143006e-79
-3.383052348710576000e-79
-2.820629767738521207e-79
-2.351708299661699003e-79
-1.960743657304608254e-79
-1.634775745875110620e-79
-1.362999048521896124e-79
-1.136404434038819650e-79
-9.474805129934349263e-80
-7.899646425276638048e-80
-6.586353258836532628e-80
-5.491391249028905099e-80
-4.578463478170336189e-80
-3.817307285225139034e-80
-3.182691088246088950e-80
-2.653577982157110088e-80
-2.212428385963528282e-80
-1.844618622829443959e-80
-1.537956159519862004e-80
-1.282275435871376074e-80
-1.069100886433908816e-80
-8.913659837810291196e-81
-7.431789900503831359e-81
-6.196276516066693487e-81
-5.166163626471292617e-81
-4.307303998824274848e-81
-3.591227278056716572e-81
-2.994196222550959683e-81
-2.496419837841532499e-81
-2.081397324541136186e-81
-1.735371093010037050e-81
-1.446870712740467394e-81
-1.206332678824874784e-81
-1.005783391139683666e-81
-8.385748373142576109e-82
-6.991642176351784938e-82
-5.829302066670776611e-82
-4.860197608428553744e-82
-4.052203938449299641e-82
-3.378536858317825695e-82
-2.816864964447025262e-82
-2.348569383931435017e-82
-1.958126577154908383e-82
-1.632593747663461570e-82
-1.361179801145699099e-82
-1.134887631230214800e-82
-9.462158742256160330e-83
-7.889102462646614216e-83
-6.577562199225860658e-83
-5.484061677425533915e-83
-4.572352426457785060e-83
-3.812212178027290668e-83
-3.178443027751976919e-83
-2.650036149323984540e-83
-2.209475372503575880e-83
-1.842156539240093384e-83
-1.535903390142695562e-83
-1.280563933413028497e-83
-1.067673916264938172e-83
-8.901762432386688682e-84
-7.421870404014378999e-84
-6.188006106922777011e-84
-5.159268148713876260e-84
-4.301554874122506515e-84
-3.586433928560239200e-84
-2.990199753420917344e-84
-2.493087770042362344e-84
-2.078619203290353273e-84
-1.733054826310430064e-84
-1.444939518620588934e-84
-1.204722540092090917e-84
-1.004440933272719206e-84
-8.374555591502829975e-85
-6.982310161998268646e-85
-5.821521472472013121e-85
-4.853710515310975519e-85
-4.046795305632692761e-85
-3.374027394924182714e-85
-2.813105186183622264e-85
-2.345434657833007223e-85
-1.955512990122922122e-85
-1.630414661848945914e-85
-1.359362981989110408e-85
-1.133372852956794205e-85
-9.449529234199146929e-86
-7.878572573450224277e-86
-6.568782873381361574e-86
-5.476741888883952220e-86
-4.566249531401547546e-86
-3.807123871465446014e-86
-3.174200637307978090e-86
-2.646499043911610766e-86
-2.206526300544532290e-86
-1.839697741888626876e-86
-1.533853360675955106e-86
-1.278854715362993381e-86
-1.066248850728094650e-86
-8.889880906888771588e-87
-7.411964147459307917e-87
-6.179746736612784516e-87
-5.152381874616456096e-87
-4.295813422999117051e-87
-3.581646976932025358e-87
-2.986208618532294130e-87
-2.489760149682540995e-87
-2.075844790105106565e-87
-1.730741651221284058e-87
-1.443010902139994659e-87
-1.203114550473547296e-87
-1.003100267236023854e-87
-8.363377749300239778e-88
-6.972990603444075597e-88
-5.813751263332281794e-88
-4.847232080766531933e-88
-4.041393891926819690e-88
-3.369523950485179085e-88
-2.809350426241214127e-88
-2.342304115774352252e-88
-1.952902891546361488e-88
-1.628238484544274618e-88
-1.357548587811091910e-88
-1.131860096516332400e-88
-9.436916583233428346e-89
-7.868056738902892414e-89
-6.560015265641340956e-89
-5.469431870346325769e-89
-4.560154782114618657e-89
-3.802042356462532321e-89
-3.169963909346056021e-89
-2.642966659610267610e-89
-2.203581164825524285e-89
-1.837242226388776612e-89
-1.531806067462576275e-89
-1.277147778672183226e-89
-1.064825687281162113e-89
-8.878015240120740178e-90
-7.402071113166763462e-90
-6.171498390402756472e-90
-5.145504791894552024e-90
-4.290079635211885389e-90
-3.576866414632796481e-90
-2.982222810765272319e-90
-2.486436970825900233e-90
-2.073074080036096037e-90
-1.728431563616106500e-90
-1.441084859858168449e-90
-1.201508707100704510e-90
-1.001761390637973019e-90
-8.352214826594565021e-91
-6.963683484063970262e-91
-5.805991425390245240e-91
-4.840762293238569455e-91
-4.035999687696053694e-91
-3.365026516967084852e-91
-2.805600677921653528e-91
-2.339177752170871377e-91
-1.950296276768995222e-91
-1.626065211867301382e-91
-1.355736615374930715e-91
-1.130349359210211274e-91
-9.424320766859193631e-92
-7.857554940245335052e-92
-6.551259360365565227e-92
-5.462131608772258176e-92
-4.554068167724527096e-92
-3.796967623953595357e-92
-3.165732836308278757e-92
-2.639438990118431502e-92
-2.200639960092638455e-92
-1.834789988360129014e-92
-1.529761506850376245e-92
-1.275443120295580033e-92
-1.063404423385347638e-92
-8.866165410915840316e-93
-7.392191283488484246e-93
-6.163261053578406783e-93
-5.138636888280081451e-93
-4.284353500532261970e-93
-3.572092233134369176e-93
-2.978242323009453158e-93
-2.483118227544193451e-93
-2.070307068140631056e-93
-1.726124559373913647e-93
-1.439161388339228374e-93
-1.199905007108953554e-93
-1.000424301090133666e-93
-8.341066803472175814e-94
-6.954388787254909086e-94
-5.798241944803066475e-94
-4.834301141185442063e-94
-4.030612683317516798e-94
-3.360535086346891404e-94
-2.801855934535735098e-94
-2.336055561445419200e-94
-1.947693141140862474e-94
-1.623894839941199952e-94
-1.353927061448235326e-94
-1.128840638343414644e-94
-9.411741762606666191e-95
-7.847067158743310925e-95
-6.542515141934116692e-95
-5.454841091138596246e-95
-4.547989677373313043e-95
-3.791899664885778157e-95
-3.161507410646800901e-95
-2.635916029143064441e-95
-2.197702681099161345e-95
-1.832341023428116331e-95
-1.527719675192046828e-95
-1.273740737192229564e-95
-1.061985056505247515e-95
-8.854331398134811726e-96
-7.382324640799553049e-96
-6.155034711445080301e-96
-5.131778151521335985e-96
-4.278635008745347034e-96
-3.567324423920040908e-96
-2.974267148164181080e-96
-2.479803913917088744e-96
-2.067543749482616268e-96
-1.723820634379222197e-96
-1.437240484151877972e-96
-1.198303447637407361e-96
-9.990889962072326695e-97
-8.329933660046025377e-97
-6.945106496436007040e-97
-5.790502807746383968e-97
-4.827848613081049033e-97
-4.025232869181517791e-97
-3.356049650612299494e-97
-2.798116189403180426e-97
-2.332937538028294238e-97
-1.945093480018207595e-97
-1.621727364894180322e-97
-1.352119922802889082e-97
-1.127333931224522634e-97
-9.399179548036057993e-98
-7.836593375687579409e-98
-6.533782594748115404e-98
-5.447560304440038242e-98
-4.541919300217505708e-98
-3.786838470218308225e-98
-3.157287624823851182e-98
-2.632397770399527730e-98
-2.194769322605194007e-98
-1.829895327223958562e-98
-1.525680568845148301e-98
-1.272040626325237402e-98
-1.060567584108841424e-98
-8.842513180666863635e-99
-7.372471167499206120e-99
-6.146819349327738265e-99
-5.124928569382958690e-99
-4.272924149649880235e-99
-3.562562978484478460e-99
-2.970297279138025124e-99
-2.476494024032085013e-99
-2.064784119132545034e-99
-1.721519784522041910e-99
-1.435322143869401143e-99
-1.196704025829030940e-99
-9.977554736072657159e-100
-8.318815376455608541e-100
-6.935836595048509561e-100
-5.782774000414289358e-100
-4.821404697414674151e-100
-4.019860235690846870e-100
-3.351570201761609185e-100
-2.794381435852628244e-100
-2.329823676357229437e-100
-1.942497288763475306e-100
-1.619562782859665843e-100
-1.350315196215199558e-100
-1.125829235165708788e-100
-9.386634100737534384e-101
-7.826133572393876921e-101
-6.525061703229498137e-101
-5.440289235688173561e-101
-4.535857025427985106e-101
-3.781784030922478788e-101
-3.153073471311719578e-101
-2.628884207611571353e-101
-2.191839879377895719e-101
-1.827452895384862584e-101
-1.523644184172102340e-101
-1.270342784661761647e-101
-1.059152003667488879e-101
-8.830710737429386239e-102
-7.362630846009542620e-102
-6.138614952570759679e-102
-5.118088129645926142e-102
-4.267220913058211328e-102
-3.557807888333701703e-102
-2.966332708849104773e-102
-2.473188551984783080e-102
-2.062028172167491162e-102
-1.719222005697868026e-102
-1.433406364069654629e-102
-1.195106738830603020e-102
-9.964237309113225807e-103
-8.307711932866695867e-103
-6.926579066555766553e-103
-5.775055509019301373e-103
-4.814969382690963962e-103
-4.014494773261221872e-103
-3.347096731804086538e-103
-2.790651667221622182e-103
-2.326713970877382832e-103
-1.939904562745298637e-103
-1.617401089976241514e-103
-1.348512878465662202e-103
-1.124326547482701318e-103
-9.374105398331170226e-104
-7.815687730202875123e-104
-6.516352451820998943e-104
-5.433027871912086430e-104
-4.529802842190467682e-104
-3.776736337981636482e-104
-3.148864942592744306e-104
-2.625375334511323049e-104
-2.188914346191407175e-104
-1.825013723553702432e-104
-1.521610517540142324e-104
-1.268647209173008957e-104
-1.057738312655924716e-104
-8.818924047367903777e-105
-7.352803658776334040e-105
-6.130421506538600643e-105
-5.111256820107521708e-105
-4.261525288796292412e-105
-3.553059144985066639e-105
-2.962373430224990141e-105
-2.469887491878455057e-105
-2.059275903671040172e-105
-1.716927293807673972e-105
-1.431493141335063682e-105
-1.193511583792709968e-105
-9.950937657436972505e-106
-8.296623309472233875e-106
-6.917333894443197556e-106
-5.767347319792339430e-106
-4.808542657429909205e-106
-4.009136472321149667e-106
-3.342629232759376301e-106
-2.786926876856517511e-106
-2.323608416041324998e-106
-1.937315297338492859e-106
-1.615242282387645957e-106
-1.346712966339107743e-106
-1.122825865494907737e-106
-9.361593418466912498e-107
-7.805255830480152500e-107
-6.507654824986111451e-107
-5.425776200158170510e-107
-4.523756739704716159e-107
-3.771695382391051961e-107
-3.144662031159296993e-107
-2.621871144839274488e-107
-2.185992717826848085e-107
-1.822577807379220334e-107
-1.519579565321481187e-107
-1.266953896834228956e-107
-1.056326508552254166e-107
-8.807153089456045286e-108
-7.342989588268781450e-108
-6.122238996614733248e-108
-5.104434628581172852e-108
-4.255837266703652334e-108
-3.548316739967252164e-108
-2.958419436202692577e-108
-2.466590837824312701e-108
-2.056527308733514717e-108
-1.714635644757905104e-108
-1.429582472252614856e-108
-1.191918557869742324e-108
-9.937655757318533823e-109
-8.285549486490903864e-109
-6.908101062218069354e-109
-5.759649418982703846e-109
-4.802124510166822530e-109
-4.003785323311914352e-109
-3.338167696657872325e-109
-2.783207058112790473e-109
-2.320507006309031370e-109
-1.934729487924046577e-109
-1.613086356242765048e-109
-1.344915456624658870e-109
-1.121327186525217199e-109
-9.349098138824274134e-110
-7.794837854616158319e-110
-6.498968807209068084e-110
-5.418534207490108788e-110
-4.517718707185041010e-110
-3.766661155158340025e-110
-3.140464729513770001e-110
-2.618371632344274827e-110
-2.183074989072301380e-110
-1.820145142515964853e-110
-1.517551323893043246e-110
-1.265262844624671592e-110
-1.054916588837948378e-110
-8.795397842695502991e-111
-7.333188616979485525e-111
-6.114067408202311659e-111
-5.097621542897007716e-111
-4.250156836633382778e-111
-3.543580664820243336e-111
-2.954470719728650342e-111
-2.463298583941428586e-111
-2.053782382451615738e-111
-1.712347054460422071e-111
-1.427674353413850371e-111
-1.190327658219888175e-111
-9.924391585064227915e-112
-8.274490444168023326e-112
-6.898880553410250934e-112
-5.751961792857883007e-112
-4.795714929452183053e-112
-3.998441316687445134e-112
-3.333712115540697261e-112
-2.779492204354625286e-112
-2.317409736147873108e-112
-1.932147129889113346e-112
-1.610933307695624778e-112
-1.343120346115722814e-112
-1.119830507900124592e-112
-9.336619537113356865e-113
-7.784433784025962065e-113
-6.490294382994632175e-113
-5.411301880988700244e-113
-4.511688733860275302e-113
-3.761633647302901403e-113
-3.136273030168562305e-113
-2.614876790783514088e-113
-2.180161154722807071e-113
-1.817715724624286001e-113
-1.515525789636632125e-113
-1.263574049527727654e-113
-1.053508550997810312e-113
-8.783658286115749479e-114
-7.323400727424208060e-114
-6.105906726724147523e-114
-5.090817550901106215e-114
-4.244483988452120061e-114
-3.538850911095317156e-114
-2.950527273758717133e-114
-2.460010724356724674e-114
-2.051041119928647280e-114
-1.710061518832686876e-114
-1.425768781414820753e-114
-1.188738882005094935e-114
-9.911145117011704314e-115
-8.263446162775513754e-115
-6.889672351571202048e-115
-5.744284427704350846e-115
-4.789313903852296448e-115
-3.993104442914866150e-115
-3.329262481459220696e-115
-2.775782308954827672e-115
-2.314316600032537960e-115
-1.929568218626948938e-115
-1.608783132905338540e-115
-1.341327631609949918e-115
-1.118335826949724304e-115
-9.324157591073479427e-116
-7.774043600150319831e-116
-6.481631536868977286e-116
-5.404079207752599751e-116
-4.505666808973116339e-116
-3.756612849855803779e-116
-3.132086925645980357e-116
-2.611386613922443278e-116
-2.177251209580290914e-116
-1.815289549370274703e-116
-1.513502958938924194e-116
-1.261887508530741647e-116
-1.052102392520119881e-116
-8.771934398775243291e-117
-7.313625902142875300e-117
-6.097756937621815901e-117
-5.084022640455339443e-117
-4.238818712039902086e-117
-3.534127470354928486e-117
-2.946589091258062746e-117
-2.456727253204891774e-117
-2.048303516274506968e-117
-1.707779033797514374e-117
-1.423865752856282765e-117
-1.187152226391233373e-117
-9.897916329531330875e-118
-8.252416622610686085e-118
-6.880476440273749303e-118
-5.736617309825739547e-118
-4.782921421947777607e-118
-3.987774692473231191e-118
-3.324818786475894612e-118
-2.772077365295601105e-118
-2.311227592445353858e-118
-1.926992749537178024e-118
-1.606635828036329471e-118
-1.339537309909416468e-118
-1.116843141007547792e-118
-9.311712278472885668e-119
-7.763667284453215312e-119
-6.472980253377648099e-119
-5.396866174896607148e-119
-4.499652921781261054e-119
-3.751598753860832486e-119
-3.127906408478663986e-119
-2.607901095535130110e-119
-2.174345148453863875e-119
-1.812866612426011217e-119
-1.511482828191246537e-119
-1.260203218624971948e-119
-1.050698110896299739e-119
-8.760226159758649271e-120
-7.303864123697269379e-120
-6.089618026357188078e-120
-5.077236799438789694e-120
-4.233160997290759291e-120
-3.529410334173194088e-120
-2.942656165201583372e-120
-2.453448164628727964e-120
-2.045569566605387402e-120
-1.705499595283015380e-120
-1.421965264343246033e-120
-1.185567688547720934e-120
-9.884705199023039095e-121
-8.241401803998325616e-121
-6.871292803114014465e-121
-5.728960425545267450e-121
-4.776537472335570497e-121
-3.982452055855208680e-121
-3.320381022663764425e-121
-2.768377366767351834e-121
-2.308142707875551855e-121
-1.924420718025180646e-121
-1.604491389257820129e-121
-1.337749377820201199e-121
-1.115352447410844154e-121
-9.299283577111337129e-122
-7.753304818425140222e-122
-6.464340517088285358e-122
-5.389662769553951865e-122
-4.493647061556742860e-122
-3.746591350372875775e-122
-3.123731471208600452e-122
-2.604420229403433265e-122
-2.171442966159132646e-122
-1.810446909468993298e-122
-1.509465393789957485e-122
-1.258521176805943486e-122
-1.049295703621360303e-122
-8.748533548180543054e-123
-7.294115374674104276e-123
-6.081489978411542013e-123
-5.070460015745564147e-123
-4.227510834111367392e-123
-3.524699494134775293e-123
-2.938728488572966219e-123
-2.450173452778362893e-123
-2.042839266044289772e-123
-1.703223199223074719e-123
-1.420067312485575961e-123
-1.183985265648022193e-123
-9.871511701920510502e-124
-8.230401687289475137e-124
-6.862121423708454962e-124
-5.721313761203106100e-124
-4.770162043626752343e-124
-3.977136523565250873e-124
-3.315949182105890309e-124
-2.764682306769779860e-124
-2.305061940820244323e-124
-1.921852119502907812e-124
-1.602349812744511972e-124
-1.335963832152949017e-124
-1.113863743500416223e-124
-9.286871464816117433e-125
-7.742956183579523105e-125
-6.455712312587657784e-125
-5.382468978873804201e-125
-4.487649217585148315e-125
-3.741590630459398589e-125
-3.119562106388439884e-125
-2.600944009318105113e-125
-2.168544657519118238e-125
-1.808030436182898585e-125
-1.507450652136225398e-125
-1.256841380072905399e-125
-1.047895168193416477e-125
-8.736856543181385513e-126
-7.284379637681677284e-126
-6.073372779284493649e-126
-5.063692277286789962e-126
-4.221868212422835712e-126
-3.519994941836367570e-126
-2.934806054365931654e-126
-2.446903111812289858e-126
-2.040112609720725795e-126
-1.700949841556618310e-126
-1.418171893897338998e-126
-1.182404954869105717e-126
-9.858335814686640149e-127
-8.219416252860005908e-127
-6.852962285696561242e-127
-5.713677303158961204e-127
-4.763795124448687678e-127
-3.971828086121390264e-127
-3.311523256896652249e-127
-2.760992178711394984e-127
-2.301985285783364497e-127
-1.919286949387998208e-127
-1.600211094675846626e-127
-1.334180669722259390e-127
-1.112377026620426678e-127
-9.274475919445688366e-128
-7.732621361456234302e-128
-6.447095624484577231e-128
-5.375284790023717882e-128
-4.481659379167385167e-128
-3.736596585199790453e-128
-3.115398306580064284e-128
-2.597472429077590792e-128
-2.165650217363257446e-128
-1.805617188256755592e-128
-1.505438599635764866e-128
-1.255163825429326005e-128
-1.046496502114161128e-128
-8.725195123931466589e-129
-7.274656895353159989e-129
-6.065266414496398479e-129
-5.056933571989733855e-129
-4.216233122158765506e-129
-3.515296668885081587e-129
-2.930888855582882834e-129
-2.443637135896242396e-129
-2.037389592770358367e-129
-1.698679518228281220e-129
-1.416279005197444502e-129
-1.180826753391977044e-129
-9.845177513817974029e-130
-8.208445481113844033e-130
-6.843815372739661402e-130
-5.706051037789442459e-130
-4.757436703442836375e-130
-3.966526734053411626e-130
-3.307103239140229942e-130
-2.757306976009034237e-130
-2.298912737276572591e-130
-1.916725203104642181e-130
-1.598075231236730099e-130
-1.332399887347285942e-130
-1.110892294118835593e-130
-9.262096918888061733e-131
-7.722300333618019727e-131
-6.438490437406932019e-131
-5.368110190187146922e-131
-4.475677535617622968e-131
-3.731609205684707487e-131
-3.111240064355815048e-131
-2.594005482489207265e-131
-2.162759640528381844e-131
-1.803207161385757746e-131
-1.503429232699430854e-131
-1.253488509882673424e-131
-1.045099702888383550e-131
-8.713549269626893135e-132
-7.264947130343243309e-132
-6.057170869585557657e-132
-5.050183887796910685e-132
-4.210605553266913340e-132
-3.510604666900030356e-132
-2.926976885236232430e-132
-2.440375519204298988e-132
-2.034670210335807605e-132
-1.696412225188112387e-132
-1.414388643008991494e-132
-1.179250658401135409e-132
-9.832036775840195114e-133
-8.197489352479210998e-133
-6.834680668519728542e-133
-5.698434951490319910e-133
-4.751086769266899182e-133
-3.961232457904639126e-133
-3.302689120952095478e-133
-2.753626692088948218e-133
-2.295844289818855378e-133
-1.914166876082701497e-133
-1.595942218616796634e-133
-1.330621481851125058e-133
-1.109409543346890644e-133
-9.249734441059187679e-134
-7.711993081653558035e-134
-6.429896736004590458e-134
-5.360945166565878086e-134
-4.469703676265312442e-134
-3.726628483017546883e-134
-3.107087372297947610e-134
-2.590543163367945048e-134
-2.159872921857722261e-134
-1.800800351270433094e-134
-1.501422547742525856e-134
-1.251815430444196597e-134
-1.043704768024381777e-134
-8.701918959493527401e-135
-7.255250325331429170e-135
-6.049086130110950319e-135
-5.043443212668080271e-135
-4.204985495708454092e-135
-3.505918927510714659e-135
-2.923070136347050519e-135
-2.437118255917756499e-135
-2.031954457565714073e-135
-1.694147958391275814e-135
-1.412500803959828461e-135
-1.177676667085106482e-135
-9.818913577312553346e-136
-8.186547847412309051e-136
-6.825558156742064926e-136
-5.690829030675517800e-136
-4.744745310592639904e-136
-3.955945248230121877e-136
-3.298280894457491914e-136
-2.749951320385535945e-136
-2.292779937936124422e-136
-1.911611963758465224e-136
-1.593812053011129016e-136
-1.328845450061416151e-136
-1.107928771659626715e-136
-9.237388463906595483e-137
-7.701699587176091946e-137
-6.421314504946447669e-137
-5.353789706377556787e-137
-4.463737790453128328e-137
-3.721654408312735440e-137
-3.102940222998086651e-137
-2.587085465537492840e-137
-2.156990056201883188e-137
-1.798396753617458569e-137
-1.499418541185479928e-137
-1.250144584129417696e-137
-1.042311695033779539e-137
-8.690304172782969204e-138
-7.245566463018681722e-138
-6.041012181649458609e-138
-5.036711534577922452e-138
-4.199372939457242373e-138
-3.501239442358405957e-138
-2.919168601946389662e-138
-2.433865340226235097e-138
-2.029242329615655256e-138
-1.691886713798721250e-138
-1.410615484682304322e-138
-1.176104776635900230e-138
-9.805807894823353262e-139
-8.175620946393570866e-139
-6.816447821132173981e-139
-5.683233261776126448e-139
-4.738412316107747869e-139
-3.950665095598413725e-139
-3.293878551792922214e-139
-2.746280854342584507e-139
-2.289719676162117915e-139
-1.909060461574313483e-139
-1.591684730619526769e-139
-1.327071788809731090e-139
-1.106449976415357327e-139
-9.225058965405140998e-140
-7.691419831822103064e-140
-6.412743728922959190e-140
-5.346643796858108995e-140
-4.457779867538987747e-140
-3.716686972697403200e-140
-3.098798609058453676e-140
-2.583632382829782824e-140
-2.154111038417852300e-140
-1.795996364138832408e-140
-1.497417209453158153e-140
-1.248475967957558025e-140
-1.040920481431344281e-140
-8.678704888776006958e-141
-7.235895526130703428e-141
-6.032949009798587749e-141
-5.029988841518317175e-141
-4.193767874501472367e-141
-3.496566203095531658e-141
-2.915272275073939050e-141
-2.430616766326554458e-141
-2.026533821647213560e-141
-1.689628487376403182e-141
-1.408732681813022268e-141
-1.174534984249476090e-141
-9.792719704994374979e-142
-8.164708629931340137e-142
-6.807349645438827691e-142
-5.675647631242639609e-142
-4.732087774515012197e-142
-3.945391990589758108e-142
-3.289482085104639003e-142
-2.742615287412008047e-142
-2.286663499037349927e-142
-1.906512364978383567e-142
-1.589560247647132653e-142
-1.325300494932171880e-142
-1.104973154976173729e-142
-9.212745923561188893e-143
-7.681153797254324928e-143
-6.404184392645014070e-143
-5.339507425259280469e-143
-4.451829896893996402e-143
-3.711726167309680400e-143
-3.094662523090435780e-143
-2.580183909084538176e-143
-2.151235863369849338e-143
-1.793599178552684859e-143
-1.495418548975539979e-143
-1.246809578952102427e-143
-1.039531124735397146e-143
-8.667121086781072697e-144
-7.226237497414613855e-144
-6.024896600173693153e-144
-5.023275121496024168e-144
-4.188170290841746004e-144
-3.491899201385065247e-144
-2.911381148779175770e-144
-2.427372528423834605e-144
-2.023828928828890685e-144
-1.687373275096045652e-144
-1.406852391993395406e-144
-1.172967287125535051e-144
-9.779648984476380222e-145
-8.153810878558115405e-145
-6.798263613430945193e-145
-5.668072125542343238e-145
-4.725771674531494595e-145
-3.940125923797645688e-145
-3.285091486550123967e-145
-2.738954613055083616e-145
-2.283611401110141687e-145
-1.903967669425322367e-145
-1.587438600304154815e-145
-1.323531565268762569e-145
-1.103498304707436346e-145
-9.200449316408350191e-146
-7.670901465158222605e-146
-6.395636480842812388e-146
-5.332380578850746069e-146
-4.445887867904460183e-146
-3.706771983300367028e-146
-3.090531957715989572e-146
-2.576740038150293158e-146
-2.148364525928948298e-146
-1.791205192582453341e-146
-1.493422556187028435e-146
-1.245145414140223802e-146
-1.038143622467335310e-146
-8.655552746132749095e-147
-7.216592359641785600e-147
-6.016854938410701666e-147
-5.016570362534957727e-147
-4.182580178492966157e-147
-3.487238428901901337e-147
-2.907495216120853530e-147
-2.424132620730376775e-147
-2.021127646335176038e-147
-1.685121072934365794e-147
-1.404974611868999478e-147
-1.171401682467316514e-147
-9.766595709952960156e-148
-8.142927672834240774e-148
-6.789189708900653133e-148
-5.660506731161876197e-148
-4.719464004890390321e-148
-3.934866885828121775e-148
-3.280706748296577154e-148
-2.735298824741194563e-148
-2.280563376935570798e-148
-1.901426370375410320e-148
-1.585319784805588932e-148
-1.321764996663970343e-148
-1.102025422978273508e-148
-9.188169122011660654e-149
-7.660662817245450601e-149
-6.387099978268395505e-149
-5.325263244919169285e-149
-4.439953769969839966e-149
-3.701824411831233109e-149
-3.086406905566213586e-149
-2.573300763883205794e-149
-2.145497020972702719e-149
-1.788814401957588758e-149
-1.491429227527125304e-149
-1.243483470553347003e-149
-1.036757972152100463e-149
-8.643999846195160359e-150
-7.206960095606589915e-150
-6.008824010163344945e-150
-5.009874552673872466e-150
-4.176997527482408717e-150
-3.482583877331254451e-150
-2.903614470166495348e-150
-2.420897037466622157e-150
-2.018429969347460138e-150
-1.682871876873833547e-150
-1.403099338090207342e-150
-1.169838167482058504e-150
-9.753559858138831211e-151
-8.132058993344152824e-151
-6.780127915660166494e-151
-5.652951434604627339e-151
-4.713164754338860798e-151
-3.929614867299096778e-151
-3.276327862522218408e-151
-2.731647915949060217e-151
-2.277519421076502233e-151
-1.898888463295419892e-151
-1.583203797371843629e-151
-1.320000785966474448e-151
-1.100554507161074416e-151
-9.175905318463332304e-152
-7.650437835250332359e-152
-6.378574869692698397e-152
-5.318155410767275041e-152
-4.434027592504502524e-152
-3.696883444076687653e-152
-3.082287359282746445e-152
-2.569866080148218441e-152
-2.142633343385992469e-152
-1.786426802413241968e-152
-1.489438559439747043e-152
-1.241823745226575802e-152
-1.035374171317701838e-152
-8.632462366358014166e-153
-7.197340688125134072e-153
-6.000803801105527788e-153
-5.003187679968627697e-153
-4.171422327851614047e-153
-3.477935538370227858e-153
-2.899738903993536577e-153
-2.417665772860724591e-153
-2.015735893053105186e-153
-1.680625682901898046e-153
-1.401226567311543384e-153
-1.168276739380461528e-153
-9.740541405778120286e-154
-8.121204820699587180e-154
-6.771078217544853394e-154
-5.645406222393284443e-154
-4.706873911640158912e-154
-3.924369858841901490e-154
-3.271954821415703055e-154
-2.728001880165484299e-154
-2.274479528102540141e-154
-1.896353943657742435e-154
-1.581090634228011172e-154
-1.318238930028935340e-154
-1.099085554631922957e-154
-9.163657883886914360e-155
-7.640226500933310032e-155
-6.370061139908440032e-155
-5.311057063715945797e-155
-4.428109324936946915e-155
-3.691949071222077579e-155
-3.078173311516343899e-155
-2.566435980817880744e-155
-2.139773488060034927e-155
-1.784042389689952244e-155
-1.487450548373808574e-155
-1.240166235199254290e-155
-1.033992217495683766e-155
-8.620940286040485378e-156
-7.187734120038098956e-156
-5.992794296930274699e-156
-4.996509732489890101e-156
-4.165854569654464769e-156
-3.473293403726217800e-156
-2.895868510687995228e-156
-2.414438821148130118e-156
-2.013045412646242319e-156
-1.678382487011747381e-156
-1.399356296192315798e-156
-1.166717395377214038e-156
-9.727540329648213059e-157
-8.110365135538159587e-157
-6.762040598410112364e-157
-5.637871081067242798e-157
-4.700591465571461492e-157
-3.919131851099475603e-157
-3.267587617175555070e-157
-2.724360710886430962e-157
-2.271443692591052283e-157
-1.893822806941243601e-157
-1.578980291604582749e-157
-1.316479425708513749e-157
-1.097618562770405573e-157
-9.151426796433064811e-158
-7.630028796077429970e-158
-6.361558773727181643e-158
-5.303968191101778064e-158
-4.422198956709021076e-158
-3.687021284465145525e-158
-3.074064754928274371e-158
-2.563010459773500835e-158
-2.136917449893355267e-158
-1.781661159534349064e-158
-1.485465190782965791e-158
-1.238510937514396218e-158
-1.032612108220649873e-158
-8.609433584687265903e-159
-7.178140374207433128e-159
-5.984795483348685152e-159
-4.989840698325100930e-159
-4.160294242959064829e-159
-3.468657465118475978e-159
-2.892003283345773410e-159
-2.411216176572529166e-159
-2.010358523327415955e-159
-1.676142285201535375e-159
-1.397488521395974061e-159
-1.165160132690456827e-159
-9.714556606555280372e-160
-8.099539918521946341e-160
-6.753015042134048414e-160
-5.630345997185141447e-160
-4.694317404926000161e-160
-3.913900834728141348e-160
-3.263226242011455384e-160
-2.720724401616542530e-160
-2.268411909126130372e-160
-1.891295048630392285e-160
-1.576872765736722143e-160
-1.314722269866265962e-160
-1.096153528959418445e-160
-9.139212034283172879e-161
-7.619844702491796024e-161
-6.353067755982208910e-161
-5.296888780279478652e-161
-4.416296477277676167e-161
-3.682100075015383510e-161
-3.069961682188901352e-161
-2.559589510903973539e-161
-2.134065223790800793e-161
-1.779283107698334593e-161
-1.483482483125354352e-161
-1.236857849219172490e-161
-1.031233841030730076e-161
-8.597942241772436439e-162
-7.168559433519591694e-162
-5.976807346092291856e-162
-4.983180565577597463e-162
-4.154741337845829697e-162
-3.464027714276522289e-162
-2.888143215071332858e-162
-2.407997833384745226e-162
-2.007675220303233248e-162
-1.673905073475043186e-162
-1.395623239590739024e-162
-1.163604948542309483e-162
-9.701590213338656821e-163
-8.088729150340677304e-163
-6.744001532616279929e-163
-5.622830957322284229e-163
-4.688051718510891989e-163
-3.908676800395800781e-163
-3.258870688142741763e-163
-2.717092945868668804e-163
-2.265384172299479566e-163
-1.888770664216116079e-163
-1.574768052864975499e-163
-1.312967459367736845e-163
-1.094690450585601037e-163
-9.127013575647744457e-164
-7.609674202008054211e-164
-6.344588071525603825e-164
-5.289818818619427546e-164
-4.410401876112929384e-164
-3.677185434093386181e-164
-3.065864085978894616e-164
-2.556173128106931415e-164
-2.131216804664505599e-164
-1.776908229939884193e-164
-1.481502421864174676e-164
-1.235206967364696524e-164
-1.029857413467104667e-164
-8.586466236795518803e-165
-7.158991280882241792e-165
-5.968829870910313190e-165
-4.976529322365750601e-165
-4.149195844409123971e-165
-3.459404142941698516e-165
-2.884288298978995497e-165
-2.404783785843823690e-165
-2.004995498787157962e-165
-1.671670847841386326e-165
-1.393760447448959628e-165
-1.162051840158333516e-165
-9.688641126866389284e-166
-8.077932811708014316e-166
-6.735000053776770739e-166
-5.615325948072851616e-166
-4.681794395149261579e-166
-3.903459738783701307e-166
-3.254520947799876398e-166
-2.713466337164935120e-166
-2.262360476710024685e-166
-1.886249649194929793e-166
-1.572666149234550166e-166
-1.311214991082357099e-166
-1.093229325038831295e-166
-9.114831398764809133e-167
-7.599517276483400048e-167
-6.336119705231111186e-167
-5.282758293510064020e-167
-4.404515142699854440e-167
-3.672277352932305172e-167
-3.061771958988693093e-167
-2.552761305287571963e-167
-2.128372187432908817e-167
-1.774536522022233637e-167
-1.479525003467011743e-167
-1.233558289005806188e-167
-1.028482823074412400e-167
-8.575005549285353318e-168
-7.149435899227493000e-168
-5.960863043572343788e-168
-4.969886956824918390e-168
-4.143657752756533521e-168
-3.454786742865586342e-168
-2.880438528191616503e-168
-2.401574028215926133e-168
-2.002319353998583960e-168
-1.669439604314721160e-168
-1.391900141647666459e-168
-1.160500804768058984e-168
-9.675709324039594813e-169
-8.067150883365203384e-169
-6.726010589558473855e-169
-5.607830956048914460e-169
-4.675545423678087487e-169
-3.898249640584641634e-169
-3.250177013222952451e-169
-2.709844569035497207e-169
-2.259340816963514033e-169
-1.883731999069682487e-169
-1.570567051096022260e-169
-1.309464861884033053e-169
-1.091770149712720101e-169
-9.102665481903524116e-170
-7.589373907799243756e-170
-6.327662641991223815e-170
-5.275707192355461670e-170
-4.398636266536561003e-170
-3.667375822776156573e-170
-3.057685293917971037e-170
-2.549354036359661579e-170
-2.125531367021717499e-170
-1.772167979714674896e-170
-1.477550224406500396e-170
-1.231911811201551037e-170
-1.027110067400568687e-170
-8.563560158796151154e-171
-7.139893271508611084e-171
-5.952906849865620446e-171
-4.963253457105166251e-171
-4.138127053008139107e-171
-3.450175505811365613e-171
-2.876593895841887104e-171
-2.398368554775412597e-171
-1.999646781163743460e-171
-1.667211338914904470e-171
-1.390042318868323363e-171
-1.158951839604449070e-171
-9.662794781788030341e-172
-8.056383346077355527e-172
-6.717033123924247986e-172
-5.600345967879458356e-172
-4.669304792950046299e-172
-3.893046496504729130e-172
-3.245838876663158946e-172
-2.706227635019761083e-172
-2.256325187673408407e-172
-1.881217709349224206e-172
-1.568470754704614536e-172
-1.307717068650546243e-172
-1.090312922004108398e-172
-9.090515803359974785e-173
-7.579244077859885043e-173
-6.319216866719676730e-173
-5.268665502577702491e-173
-4.392765237136174427e-173
-3.662480834881478535e-173
-3.053604083476840594e-173
-2.545951315245089956e-173
-2.122694338362926827e-173
-1.769802598791745402e-173
-1.475578081159648156e-173
-1.230267531014625886e-173
-1.025739143996586913e-173
-8.552130044910875821e-174
-7.130363380703235891e-174
-5.944961275597701695e-174
-4.956628811373506063e-174
-4.132603735298153713e-174
-3.445570423553208727e-174
-2.872754395071008636e-174
-2.395167359803741074e-174
-1.996977775514784739e-174
-1.664986047666726069e-174
-1.388186975796587327e-174
-1.157404941904358661e-174
-9.649897477074436717e-175
-8.045630180637093905e-175
-6.708067640859883829e-175
-5.592870970212592464e-175
-4.663072491832690212e-175
-3.887850297261588572e-175
-3.241506530381291224e-175
-2.702615528665141362e-175
-2.253313583459846500e-175
-1.878706775548079570e-175
-1.566377256320816636e-175
-1.305971608264143136e-175
-1.088857639313560351e-175
-9.078382341461287125e-176
-7.569127768595498301e-176
-6.310782364350344505e-176
-5.261633211614459940e-176
-4.386902044024817545e-176
-3.657592380515646525e-176
-3.049528320384450860e-176
-2.542553135873426755e-176
-2.119861096395659885e-176
-1.767440375034024350e-176
-1.473608570208501410e-176
-1.228625445511926259e-176
-1.024370050416981954e-176
-8.540715187239742182e-177
-7.120846209810109521e-177
-5.937026306593738318e-177
-4.950013007811615661e-177
-4.127087789773014313e-177
-3.440971487875680551e-177
-2.868920019029829201e-177
-2.391970437590546163e-177
-1.994312332290674152e-177
-1.662763726600660183e-177
-1.386334109122854923e-177
-1.155860108908330229e-177
-9.637017386890111683e-178
-8.034891367860840918e-178
-6.699114124371020438e-178
-5.585405949712967437e-178
-4.656848509207638006e-178
-3.882661033585902313e-178
-3.237179966649209673e-178
-2.699008243528280639e-178
-2.250305998950659957e-178
-1.876199193187186985e-178
-1.564286552210108390e-178
-1.304228477610934520e-178
-1.087404299044861217e-178
-9.066265074561446225e-179
-7.559024961958660669e-179
-6.302359119836132168e-179
-5.254610306921073969e-179
-4.381046676743592059e-179
-3.652710450958523489e-179
-3.045457997370361850e-179
-2.539159492182921814e-179
-2.117031636065793500e-179
-1.765081304227319802e-179
-1.471641688039466080e-179
-1.226985551763982996e-179
-1.023002784219300968e-179
-8.529315565418719525e-180
-7.111341741851879684e-180
-5.929101928699148036e-180
-4.943406034618070439e-180
-4.121579206593251843e-180
-3.436378690575093418e-180
-2.865090760878337253e-180
-2.388777782432540777e-180
-1.991650446736279527e-180
-1.660544371752101213e-180
-1.384483715541624641e-180
-1.154317337860391857e-180
-9.624154488258707689e-181
-8.024166888592459534e-181
-6.690172558486169508e-181
-5.577950893064311615e-181
-4.650632833972405126e-181
-3.877478696220719355e-181
-3.232859177748354493e-181
-2.695405773173805614e-181
-2.247302428780337062e-181
-1.873694957793036884e-181
-1.562198638642688705e-181
-1.302487673581409521e-181
-1.085952898605509518e-181
-9.054163981045395093e-182
-7.548935639927753281e-182
-6.293947118151461968e-182
-5.247596775969627870e-182
-4.375199124846564203e-182
-3.647835037500780112e-182
-3.041393107173144969e-182
-2.535770378119337188e-182
-2.114205952325590435e-182
-1.762725382163367942e-182
-1.469677431143971627e-182
-1.225347846845515189e-182
-1.021637342964582449e-182
-8.517931159112902289e-183
-7.101849959873851098e-183
-5.921188127776896334e-183
-4.936807880006077141e-183
-4.116077975931591377e-183
-3.431792023457929776e-183
-2.861266613785162176e-183
-2.385589388634457381e-183
-1.988992114103267585e-183
-1.658327979162113339e-183
-1.382635791752122162e-183
-1.152776626008513542e-183
-9.611308758234541806e-184
-8.013456723699547363e-184
-6.681242927253639469e-184
-5.570505786966854287e-184
-4.644425455038271041e-184
-3.872303275920786676e-184
-3.228544155971019860e-184
-2.691808111175547910e-184
-2.244302867591041438e-184
-1.871194064898516787e-184
-1.560113511894088954e-184
-1.300749193070207952e-184
-1.084503435406216759e-184
-9.042079039324866574e-185
-7.538859784503493050e-185
-6.285546344289381583e-185
-5.240592606248028571e-185
-4.369359377902486650e-185
-3.642966131445542140e-185
-3.037333642541757073e-185
-2.532385787637094168e-185
-2.111384040134530673e-185
-1.760372604639520018e-185
-1.467715796017798375e-185
-1.223712327834869363e-185
-1.020273724216889172e-185
-8.506561948012589800e-186
-7.092370846942752687e-186
-5.913284889709827953e-186
-4.930218532205696105e-186
-4.110584087974812088e-186
-3.427211478342386248e-186
-2.857447570928703433e-186
-2.382405250508630696e-186
-1.986337329649191864e-186
-1.656114544876666929e-186
-1.380790334457663560e-186
-1.151237970604075570e-186
-9.598480173900919402e-187
-8.002760854076617244e-187
-6.672325214744548076e-187
-5.563070618139844528e-187
-4.638226361332369025e-187
-3.867134763454070354e-187
-3.224234893619787216e-187
-2.688215251115303058e-187
-2.241307310031576582e-187
-1.868696510042050580e-187
-1.558031168244457530e-187
-1.299013032975892593e-187
-1.083055906861335459e-187
-9.030010227842460810e-188
-7.528797377712339454e-188
-6.277156783264396578e-188
-5.233597785262078242e-188
-4.363527425494036874e-188
-3.638103724106714721e-188
-3.033279596234138964e-188
-2.529005714698105551e-188
-2.108565894458342481e-188
-1.758022967458436913e-188
-1.465756779161652248e-188
-1.222078991814568820e-188
-1.018911925543766361e-188
-8.495207911837118170e-189
-7.082904386149521184e-189
-5.905392200399628696e-189
-4.923637979461575895e-189
-4.105097532921853814e-189
-3.422637047056802233e-189
-2.853633625495813737e-189
-2.379225362374579268e-189
-1.983686088638273891e-189
-1.653904064947387852e-189
-1.378947340366280247e-189
-1.149701368902389493e-189
-9.585668712373918705e-190
-7.992079260643672308e-190
-6.663419405049758511e-190
-5.555645373318991031e-190
-4.632035541795560262e-190
-3.861973149599979048e-190
-3.219931383006961560e-190
-2.684627186583891780e-190
-2.238315750758397830e-190
-1.866202288768443137e-190
-1.555951603979262166e-190
-1.297279190201460756e-190
-1.081610310388669466e-190
-9.017957525067502931e-191
-7.518748401603025019e-191
-6.268778420109589560e-191
-5.226612300533062958e-191
-4.357703257217051248e-191
-3.633247806810417264e-191
-3.029230961018591955e-191
-2.525630153272921163e-191
-2.105751510269953027e-191
-1.755676466428782563e-191
-1.463800377080911528e-191
-1.220447835870753396e-191
-1.017551944515774427e-191
-8.483869030330967168e-192
-7.073450560606059250e-192
-5.897510045765792898e-192
-4.917066210034896716e-192
-4.099618300985675115e-192
-3.418068721441203267e-192
-2.849824770683090035e-192
-2.376049718559945978e-192
-1.981038386341056444e-192
-1.651696535430793987e-192
-1.377106806190083297e-192
-1.148166818162168129e-192
-9.572874350797979757e-193
-7.981411924344824191e-193
-6.654525482282503842e-193
-5.548230039258973167e-193
-4.625852985384518713e-193
-3.856818425151107881e-193
-3.215633616455842219e-193
-2.681043911180690202e-193
-2.235328184434584319e-193
-1.863711396628020156e-193
-1.553874815388573965e-193
-1.295547661653749380e-193
-1.080166643409284636e-193
-9.005920909499593776e-194
-7.508712838249957908e-194
-6.260411239879441345e-194
-5.219636139600116887e-194
-4.351886862682245619e-194
-3.628398370894345769e-194
-3.025187729672376462e-194
-2.522259097339561139e-194
-2.102940882548519336e-194
-1.753333097364414156e-194
-1.461846586285367774e-194
-1.218818857093660179e-194
-1.016193778706948099e-194
-8.472545283267579331e-195
-7.064009353448414719e-195
-5.889638411747955013e-195
-4.910503212202503536e-195
-4.094146382391363730e-195
-3.413506493345725721e-195
-2.846020999695560809e-195
-2.372878313399404393e-195
-1.978394218034055889e-195
-1.649491952388950514e-195
-1.375268728645885430e-195
-1.146634315646044773e-195
-9.560097066350224711e-196
-7.970758826151431411e-196
-6.645643430577222686e-196
-5.540824602730884572e-196
-4.619678681069603528e-196
-3.851670580911463773e-196
-3.211341586299242528e-196
-2.677465418513158278e-196
-2.232344605730718716e-196
-1.861223829177471504e-196
-1.551800798767770240e-196
-1.293818444244017687e-196
-1.078724903347934592e-196
-8.993900359667027891e-197
-7.498690669749762507e-197
-6.252055227646962186e-197
-5.212669290017814767e-197
-4.346078231513210069e-197
-3.623555407707140048e-197
-3.021149894982912949e-197
-2.518892540884659182e-197
-2.100134006280379922e-197
-1.750992856085177319e-197
-1.459895403289803622e-197
-1.217192052577410157e-197
-1.014837425694329101e-197
-8.461236650445467522e-198
-7.054580747833537557e-198
