-6.999999999999999556e-01
-5.925372074234298569e-01
-5.015719174016524118e-01
-4.245714617988433637e-01
-3.593919833228144123e-01
-3.042187459549547390e-01
-2.575156088200096227e-01
-2.179822567402183719e-01
-1.845179966810087391e-01
-1.561911121039008532e-01
-1.322129219862932803e-01
-1.119158222557857241e-01
-9.473469826562888607e-02
-8.019119079488140622e-02
-6.788037750508353618e-02
-5.745949903672915859e-02
-4.863841585596107714e-02
-4.117153014970091618e-02
-3.485094785750476182e-02
-2.950069045649348146e-02
-2.497179534307667620e-02
-2.113816839562294991e-02
-1.789307324455518058e-02
-1.514615950364516135e-02
-1.282094722211392368e-02
-1.085269751930651935e-02
-9.186610115858676387e-03
-7.776297576769613563e-03
-6.582493786046643598e-03
-5.571960694094514437e-03
-4.716562899359826727e-03
-3.992484298605180650e-03
-3.379564995682008896e-03
-2.860740006924846618e-03
-2.421564135525330723e-03
-2.049809786372732215e-03
-1.735126523666450727e-03
-1.468752892656631807e-03
-1.243272482014065291e-03
-1.052407435084300614e-03
-8.908436609378654137e-04
-7.540828787185541865e-04
-6.383173758881613164e-04
-5.403239933694611212e-04
-4.573743859071663863e-04
-3.871590591034835389e-04
-3.277230681569437724e-04
-2.774115880199342081e-04
-2.348238395317582918e-04
-1.987740887322796395e-04
-1.682586334936598334e-04
-1.424278583074509207e-04
-1.205625791725670854e-04
-1.020540199752557116e-04
-8.638686286067568743e-05
-7.312490068219371715e-05
-6.189889206191810439e-05
-5.239628092139041594e-05
-4.435249425219175051e-05
-3.754357583779627906e-05
-3.177995083373939589e-05
-2.690114759868264747e-05
-2.277132982086986404e-05
-1.927551454482301000e-05
-1.631637080005591024e-05
-1.381150969878615844e-05
-1.169119055317196114e-05
-9.896379145473859740e-06
-8.377104089232204474e-06
-7.091065519041496706e-06
-6.002457371870607749e-06
-5.080970469723408127e-06
-4.300948647329746272e-06
-3.640674429657639372e-06
-3.081764370981747614e-06
-2.608657220455069657e-06
-2.208180663619163443e-06
-1.869184577010448038e-06
-1.582230584886737883e-06
-1.339329274669611867e-06
-1.133717754618826676e-06
-9.596713604688589679e-07
-8.123442685378025040e-07
-6.876345776368824356e-07
-5.820701033724974293e-07
-4.927117051100100587e-07
-4.170714540153163628e-07
-3.530433637975216085e-07
-2.988447555485108872e-07
-2.529666241512170902e-07
-2.141316243512780237e-07
-1.812585067344989590e-07
-1.534320134317155023e-07
-1.298773953831184771e-07
-1.099388416682024627e-07
-9.306122032777602788e-08
-7.877462230348137755e-08
-6.668127816505747491e-08
-5.644448335906883115e-08
-4.777922363434408808e-08
-4.044423963593392852e-08
-3.423530972891477623e-08
-2.897956403149616451e-08
-2.453067134795884586e-08
-2.076476499534501680e-08
-1.757699409020787125e-08
-1.487860427587127224e-08
-1.259446661140440858e-08
-1.066098582129883941e-08
-9.024329667047410214e-09
-7.638930142543851709e-09
-6.466214763379416050e-09
-5.473532626418556256e-09
-4.633245338855843595e-09
-3.921957506276087313e-09
-3.319865354860269881e-09
-2.810205351986718388e-09
-2.378787473646549539e-09
-2.013600123840515079e-09
-1.704475706068477353e-09
-1.442807535706990426e-09
-1.221310211510427972e-09
-1.033816774465870308e-09
-8.751070064707197744e-10
-7.407620883011958478e-10
-6.270415702387710624e-10
-5.307792299538333790e-10
-4.492949181074323203e-10
-3.803199372641673607e-10
-3.219338765056621598e-10
-2.725111430852345176e-10
-2.306757024507028103e-10
-1.952627665008247092e-10
-1.652863633945311144e-10
-1.399118859870999128e-10
-1.184328545830591197e-10
-1.002512470311870279e-10
-8.486084850939445842e-11
-7.183315742191322223e-11
-6.080545499884006138e-11
-5.147070643017686550e-11
-4.356901236035447697e-11
-3.688037273457329793e-11
-3.121856152697045315e-11
-2.642594180995368344e-11
-2.236907680514856561e-11
-1.893501471823282734e-11
-1.602814391951887088e-11
-1.356753091178932318e-11
-1.148466696871817924e-11
-9.721560705474813658e-12
-8.229123474599125136e-12
-6.965802633116527972e-12
-5.896424628128052427e-12
-4.991215689905325450e-12
-4.224972866492167059e-12
-3.576362319644327489e-12
-3.027325345166323973e-12
-2.562575579981469907e-12
-2.169173397105277891e-12
-1.836165638768506255e-12
-1.554280657089644960e-12
-1.315670171577358146e-12
-1.113690756223930993e-12
-9.427188723231678098e-13
-7.979942971310487221e-13
-6.754875890883624745e-13
-5.717878995537208422e-13
-4.840080074858141306e-13
-4.097039330374607739e-13
-3.468068919320192667e-13
-2.935656960865681039e-13
-2.484979967920716662e-13
-2.103490129564156012e-13
-1.780565953163845825e-13
-1.507216539315630783e-13
-1.275831255983560293e-13
-1.079967842234321339e-13
-9.141730419209017641e-14
-7.738307733737065606e-14
-6.550336078188121488e-14
-5.544739782077894459e-14
-4.693520894802915358e-14
-3.972979662842905474e-14
-3.363054677958588939e-14
-2.846764324699841961e-14
-2.409733975928983473e-14
-2.039795772471880999e-14
-1.726649843906584464e-14
-1.461577538152153467e-14
-1.237198675556410802e-14
-1.047266068917376201e-14
-8.864915884365921929e-15
-7.503989288808285987e-15
-6.351989796751100950e-15
-5.376843279641466092e-15
-4.551399573817425558e-15
-3.852676561911361801e-15
-3.261220301572378179e-15
-2.760563386123281345e-15
-2.336766456755498865e-15
-1.978030100980927532e-15
-1.674366331763895055e-15
-1.417320500610265589e-15
-1.199735902079408942e-15
-1.015554515805377366e-15
-8.596483382593841113e-16
-7.276766081691553479e-16
-6.159649504455795532e-16
-5.214030737253333951e-16
-4.413581732102891962e-16
-3.736016277536169068e-16
-3.162469502828212958e-16
-2.676972639667994782e-16
-2.266008417511149863e-16
-1.918134713871479511e-16
-1.623665981170498695e-16
-1.374403580387418125e-16
-1.163407513422171949e-16
-9.848031987123025701e-17
-8.336179103237860423e-17
-7.056423266305843309e-17
-5.973133338020845198e-17
-5.056148210969529016e-17
-4.279937058924058655e-17
-3.622888504061307647e-17
-3.066708910004199638e-17
-2.595913047877757759e-17
-2.197392954433620470e-17
-1.860052978331458312e-17
-1.574500853485929221e-17
-1.332786198300516568e-17
-1.128179160047827800e-17
-9.549830413829250062e-18
-8.083756921111049359e-18
-6.842752502178536824e-18
-5.792264941043626415e-18
-4.903046418318051281e-18
-4.150339189396621347e-18
-3.513186275921548035e-18
-2.973847978704112056e-18
-2.517307966575929190e-18
-2.130855189628066480e-18
-1.803729976408486653e-18
-1.526824461667165929e-18
-1.292429003917199616e-18
-1.094017532534492117e-18
-9.260658480003726317e-19
-7.838978163776409006e-19
-6.635551757453329066e-19
-5.616873297250053143e-19
-4.754580597148232994e-19
-4.024665585005491446e-19
-3.406805866503348930e-19
-2.883798906245204551e-19
-2.441083072396112474e-19
-2.066332209723146081e-19
-1.749112453083474361e-19
-1.480591726313756229e-19
-1.253293838348843272e-19
-1.060890330080302424e-19
-8.980242765261493993e-20
-7.601611385875024821e-20
-6.434625117863592249e-20
-5.446792568793657146e-20
-4.610610368753844624e-20
-3.902797417741285804e-20
-3.303646690068286197e-20
-2.796476548638177282e-20
-2.367166292507384336e-20
-2.003763006384575440e-20
-1.696148765916421969e-20
-1.435758933044012531e-20
-1.215343698170206263e-20
-1.028766229962056477e-20
-8.708318128474915904e-21
-7.371432150287668218e-21
-6.239782601489648578e-21
-5.281861939451375853e-21
-4.470999605140895669e-21
-3.784619457744928186e-21
-3.203611206646492736e-21
-2.711798340081030598e-21
-2.295487736467300510e-21
-1.943088418630082763e-21
-1.644788836216971856e-21
-1.392283691161771447e-21
-1.178542700431681683e-21
-9.976148579186545142e-22
-8.444627457074896221e-22
-7.148222815923364373e-22
-6.050839979125266359e-22
-5.121925462567054311e-22
-4.335616300314896089e-22
-3.670019964354424446e-22
-3.106604829809730785e-22
-2.629684214890840919e-22
-2.225979630138424451e-22
-1.884251076890949290e-22
-1.594984101693640252e-22
-1.350124893574742498e-22
-1.142856048730907397e-22
-9.674067594314055799e-23
-8.188921423943374387e-23
-6.931772331933308115e-23
-5.867618600083913670e-23
-4.966831913599291975e-23
-4.204332445465288489e-23
-3.558890580451013959e-23
-3.012535837237140507e-23
-2.550056531799290933e-23
-2.158576251606030633e-23
-1.827195348767393145e-23
-1.546687470536733947e-23
-1.309242677926629204e-23
-1.108250000311742418e-23
-9.381133718739093073e-24
-7.940958251667731467e-24
-6.721876038156073036e-24
-5.689945223279253292e-24
-4.816434647134509687e-24
-4.077023907929345556e-24
-3.451126230004313131e-24
-2.921315283989278969e-24
-2.472840000540564757e-24
-2.093213869036089239e-24
-1.771867286426616546e-24
-1.499853276891657575e-24
-1.269598388906093096e-24
-1.074691834159569199e-24
-9.097069975052520736e-25
-7.700503483933091808e-25
-6.518335471605835311e-25
-5.517651853420595134e-25
-4.670591458229369955e-25
-3.953570313821346659e-25
-3.346625018719828175e-25
-2.832856918408050701e-25
-2.397961610662344791e-25
-2.029830680414941527e-25
-1.718214575593532454e-25
-1.454437237680601085e-25
-1.231154541697018056e-25
-1.042149820062607778e-25
-8.821607772810351213e-26
-7.467329763836972908e-26
-6.320958178819757147e-26
-5.350575582168756977e-26
-4.529164447951821800e-26
-3.833854934215513126e-26
-3.245288137695123878e-26
-2.747077100563223812e-26
-2.325350562492270021e-26
-1.968366755113807217e-26
-1.666186486086080382e-26
-1.410396410731579851e-26
-1.193874786535592935e-26
-1.010593188610064772e-26
-8.554486654573553028e-27
-7.241216618917126237e-27
-6.129557533887563452e-27
-5.188558434101415933e-27
-4.392019892993889567e-27
-3.717764574775366217e-27
-3.147019769993079784e-27
-2.663894723168593364e-27
-2.254938200194760936e-27
-1.908763977222602840e-27
-1.615733823848449777e-27
-1.367689154175346876e-27
-1.157723874340535162e-27
-9.799921020988162188e-28
-8.295454049637867178e-28
-7.021950252688307976e-28
-5.943952561991653371e-28
-5.031447217342691853e-28
-4.259028119232332082e-28
-3.605189468725395418e-28
-3.051727000044156239e-28
-2.583231134892642514e-28
-2.186657946855052386e-28
-1.850965990599637971e-28
-1.566808884436649575e-28
-1.326275087071867577e-28
-1.122667623384046459e-28
-9.503176263209694100e-29
-8.044265035221358069e-29
-6.809323342491399666e-29
-5.763967768290013952e-29
-4.879093378716081062e-29
-4.130063379117942303e-29
-3.496023173063297479e-29
-2.959319725792206079e-29
-2.505010065991393589e-29
-2.120445241528736085e-29
-1.794918145585356322e-29
-1.519365407912547654e-29
-1.286115051228938594e-29
-1.088672886972062743e-29
-9.215417032057517097e-30
-7.800682104882353798e-30
-6.603134843464224506e-30
-5.589432971980884846e-30
-4.731352863282828623e-30
-4.005003732777831699e-30
-3.390162467915111757e-30
-2.869710573500190649e-30
-2.429157556193298241e-30
-2.056237478197561755e-30
-1.740567447329390540e-30
-1.473358535103849363e-30
-1.247171074177008903e-30
-1.055707522103029502e-30
-8.936371242897769507e-31
-7.564474943950949243e-31
-6.403189798447399515e-31
-5.420183145391790307e-31
-4.588085978134254968e-31
-3.883730932717505770e-31
-3.287507258937778784e-31
-2.782814815136052439e-31
-2.355601884767509803e-31
-1.993973946573602177e-31
-1.687862505682559924e-31
-1.428744765188360489e-31
-1.209406333265090086e-31
-1.023740359075861622e-31
-8.665775049906678515e-32
-7.335420211759121858e-32
-6.209299153647305282e-32
-5.256058257941176828e-32
-4.449157260307645129e-32
-3.766130312014796662e-32
-3.187960482677096976e-32
-2.698550288259648822e-32
-2.284273502710080394e-32
-1.933595774695944672e-32
-1.636753486605841889e-32
-1.385481914562833152e-32
-1.172785120843891727e-32
-9.927411720179941537e-33
-8.403372596597176090e-33
-7.113301330466062168e-33
-6.021279579879669348e-33
-5.096903124825149876e-33
-4.314435348702333854e-33
-3.652090675898624079e-33
-3.091428014791581413e-33
-2.616837318335932110e-33
-2.215104966983149744e-33
-1.875045873265654337e-33
-1.587192065050931253e-33
-1.343529076957020923e-33
-1.137272810503268262e-33
-9.626806503059983665e-34
-8.148915773898472883e-34
-6.897908280277879545e-34
-5.838953299226842271e-34
-4.942567260285325852e-34
-4.183792859874179179e-34
-3.541504196611314026e-34
-2.997818581054921499e-34
-2.537598643400491418e-34
-2.148030876745719779e-34
-1.818268881666032276e-34
-1.539131379267583612e-34
-1.302846584755687876e-34
-1.102835824331850779e-34
-9.335303708515829145e-35
-7.902163985562188000e-35
-6.689037400867233773e-35
-5.662147916943899423e-35
-4.792904735320445876e-35
-4.057106267590482014e-35
-3.434266311454496364e-35
-2.907043671053714827e-35
-2.460759341005915101e-35
-2.082987811515367521e-35
-1.763211115617645665e-35
-1.492525986494342551e-35
-1.263395971491790629e-35
-1.069441601168218896e-35
-9.052627712266625651e-36
-7.662883920671991023e-36
-6.486491198806947923e-36
-5.490696258453944601e-36
-4.647774039706514369e-36
-3.934255786032568784e-36
-3.330275623921758771e-36
-2.819017454498443063e-36
-2.386246757380578911e-36
-2.019914271202166235e-36
-1.709820516418369161e-36
-1.447331819991174739e-36
-1.225139935475213123e-36
-1.037058565813429052e-36
-8.778511236023336712e-37
-7.430849333040741922e-37
-6.290078160834566528e-37
-5.324436211279999893e-37
-4.507037948194382697e-37
-3.815125256535016883e-37
-3.229433807825492978e-37
-2.733656700068212976e-37
-2.313990438732513702e-37
-1.958750617958677977e-37
-1.658046601720233496e-37
-1.403506147373157683e-37
-1.188042304523005375e-37
-1.005656099175663238e-37
-8.512695094769778816e-38
-7.205840827288558316e-38
-6.099612572770485866e-38
-5.163210571763212239e-38
-4.370563390759556700e-38
-3.699602037753956149e-38
-3.131645514326784299e-38
-2.650880696713277965e-38
-2.243922064633109526e-38
-1.899439019790733561e-38
-1.607840417796989932e-38
-1.361007530205654460e-38
-1.152068001757591512e-38
-9.752045093190444657e-39
-8.254927951694975804e-39
-6.987645651398472249e-39
-5.914914343920149726e-39
-5.006866896421811276e-39
-4.238221326780829896e-39
-3.587576899161606783e-39
-3.036818281780066313e-39
-2.570611177340529436e-39
-2.175975383418292793e-39
-1.841923395875449695e-39
-1.559154493257020504e-39
-1.319795784823147697e-39
-1.117183012440470415e-39
-9.456750033890973353e-40
-8.004966080547365938e-40
-6.776057495552657407e-40
-5.735808836793359956e-40
-4.855257357811646877e-40
-4.109886623028287876e-40
-3.478943917765829173e-40
-2.944862448308115984e-40
-2.492772244809474722e-40
-2.110086149545762243e-40
-1.786149363535282322e-40
-1.511942794157632560e-40
-1.279831944334481532e-40
-1.083354351810355171e-40
-9.170396603881912524e-41
-7.762573135184954827e-41
-6.570876297060869945e-41
-5.562126701978989257e-41
-4.708238604751295002e-41
-3.985437935346435582e-41
-3.373600377956570180e-41
-2.855691067024292031e-41
-2.417290300169429314e-41
-2.046192062848788238e-41
-1.732064186817717986e-41
-1.466160680478713807e-41
-1.241078221778429679e-41
-1.050550033895176260e-41
-8.892714047754778112e-42
-7.527519926102529680e-42
-6.371908051195707079e-42
-5.393703718020508158e-42
-4.565671626778961327e-42
-3.864757593919972460e-42
-3.271446674385462466e-42
-2.769219823821495537e-42
-2.344093973069690570e-42
-1.984232709629715342e-42
-1.679616726631754125e-42
-1.421764863914367620e-42
-1.203497974395097244e-42
-1.018739041268331811e-42
-8.623439808662237925e-43
-7.299584203726763591e-43
-6.178964627754969506e-43
-5.230380636140093151e-43
-4.427421622714312472e-43
-3.747731492013248264e-43
-3.172386217786233916e-43
-2.685366957650889540e-43
-2.273114054276607247e-43
-1.924149505537150323e-43
-1.628757392394501449e-43
-1.378713366942449366e-43
-1.167055668979185268e-43
-9.878912957208654655e-44
-8.362319280062298049e-44
-7.078550448273139938e-44
-5.991863593179448303e-44
-5.072003029663860107e-44
-4.293357873200264628e-44
-3.634248978079241029e-44
-3.076325343646496462e-44
-2.604053183214584936e-44
-2.204283430234365667e-44
-1.865885640172603048e-44
-1.579438095141925268e-44
-1.336965483133676398e-44
-1.131716848282218366e-44
-9.579776298216970397e-45
-8.109105564980883927e-45
-6.864209665965161783e-45
-5.810428038056989110e-45
-4.918421148007242494e-45
-4.163353617103683992e-45
-3.524202751135487311e-45
-2.983173223645400945e-45
-2.525201615998876269e-45
-2.137537019607284684e-45
-1.809386023374708350e-45
-1.531612202059206356e-45
-1.296481738662582711e-45
-1.097448098432280078e-45
-9.289697593388896803e-46
-7.863559242563983771e-46
-6.656359191425060131e-46
-5.634486409849031686e-46
-4.769489775081708769e-46
-4.037285931659292369e-46
-3.417488759307600144e-46
-2.892841779772968481e-46
-2.448737699577844691e-46
-2.072811711743347663e-46
-1.754597233129967131e-46
-1.485234492388146420e-46
-1.257223854983765555e-46
-1.064217017340280282e-46
-9.008402564961405856e-47
-7.625448141697636382e-47
-6.454802496048112760e-47
-5.463872350683020799e-47
-4.625068091988341168e-47
-3.915035616242814273e-47
-3.314006101445389808e-47
-2.805245601049539581e-47
-2.374589135118210203e-47
-2.010046307001364677e-47
-1.701467465060540194e-47
-1.440261114669699835e-47
-1.219154712638480125e-47
-1.031992184062751444e-47
-8.735625240390658116e-48
-7.394547121483834812e-48
-6.259349002178620694e-48
-5.298424540056477658e-48
-4.485019543869744885e-48
-3.796487079663012693e-48
-3.213656931718062070e-48
-2.720301862767370692e-48
-2.302685813018496189e-48
-1.949181458885033424e-48
-1.649946483441798648e-48
-1.396649545281030314e-48
-1.182238316157172702e-48
-1.000743129092493762e-48
-8.471107700866526086e-49
-7.170637858363627913e-49
-6.069813902913552733e-49
-5.137986542303343605e-49
-4.349211710793675681e-49
-3.681528230867071757e-49
-3.116346367097879582e-49
-2.637930248177599465e-49
-2.232959746618489515e-49
-1.890159617928945477e-49
-1.599985573703069911e-49
-1.354358548228267100e-49
-1.146439760024622381e-49
-9.704403055488193630e-50
-8.214599837443353529e-50
-6.953508639685273072e-50
-5.886017987362549861e-50
-4.982406658679808051e-50
-4.217516182545805087e-50
-3.570050372955434198e-50
-3.021982397645681737e-50
-2.558052872548214416e-50
-2.165345007915992762e-50
-1.832924977284000818e-50
-1.551537496366465253e-50
-1.313348136156744182e-50
-1.111725195675828862e-50
-9.410550612400398803e-51
-7.965859114555076157e-51
-6.742954163524168175e-51
-5.707787471198339669e-51
-4.831537783928984289e-51
-4.089808437214362539e-51
-3.461948100405432781e-51
-2.930475799512962061e-51
-2.480594209521921522e-51
-2.099777665229805253e-51
-1.777423419950503617e-51
-1.504556442380669711e-51
-1.273579532541686991e-51
-1.078061799491264142e-51
-9.125596115720402144e-52
-7.724650340690166925e-52
-6.538775344564251182e-52
-5.534953832338940498e-52
-4.685237267188225807e-52
-3.965967723451256760e-52
-3.357119199407506167e-52
-2.841740050577890517e-52
-2.405481019703902177e-52
-2.036195722750582320e-52
-1.723602467608820173e-52
-1.458997989807225973e-52
-1.235015135023953405e-52
-1.045417741761100513e-52
-8.849270132771826368e-53
-7.490745446011654035e-53
-6.340779125856516901e-53
-5.367353651605399259e-53
-4.543366777108853365e-53
-3.845876946297848564e-53
-3.255464551219234798e-53
-2.755691248636293463e-53
-2.332642281411641998e-53
-1.974539061922094597e-53
-1.671411230999701710e-53
-1.414819061818185586e-53
-1.197618479855972354e-53
-1.013762156589353791e-53
-8.581311389385932377e-54
-7.263923266710841435e-54
-6.148778296278428680e-54
-5.204828458203783878e-54
-4.405792171060073939e-54
-3.729422556468476968e-54
-3.156888038445430089e-54
-2.672248032069822097e-54
-2.262009123522001355e-54
-1.914749384597227919e-54
-1.620800361807095587e-54
-1.371977885965795238e-54
-1.161354207424115383e-54
-9.830651127093325839e-55
-8.321466522859778236e-55
-7.043969335889912887e-55
-5.962591313520658649e-55
-5.047224579886734803e-55
-4.272383368292869369e-55
-3.616494442986502717e-55
-3.061296454156520936e-55
-2.591331502915957012e-55
-2.193514760351675805e-55
-1.856770157915499949e-55
-1.571722005997745270e-55
-1.330433954685500962e-55
-1.126188028815218795e-55
-9.532975851826759457e-56
-8.069489842394848250e-56
-6.830675680777649179e-56
-5.782042132433088171e-56
-4.894392997652142001e-56
-4.143014226945108956e-56
-3.506985829070882610e-56
-2.968599413758846949e-56
-2.512865152267842659e-56
-2.127094428509219194e-56
-1.800546560849690142e-56
-1.524129758573923340e-56
-1.290147986994745248e-56
-1.092086693395475926e-56
-9.244314279554983955e-57
-7.825143096788488784e-57
-6.623840626085464211e-57
-5.606960038569401709e-57
-4.746189204840881292e-57
-4.017562424770959330e-57
-3.400793171175872009e-57
-2.878709269533118920e-57
-2.436774787933017269e-57
-2.062685325659520164e-57
-1.746025432370795543e-57
-1.477978619696125325e-57
-1.251081891351837009e-57
-1.059017957370894733e-57
-8.964393472454582575e-58
-7.588195249161589420e-58
-6.423268603316942702e-58
-5.437179486771503156e-58
-4.602473070502248821e-58
-3.895909343481271148e-58
-3.297816061087517055e-58
-2.791541027761358896e-58
-2.362988464282307746e-58
-2.000226551142330150e-58
-1.693155221182979682e-58
-1.433224952134490547e-58
-1.213198729639082812e-58
-1.026950553300002346e-58
-8.692948757347401226e-59
-7.358422258505217666e-59
-6.228769965853043905e-59
-5.272539944642035614e-59
-4.463108706895295408e-59
-3.777939956587083739e-59
-3.197957130984945389e-59
-2.707012268362401970e-59
-2.291436414223481793e-59
-1.939659048389019390e-59
-1.641885936980040017e-59
-1.389826440008519395e-59
-1.176462682236970771e-59
-9.958541605293989802e-60
-8.429723475444279517e-60
-7.135606867844841439e-60
-6.040160809634670646e-60
-5.112885740756291981e-60
-4.327964341003929143e-60
-3.663542720638110569e-60
-3.101121961376230449e-60
-2.625043066961866095e-60
-2.222050983234049319e-60
-1.880925549082860616e-60
-1.592169103178455153e-60
-1.347742048776053644e-60
-1.140839014155574873e-60
-9.656993765249003327e-61
-8.174468739665959901e-61
-6.919538398816911517e-61
-5.857262799277265625e-61
-4.958065917469893645e-61
-4.196912189941320487e-61
-3.552609469755906354e-61
-3.007218991821737926e-61
-2.545555919321102100e-61
-2.154766565392398411e-61
-1.823970519009998825e-61
-1.543957711081227061e-61
-1.306931986434176633e-61
-1.106294042191529051e-61
-9.364576890705041521e-62
-7.926943199314635377e-62
-6.710012552465840303e-62
-5.679902999449010112e-62
-4.807934088184880008e-62
-4.069828340127156893e-62
-3.445035313359573523e-62
-2.916159434361633615e-62
-2.468475668054496331e-62
-2.089519541345300992e-62
-1.768740105550581719e-62
-1.497206175429677253e-62
-1.267357665894604643e-62
-1.072795103079787020e-62
-9.081014493091908808e-63
-7.686912811869176762e-63
-6.506831216074658361e-63
-5.507913711355021830e-63
-4.662348298936506383e-63
-3.946592630124519147e-63
-3.340718536988420248e-63
-2.827857189564033520e-63
-2.393729431566441747e-63
-2.026248218153810043e-63
-1.715182086759386528e-63
-1.451870291301540880e-63
-1.228981668498378557e-63
-1.040310522609462166e-63
-8.806038456002968934e-64
-7.454150621690544285e-64
-6.309802275843115716e-64
-5.341132314174301045e-64
-4.521170894171302175e-64
-3.827088537023400159e-64
-3.239560506128603167e-64
-2.742228765115276390e-64
-2.321246535139459991e-64
-1.964892770961174319e-64
-1.663245821988328822e-64
-1.407907192313801217e-64
-1.191767708635665378e-64
-1.008809585674862296e-64
-8.539388781682512891e-65
-7.228436545430035768e-65
-6.118739435238025837e-65
-5.179401111296555024e-65
-4.384268386590589135e-65
-3.711203066264626211e-65
-3.141465572951046684e-65
-2.659193196876032516e-65
-2.250958444109031781e-65
-1.905395186426524316e-65
-1.612882204004566815e-65
-1.365275310091173811e-65
-1.155680599436555860e-65
-9.782625072336561273e-66
-8.280813345189699516e-66
-7.009557163933458679e-66
-5.933462038845643083e-66
-5.022567181215087682e-66
-4.251511330933977050e-66
-3.598826644800914282e-66
-3.046340985873408266e-66
-2.578671972327120879e-66
-2.182798699062501748e-66
-1.847699207871432443e-66
-1.564043612558046364e-66
-1.323934334962257313e-66
-1.120686219500770253e-66
-9.486404041441622070e-67
-8.030067656008644652e-67
-6.797305520446592038e-67
-5.753794901556178655e-67
-4.870482232936003513e-67
-4.122774201584796556e-67
-3.489853017492055708e-67
-2.954096801861334131e-67
-2.500588956333451917e-67
-2.116702852999581357e-67
-1.791750282087935319e-67
-1.516683869355054273e-67
-1.283845177845449342e-67
-1.086751480635092538e-67
-9.199152678554305801e-68
-7.786914626874835959e-68
-6.591480924932837363e-68
-5.579568142920781617e-68
-4.723002465764348813e-68
-3.997935273882752936e-68
-3.384179146637334627e-68
-2.864645801384444552e-68
-2.424870319156514437e-68
-2.052608410395679621e-68
-1.737495507756732614e-68
-1.470758194395584690e-68
-1.244969933288991428e-68
-1.053844296567428180e-68
-8.920599379245155170e-69
-7.551124349601650859e-69
-6.391888764314382653e-69
-5.410617026525672315e-69
-4.579988433336019809e-69
-3.876876509029371572e-69
-3.281705114551022395e-69
-2.777903405947526464e-69
-2.351444466645996319e-69
-1.990454768110955057e-69
-1.684883585427324480e-69
-1.426223163632417382e-69
-1.207271843630494315e-69
-1.021933552608222281e-69
-8.650480763354092981e-70
-7.322473877696910058e-70
-6.198340318459402396e-70
-5.246781804228602466e-70
-4.441304911768031553e-70
-3.759483442478595599e-70
-3.182334029087015641e-70
-2.693787598119623402e-70
-2.280241972545264663e-70
-1.930183158088110415e-70
-1.633864769013205171e-70
-1.383036667912316021e-70
-1.170715264241395797e-70
-9.909890762308088779e-71
-8.388541425956193562e-71
-7.100747015559836669e-71
-6.010652581742856795e-71
-5.087907565111964813e-71
-4.306820771800020978e-71
-3.645645075707938460e-71
-3.085971932024258211e-71
-2.612218843983940077e-71
-2.211195512847249340e-71
-1.871736591785343299e-71
-1.584390818755351513e-71
-1.341157873160856933e-71
-1.135265629823840384e-71
-9.609816085423229118e-72
-8.134533695870468540e-72
-6.885734114061321757e-72
-5.828648090008827520e-72
-4.933844089010961872e-72
-4.176408854807398722e-72
-3.535253771265834195e-72
-2.992527710227095378e-72
-2.533120017936015468e-72
-2.144239802137441848e-72
-1.815059806292376537e-72
-1.536414955610009291e-72
-1.300547181772509243e-72
-1.100889421728399737e-72
-9.318827766184952568e-73
-7.888217401478862087e-73
-6.677231872315858266e-73
-5.652154752772565975e-73
-4.784445704475649360e-73
-4.049945852569959728e-73
-3.428205150997040907e-73
-2.901913009494891039e-73
-2.456416329759701660e-73
-2.079311531864483410e-73
-1.760099212077609504e-73
-1.489891817018037347e-73
-1.261166195169851362e-73
-1.067554136261118834e-73
-9.036650666764042505e-74
-7.649359643636418344e-74
-6.475043145454069369e-74
-5.481005690505003755e-74
-4.639571151033990380e-74
-3.927312190680021213e-74
-3.324397997350698103e-74
-2.814042151020348427e-74
-2.382035253910620944e-74
-2.016349310480475879e-74
-1.706802842317529986e-74
-1.444777414013159116e-74
-1.222977677496836798e-74
-1.035228253950249209e-74
-8.763017980593139221e-75
-7.417734575459806701e-75
-6.278976758216023593e-75
-5.315039076842826158e-75
-4.499083445626846988e-75
-3.808391915481056724e-75
-3.223734157675905366e-75
-2.728832050378239195e-75
-2.309906460940985084e-75
-1.955293605393317312e-75
-1.655120303760891598e-75
-1.401029089629009951e-75
-1.185945520411102314e-75
-1.003881209743867922e-75
-8.497670980092736856e-76
-7.193123188781883043e-76
-6.088847324190646886e-76
-5.154097985576547906e-76
-4.362849753086117052e-76
-3.693072584430855975e-76
-3.126118451415298236e-76
-2.646202138966422188e-76
-2.239961751001487141e-76
-1.896086686676757119e-76
-1.605002729080285666e-76
-1.358605478565997505e-76
-1.150034708942394535e-76
-9.734833641096428085e-77
-8.240358772038325623e-77
-6.975313107072569539e-77
-5.904475070526953468e-77
-4.998030242273191074e-77
-4.230741260534904748e-77
-3.581245159783511420e-77
-3.031458580109651836e-77
-2.566074287825693977e-77
-2.172134989356168196e-77
-1.838672572485430088e-77
-1.556402730666544166e-77
-1.317466468079090665e-77
-1.115211288385112715e-77
-9.440059750097231753e-78
-7.990838060332839602e-78
-6.764098384631982210e-78
-5.725685667953151592e-78
-4.846688280390497224e-78
-4.102633055591995058e-78
-3.472803905490795609e-78
-2.939665040126737433e-78
-2.488372733767069389e-78
-2.106362043849941674e-78
-1.782996976122234957e-78
-1.509274355822669913e-78
-1.277573160049956193e-78
-1.081442332193049637e-78
-9.154211707244838957e-79
-7.748872915962536675e-79
-6.559279311862192510e-79
-5.552310065944323786e-79
-4.699929001748115496e-79
-3.978404008263203469e-79
-3.367646287226306100e-79
-2.850651038032822441e-79
-2.413024007735266025e-79
-2.042580724270171994e-79
-1.729007254708551144e-79
-1.463573043314093500e-79
-1.238887834207895865e-79
-1.048695910846306912e-79
-8.877019234989238352e-80
-7.514234553920707687e-80
-6.360662226435514495e-80
-5.384184332879759433e-80
-4.557613641224992757e-80
-3.857936656409160291e-80
-3.265672875435985651e-80
-2.764332408527492403e-80
-2.339956865341399102e-80
-1.980730723543840755e-80
-1.676652359409192733e-80
-1.419255581234624500e-80
-1.201373912464127410e-80
-1.016941061661201105e-80
-8.608220239870738349e-81
-7.286701116884147883e-81
-6.168059330182340725e-81
-5.221149501040442777e-81
-4.419607635552525144e-81
-3.741117094682158756e-81
-3.166787251324346494e-81
-2.680627534862665061e-81
-2.269102219499780292e-81
-1.920753560715313134e-81
-1.625882787164102402e-81
-1.376280066148602494e-81
-1.164995924326048406e-81
-9.861477595140581392e-82
-8.347560564704586239e-82
-7.066057465440074142e-82
-5.981288511521971201e-82
-5.063051416301435979e-82
-4.285780496080746473e-82
-3.627834866825016353e-82
-3.070895915688292551e-82
-2.599457271671392291e-82
-2.200393075103870929e-82
-1.862592525651251677e-82
-1.576650533881651874e-82
-1.334605863469860904e-82
-1.129719473359073846e-82
-9.562868884515140036e-83
-8.094793748267234484e-83
-6.852094974666878258e-83
-5.800173173270382167e-83
-4.909740592374226308e-83
-4.156005685398322168e-83
-3.517982861231203904e-83
-2.977908200510635547e-83
-2.520744870134099317e-83
-2.133764465680299475e-83
-1.806192625419376858e-83
-1.528909049049671721e-83
-1.294193569040447053e-83
-1.095511204663707892e-83
-9.273302141607124618e-84
-7.849680792259498796e-84
-6.644611336872605415e-84
-5.624542065663545984e-84
-4.761072069462740659e-84
-4.030160497687384134e-84
-3.411457209668368282e-84
-2.887736183230629089e-84
-2.444415905410123983e-84
-2.069153391961574781e-84
-1.751500532290915450e-84
-1.482613191720456686e-84
-1.255004971873087213e-84
-1.062338773337437502e-84
-8.992503572728617358e-85
-7.611989935328185134e-85
-6.443410370306657787e-85
-5.454229124435301162e-85
-4.616905277200530310e-85
-3.908125942701319931e-85
-3.308157189067601938e-85
-2.800294603611176326e-85
-2.370398206266689268e-85
-2.006498762318263744e-85
-1.698464533318014011e-85
-1.437719187828578063e-85
-1.217003018021478976e-85
-1.030170813891885083e-85
-8.720207674751789353e-86
-7.381496433928335059e-86
-6.248301833665455804e-86
-5.289073313798372339e-86
-4.477103901737004669e-86
-3.789786633256766355e-86
-3.207985126286610895e-86
-2.715500783122550546e-86
-2.298621786839346253e-86
-1.945741334994933542e-86
-1.647034481437493351e-86
-1.394184588801500894e-86
-1.180151775544617149e-86
-9.989769105957379223e-87
-8.456156984069608626e-87
-7.157982349821122875e-87
-6.059101246213213473e-87
-5.128918474181332714e-87
-4.341535756848392084e-87
-3.675030676131339288e-87
-3.110846305757517179e-87
-2.633274546767242594e-87
-2.229018780458106362e-87
-1.886823662095715195e-87
-1.597161748055221427e-87
-1.351968231423104891e-87
-1.144416400532320993e-87
-9.687275687157162481e-88
-8.200101833155780154e-88
-6.941236344008260184e-88
-5.875629713349587494e-88
-4.973613174574750552e-88
-4.210072658952637963e-88
-3.563749566265076903e-88
-3.016648879930268579e-88
-2.553538147272664260e-88
-2.161523375477368145e-88
-1.829690035265482513e-88
-1.548799177066664807e-88
-1.311030198912566332e-88
-1.109763104159204511e-88
-9.393941866286277996e-89
-7.951800114496238857e-89
-6.731053476904222028e-89
-5.697713757460743323e-89
-4.823010569348398336e-89
-4.082590305907733214e-89
-3.455838084166412093e-89
-2.925303782427887301e-89
-2.476216191578619502e-89
-2.096071753049497207e-89
-1.774286433015848300e-89
-1.501901040269284561e-89
-1.271331783182127546e-89
-1.076159120736277712e-89
-9.109490287776196098e-90
-7.711017051670944956e-90
-6.527235014559419981e-90
-5.525185153890723227e-90
-4.676968259405343903e-90
-3.958968159480126135e-90
-3.351194196423788159e-90
-2.836724643832169807e-90
-2.401235569550790886e-90
-2.032602026782068773e-90
-1.720560469646611099e-90
-1.456422994125082166e-90
-1.232835448237363877e-90
-1.043572676730237277e-90
-8.833651994473349755e-91
-7.477524977365286328e-91
-6.329588240752696074e-91
-5.357880771879740108e-91
-4.535348157539060578e-91
-3.839089331373059614e-91
-3.249718959229852571e-91
-2.750827710018643330e-91
-2.328525384853434761e-91
-1.971054184222335100e-91
-1.668461345713400214e-91
-1.412322037832767368e-91
-1.195504794685719463e-91
-1.011972960720576765e-91
-8.566166173333992196e-92
-7.251103118103457521e-92
-6.137926274771982609e-92
-5.195642420320311167e-92
-4.398016357867623286e-92
-3.722840472704957555e-92
-3.151316424827821597e-92
-2.667531762964402783e-92
-2.258016887914629731e-92
-1.911370030114076237e-92
-1.617939799995203503e-92
-1.369556472669127740e-92
-1.159304525320046523e-92
-9.813300942664169099e-93
-8.306779908817132825e-93
-7.031537385502091240e-93
-5.952067894712705741e-93
-5.038316698182504202e-93
-4.264843009222628933e-93
-3.610111666834482644e-93
-3.055893550789811496e-93
-2.586758043954614008e-93
-2.189643410921393365e-93
-1.853493131372126182e-93
-1.568948062916753347e-93
-1.328085862561573529e-93
-1.124200411743970613e-93
-9.516151036557566503e-94
-8.055247943744930141e-94
-6.818620173842845461e-94
-5.771837366128320623e-94
-4.885754849468447089e-94
-4.135702192370772596e-94
-3.500796325431839660e-94
-2.963360112042294547e-94
-2.508430179113628959e-94
-2.123340304783736339e-94
-1.797368763723116391e-94
-1.521439811380868576e-94
-1.287870995854903773e-94
-1.090159262007862187e-94
-9.227998925099028045e-95
-7.811332447406409544e-95
-6.612150163774661866e-95
-5.597064275867785845e-95
-4.737812622560109351e-95
-4.010471800953243228e-95
-3.394791087696100577e-95
-2.873628615556224498e-95
-2.432474107191083745e-95
-2.059044878006884258e-95
-1.742943859962418241e-95
-1.475370124968506876e-95
-1.248873848235434412e-95
-1.057148889225089606e-95
-8.948572152174589314e-96
-7.574802790680931448e-96
-6.411932131961711450e-96
-5.427583370944553446e-96
-4.594350133824802922e-96
-3.889033426031368921e-96
-3.291995722624318855e-96
-2.786614217619583022e-96
-2.358818009535289182e-96
-1.996696337414495393e-96
-1.690166959777409483e-96
-1.430695443465479686e-96
-1.211057546777812930e-96
-1.025138081138288357e-96
-8.677606511729760061e-97
-7.345435327971101169e-97
-6.217776766493490432e-97
-5.263234402286095711e-97
-4.455231735350796977e-97
-3.771272244127181707e-97
-3.192313034240813494e-97
-2.702234643614978942e-97
-2.287392242186403188e-97
-1.936235730667319167e-97
-1.638988161090126319e-97
-1.387373525674878764e-97
-1.174386335080821880e-97
-9.940965706071902423e-98
-8.414845797954264061e-98
-7.123013185740725885e-98
-6.029500487884455258e-98
-5.103861973213281034e-98
-4.320325886689109937e-98
-3.657076908654203897e-98
-3.095648769695274460e-98
-2.620410110227113723e-98
-2.218129270025872195e-98
-1.877605890521876540e-98
-1.589359072873705359e-98
-1.345363409476694264e-98
-1.138825539458560421e-98
-9.639950069903480609e-99
-8.160041563031371521e-99
-6.907326057453963339e-99
-5.846925275495404867e-99
-4.949315392507925942e-99
-4.189505030477815708e-99
-3.546339444636698742e-99
-3.001911530143723860e-99
-2.541063250005105790e-99
-2.150963602920431193e-99
-1.820751380777033555e-99
-1.541232769397125235e-99
-1.304625373097191937e-99
-1.104341536155382422e-99
-9.348049283931674170e-100
-7.912952882224802962e-100
-6.698170004723870918e-100
-5.669878499209289115e-100
-4.799448531930794718e-100
-4.062645471832542697e-100
-3.438955146615885875e-100
-2.911012684328814626e-100
-2.464119038209134956e-100
-2.085831733799089136e-100
-1.765618443857799657e-100
-1.494563745855446331e-100
-1.265120897550707448e-100
-1.070901719553864453e-100
-9.064987347562883748e-101
-7.673346126076696038e-101
-6.495347264483989894e-101
-5.498192756203991163e-101
-4.654119688052678401e-101
-3.939627261390123277e-101
-3.334822479647629510e-101
-2.822866284776146514e-101
-2.389504721872826781e-101
-2.022672078605196725e-101
-1.712154949985826744e-101
-1.449307875343978289e-101
-1.226812630218733277e-101
-1.038474471345154439e-101
-8.790496617590983052e-102
-7.440994739503593442e-102
-6.298666061997046775e-102
-5.331705712669130875e-102
-4.513191448269349146e-102
-3.820334081892643900e-102
-3.233842983298824562e-102
-2.737388986528224206e-102
-2.317149751013002917e-102
-1.961424918067306562e-102
-1.660310347889060636e-102
-1.405422367134881166e-102
-1.189664349532161326e-102
-1.007029130632863969e-102
-8.524317555132103379e-103
-7.215679027583427444e-103
-6.107940429525906505e-103
-5.170259950314256303e-103
-4.376530560874789508e-103
-3.704653138205813458e-103
-3.135921178549913237e-103
-2.654499968339887776e-103
-2.246985711922450179e-103
-1.902032341232697795e-103
-1.610035617004356538e-103
-1.362865726217184711e-103
-1.153640930722633022e-103
-9.765359649424891779e-104
-8.266198480222463873e-104
-6.997185947826949859e-104
-5.922990030496810847e-104
-5.013702817524898479e-104
-4.244007809067447990e-104
-3.592475050668581292e-104
-3.040964477516465843e-104
-2.574120856259247110e-104
-2.178946262483190890e-104
-1.844438190710745491e-104
-1.561283221126970067e-104
-1.321597714062306485e-104
-1.118708312610964537e-104
-9.469661421084064848e-105
-8.015895333849190656e-105
-6.785308908739351821e-105
-5.743639988985392199e-105
-4.861886285026969927e-105
-4.115497888771688378e-105
-3.483693751671172347e-105
-2.948883095905212675e-105
-2.496175649522641935e-105
-2.112967069437895046e-105
-1.788588009574821379e-105
-1.514007063463579446e-105
-1.281579310577236186e-105
-1.084833465401522290e-105
-9.182917030121515464e-106
-7.773171447184729863e-106
-6.579847574483275753e-106
-5.569720724365979979e-106
-4.714666805920359291e-106
-3.990879290159912076e-106
-3.378206385364823840e-106
-2.859589968120129995e-106
-2.420590648694177663e-106
-2.048985747560757282e-106
-1.734428989871530879e-106
-1.468162443046711056e-106
-1.242772677209809613e-106
-1.051984359451495934e-106
-8.904855351464332495e-107
-7.537797317809014063e-107
-6.380607675454879675e-107
-5.401067790969235067e-107
-4.571905179950820045e-107
-3.870034182761140293e-107
-3.275913210409226009e-107
-2.773000664939176995e-107
-2.347294385980556642e-107
-1.986941800670838851e-107
-1.681909922689130370e-107
-1.423706012468547774e-107
-1.205141121171491666e-107
-1.020129934985862420e-107
-8.635213469793909574e-108
-7.309550392709676048e-108
-6.187400824595809666e-108
-5.237521722593518431e-108
-4.433466421892937773e-108
-3.752848304048588342e-108
-3.176717505663895529e-108
-2.689033313684531990e-108
-2.276217557656028172e-108
-1.926776564430993866e-108
-1.630981149738328104e-108
-1.380595736894589844e-108
-1.168649060743171964e-108
-9.892400727296573526e-109
-8.373736430951249490e-109
-7.088214857851054549e-109
-6.000044339268926874e-109
-5.078927881724573557e-109
-4.299219633917290658e-109
-3.639210851401833817e-109
-3.080525478735293418e-109
-2.607608520809360702e-109
-2.207292958534128735e-109
-1.868433150878893380e-109
-1.581594516398785550e-109
-1.338790854318755319e-109
-1.133261991631529515e-109
-9.592855654292388159e-110
-8.120177000871946597e-110
-6.873581434115244888e-110
-5.818361068526028588e-110
-4.925136313322215873e-110
-4.169037881822428005e-110
-3.529014377339394518e-110
-2.987246177293970539e-110
-2.528649296828717395e-110
-2.140455418423031214e-110
-1.811856394638154229e-110
-1.533703326187408447e-110
-1.298251837021601877e-110
-1.098946454344433315e-110
-9.302380902359091945e-111
-7.874295431818505570e-111
-6.665447179423884784e-111
-5.642179225606061337e-111
-4.776001603033053375e-111
-4.042798075015680456e-111
-3.422154687923759567e-111
-2.896791403076232665e-111
-2.452080983524225040e-111
-2.075641740505078939e-111
-1.756992800757712450e-111
-1.487262296605751395e-111
-1.258940354195624285e-111
-1.065670002553922765e-111
-9.020701819260126863e-112
-7.635859235691283355e-112
-6.463615296849945064e-112
-5.471332225506796860e-112
-4.631382739696638955e-112
-3.920380850126954667e-112
-3.318530744243722301e-112
-2.809075628489906437e-112
-2.377831183352276544e-112
-2.012790641582801396e-112
-1.703790494130663193e-112
-1.442227516323928127e-112
-1.220819235702631089e-112
-1.033401172417184844e-112
-8.747552069316649632e-113
-7.404642964205898050e-113
-6.267894948540040108e-113
-5.305658527473238365e-113
-4.491142982016312828e-113
-3.801670458147472693e-113
-3.218044566878302958e-113
-2.724015915746118153e-113
-2.305829690990215984e-113
-1.951842694133352474e-113
-1.652199170445206370e-113
-1.398556403661273330e-113
-1.183852436927986069e-113
-1.002109452826796572e-113
-8.482673381580001143e-114
-7.180427995723401736e-114
-6.078101075273030727e-114
-5.145001482256513375e-114
-4.355149729265177014e-114
-3.686554654985418331e-114
-3.120601143255520075e-114
-2.641531838438504858e-114
-2.236008426954985124e-114
-1.892740270118768734e-114
-1.602170048620031749e-114
-1.356207666324014887e-114
-1.148005004699804656e-114
-9.717652565613298102e-115
-8.225815305628357432e-115
-6.963002328539774255e-115
-5.894054221479598163e-115
-4.989209183997045157e-115
-4.223274395909831803e-115
-3.574924595336052761e-115
-3.026108337814056944e-115
-2.561545405498663773e-115
-2.168301373232095213e-115
-1.835427486496260672e-115
-1.553655824680969568e-115
-1.315141262362271809e-115
-1.113243044239277568e-115
-9.423398923101241124e-116
-7.976734974758941890e-116
-6.752160380429493314e-116
-5.715580365563914638e-116
-4.838134326593377090e-116
-4.095392290027407113e-116
-3.466674729766055571e-116
-2.934476804887018476e-116
-2.483980987452355785e-116
-2.102644510854120789e-116
-1.779850152379543928e-116
-1.506610627033116031e-116
-1.275318362309497441e-116
-1.079533687112395897e-116
-9.138055375444601337e-117
-7.735196876352146950e-117
-6.547702794262931782e-117
-5.542510755358989923e-117
-4.691634064420969451e-117
-3.971382495406549045e-117
-3.361702704912254197e-117
-2.845619904223513876e-117
-2.408765244910138624e-117
-2.038975759368173691e-117
-1.725955717800088831e-117
-1.460989973088209363e-117
-1.236701312467646248e-117
-1.046845060152079551e-117
-8.861352122107341178e-118
-7.500972629184810034e-118
-6.349436249509522849e-118
-5.374681748567710050e-118
-4.549569877265868673e-118
-3.851127757218319615e-118
-3.259909266704223478e-118
-2.759453619066792726e-118
-2.335827059223261729e-118
-1.977234918137439763e-118
-1.673693224018995595e-118
-1.416750727205305262e-118
-1.199253599304755882e-118
-1.015146255320805846e-118
-8.593027532201870206e-119
-7.273840767490638196e-119
-6.157173279445376871e-119
-5.211934658035222958e-119
-4.411807439350744500e-119
-3.734514371147003195e-119
-3.161198166517241918e-119
-2.675896476714511104e-119
-2.265097465238102231e-119
-1.917363609420070064e-119
-1.623013255344363708e-119
-1.373851059904279894e-119
-1.162939814930551055e-119
-9.844073004863656919e-120
-8.332827897106435204e-120
-7.053586531559149865e-120
-5.970732093899280126e-120
-5.054115601703801905e-120
-4.278216492326716932e-120
-3.621432075880123614e-120
-3.065476070165319990e-120
-2.594869471484392120e-120
-2.196509586088062682e-120
-1.859305223170662498e-120
-1.573867892407600735e-120
-1.332250408315116098e-120
-1.127725623616847099e-120
-9.545991310825141096e-121
-8.080507190577925090e-121
-6.840001664671671204e-121
-5.789936407365838872e-121
-4.901075357113906989e-121
-4.148670722108819697e-121
-3.511773948853797050e-121
-2.972652469651628587e-121
-2.516295990011149818e-121
-2.129998569959933001e-121
-1.803004863514191390e-121
-1.526210666853716753e-121
-1.291909437824764161e-121
-1.093577729332349086e-121
-9.256935626272429943e-122
-7.835826836128316015e-122
-6.632884216189933675e-122
-5.614615272320396235e-122
-4.752669220310864371e-122
-4.023047639443193930e-122
-3.405436305153117670e-122
-2.882639597591075913e-122
-2.440101738806833156e-122
-2.065501528773872888e-122
-1.748409296840675254e-122
-1.479996517404452429e-122
-1.252790004884670102e-122
-1.060463844260476259e-122
-8.976632640737224343e-123
-7.598555481440921133e-123
-6.432038350607020107e-123
-5.444602917584307257e-123
-4.608756869021408858e-123
-3.901228464090634588e-123
-3.302318599475738639e-123
-2.795352344222685988e-123
-2.366214674014596243e-123
-2.002957478721319330e-123
-1.695466901470642433e-123
-1.435181747251786827e-123
-1.214855120945194858e-123
-1.028352658269923126e-123
-8.704817319681561052e-124
-7.368468779621599903e-124
-6.237274162376966912e-124
-5.279738591584414724e-124
-4.469202229975832440e-124
-3.783098012515064781e-124
-3.202323331063945565e-124
-2.710708176936414121e-124
-2.294564933288314485e-124
-1.942307282603372574e-124
-1.644127618845673083e-124
-1.391723982740836308e-124
-1.178068917482075911e-124
-9.972138093102272648e-125
-8.441232653896929721e-125
-7.145349177073514858e-125
-6.048407496354803368e-125
-5.119866410355928295e-125
-4.333873350247521364e-125
-3.668544588974916519e-125
-3.105355951513733521e-125
-2.628627062236629574e-125
-2.225084769736167628e-125
-1.883493593914177176e-125
-1.594342906196864423e-125
-1.349582133304610678e-125
-1.142396612081284797e-125
-9.670178547037415287e-126
-8.185629416496287415e-126
-6.928985707791390430e-126
-5.865259773673558005e-126
-4.964835210150631845e-126
-4.202642272486120238e-126
-3.557459879912194315e-126
-3.011324775377173907e-126
-2.549031390067207793e-126
-2.157708487864368556e-126
-1.826460802618514847e-126
-1.546065690645674571e-126
-1.308716352611924173e-126
-1.107804475551473774e-126
-9.377362433063891376e-127
-7.937765927264217905e-127
-6.719173793888433352e-127
-5.687657822890707733e-127
-4.814498404508029728e-127
-4.075384913930989076e-127
-3.449738851537621261e-127
-2.920140893471676520e-127
-2.471845900429476800e-127
-2.092372381459415834e-127
-1.771154982571214759e-127
-1.499250324695458891e-127
-1.269088000891073373e-127
-1.074259800032236629e-127
-9.093412885119164697e-128
-7.697407824138497678e-128
-6.515715052163140770e-128
-5.515433716250688606e-128
-4.668713845651908990e-128
-3.951980949088045135e-128
-3.345279650518831704e-128
-2.831718088812758184e-128
-2.396997612222131656e-128
-2.029014673352434592e-128
-1.717523840527800040e-128
-1.453852543070696546e-128
-1.230659608395065491e-128
-1.041730868067502342e-128
-8.818061420735594190e-129
-7.464327841615503077e-129
-6.318417106519964037e-129
-5.348424610905281072e-129
-4.527343690086427546e-129
-3.832313695957141918e-129
-3.243983507675664785e-129
-2.745972755093949172e-129
-2.324415754234646054e-129
-1.967575457007423753e-129
-1.665516666700050737e-129
-1.409829420862378187e-129
-1.193394839973098731e-129
-1.010186922615967990e-129
-8.551047687179382324e-130
-7.238305595865362591e-130
-6.127093406073379479e-130
-5.186472594939099099e-130
-4.390254268261864415e-130
-3.716270005706613541e-130
-3.145754644589905302e-130
-2.662823817635073334e-130
-2.254031698231503862e-130
-1.907996639877196110e-130
-1.615084286808713834e-130
-1.367139332941541758e-130
-1.157258460714203444e-130
-9.795981379695972706e-131
-8.292119215281227886e-131
-7.019127376350126047e-131
-5.941563048759672599e-131
-5.029424538060327494e-131
-4.257315958184646924e-131
-3.603740155688409439e-131
-3.050500183044637360e-131
-2.582192656722856088e-131
-2.185778894062599170e-131
-1.850221888475572761e-131
-1.566179015587231575e-131
-1.325741914601738707e-131
-1.122216302631843566e-131
-9.499355915522063994e-132
-8.041031180720822176e-132
-6.806585943755643722e-132
-5.761650610286703809e-132
-4.877131946812456067e-132
-4.128403062856848433e-132
-3.494617745690891719e-132
-2.958130057205719234e-132
-2.504003033274220629e-132
-2.119592806737372488e-132
-1.794196575112754983e-132
-1.518754611694248216e-132
-1.285598023392570745e-132
-1.088235232357286782e-132
-9.211712365725167041e-133
-7.797546172535534715e-133
-6.600480334041960722e-133
-5.587185978266308989e-133
-4.729450824167697447e-133
-4.003393691426733251e-133
-3.388799597335039848e-133
-2.868556928460891459e-133
-2.428181016750451317e-133
-2.055410855405528043e-133
-1.739867726242629963e-133
-1.472766233991344117e-133
-1.246669702109623107e-133
-1.055283119810661903e-133
-8.932778755052606205e-134
-7.561433968643019089e-134
-6.400615668423667199e-134
-5.418004191369053926e-134
-4.586241533374565871e-134
-3.882169643936024784e-134
-3.286185656516885166e-134
-2.781696102839155013e-134
-2.354654915252876309e-134
-1.993172354185379624e-134
-1.687183972375094373e-134
-1.428170399143921998e-134
-1.208920142905041104e-134
-1.023328807821247288e-134
-8.662291343748179221e-135
-7.332471318160855663e-135
-6.206802969107638788e-135
-5.253945283346617622e-135
-4.447368665928066777e-135
-3.764616299559187838e-135
-3.186678898802302824e-135
-2.697465450930644546e-135
-2.283355207736566892e-135
-1.932818454782888810e-135
-1.636095499505000052e-135
-1.384924940506737018e-135
-1.172313652484218224e-135
-9.923420826676381461e-136
-8.399994378180307197e-136
-7.110441730313798585e-136
-6.018858980610112063e-136
-5.094854131780114010e-136
-4.312700913535466633e-136
-3.650622508226760125e-136
-3.090185237688229204e-136
-2.615785330229943512e-136
-2.214214478276565008e-136
-1.874292090849282162e-136
-1.586554002010996302e-136
-1.342988968254349504e-136
-1.136815618356986284e-136
-9.622936455094483238e-137
-8.145639849020994930e-137
-6.895135269736883049e-137
-5.836605996481206791e-137
-4.940580311408219795e-137
-4.182110943961357753e-137
-3.540080485528459124e-137
-2.996613435641675388e-137
-2.536578509832306209e-137
-2.147167352323395703e-137
-1.817537924023486451e-137
-1.538512636981477634e-137
-1.302322830718137615e-137
-1.102392476110695279e-137
-9.331550846845987753e-138
-7.898987256742960874e-138
-6.686348357976636363e-138
-5.659871691279480691e-138
-4.790977951893993162e-138
-4.055475280632051540e-138
-3.432885710800601064e-138
-2.905875017830945141e-138
-2.459770097410035463e-138
-2.082150434889961425e-138
-1.762502291607463439e-138
-1.491925979923517362e-138
-1.262888076894754819e-138
-1.069011677673703100e-138
-9.048988488454282190e-139
-7.659803384221945289e-139
-6.483883580999401572e-139
-5.488488957634201073e-139
-4.645905599901198649e-139
-3.932674185883479232e-139
-3.328936828299375529e-139
-2.817884188470692071e-139
-2.385287468398749833e-139
-2.019102250610101955e-139
-1.709133155826927497e-139
-1.446749981812171040e-139
-1.224647420089807948e-139
-1.036641660540441434e-139
-8.774982209077765662e-140
-7.427862076224457321e-140
-6.287549502531937081e-140
-5.322295748238558465e-140
-4.505226085346871317e-140
-3.813591547746536071e-140
-3.228135551364877218e-140
-2.732557749700002638e-140
-2.313060197329229463e-140
-1.957963185611144464e-140
-1.657380054628411650e-140
-1.402941927441131390e-140
-1.187564702661776591e-140
-1.005251817928330949e-140
-8.509272927893830783e-141
-7.202944025568848235e-141
-6.097160483053945629e-141
-5.161134922630296672e-141
-4.368806391701445056e-141
-3.698114770160508749e-141
-3.130386569488864600e-141
-2.649815022915447214e-141
-2.243019991238487253e-141
-1.898675431147648792e-141
-1.607194053965352978e-141
-1.360460395034504871e-141
-1.151604861834152038e-141
-9.748124698378272407e-142
-8.251609409131881048e-142
-6.984836565765443477e-142
-5.912536504268389506e-142
-5.004854098611732779e-142
-4.236517530218639343e-142
-3.586134666508933342e-142
-3.035597458196451996e-142
-2.569577772487647608e-142
-2.175100625096008398e-142
-1.841182928941886850e-142
-1.558527701529851776e-142
-1.319265217080843086e-142
-1.116733896542761495e-142
-9.452948349893153021e-143
-8.001748024519743306e-143
-6.773333469935407841e-143
-5.733502998890143917e-143
-4.853305508166221195e-143
-4.108234417973583569e-143
-3.477545356381200778e-143
-2.943678591655015470e-143
-2.491770131787664006e-143
-2.109237879186494922e-143
-1.785431318178472404e-143
-1.511334981885407498e-143
-1.279317442353860511e-143
-1.082918835286385643e-143
-9.166710036097370775e-144
-7.759452522927658128e-144
-6.568234755814880608e-144
-5.559890685588555763e-144
-4.706345857740171003e-144
-3.983835759591847602e-144
-3.372244165460152715e-144
-2.854543057930965346e-144
-2.416318531452022936e-144
-2.045369478388625318e-144
-1.731367884104986402e-144
-1.465571272957457043e-144
-1.240579299083137838e-144
-1.050127704951463622e-144
-8.889139110427705117e-145
-7.524493806987318633e-145
-6.369346496667248926e-145
-5.391535408925087189e-145
-4.563836192755643961e-145
-3.863203932561936971e-145
-3.270131528439355818e-145
-2.768106576812473709e-145
-2.343151629821231580e-145
-1.983435033291404931e-145
-1.678941508188949185e-145
-1.421193303842203858e-145
-1.203014159239384763e-145
-1.018329500580767051e-145
-8.619973121585889578e-146
-7.296649716471030978e-146
-6.176480637920891458e-146
-5.228277984140657733e-146
-4.425641766223173691e-146
-3.746224876020465085e-146
-3.171110894881869797e-146
-2.684287420119125933e-146
-2.272200245484571080e-146
-1.923375983094619866e-146
-1.628102619783176167e-146
-1.378159113892964706e-146
-1.166586503901814801e-146
-9.874941560569566109e-147
-8.358957565384781295e-147
-7.075704818234222813e-147
-5.989454819355961815e-147
-5.069964046642739220e-147
-4.291631911335462248e-147
-3.632787982902983295e-147
-3.075088637929553085e-147
-2.603006334426087888e-147
-2.203397291866273102e-147
-1.865135540238235307e-147
-1.578803149255618931e-147
-1.336428013044680411e-147
-1.131261889674175680e-147
-9.575925156743937122e-148
-8.105845644104339492e-148
-6.861450202518381778e-148
-5.808092202678703338e-148
-4.916443906047380985e-148
-4.161679917918856470e-148
-3.522785995362515639e-148
-2.981973965775073810e-148
-2.524186466128141967e-148
-2.136677713793652826e-148
-1.808658636707453625e-148
-1.530996482538402579e-148
-1.295960543340545436e-148
-1.097006916117123835e-148
-9.285963065717386044e-149
-7.860398033138838906e-149
-6.653683285418407908e-149
-5.632221304316714971e-149
-4.767572404643586226e-149
-4.035662912623748303e-149
-3.416114903354765260e-149
-2.891678835816220486e-149
-2.447753288771490177e-149
-2.071978425985924854e-149
-1.753891871964672061e-149
-1.484637417052340002e-149
-1.256718441623586860e-149
-1.063789194167358192e-149
-9.004781119988158595e-150
-7.622382654709867076e-150
-6.452207617334985075e-150
-5.461675833274283083e-150
-4.623208780143309999e-150
-3.913461742745066400e-150
-3.312673846292398288e-150
-2.804117871409560721e-150
-2.373634532587317370e-150
-2.009238253404515159e-150
-1.700783462458026438e-150
-1.439682118966873988e-150
-1.218664603357299791e-150
-1.031577315513003652e-150
-8.732113453934599881e-151
-7.391574458427377560e-151
-6.256832697226894638e-151
-5.296294533900514571e-151
-4.483216532585008670e-151
-3.794960863560604651e-151
-3.212365017679093633e-151
-2.719208281143370036e-151
-2.301760116159038536e-151
-1.948397873410686067e-151
-1.649283192657944211e-151
-1.396088081754169090e-151
-1.181763047542475263e-151
-1.000340822895781309e-151
-8.467702252433012259e-152
-7.167755208499497634e-152
-6.067373792484568715e-152
-5.135921033418347275e-152
-4.347463295269865126e-152
-3.680048229078807861e-152
-3.115093572631219874e-152
-2.636869780556490256e-152
-2.232062080157477662e-152
-1.889399759674597960e-152
-1.599342367577234921e-152
-1.353814085997467617e-152
-1.145978882696324949e-152
-9.700501813129854475e-153
-8.211297507082998859e-153
-6.950713277385485069e-153
-5.883651764261247126e-153
-4.980403694067754294e-153
-4.215820709605978566e-153
-3.568615186096773669e-153
-3.020767538198151003e-153
-2.557024516227496658e-153
-2.164474523083798376e-153
-1.832188127781832331e-153
-1.550913766728840702e-153
-1.312820160417203706e-153
-1.111278273861169463e-153
-9.406767500914491486e-154
-7.962656779818918033e-154
-6.740243445693316549e-154
-5.705492898093026071e-154
-4.829595469728842246e-154
-4.088164303740120908e-154
-3.460556371466107989e-154
-2.929297726399780202e-154
-2.479596992161134004e-154
-2.098933538958095639e-154
-1.776708882487975901e-154
-1.503951599476954098e-154
-1.273067544077226050e-154
-1.077628410612727612e-154
-9.121927558066272509e-155
-7.721544973679019267e-155
-6.536146708140143818e-155
-5.532728739644787312e-155
-4.683353766886304513e-155
-3.964373374866798279e-155
-3.355769612467799804e-155
-2.840597649897196867e-155
-2.404513998405158109e-155
-2.035377156893702636e-155
-1.722909566570302760e-155
-1.458411461740942664e-155
-1.234518649734761717e-155
-1.044997476037093061e-155
-8.845712660222000293e-156
-7.487734110511744694e-156
-6.338230085388149210e-156
-5.365195935432842632e-156
-4.541540309801476478e-156
-3.844330875100934869e-156
-3.254155830205621905e-156
-2.754583440215407232e-156
-2.331704541828615242e-156
-1.973745282502327879e-156
-1.670739311227346260e-156
-1.414250294010253910e-156
-1.197137028300835157e-156
-1.013354616646553305e-156
-8.577861638248249015e-157
-7.261003115417270618e-157
-6.146306441574765873e-157
-5.202736078370401267e-157
-4.404021009769523691e-157
-3.727923300804351438e-157
-3.155618945924718931e-157
-2.671173768443806869e-157
-2.261099778994961168e-157
-1.913979641073404614e-157
-1.620148787981303206e-157
-1.371426340629903479e-157
-1.160887334376801575e-157
-9.826699132069234327e-158
-8.318121231295380994e-158
-7.041137607716018998e-158
-5.960194307371514953e-158
-5.045195557987250044e-158
-4.270665838335430623e-158
-3.615040585265527097e-158
-3.060065790165254291e-158
-2.590289768337795506e-158
-2.192632951069044720e-158
-1.856023722472992560e-158
-1.571090162036807481e-158
-1.329899110319565815e-158
-1.125735292833841841e-158
-9.529143524482129849e-159
-8.066245847333705923e-159
-6.827929698243046764e-159
-5.779717708400514608e-159
-4.892425415187602043e-159
-4.141348704346837051e-159
-3.505575994628954256e-159
-2.967406014668590559e-159
-2.511854961747546771e-159
-2.126239320695070607e-159
-1.799822727712176877e-159
-1.523517047051191211e-159
-1.289629337888122730e-159
-1.091647666405058014e-159
-9.240597996314022434e-160
-7.821997330940497322e-160
-6.621177792784165827e-160
-5.604705998843581904e-160
-4.744281201405797448e-160
-4.015947334732018350e-160
-3.399426026973951570e-160
-2.877552006950903646e-160
-2.435795186306203115e-160
-2.061856110784807396e-160
-1.745323517133343878e-160
-1.477384461275158029e-160
-1.250578947106833732e-160
-1.058592224258860766e-160
-8.960789719464151449e-161
-7.585144738114383082e-161
-6.420686401463907566e-161
-5.434993700092775400e-161
-4.600622842024327544e-161
-3.894343158887838385e-161
-3.296490314451277441e-161
-2.790418807462025605e-161
-2.362038525307621179e-161
-1.999422445160439645e-161
-1.692474560164482460e-161
-1.432648785021487258e-161
-1.212711014707408045e-161
-1.026537711523412689e-161
-8.689454127155854057e-162
-7.355464117912614100e-162
-6.226265953901923916e-162
-5.270420344286505275e-162
-4.461314503930140832e-162
-3.776421196566443119e-162
-3.196671528382978947e-162
-2.705924029254288027e-162
-2.290515239706217245e-162
-1.938879290994720476e-162
-1.641225886595870539e-162
-1.389267719420852383e-162
-1.175989735470190534e-162
-9.954538197344451313e-163
-8.426334663777953700e-163
-7.132738300700200082e-163
-6.037732619969938331e-163
-5.110830322580673425e-163
-4.326224467081260833e-163
-3.662069949158853890e-163
-3.099875287234187376e-163
-2.623987780083732599e-163
-2.221157702177129247e-163
-1.880169402993040732e-163
-1.591529039332074833e-163
-1.347200246427291059e-163
-1.140380388368876998e-163
-9.653111581778970655e-164
-8.171182542305673431e-164
-6.916756692807240688e-164
-5.854908135976061088e-164
-4.956072738017012307e-164
-4.195224999960148292e-164
-3.551181294270424939e-164
-3.006010067373256303e-164
-2.544532586868761136e-164
-2.153900333173004684e-164
-1.823237269266718800e-164
-1.543337028573803424e-164
-1.306406590034683343e-164
-1.105849303741003087e-164
-9.360812260998043883e-165
-7.923756509066683013e-165
-6.707315077407870240e-165
-5.677619636109251267e-165
-4.806001262846488188e-165
-4.068192238800688188e-165
-3.443650383486745906e-165
-2.914987116534030287e-165
-2.467483322437596544e-165
-2.088679538915879309e-165
-1.768029058845212374e-165
-1.496604287387996169e-165
-1.266848178666927145e-165
-1.072363831452493063e-165
-9.077363857581969279e-166
-7.683822615625993810e-166
-6.504215421428478423e-166
-5.505699488990806822e-166
-4.660474000170486943e-166
-3.945006070472098402e-166
-3.339375543237102433e-166
-2.826720369896981131e-166
-2.392767134493785806e-166
-2.025433651267833601e-166
-1.714492570776755275e-166
-1.451286628623223531e-166
-1.228487608707646845e-166
-1.039892310025634195e-166
-8.802498362909672165e-167
-7.451153997582445519e-167
-6.307265688299422014e-167
-5.338985139174979217e-167
-4.519353349774106305e-167
-3.825550018907105049e-167
-3.238258178659746604e-167
-2.741126368712988561e-167
-2.320313376731403871e-167
-1.964102869422326689e-167
-1.662577184771184202e-167
-1.407341203128946401e-167
-1.191288609134200212e-167
-1.008404036702439205e-167
-8.535955883745710434e-168
-7.225530660063119315e-168
-6.116279656380130515e-168
-5.177318953446221786e-168
-4.382505878021943286e-168
-3.709711134971199724e-168
-3.140202680376457645e-168
-2.658124181391142840e-168
-2.250053542037383661e-168
-1.904629203360112454e-168
-1.612233813337273642e-168
-1.364726459240681806e-168
-1.155216007221956452e-168
-9.778692384144713550e-169
-8.277484396505370557e-169
-7.006739269709275279e-169
-5.931076742882196999e-169
-5.020548071773431819e-169
-4.249802191691182757e-169
-3.597379889666595747e-169
-3.045116334091729389e-169
-2.577635326974648151e-169
-2.181921197716440651e-169
-1.846956419018372445e-169
-1.563414855368522804e-169
-1.323402103491932182e-169
-1.120235695287696383e-169
-9.482590436312015991e-170
-8.026839508960484371e-170
-6.794572952964870627e-170
-5.751481833121035524e-170
-4.868524262777232552e-170
-4.121116815627399230e-170
-3.488450070568127615e-170
-2.952909232929237462e-170
-2.499583700935313152e-170
-2.115851922676269141e-170
-1.791029985120096365e-170
-1.516074151135241454e-170
-1.283329062515081456e-170
-1.086314598440000128e-170
-9.195454550613287881e-171
-7.783784229156676713e-171
-6.588831100472778427e-171
-5.577325114941013839e-171
-4.721103783571190541e-171
-3.996328074104870079e-171
-3.382818681397012498e-171
-2.863494192421244210e-171
-2.423895503214944643e-171
-2.051783246515950515e-171
-1.736797021612551846e-171
-1.470166938639445894e-171
-1.244469446096648134e-171
-1.053420643305597769e-171
-8.917013231806859156e-172
-7.548088741332155508e-172
-6.389319177390508999e-172
-5.408441918154094970e-172
-4.578147243849693644e-172
-3.875317975777245874e-172
-3.280385844635463705e-172
-2.776786668073728809e-172
-2.350499168444400271e-172
-1.989654590458732428e-172
-1.684206249668004053e-172
-1.425649811290578268e-172
-1.206786511351204285e-172
-1.021522727703274719e-172
-8.647003205612658470e-173
-7.319530188621533258e-173
-6.195848539453160192e-173
-5.244672558837501753e-173
-4.439519474091154929e-173
-3.757972102114081659e-173
-3.181054707088454997e-173
-2.692704675427591837e-173
-2.279325298276925569e-173
-1.929407210072338592e-173
-1.633207943198389768e-173
-1.382480676863598805e-173
-1.170244627979487013e-173
-9.905906912360323635e-174
-8.385169169780464790e-174
-7.097892462335635441e-174
-6.008236254605842936e-174
-5.085862188348980141e-174
-4.305089397749761008e-174
-3.644179499215443891e-174
-3.084731348306844416e-174
-2.611168712539026015e-174
-2.210306595770396708e-174
-1.870984139724791497e-174
-1.583753881837283418e-174
-1.340618717699803821e-174
-1.134809244579151628e-174
-9.605952867732114979e-175
-8.131263552695668064e-175
-6.882965997625881005e-175
-5.826304930034022650e-175
-4.931860646913794781e-175
-4.174729907319649055e-175
-3.533832572900504500e-175
-2.991324691783398876e-175
-2.532101684808647836e-175
-2.143377801755335394e-175
-1.814330138722074555e-175
-1.535797305346459715e-175
-1.300024352112077759e-175
-1.100446855975613674e-175
-9.315081527966730534e-176
-7.885046279290272658e-176
-6.674547575335822943e-176
-5.649882544434625897e-176
-4.782522321642574637e-176
-4.048317744151794021e-176
-3.426826986974825767e-176
-2.900746418836265907e-176
-2.455428832086747995e-176
-2.078475633130896967e-176
-1.759391639075819435e-176
-1.489292869402996089e-176
-1.260659196959516257e-176
-1.067124971541548229e-176
-9.033017865843200623e-177
-7.646284544046541465e-177
-6.472440129849203185e-177
-5.478802285365880832e-177
-4.637706008851060843e-177
-3.925733381907960833e-177
-3.323061564578051139e-177
-2.812910885101678091e-177
-2.381077657984542896e-177
-2.015538723029221060e-177
-1.706116694853568622e-177
-1.444196602724377065e-177
-1.222486031355272330e-177
-1.034812084476272728e-177
-8.759495182051603233e-178
-7.414752590873924440e-178
-6.276452562759989173e-178
-5.312902391519392467e-178
-4.497274780548718457e-178
-3.806860913545865411e-178
-3.222438192517085064e-178
-2.727735039555203333e-178
-2.308977861327212155e-178
-1.954507562790573629e-178
-1.654454933062683532e-178
-1.400465865492659427e-178
-1.185468761472697844e-178
-1.003477642015330259e-178
-8.494254853022867628e-179
-7.190231499647539104e-179
-6.086399562184360408e-179
-5.152025999771198021e-179
-4.361095854967779329e-179
-3.691587941726363462e-179
-3.124861728497864929e-179
-2.645138345983638203e-179
-2.239061269682493622e-179
-1.895324445696569889e-179
-1.604357506020640456e-179
-1.358059309037529508e-179
-1.149572386417821778e-179
-9.730920165416140952e-180
-8.237046086394158047e-180
-6.972508979214277773e-180
-5.902101427540820177e-180
-4.996020996864013903e-180
-4.229040471015096226e-180
-3.579805472537209062e-180
-3.030239911166099283e-180
-2.565042706836212160e-180
-2.171261774900888906e-180
-1.837933412407125686e-180
-1.555777045168446667e-180
-1.316936836739459572e-180
-1.114762965135185539e-180
-9.436264775717895354e-181
-7.987625683874530172e-181
-6.761379166666554607e-181
-5.723383899639259714e-181
-4.844739875577993416e-181
-4.100983766525521741e-181
-3.471407812436864443e-181
-2.938483272870421833e-181
-2.487372389381524434e-181
-2.105515270608921038e-181
-1.782280198048635283e-181
-1.508667616282565466e-181
-1.277059566117452991e-181
-1.081007584315201685e-181
-9.150531645909505831e-182
