-5.000000000000000000e-01
-1.839397205857211670e-01
-6.766764161830635116e-02
-2.489353418393197223e-02
-9.157819444367089334e-03
-3.368973499542733500e-03
-1.239376088333179245e-03
-4.559409827772581219e-04
-1.677313139512559266e-04
-6.170490204333978061e-05
-2.269996488124242709e-05
-8.350850395122829631e-06
-3.072106176664104903e-06
-1.130164703490527120e-06
-4.157643595517839385e-07
-1.529511602509128929e-07
-5.626758735962955823e-08
-2.069968859392583416e-08
-7.614989872356314577e-09
-2.801398218768633913e-09
-1.030576811219278935e-09
-3.791280213955953298e-10
-1.394734046434462319e-10
-5.130939815850945092e-11
-1.887567272139548863e-11
-6.943971932482010448e-12
-2.554544514031662550e-12
-9.397644082695416194e-13
-3.457200053470101510e-13
-1.271832823688461376e-13
-4.678811484420087408e-14
-1.721238554234988375e-14
-6.332082774547087769e-15
-2.329443072551698869e-15
-8.569542157710064999e-16
-3.152558380073494611e-16
-1.159761415121784817e-16
-4.266523812872032901e-17
-1.569566396024014798e-17
-5.774112086507893060e-18
-2.124177127645794435e-18
-7.814410946674943970e-19
-2.874761132146779948e-19
-1.057565518795540232e-19
-3.890566120566898305e-20
-1.431259290274696829e-20
-5.265308678776905870e-21
-1.936998814343593391e-21
-7.125820413704675773e-22
-2.621442831681731949e-22
-9.643749239819589103e-23
-3.547737081142351831e-23
-1.305139534833852372e-23
-4.801340027254337778e-24
-1.766314286100403555e-24
-6.497907125037515598e-25
-2.390446441942734411e-25
-8.793961012121558037e-26
-3.235117462822729939e-26
-1.190133204347200334e-26
-4.378255381348260019e-27
-1.610670142996257965e-27
-5.925324321169904871e-28
-2.179805000031540427e-28
-8.019054452743189633e-29
-2.950045270798530457e-29
-1.085261005651819733e-29
-3.992452122843489576e-30
-1.468741055855401404e-30
-5.403196388536392442e-31
-1.987724867954323421e-31
-7.312431136256154599e-32
-2.690093080010569122e-32
-9.896299389734522516e-33
-3.640645089160821731e-33
-1.339318480904038910e-33
-4.927077343055628735e-34
-1.812570459571779645e-34
-6.668074077511306837e-35
-2.453047365324640413e-35
-9.024256939227076493e-36
-3.319838599790367406e-36
-1.221300368870263853e-36
-4.492912972024690497e-37
-1.652850313380367168e-37
-6.080496496264127875e-38
-2.236889653090560363e-38
-8.229057155411368502e-39
-3.027300947700592876e-39
-1.113681780897871882e-39
-4.097006311995257345e-40
-1.507204392532687287e-40
-5.544695096560682311e-41
-2.039779333588780168e-41
-7.503928813536974015e-42
-2.760541138514266225e-42
-1.015546331367405465e-42
-3.735986168671495335e-43
-1.374392503955107374e-43
-5.056107463052242813e-44
-1.860037988010418060e-44
-6.842697355869264569e-45
-2.517287679382491159e-45
-9.260583847589877172e-46
-3.406778410772649176e-46
-1.253283737949976550e-46
-4.610573211462937824e-47
-1.696135096513007565e-47
-6.239732314564756492e-48
-2.295469236941472907e-48
-8.444559401122662158e-49
-3.106579793424054492e-49
-1.142846838359335787e-49
-4.204298562401821465e-50
-1.546675005654280510e-50
-5.689899367539340790e-51
-2.093196999652115715e-51
-7.700441424937601012e-52
-2.832834088179469486e-52
-1.042141421290875695e-52
-3.833824036860999868e-53
-1.410385044230067602e-53
-5.188516619079172785e-54
-1.908748594335587378e-54
-7.021893662209518871e-55
-2.583210316418930512e-55
-9.503099676325007907e-56
-3.495994998322958572e-56
-1.286104686321207406e-56
-4.731314732918189208e-57
-1.740553419952155233e-57
-6.403138194610416530e-58
-2.355582900776798250e-58
-8.665705211707735126e-59
-3.187934790639496909e-59
-1.172775669271457155e-59
-4.314400578310479270e-60
-1.587179273738606696e-60
-5.838906242618543181e-61
-2.148013565586955711e-61
-7.902100301368065142e-62
-2.907020242947969580e-62
-1.069432982449769590e-62
-3.934224079539301230e-63
-1.447320155824150146e-63
-5.324393301207531825e-64
-1.958734832225197614e-64
-7.205782754820445935e-65
-2.650859333046161820e-65
-9.751966500651242407e-66
-3.587547986582205412e-66
-1.319785148479594677e-66
-4.855218228890423073e-67
-1.786134968809608700e-67
-6.570823341824505085e-68
-2.417270819026667826e-68
-8.892642380635652912e-69
-3.271420309525728656e-69
-1.203488275305231845e-69
-4.427385941756716273e-70
-1.628744266103760566e-70
-5.991815304254424432e-71
-2.204265665731613180e-71
-8.109040213027431600e-72
-2.983149182005285017e-72
-1.097439254007149493e-72
-4.037253394837547215e-73
-1.485222522760345383e-73
-5.463828316883155848e-74
-2.010030107871677616e-74
-7.394487528216066620e-75
-2.720279939629326512e-75
-1.000735064020721446e-75
-3.681498561126105735e-76
-1.354347633340540778e-76
-4.982366505051835933e-77
-1.832910205589781522e-77
-6.742899821498023092e-78
-2.480574218207711149e-78
-9.125522571785401205e-79
-3.357092144105796783e-79
-1.235005181934679560e-79
-4.543330161739653746e-80
-1.671397760958142403e-80
-6.148728742764813508e-81
-2.261990893803104839e-81
-8.321399459471774995e-82
-3.061271782914818910e-82
-1.126178952772608565e-82
-4.142980838050273290e-83
-1.524117475485928353e-83
-5.606914851613928103e-84
-2.062668702307592337e-84
-7.588134095267411382e-85
-2.791518530500943134e-85
-1.026942277020412882e-85
-3.777909509855980446e-86
-1.389815239282095566e-86
-5.112844535586516722e-87
-1.880910390548030456e-87
-6.919482633683687805e-88
-2.545535404475055170e-88
-9.364501420804046626e-89
-3.445007549534570339e-89
-1.267347452154177557e-89
-4.662310724685300485e-90
-1.715168263964850820e-90
-6.309751424623821876e-91
-2.321227828021323421e-91
-8.539319962040853501e-92
-3.141440255619731210e-92
-1.155671285710859621e-92
-4.251477067651933159e-93
-1.564031007800995382e-93
-5.753748531246378824e-94
-2.116685794315924905e-94
-7.786851871484730666e-95
-2.864622714966602400e-95
-1.053835803548933578e-95
-3.876845264960395793e-96
-1.426211669581782483e-96
-5.246739519979358572e-97
-1.930167602582128076e-97
-7.100689790051358873e-98
-2.612197791895860019e-98
-9.609738639119245670e-99
-3.535225280362804477e-99
-1.300536700555024026e-99
-4.784407146231336805e-100
-1.760085027292239326e-100
-6.474990962544917688e-101
-2.382016056891163981e-101
-8.762947358705238373e-102
-3.223708177335249730e-102
-1.185935962777900568e-102
-4.362814592518505142e-103
-1.604989794230321486e-103
-5.904427485873188658e-104
-2.172117483940332878e-104
-7.990773661506890438e-105
-2.939641349122634721e-105
-1.081433616759699632e-105
-3.978371945975700054e-106
-1.463561248257683946e-106
-5.384140941292153594e-107
-1.980714760670841013e-107
-7.286642392756160789e-108
-2.680605931463277657e-108
-9.861398120675642552e-109
-3.627805629803266894e-109
-1.334595107770638196e-109
-4.909701024368032316e-110
-1.806178069163369695e-110
-6.644557787399351284e-111
-2.444396205659828631e-111
-8.992431101397317375e-112
-3.308130528354742638e-112
-1.216993210093330885e-112
-4.477067820385743099e-113
-1.647021207850154316e-113
-6.059052415414287149e-114
-2.229000816611085871e-114
-8.200035747855748314e-115
-3.016624568507022974e-115
-1.109754160486406899e-115
-4.082557403974225144e-116
-1.501888936324372113e-116
-5.525140625965819652e-117
-2.032585645873938634e-117
-7.477464715371996919e-118
-2.750805540870228548e-118
-1.011964805146646742e-118
-3.722810470025159492e-119
-1.369545435300050046e-119
-5.038276093970821332e-120
-1.853478193917423041e-120
-6.818565222017958294e-121
-2.508409963466998138e-121
-9.227924555891172423e-122
-3.394763728793474858e-122
-1.248863783457625258e-122
-4.594313107576443125e-123
-1.690153338581854604e-123
-6.217726656915401711e-124
-2.287373807902818321e-124
-8.414777982014828837e-125
-3.095623821605372478e-125
-1.138816361569188930e-125
-4.189471266909684664e-126
-1.541220348474549062e-126
-5.669832805188727427e-127
-2.085814923908340372e-127
-7.673284285944547640e-128
-2.822843535062889602e-128
-1.038466102193354676e-128
-3.820303293503772377e-129
-1.405411040719588395e-129
-5.170218282760973394e-130
-1.902017012596480953e-130
-6.997129556925695791e-131
-2.574100111206006742e-131
-9.469585104298133799e-132
-3.483665676294611834e-132
-1.281568982223396483e-132
-4.714628810029972168e-133
-1.734415011964608111e-133
-6.380556253609004991e-134
-2.347275468940632471e-134
-8.635143877893150568e-135
-3.176691904234333674e-135
-1.168639642503571553e-135
-4.299184986150080264e-136
-1.581581770197546571e-136
-5.818314177872139917e-137
-2.140438168315482556e-137
-7.874231972219252678e-138
-2.896768057594322869e-138
-1.065661414231083936e-138
-3.920349255453000766e-139
-1.442215893292929941e-139
-5.305615768731755895e-140
-1.951826964071430655e-140
-7.180370128059507278e-141
-2.641510550114649273e-141
-9.717574250246463986e-142
-3.574895784722666375e-142
-1.315130663529919308e-142
-4.838095335668148848e-143
-1.779835808419760232e-143
-6.547650025783836593e-144
-2.408745832471537857e-144
-8.861280707736699249e-145
-3.259882994825460074e-145
-1.199243934420678040e-145
-4.411771884229208565e-146
-1.623000175346122263e-146
-5.970683975274844100e-147
-2.196491884235395299e-147
-8.080442069101255454e-148
-2.972628512799183193e-148
-1.093568916098859109e-148
-4.023015217369082494e-149
-1.479984589989946510e-149
-5.444559039078476948e-150
-2.002941336721115072e-150
-7.368409396521454656e-151
-2.710686331114717608e-151
-9.972057726815494708e-152
-3.668515023870248054e-152
-1.349571256910427205e-152
-4.964795198132489790e-153
-1.826446083019640583e-153
-6.719119643510351062e-154
-2.471825979618648753e-154
-9.093339600551614882e-155
-3.345252690633074771e-155
-1.230649690407359262e-155
-4.527307203848678524e-156
-1.665503244163296787e-156
-6.127044027320178607e-157
-2.254013532803370896e-157
-8.292052388405726227e-158
-3.050475598811021873e-158
-1.122207258597719687e-158
-4.128369791714653725e-159
-1.518742371925050614e-159
-5.587140950671784163e-160
-2.055394290679216980e-160
-7.561373030420434046e-161
-2.781673684919884730e-161
-1.023320560729633784e-161
-3.764585960204647119e-162
-1.384913779281943232e-162
-5.094813071928714344e-163
-1.874276985774094846e-163
-6.895079701270694096e-164
-2.536558067336018199e-164
-9.331475643104881024e-165
-3.432858044890349050e-165
-1.262877899175151730e-165
-4.645868158163198959e-166
-1.709119381781275705e-166
-6.287498830649766477e-167
-2.313041556185533343e-167
-8.509204350958573210e-168
-3.130361341444245339e-168
-1.151595580955195526e-168
-4.236483387772998109e-169
-1.558515141226029162e-169
-5.733456792114631694e-170
-2.109220880663741149e-170
-7.759389988857144561e-171
-2.854520052932050385e-171
-1.050119241885318627e-171
-3.863172798681496899e-172
-1.421181850327666061e-172
-5.228235849015381309e-173
-1.923360482448279884e-173
-7.075647794543088824e-174
-2.602985356582460051e-174
-9.575847983570028412e-175
-3.522757604938425004e-175
-1.295950099087196191e-175
-4.767533982382731175e-176
-1.753877737204820097e-176
-6.452155618459429392e-177
-2.373615403270036653e-177
-8.732043081109088229e-178
-3.212339128963370561e-178
-1.181753523616202659e-178
-4.347428258703115067e-179
-1.599329478344638399e-179
-5.883604347424399339e-180
-2.164457079404356630e-180
-7.962592608108468900e-181
-2.929274118946801320e-181
-1.077619725916118209e-181
-3.964341425653444113e-182
-1.458399708282187956e-182
-5.365152696874458347e-183
-1.973729375925632251e-183
-7.260944598391812493e-184
-2.671152241233182628e-184
-9.826619937887088824e-185
-3.615011451354055862e-185
-1.329888392552494565e-185
-4.892385986725994311e-186
-1.799808222791754286e-186
-6.621124432163972881e-187
-2.435775556031065957e-187
-8.960717503717676860e-188
-3.296463747762820663e-188
-1.212701241368904854e-188
-4.461278549827071095e-189
-1.641212659820525431e-189
-6.037683961382714212e-190
-2.221139801683252837e-190
-8.171116690068833173e-191
-3.005985841689167644e-191
-1.105840391609878669e-191
-4.068159452902511581e-192
-1.496592226130096428e-192
-5.505655118102646625e-193
-2.025417328130293004e-193
-7.451093948115280659e-194
-2.741104277748565309e-194
-1.008395909890792154e-194
-3.709681238101927338e-195
-1.364715460797121180e-195
-5.020507610760723696e-196
-1.846941534243628032e-196
-6.794518194938722597e-197
-2.499563556583254070e-197
-9.195380443683503079e-198
-3.382791418981097002e-198
-1.244459416814316248e-198
-4.578110348181896588e-199
-1.684192676510353325e-199
-6.195798606596645057e-200
-2.279306929005574919e-200
-8.385101593007672561e-201
-3.084706488201433434e-201
-1.134800099057465691e-201
-4.174696262825578351e-202
-1.535784928228782530e-202
-5.649837011563281294e-203
-2.078458882523631724e-203
-7.646222922006140857e-204
-2.812888215619892254e-204
-1.034803744839981553e-204
-3.806830233738481745e-205
-1.400454579022263924e-205
-5.151984479166978970e-206
-1.895309171119892534e-206
-6.972452787186956038e-207
-2.565022034944602896e-207
-9.436188728078563535e-208
-3.471379836073804918e-208
-1.277049274188644535e-208
-4.698001733369145565e-209
-1.728298252294308698e-209
-6.358053952316107275e-210
-2.338997334915929551e-210
-8.604690324703650218e-211
-3.165488668105295756e-211
-1.164518202257109536e-211
-4.284023054803180833e-212
-1.576004007366569298e-212
-5.797794735139671500e-213
-2.132889487189912787e-213
-7.846461926278693459e-214
-2.886552028612404533e-214
-1.061903147198224596e-214
-3.906523363694787474e-215
-1.437129631959221432e-215
-5.286904458960789740e-216
-1.944943457889301765e-216
-7.155047123983690844e-217
-2.632194737526455600e-217
-9.683303290956437887e-218
-3.562288203370642758e-218
-1.310492593547613225e-218
-4.821032829736100649e-219
-1.773558863272493944e-219
-6.524558435053436175e-220
-2.400250910977878103e-220
-8.830029638017872174e-221
-3.248386368761288088e-221
-1.195014562048833290e-221
-4.396212892782606822e-222
-1.617276342267555469e-222
-5.949627170131825303e-223
-2.188745518526525592e-223
-8.051944782220370031e-224
-2.962144946826540538e-224
-1.089712227707359473e-224
-4.008827253666709551e-225
-1.474765129831756728e-225
-5.425357718216362706e-226
-1.995877565532606903e-226
-7.342423234547542036e-227
-2.701126556369564072e-227
-9.936889280905775583e-228
-3.655577275642111787e-228
-1.344811725322243717e-228
-4.947285859923502243e-229
-1.820004757464036321e-229
-6.695423331052361378e-230
-2.463108593433779625e-230
-9.061270128969961425e-231
-3.333454991348952368e-231
-1.226309559387607738e-231
-4.511340754107108007e-232
-1.659629515554876150e-232
-6.105435787339593548e-233
-2.246064305554614675e-233
-8.262808815625552753e-234
-3.039717489598795759e-234
-1.118249571392664457e-234
-4.113810274141383420e-235
-1.513386224736470037e-235
-5.567436786326114295e-236
-2.048145533710981715e-236
-7.534706343793813068e-237
-2.771863559145789276e-237
-1.019711617142038248e-237
-3.751309398702407616e-238
-1.380029605255821061e-238
-5.076845199815575652e-239
-1.867666975022073431e-239
-6.870762830654784857e-240
-2.527612390562799512e-240
-9.298566337382560913e-241
-3.420751387891881469e-241
-1.258424108964101256e-241
-4.629483579623837907e-242
-1.703091832184385937e-242
-6.265324714876397246e-243
-2.304884154866355250e-243
-8.479194948571468376e-244
-3.119321499264188449e-244
-1.147534249983375250e-244
-4.221542586089742983e-245
-1.553018727452139952e-245
-5.713236615838777550e-246
-2.101782293514991768e-246
-7.732024956023275948e-247
-2.844453019945488615e-247
-1.046415787415967725e-247
-3.849548551075610347e-248
-1.416169769732030941e-248
-5.209797434929097398e-249
-1.916577368978129860e-249
-7.050694114615076848e-250
-2.593805410755371658e-250
-9.542076850161494354e-251
-3.510333899252367374e-251
-1.291379673182131011e-251
-4.750720325104021349e-252
-1.747692338361080373e-252
-6.429400807758854947e-253
-2.365244376225547523e-253
-8.701247793597510239e-254
-3.201010175802897657e-254
-1.177585834658470329e-254
-4.332096187855645440e-255
-1.593689124689270439e-255
-5.862854645916939523e-256
-2.156823690809317836e-256
-7.934510940802595399e-257
-2.918943450871154083e-257
-1.073819285517521484e-257
-3.950360386753032690e-258
-1.453256371504508481e-258
-5.346231418279165413e-259
-1.966768626529746863e-259
-7.235337432412883984e-260
-2.661731891322870309e-260
-9.791964407280636870e-261
-3.602262394121054380e-261
-1.325198276502155376e-261
-4.875132014009714529e-262
-1.793460840950901706e-262
-6.597773719318828049e-263
-2.427185308838638808e-263
-8.929115750350930539e-264
-3.284838112394224411e-264
-1.208424409126242828e-264
-4.445544963272925508e-265
-1.635424596791363987e-265
-6.016390867456383311e-266
-2.213306510188823621e-266
-8.142299621093796217e-267
-2.995384634458432315e-267
-1.101940425418093127e-267
-4.053812279070294709e-268
-1.491314195838311030e-268
-5.486238329760367626e-269
-2.018274290885591079e-269
-7.424816182616803395e-270
-2.731437228061751252e-270
-1.004839601054230436e-270
-3.696598309027653303e-271
-1.359902520160391856e-271
-5.002801791642410145e-272
-1.840427927400900178e-272
-6.770555974485590523e-273
-2.490748348313728949e-273
-9.162951104763475639e-274
-3.370861331901637435e-274
-1.240070583046398145e-274
-4.561964731042536188e-275
-1.678253035899757315e-275
-6.173947889910792932e-276
-2.271268499561988021e-276
-8.355529863691644002e-277
-3.073827656946179783e-277
-1.130798000694684540e-277
-4.159973365733447979e-278
-1.530368677074104930e-278
-5.629911737083011300e-279
-2.071128783682642427e-279
-7.619256995352595542e-280
-2.802968005591915735e-280
-1.031154303518586079e-280
-3.793404689399452620e-281
-1.395515597273399423e-281
-5.133814980709697036e-282
-1.888624986181062224e-282
-6.947863044987122374e-283
-2.555975974325577981e-283
-9.402910130825264758e-284
-3.459137324313292052e-284
-1.272545505803652138e-284
-4.681433295402779310e-285
-1.722203064594158177e-285
-6.335631009866443364e-286
-2.330748395378128064e-286
-8.574344172029415516e-287
-3.154324942417794987e-287
-1.160411297089800246e-287
-4.268914595024242677e-288
-1.570445915626132509e-288
-5.777347658305156569e-289
-2.125367427990441853e-289
-7.818789816931094240e-290
-2.876372028489574677e-290
-1.058158134441912758e-290
-3.892746231695068086e-291
-1.432061308338219571e-291
-5.268259138347087629e-292
-1.938084227761470852e-292
-7.129813426520762616e-293
-2.622911779005104354e-293
-9.649153195023914579e-294
-3.549725085163034889e-294
-1.305870880642027732e-294
-4.804030498126483891e-295
-1.767304055021336613e-295
-6.501548281412733084e-296
-2.391785948515267432e-296
-8.798888781415046376e-297
-3.236930287836640385e-297
-1.190800105400259338e-297
-4.380708773215420009e-298
-1.611572695425323464e-298
-5.928644626002230310e-299
-2.181026471917775009e-299
-8.023547996692334742e-300
-2.951698353235421753e-300
-1.085869140694913577e-300
-3.994689326641590195e-301
-1.469564077138433661e-301
-5.406224114633133188e-302
-1.988838706138812600e-302
-7.316528717944806751e-303
-2.691600496072344973e-303
-9.901844863518712870e-304
-3.642685154957580440e-304
-1.340068979169303421e-304
-4.929838271879885386e-305
-1.813586148524761258e-305
-6.671810588355575442e-306
-2.454421950845960794e-306
-9.029313756761334105e-307
-3.321698898998975952e-307
-1.221984734703538481e-307
-4.495430613227709666e-308
-1.653776501819204160e-308
-6.083903753117114638e-309
-2.238143112837567357e-309
-8.233668376123986525e-310
-3.028997320999470101e-310
-1.114305841759093377e-310
-4.099302103603762433e-311
-1.508048967066886056e-311
-5.547802112638052019e-312
-2.040922340927711380e-312
-7.508133702507109885e-313
-2.762088030765057834e-313
-1.016115401184476675e-313
-3.738079659870428558e-314
-1.375162656304018087e-314
-5.058940694920692443e-315
-1.861080278726295941e-315
-6.846531683103290925e-316
-2.518698244065382440e-316
-9.265773326903280417e-317
-3.408687347726678632e-317
-1.253986039447084489e-317
-4.613160104410136757e-318
-1.697085849525931404e-318
-6.243211127108327831e-319
-2.296762967822202810e-319
-8.449510675176998399e-320
-3.108661043633123256e-320
-1.143267904476644503e-320
-4.209439302567420556e-321
-1.546425471483101683e-321
-5.681754927174335258e-322
-2.075075712533235486e-322
-7.905050333459944707e-323
-2.964393875047479265e-323
-9.881312916824930884e-324
-4.940656458412465442e-324
0.000000000000000000e+00
0.000000000000000000e+00
0.000000000000000000e+00
0.000000000000000000e+00
0.000000000000000000e+00
0.000000000000000000e+00
0.000000000000000000e+00
0.000000000000000000e+00
0.000000000000000000e+00
0.000000000000000000e+00
0.000000000000000000e+00
0.000000000000000000e+00
0.000000000000000000e+00
0.000000000000000000e+00
0.000000000000000000e+00
0.000000000000000000e+00
0.000000000000000000e+00
0.000000000000000000e+00
0.000000000000000000e+00
0.000000000000000000e+00
0.000000000000000000e+00
0.000000000000000000e+00
0.000000000000000000e+00
0.000000000000000000e+00
0.000000000000000000e+00
0.000000000000000000e+00
0.000000000000000000e+00
0.000000000000000000e+00
0.000000000000000000e+00
0.000000000000000000e+00
0.000000000000000000e+00
0.000000000000000000e+00
0.000000000000000000e+00
0.000000000000000000e+00
0.000000000000000000e+00
0.000000000000000000e+00
0.000000000000000000e+00
0.000000000000000000e+00
0.000000000000000000e+00
0.000000000000000000e+00
0.000000000000000000e+00
0.000000000000000000e+00
0.000000000000000000e+00
0.000000000000000000e+00
0.000000000000000000e+00
0.000000000000000000e+00
0.000000000000000000e+00
0.000000000000000000e+00
0.000000000000000000e+00
0.000000000000000000e+00
0.000000000000000000e+00
0.000000000000000000e+00
0.000000000000000000e+00
0.000000000000000000e+00
0.000000000000000000e+00
0.000000000000000000e+00
0.000000000000000000e+00
0.000000000000000000e+00
0.000000000000000000e+00
0.000000000000000000e+00
0.000000000000000000e+00
0.000000000000000000e+00
0.000000000000000000e+00
0.000000000000000000e+00
0.000000000000000000e+00
0.000000000000000000e+00
0.000000000000000000e+00
0.000000000000000000e+00
0.000000000000000000e+00
0.000000000000000000e+00
0.000000000000000000e+00
0.000000000000000000e+00
0.000000000000000000e+00
0.000000000000000000e+00
0.000000000000000000e+00
0.000000000000000000e+00
0.000000000000000000e+00
0.000000000000000000e+00
0.000000000000000000e+00
0.000000000000000000e+00
0.000000000000000000e+00
0.000000000000000000e+00
0.000000000000000000e+00
0.000000000000000000e+00
0.000000000000000000e+00
0.000000000000000000e+00
0.000000000000000000e+00
0.000000000000000000e+00
0.000000000000000000e+00
0.000000000000000000e+00
0.000000000000000000e+00
0.000000000000000000e+00
0.000000000000000000e+00
0.000000000000000000e+00
0.000000000000000000e+00
0.000000000000000000e+00
0.000000000000000000e+00
0.000000000000000000e+00
0.000000000000000000e+00
0.000000000000000000e+00
0.000000000000000000e+00
0.000000000000000000e+00
0.000000000000000000e+00
0.000000000000000000e+00
0.000000000000000000e+00
0.000000000000000000e+00
0.000000000000000000e+00
0.000000000000000000e+00
0.000000000000000000e+00
0.000000000000000000e+00
0.000000000000000000e+00
0.000000000000000000e+00
0.000000000000000000e+00
0.000000000000000000e+00
0.000000000000000000e+00
0.000000000000000000e+00
0.000000000000000000e+00
0.000000000000000000e+00
0.000000000000000000e+00
0.000000000000000000e+00
0.000000000000000000e+00
0.000000000000000000e+00
0.000000000000000000e+00
0.000000000000000000e+00
0.000000000000000000e+00
0.000000000000000000e+00
0.000000000000000000e+00
0.000000000000000000e+00
0.000000000000000000e+00
0.000000000000000000e+00
0.000000000000000000e+00
0.000000000000000000e+00
0.000000000000000000e+00
0.000000000000000000e+00
0.000000000000000000e+00
0.000000000000000000e+00
0.000000000000000000e+00
0.000000000000000000e+00
0.000000000000000000e+00
0.000000000000000000e+00
0.000000000000000000e+00
0.000000000000000000e+00
0.000000000000000000e+00
0.000000000000000000e+00
0.000000000000000000e+00
0.000000000000000000e+00
0.000000000000000000e+00
0.000000000000000000e+00
0.000000000000000000e+00
0.000000000000000000e+00
0.000000000000000000e+00
0.000000000000000000e+00
0.000000000000000000e+00
0.000000000000000000e+00
0.000000000000000000e+00
0.000000000000000000e+00
0.000000000000000000e+00
0.000000000000000000e+00
0.000000000000000000e+00
0.000000000000000000e+00
0.000000000000000000e+00
0.000000000000000000e+00
0.000000000000000000e+00
0.000000000000000000e+00
0.000000000000000000e+00
0.000000000000000000e+00
0.000000000000000000e+00
0.000000000000000000e+00
0.000000000000000000e+00
0.000000000000000000e+00
0.000000000000000000e+00
0.000000000000000000e+00
0.000000000000000000e+00
0.000000000000000000e+00
0.000000000000000000e+00
0.000000000000000000e+00
0.000000000000000000e+00
0.000000000000000000e+00
0.000000000000000000e+00
0.000000000000000000e+00
0.000000000000000000e+00
0.000000000000000000e+00
0.000000000000000000e+00
0.000000000000000000e+00
0.000000000000000000e+00
0.000000000000000000e+00
0.000000000000000000e+00
0.000000000000000000e+00
0.000000000000000000e+00
0.000000000000000000e+00
0.000000000000000000e+00
0.000000000000000000e+00
0.000000000000000000e+00
0.000000000000000000e+00
0.000000000000000000e+00
0.000000000000000000e+00
0.000000000000000000e+00
0.000000000000000000e+00
0.000000000000000000e+00
0.000000000000000000e+00
0.000000000000000000e+00
0.000000000000000000e+00
0.000000000000000000e+00
0.000000000000000000e+00
0.000000000000000000e+00
0.000000000000000000e+00
0.000000000000000000e+00
0.000000000000000000e+00
0.000000000000000000e+00
0.000000000000000000e+00
0.000000000000000000e+00
0.000000000000000000e+00
0.000000000000000000e+00
0.000000000000000000e+00
0.000000000000000000e+00
0.000000000000000000e+00
0.000000000000000000e+00
0.000000000000000000e+00
0.000000000000000000e+00
0.000000000000000000e+00
0.000000000000000000e+00
0.000000000000000000e+00
0.000000000000000000e+00
0.000000000000000000e+00
0.000000000000000000e+00
0.000000000000000000e+00
0.000000000000000000e+00
0.000000000000000000e+00
0.000000000000000000e+00
0.000000000000000000e+00
0.000000000000000000e+00
0.000000000000000000e+00
0.000000000000000000e+00
0.000000000000000000e+00
0.000000000000000000e+00
0.000000000000000000e+00
0.000000000000000000e+00
0.000000000000000000e+00
0.000000000000000000e+00
0.000000000000000000e+00
0.000000000000000000e+00
0.000000000000000000e+00
0.000000000000000000e+00
0.000000000000000000e+00
0.000000000000000000e+00
0.000000000000000000e+00
0.000000000000000000e+00
0.000000000000000000e+00
0.000000000000000000e+00
0.000000000000000000e+00
0.000000000000000000e+00
0.000000000000000000e+00
0.000000000000000000e+00
0.000000000000000000e+00
0.000000000000000000e+00
0.000000000000000000e+00
0.000000000000000000e+00
0.000000000000000000e+00
0.000000000000000000e+00
0.000000000000000000e+00
0.000000000000000000e+00
0.000000000000000000e+00
0.000000000000000000e+00
0.000000000000000000e+00
0.000000000000000000e+00
0.000000000000000000e+00
0.000000000000000000e+00
0.000000000000000000e+00
0.000000000000000000e+00
0.000000000000000000e+00
0.000000000000000000e+00
0.000000000000000000e+00
0.000000000000000000e+00
0.000000000000000000e+00
0.000000000000000000e+00
0.000000000000000000e+00
0.000000000000000000e+00
0.000000000000000000e+00
0.000000000000000000e+00
0.000000000000000000e+00
0.000000000000000000e+00
0.000000000000000000e+00
0.000000000000000000e+00
0.000000000000000000e+00
0.000000000000000000e+00
0.000000000000000000e+00
0.000000000000000000e+00
0.000000000000000000e+00
0.000000000000000000e+00
0.000000000000000000e+00
0.000000000000000000e+00
0.000000000000000000e+00
0.000000000000000000e+00
0.000000000000000000e+00
0.000000000000000000e+00
0.000000000000000000e+00
0.000000000000000000e+00
0.000000000000000000e+00
0.000000000000000000e+00
0.000000000000000000e+00
0.000000000000000000e+00
0.000000000000000000e+00
0.000000000000000000e+00
0.000000000000000000e+00
0.000000000000000000e+00
0.000000000000000000e+00
0.000000000000000000e+00
0.000000000000000000e+00
0.000000000000000000e+00
0.000000000000000000e+00
0.000000000000000000e+00
0.000000000000000000e+00
0.000000000000000000e+00
0.000000000000000000e+00
0.000000000000000000e+00
0.000000000000000000e+00
0.000000000000000000e+00
0.000000000000000000e+00
0.000000000000000000e+00
0.000000000000000000e+00
0.000000000000000000e+00
0.000000000000000000e+00
0.000000000000000000e+00
0.000000000000000000e+00
0.000000000000000000e+00
0.000000000000000000e+00
0.000000000000000000e+00
0.000000000000000000e+00
0.000000000000000000e+00
0.000000000000000000e+00
0.000000000000000000e+00
0.000000000000000000e+00
0.000000000000000000e+00
0.000000000000000000e+00
0.000000000000000000e+00
0.000000000000000000e+00
0.000000000000000000e+00
0.000000000000000000e+00
0.000000000000000000e+00
0.000000000000000000e+00
0.000000000000000000e+00
0.000000000000000000e+00
0.000000000000000000e+00
0.000000000000000000e+00
0.000000000000000000e+00
0.000000000000000000e+00
0.000000000000000000e+00
0.000000000000000000e+00
0.000000000000000000e+00
0.000000000000000000e+00
0.000000000000000000e+00
0.000000000000000000e+00
0.000000000000000000e+00
0.000000000000000000e+00
0.000000000000000000e+00
0.000000000000000000e+00
0.000000000000000000e+00
0.000000000000000000e+00
0.000000000000000000e+00
0.000000000000000000e+00
0.000000000000000000e+00
0.000000000000000000e+00
0.000000000000000000e+00
0.000000000000000000e+00
0.000000000000000000e+00
0.000000000000000000e+00
0.000000000000000000e+00
0.000000000000000000e+00
0.000000000000000000e+00
0.000000000000000000e+00
0.000000000000000000e+00
0.000000000000000000e+00
0.000000000000000000e+00
0.000000000000000000e+00
0.000000000000000000e+00
0.000000000000000000e+00
0.000000000000000000e+00
0.000000000000000000e+00
0.000000000000000000e+00
0.000000000000000000e+00
0.000000000000000000e+00
0.000000000000000000e+00
0.000000000000000000e+00
0.000000000000000000e+00
0.000000000000000000e+00
0.000000000000000000e+00
0.000000000000000000e+00
0.000000000000000000e+00
0.000000000000000000e+00
0.000000000000000000e+00
0.000000000000000000e+00
0.000000000000000000e+00
0.000000000000000000e+00
0.000000000000000000e+00
0.000000000000000000e+00
0.000000000000000000e+00
0.000000000000000000e+00
0.000000000000000000e+00
0.000000000000000000e+00
0.000000000000000000e+00
0.000000000000000000e+00
0.000000000000000000e+00
0.000000000000000000e+00
0.000000000000000000e+00
0.000000000000000000e+00
0.000000000000000000e+00
0.000000000000000000e+00
0.000000000000000000e+00
0.000000000000000000e+00
0.000000000000000000e+00
0.000000000000000000e+00
0.000000000000000000e+00
0.000000000000000000e+00
0.000000000000000000e+00
0.000000000000000000e+00
0.000000000000000000e+00
0.000000000000000000e+00
0.000000000000000000e+00
0.000000000000000000e+00
0.000000000000000000e+00
0.000000000000000000e+00
0.000000000000000000e+00
0.000000000000000000e+00
0.000000000000000000e+00
0.000000000000000000e+00
0.000000000000000000e+00
0.000000000000000000e+00
0.000000000000000000e+00
0.000000000000000000e+00
0.000000000000000000e+00
0.000000000000000000e+00
0.000000000000000000e+00
0.000000000000000000e+00
0.000000000000000000e+00
0.000000000000000000e+00
0.000000000000000000e+00
0.000000000000000000e+00
0.000000000000000000e+00
0.000000000000000000e+00
0.000000000000000000e+00
0.000000000000000000e+00
0.000000000000000000e+00
0.000000000000000000e+00
0.000000000000000000e+00
0.000000000000000000e+00
0.000000000000000000e+00
0.000000000000000000e+00
0.000000000000000000e+00
0.000000000000000000e+00
0.000000000000000000e+00
0.000000000000000000e+00
0.000000000000000000e+00
0.000000000000000000e+00
0.000000000000000000e+00
0.000000000000000000e+00
0.000000000000000000e+00
0.000000000000000000e+00
0.000000000000000000e+00
0.000000000000000000e+00
0.000000000000000000e+00
0.000000000000000000e+00
0.000000000000000000e+00
0.000000000000000000e+00
0.000000000000000000e+00
0.000000000000000000e+00
0.000000000000000000e+00
0.000000000000000000e+00
0.000000000000000000e+00
0.000000000000000000e+00
0.000000000000000000e+00
0.000000000000000000e+00
0.000000000000000000e+00
0.000000000000000000e+00
0.000000000000000000e+00
0.000000000000000000e+00
0.000000000000000000e+00
0.000000000000000000e+00
0.000000000000000000e+00
0.000000000000000000e+00
0.000000000000000000e+00
0.000000000000000000e+00
0.000000000000000000e+00
0.000000000000000000e+00
0.000000000000000000e+00
0.000000000000000000e+00
0.000000000000000000e+00
0.000000000000000000e+00
0.000000000000000000e+00
0.000000000000000000e+00
0.000000000000000000e+00
0.000000000000000000e+00
0.000000000000000000e+00
0.000000000000000000e+00
0.000000000000000000e+00
0.000000000000000000e+00
0.000000000000000000e+00
0.000000000000000000e+00
0.000000000000000000e+00
0.000000000000000000e+00
0.000000000000000000e+00
0.000000000000000000e+00
0.000000000000000000e+00
0.000000000000000000e+00
0.000000000000000000e+00
0.000000000000000000e+00
0.000000000000000000e+00
0.000000000000000000e+00
0.000000000000000000e+00
0.000000000000000000e+00
0.000000000000000000e+00
0.000000000000000000e+00
0.000000000000000000e+00
0.000000000000000000e+00
0.000000000000000000e+00
0.000000000000000000e+00
0.000000000000000000e+00
0.000000000000000000e+00
0.000000000000000000e+00
0.000000000000000000e+00
0.000000000000000000e+00
0.000000000000000000e+00
0.000000000000000000e+00
0.000000000000000000e+00
0.000000000000000000e+00
0.000000000000000000e+00
0.000000000000000000e+00
0.000000000000000000e+00
0.000000000000000000e+00
0.000000000000000000e+00
0.000000000000000000e+00
0.000000000000000000e+00
0.000000000000000000e+00
0.000000000000000000e+00
0.000000000000000000e+00
0.000000000000000000e+00
0.000000000000000000e+00
0.000000000000000000e+00
0.000000000000000000e+00
0.000000000000000000e+00
0.000000000000000000e+00
0.000000000000000000e+00
0.000000000000000000e+00
0.000000000000000000e+00
0.000000000000000000e+00
0.000000000000000000e+00
0.000000000000000000e+00
0.000000000000000000e+00
0.000000000000000000e+00
0.000000000000000000e+00
0.000000000000000000e+00
0.000000000000000000e+00
0.000000000000000000e+00
0.000000000000000000e+00
0.000000000000000000e+00
0.000000000000000000e+00
0.000000000000000000e+00
0.000000000000000000e+00
0.000000000000000000e+00
0.000000000000000000e+00
0.000000000000000000e+00
0.000000000000000000e+00
0.000000000000000000e+00
0.000000000000000000e+00
0.000000000000000000e+00
0.000000000000000000e+00
0.000000000000000000e+00
0.000000000000000000e+00
0.000000000000000000e+00
0.000000000000000000e+00
0.000000000000000000e+00
0.000000000000000000e+00
0.000000000000000000e+00
0.000000000000000000e+00
0.000000000000000000e+00
0.000000000000000000e+00
0.000000000000000000e+00
0.000000000000000000e+00
0.000000000000000000e+00
0.000000000000000000e+00
0.000000000000000000e+00
0.000000000000000000e+00
0.000000000000000000e+00
0.000000000000000000e+00
0.000000000000000000e+00
0.000000000000000000e+00
0.000000000000000000e+00
0.000000000000000000e+00
0.000000000000000000e+00
0.000000000000000000e+00
0.000000000000000000e+00
0.000000000000000000e+00
0.000000000000000000e+00
0.000000000000000000e+00
0.000000000000000000e+00
0.000000000000000000e+00
0.000000000000000000e+00
0.000000000000000000e+00
0.000000000000000000e+00
0.000000000000000000e+00
0.000000000000000000e+00
0.000000000000000000e+00
0.000000000000000000e+00
0.000000000000000000e+00
0.000000000000000000e+00
0.000000000000000000e+00
0.000000000000000000e+00
0.000000000000000000e+00
0.000000000000000000e+00
0.000000000000000000e+00
0.000000000000000000e+00
0.000000000000000000e+00
0.000000000000000000e+00
0.000000000000000000e+00
0.000000000000000000e+00
0.000000000000000000e+00
0.000000000000000000e+00
0.000000000000000000e+00
0.000000000000000000e+00
0.000000000000000000e+00
0.000000000000000000e+00
0.000000000000000000e+00
0.000000000000000000e+00
0.000000000000000000e+00
0.000000000000000000e+00
0.000000000000000000e+00
0.000000000000000000e+00
0.000000000000000000e+00
0.000000000000000000e+00
0.000000000000000000e+00
0.000000000000000000e+00
0.000000000000000000e+00
0.000000000000000000e+00
0.000000000000000000e+00
0.000000000000000000e+00
0.000000000000000000e+00
0.000000000000000000e+00
0.000000000000000000e+00
0.000000000000000000e+00
0.000000000000000000e+00
0.000000000000000000e+00
0.000000000000000000e+00
0.000000000000000000e+00
0.000000000000000000e+00
0.000000000000000000e+00
0.000000000000000000e+00
0.000000000000000000e+00
0.000000000000000000e+00
0.000000000000000000e+00
0.000000000000000000e+00
0.000000000000000000e+00
0.000000000000000000e+00
0.000000000000000000e+00
0.000000000000000000e+00
0.000000000000000000e+00
0.000000000000000000e+00
0.000000000000000000e+00
0.000000000000000000e+00
0.000000000000000000e+00
0.000000000000000000e+00
0.000000000000000000e+00
0.000000000000000000e+00
0.000000000000000000e+00
0.000000000000000000e+00
0.000000000000000000e+00
0.000000000000000000e+00
0.000000000000000000e+00
0.000000000000000000e+00
0.000000000000000000e+00
0.000000000000000000e+00
0.000000000000000000e+00
0.000000000000000000e+00
0.000000000000000000e+00
0.000000000000000000e+00
0.000000000000000000e+00
0.000000000000000000e+00
0.000000000000000000e+00
0.000000000000000000e+00
0.000000000000000000e+00
0.000000000000000000e+00
0.000000000000000000e+00
0.000000000000000000e+00
0.000000000000000000e+00
0.000000000000000000e+00
0.000000000000000000e+00
0.000000000000000000e+00
0.000000000000000000e+00
0.000000000000000000e+00
0.000000000000000000e+00
0.000000000000000000e+00
0.000000000000000000e+00
0.000000000000000000e+00
0.000000000000000000e+00
0.000000000000000000e+00
0.000000000000000000e+00
0.000000000000000000e+00
0.000000000000000000e+00
0.000000000000000000e+00
0.000000000000000000e+00
0.000000000000000000e+00
0.000000000000000000e+00
0.000000000000000000e+00
0.000000000000000000e+00
0.000000000000000000e+00
0.000000000000000000e+00
0.000000000000000000e+00
0.000000000000000000e+00
0.000000000000000000e+00
0.000000000000000000e+00
0.000000000000000000e+00
0.000000000000000000e+00
0.000000000000000000e+00
0.000000000000000000e+00
0.000000000000000000e+00
0.000000000000000000e+00
0.000000000000000000e+00
0.000000000000000000e+00
0.000000000000000000e+00
0.000000000000000000e+00
0.000000000000000000e+00
0.000000000000000000e+00
0.000000000000000000e+00
0.000000000000000000e+00
0.000000000000000000e+00
0.000000000000000000e+00
0.000000000000000000e+00
0.000000000000000000e+00
0.000000000000000000e+00
0.000000000000000000e+00
0.000000000000000000e+00
0.000000000000000000e+00
0.000000000000000000e+00
0.000000000000000000e+00
0.000000000000000000e+00
0.000000000000000000e+00
0.000000000000000000e+00
0.000000000000000000e+00
0.000000000000000000e+00
0.000000000000000000e+00
0.000000000000000000e+00
0.000000000000000000e+00
0.000000000000000000e+00
0.000000000000000000e+00
0.000000000000000000e+00
0.000000000000000000e+00
0.000000000000000000e+00
0.000000000000000000e+00
0.000000000000000000e+00
0.000000000000000000e+00
0.000000000000000000e+00
0.000000000000000000e+00
0.000000000000000000e+00
0.000000000000000000e+00
0.000000000000000000e+00
0.000000000000000000e+00
0.000000000000000000e+00
0.000000000000000000e+00
0.000000000000000000e+00
0.000000000000000000e+00
0.000000000000000000e+00
0.000000000000000000e+00
0.000000000000000000e+00
0.000000000000000000e+00
0.000000000000000000e+00
0.000000000000000000e+00
0.000000000000000000e+00
0.000000000000000000e+00
0.000000000000000000e+00
0.000000000000000000e+00
0.000000000000000000e+00
0.000000000000000000e+00
0.000000000000000000e+00
0.000000000000000000e+00
0.000000000000000000e+00
0.000000000000000000e+00
0.000000000000000000e+00
0.000000000000000000e+00
0.000000000000000000e+00
0.000000000000000000e+00
0.000000000000000000e+00
0.000000000000000000e+00
0.000000000000000000e+00
0.000000000000000000e+00
0.000000000000000000e+00
0.000000000000000000e+00
0.000000000000000000e+00
0.000000000000000000e+00
0.000000000000000000e+00
0.000000000000000000e+00
0.000000000000000000e+00
0.000000000000000000e+00
0.000000000000000000e+00
0.000000000000000000e+00
0.000000000000000000e+00
0.000000000000000000e+00
0.000000000000000000e+00
0.000000000000000000e+00
0.000000000000000000e+00
0.000000000000000000e+00
0.000000000000000000e+00
0.000000000000000000e+00
0.000000000000000000e+00
0.000000000000000000e+00
0.000000000000000000e+00
0.000000000000000000e+00
0.000000000000000000e+00
0.000000000000000000e+00
0.000000000000000000e+00
0.000000000000000000e+00
0.000000000000000000e+00
0.000000000000000000e+00
0.000000000000000000e+00
0.000000000000000000e+00
0.000000000000000000e+00
0.000000000000000000e+00
0.000000000000000000e+00
0.000000000000000000e+00
0.000000000000000000e+00
0.000000000000000000e+00
0.000000000000000000e+00
0.000000000000000000e+00
0.000000000000000000e+00
0.000000000000000000e+00
0.000000000000000000e+00
0.000000000000000000e+00
0.000000000000000000e+00
0.000000000000000000e+00
0.000000000000000000e+00
0.000000000000000000e+00
0.000000000000000000e+00
0.000000000000000000e+00
0.000000000000000000e+00
0.000000000000000000e+00
0.000000000000000000e+00
0.000000000000000000e+00
0.000000000000000000e+00
0.000000000000000000e+00
0.000000000000000000e+00
0.000000000000000000e+00
0.000000000000000000e+00
0.000000000000000000e+00
0.000000000000000000e+00
0.000000000000000000e+00
0.000000000000000000e+00
0.000000000000000000e+00
0.000000000000000000e+00
0.000000000000000000e+00
0.000000000000000000e+00
0.000000000000000000e+00
0.000000000000000000e+00
0.000000000000000000e+00
0.000000000000000000e+00
0.000000000000000000e+00
0.000000000000000000e+00
0.000000000000000000e+00
0.000000000000000000e+00
0.000000000000000000e+00
0.000000000000000000e+00
0.000000000000000000e+00
0.000000000000000000e+00
0.000000000000000000e+00
0.000000000000000000e+00
0.000000000000000000e+00
0.000000000000000000e+00
0.000000000000000000e+00
0.000000000000000000e+00
0.000000000000000000e+00
0.000000000000000000e+00
0.000000000000000000e+00
0.000000000000000000e+00
0.000000000000000000e+00
0.000000000000000000e+00
0.000000000000000000e+00
0.000000000000000000e+00
0.000000000000000000e+00
0.000000000000000000e+00
0.000000000000000000e+00
0.000000000000000000e+00
0.000000000000000000e+00
0.000000000000000000e+00
0.000000000000000000e+00
0.000000000000000000e+00
0.000000000000000000e+00
0.000000000000000000e+00
0.000000000000000000e+00
0.000000000000000000e+00
0.000000000000000000e+00
0.000000000000000000e+00
0.000000000000000000e+00
0.000000000000000000e+00
0.000000000000000000e+00
0.000000000000000000e+00
0.000000000000000000e+00
0.000000000000000000e+00
0.000000000000000000e+00
0.000000000000000000e+00
0.000000000000000000e+00
0.000000000000000000e+00
0.000000000000000000e+00
0.000000000000000000e+00
0.000000000000000000e+00
0.000000000000000000e+00
0.000000000000000000e+00
0.000000000000000000e+00
0.000000000000000000e+00
0.000000000000000000e+00
0.000000000000000000e+00
0.000000000000000000e+00
0.000000000000000000e+00
0.000000000000000000e+00
0.000000000000000000e+00
0.000000000000000000e+00
0.000000000000000000e+00
0.000000000000000000e+00
0.000000000000000000e+00
0.000000000000000000e+00
0.000000000000000000e+00
0.000000000000000000e+00
0.000000000000000000e+00
0.000000000000000000e+00
0.000000000000000000e+00
0.000000000000000000e+00
0.000000000000000000e+00
0.000000000000000000e+00
0.000000000000000000e+00
0.000000000000000000e+00
0.000000000000000000e+00
0.000000000000000000e+00
0.000000000000000000e+00
0.000000000000000000e+00
0.000000000000000000e+00
0.000000000000000000e+00
0.000000000000000000e+00
0.000000000000000000e+00
0.000000000000000000e+00
0.000000000000000000e+00
0.000000000000000000e+00
0.000000000000000000e+00
0.000000000000000000e+00
0.000000000000000000e+00
0.000000000000000000e+00
0.000000000000000000e+00
0.000000000000000000e+00
0.000000000000000000e+00
0.000000000000000000e+00
0.000000000000000000e+00
0.000000000000000000e+00
0.000000000000000000e+00
0.000000000000000000e+00
0.000000000000000000e+00
0.000000000000000000e+00
0.000000000000000000e+00
0.000000000000000000e+00
0.000000000000000000e+00
0.000000000000000000e+00
0.000000000000000000e+00
0.000000000000000000e+00
0.000000000000000000e+00
0.000000000000000000e+00
0.000000000000000000e+00
0.000000000000000000e+00
0.000000000000000000e+00
0.000000000000000000e+00
0.000000000000000000e+00
0.000000000000000000e+00
0.000000000000000000e+00
0.000000000000000000e+00
0.000000000000000000e+00
0.000000000000000000e+00
0.000000000000000000e+00
0.000000000000000000e+00
0.000000000000000000e+00
0.000000000000000000e+00
0.000000000000000000e+00
0.000000000000000000e+00
0.000000000000000000e+00
0.000000000000000000e+00
0.000000000000000000e+00
0.000000000000000000e+00
0.000000000000000000e+00
0.000000000000000000e+00
0.000000000000000000e+00
0.000000000000000000e+00
0.000000000000000000e+00
0.000000000000000000e+00
0.000000000000000000e+00
0.000000000000000000e+00
0.000000000000000000e+00
0.000000000000000000e+00
0.000000000000000000e+00
0.000000000000000000e+00
0.000000000000000000e+00
0.000000000000000000e+00
0.000000000000000000e+00
0.000000000000000000e+00
0.000000000000000000e+00
0.000000000000000000e+00
0.000000000000000000e+00
0.000000000000000000e+00
0.000000000000000000e+00
0.000000000000000000e+00
0.000000000000000000e+00
0.000000000000000000e+00
0.000000000000000000e+00
0.000000000000000000e+00
0.000000000000000000e+00
0.000000000000000000e+00
0.000000000000000000e+00
0.000000000000000000e+00
0.000000000000000000e+00
0.000000000000000000e+00
0.000000000000000000e+00
0.000000000000000000e+00
0.000000000000000000e+00
0.000000000000000000e+00
0.000000000000000000e+00
0.000000000000000000e+00
0.000000000000000000e+00
0.000000000000000000e+00
0.000000000000000000e+00
0.000000000000000000e+00
0.000000000000000000e+00
0.000000000000000000e+00
0.000000000000000000e+00
0.000000000000000000e+00
0.000000000000000000e+00
0.000000000000000000e+00
0.000000000000000000e+00
0.000000000000000000e+00
0.000000000000000000e+00
0.000000000000000000e+00
0.000000000000000000e+00
0.000000000000000000e+00
0.000000000000000000e+00
0.000000000000000000e+00
0.000000000000000000e+00
0.000000000000000000e+00
0.000000000000000000e+00
0.000000000000000000e+00
0.000000000000000000e+00
0.000000000000000000e+00
0.000000000000000000e+00
0.000000000000000000e+00
0.000000000000000000e+00
0.000000000000000000e+00
0.000000000000000000e+00
0.000000000000000000e+00
0.000000000000000000e+00
0.000000000000000000e+00
0.000000000000000000e+00
0.000000000000000000e+00
0.000000000000000000e+00
0.000000000000000000e+00
0.000000000000000000e+00
0.000000000000000000e+00
0.000000000000000000e+00
0.000000000000000000e+00
0.000000000000000000e+00
0.000000000000000000e+00
0.000000000000000000e+00
0.000000000000000000e+00
0.000000000000000000e+00
0.000000000000000000e+00
0.000000000000000000e+00
0.000000000000000000e+00
0.000000000000000000e+00
0.000000000000000000e+00
0.000000000000000000e+00
0.000000000000000000e+00
0.000000000000000000e+00
0.000000000000000000e+00
0.000000000000000000e+00
0.000000000000000000e+00
0.000000000000000000e+00
0.000000000000000000e+00
0.000000000000000000e+00
0.000000000000000000e+00
0.000000000000000000e+00
0.000000000000000000e+00
0.000000000000000000e+00
0.000000000000000000e+00
0.000000000000000000e+00
0.000000000000000000e+00
0.000000000000000000e+00
0.000000000000000000e+00
0.000000000000000000e+00
0.000000000000000000e+00
0.000000000000000000e+00
0.000000000000000000e+00
0.000000000000000000e+00
0.000000000000000000e+00
0.000000000000000000e+00
0.000000000000000000e+00
0.000000000000000000e+00
0.000000000000000000e+00
0.000000000000000000e+00
0.000000000000000000e+00
0.000000000000000000e+00
0.000000000000000000e+00
0.000000000000000000e+00
0.000000000000000000e+00
0.000000000000000000e+00
0.000000000000000000e+00
0.000000000000000000e+00
0.000000000000000000e+00
0.000000000000000000e+00
0.000000000000000000e+00
0.000000000000000000e+00
0.000000000000000000e+00
0.000000000000000000e+00
0.000000000000000000e+00
0.000000000000000000e+00
0.000000000000000000e+00
0.000000000000000000e+00
0.000000000000000000e+00
0.000000000000000000e+00
0.000000000000000000e+00
0.000000000000000000e+00
0.000000000000000000e+00
0.000000000000000000e+00
0.000000000000000000e+00
0.000000000000000000e+00
0.000000000000000000e+00
0.000000000000000000e+00
0.000000000000000000e+00
0.000000000000000000e+00
0.000000000000000000e+00
0.000000000000000000e+00
0.000000000000000000e+00
0.000000000000000000e+00
0.000000000000000000e+00
0.000000000000000000e+00
0.000000000000000000e+00
0.000000000000000000e+00
0.000000000000000000e+00
0.000000000000000000e+00
0.000000000000000000e+00
0.000000000000000000e+00
0.000000000000000000e+00
0.000000000000000000e+00
0.000000000000000000e+00
0.000000000000000000e+00
0.000000000000000000e+00
0.000000000000000000e+00
0.000000000000000000e+00
0.000000000000000000e+00
0.000000000000000000e+00
0.000000000000000000e+00
0.000000000000000000e+00
0.000000000000000000e+00
0.000000000000000000e+00
0.000000000000000000e+00
0.000000000000000000e+00
0.000000000000000000e+00
0.000000000000000000e+00
0.000000000000000000e+00
0.000000000000000000e+00
0.000000000000000000e+00
0.000000000000000000e+00
0.000000000000000000e+00
0.000000000000000000e+00
0.000000000000000000e+00
0.000000000000000000e+00
0.000000000000000000e+00
0.000000000000000000e+00
0.000000000000000000e+00
0.000000000000000000e+00
0.000000000000000000e+00
0.000000000000000000e+00
0.000000000000000000e+00
0.000000000000000000e+00
0.000000000000000000e+00
0.000000000000000000e+00
0.000000000000000000e+00
0.000000000000000000e+00
0.000000000000000000e+00
0.000000000000000000e+00
0.000000000000000000e+00
0.000000000000000000e+00
0.000000000000000000e+00
0.000000000000000000e+00
0.000000000000000000e+00
0.000000000000000000e+00
0.000000000000000000e+00
0.000000000000000000e+00
0.000000000000000000e+00
0.000000000000000000e+00
0.000000000000000000e+00
0.000000000000000000e+00
0.000000000000000000e+00
0.000000000000000000e+00
0.000000000000000000e+00
0.000000000000000000e+00
0.000000000000000000e+00
0.000000000000000000e+00
0.000000000000000000e+00
0.000000000000000000e+00
0.000000000000000000e+00
0.000000000000000000e+00
0.000000000000000000e+00
0.000000000000000000e+00
0.000000000000000000e+00
0.000000000000000000e+00
0.000000000000000000e+00
0.000000000000000000e+00
0.000000000000000000e+00
0.000000000000000000e+00
0.000000000000000000e+00
0.000000000000000000e+00
0.000000000000000000e+00
0.000000000000000000e+00
0.000000000000000000e+00
0.000000000000000000e+00
0.000000000000000000e+00
0.000000000000000000e+00
0.000000000000000000e+00
0.000000000000000000e+00
0.000000000000000000e+00
0.000000000000000000e+00
0.000000000000000000e+00
0.000000000000000000e+00
0.000000000000000000e+00
0.000000000000000000e+00
0.000000000000000000e+00
0.000000000000000000e+00
0.000000000000000000e+00
0.000000000000000000e+00
0.000000000000000000e+00
0.000000000000000000e+00
0.000000000000000000e+00
0.000000000000000000e+00
0.000000000000000000e+00
0.000000000000000000e+00
0.000000000000000000e+00
0.000000000000000000e+00
0.000000000000000000e+00
0.000000000000000000e+00
0.000000000000000000e+00
0.000000000000000000e+00
0.000000000000000000e+00
0.000000000000000000e+00
0.000000000000000000e+00
0.000000000000000000e+00
0.000000000000000000e+00
0.000000000000000000e+00
0.000000000000000000e+00
0.000000000000000000e+00
0.000000000000000000e+00
0.000000000000000000e+00
0.000000000000000000e+00
0.000000000000000000e+00
0.000000000000000000e+00
0.000000000000000000e+00
0.000000000000000000e+00
0.000000000000000000e+00
0.000000000000000000e+00
0.000000000000000000e+00
0.000000000000000000e+00
0.000000000000000000e+00
0.000000000000000000e+00
0.000000000000000000e+00
0.000000000000000000e+00
0.000000000000000000e+00
0.000000000000000000e+00
0.000000000000000000e+00
0.000000000000000000e+00
0.000000000000000000e+00
0.000000000000000000e+00
0.000000000000000000e+00
0.000000000000000000e+00
0.000000000000000000e+00
0.000000000000000000e+00
0.000000000000000000e+00
0.000000000000000000e+00
0.000000000000000000e+00
0.000000000000000000e+00
0.000000000000000000e+00
0.000000000000000000e+00
0.000000000000000000e+00
0.000000000000000000e+00
0.000000000000000000e+00
0.000000000000000000e+00
0.000000000000000000e+00
0.000000000000000000e+00
0.000000000000000000e+00
0.000000000000000000e+00
0.000000000000000000e+00
0.000000000000000000e+00
0.000000000000000000e+00
0.000000000000000000e+00
0.000000000000000000e+00
0.000000000000000000e+00
0.000000000000000000e+00
0.000000000000000000e+00
0.000000000000000000e+00
0.000000000000000000e+00
0.000000000000000000e+00
0.000000000000000000e+00
0.000000000000000000e+00
0.000000000000000000e+00
0.000000000000000000e+00
0.000000000000000000e+00
0.000000000000000000e+00
0.000000000000000000e+00
0.000000000000000000e+00
0.000000000000000000e+00
0.000000000000000000e+00
0.000000000000000000e+00
0.000000000000000000e+00
0.000000000000000000e+00
0.000000000000000000e+00
0.000000000000000000e+00
0.000000000000000000e+00
0.000000000000000000e+00
0.000000000000000000e+00
0.000000000000000000e+00
0.000000000000000000e+00
0.000000000000000000e+00
0.000000000000000000e+00
0.000000000000000000e+00
0.000000000000000000e+00
0.000000000000000000e+00
0.000000000000000000e+00
0.000000000000000000e+00
0.000000000000000000e+00
0.000000000000000000e+00
0.000000000000000000e+00
0.000000000000000000e+00
0.000000000000000000e+00
0.000000000000000000e+00
0.000000000000000000e+00
0.000000000000000000e+00
0.000000000000000000e+00
0.000000000000000000e+00
0.000000000000000000e+00
0.000000000000000000e+00
0.000000000000000000e+00
0.000000000000000000e+00
0.000000000000000000e+00
0.000000000000000000e+00
0.000000000000000000e+00
0.000000000000000000e+00
0.000000000000000000e+00
0.000000000000000000e+00
0.000000000000000000e+00
0.000000000000000000e+00
0.000000000000000000e+00
0.000000000000000000e+00
0.000000000000000000e+00
0.000000000000000000e+00
0.000000000000000000e+00
0.000000000000000000e+00
0.000000000000000000e+00
0.000000000000000000e+00
0.000000000000000000e+00
0.000000000000000000e+00
0.000000000000000000e+00
0.000000000000000000e+00
0.000000000000000000e+00
0.000000000000000000e+00
0.000000000000000000e+00
0.000000000000000000e+00
0.000000000000000000e+00
0.000000000000000000e+00
0.000000000000000000e+00
0.000000000000000000e+00
0.000000000000000000e+00
0.000000000000000000e+00
0.000000000000000000e+00
0.000000000000000000e+00
0.000000000000000000e+00
0.000000000000000000e+00
0.000000000000000000e+00
0.000000000000000000e+00
0.000000000000000000e+00
0.000000000000000000e+00
0.000000000000000000e+00
0.000000000000000000e+00
0.000000000000000000e+00
0.000000000000000000e+00
0.000000000000000000e+00
0.000000000000000000e+00
0.000000000000000000e+00
0.000000000000000000e+00
0.000000000000000000e+00
0.000000000000000000e+00
0.000000000000000000e+00
0.000000000000000000e+00
0.000000000000000000e+00
0.000000000000000000e+00
0.000000000000000000e+00
0.000000000000000000e+00
0.000000000000000000e+00
0.000000000000000000e+00
0.000000000000000000e+00
0.000000000000000000e+00
0.000000000000000000e+00
0.000000000000000000e+00
0.000000000000000000e+00
0.000000000000000000e+00
0.000000000000000000e+00
0.000000000000000000e+00
0.000000000000000000e+00
0.000000000000000000e+00
0.000000000000000000e+00
0.000000000000000000e+00
0.000000000000000000e+00
0.000000000000000000e+00
0.000000000000000000e+00
0.000000000000000000e+00
0.000000000000000000e+00
0.000000000000000000e+00
0.000000000000000000e+00
0.000000000000000000e+00
0.000000000000000000e+00
0.000000000000000000e+00
0.000000000000000000e+00
0.000000000000000000e+00
0.000000000000000000e+00
0.000000000000000000e+00
0.000000000000000000e+00
0.000000000000000000e+00
0.000000000000000000e+00
0.000000000000000000e+00
0.000000000000000000e+00
0.000000000000000000e+00
0.000000000000000000e+00
0.000000000000000000e+00
0.000000000000000000e+00
0.000000000000000000e+00
0.000000000000000000e+00
0.000000000000000000e+00
0.000000000000000000e+00
0.000000000000000000e+00
0.000000000000000000e+00
0.000000000000000000e+00
0.000000000000000000e+00
0.000000000000000000e+00
0.000000000000000000e+00
0.000000000000000000e+00
0.000000000000000000e+00
0.000000000000000000e+00
0.000000000000000000e+00
0.000000000000000000e+00
0.000000000000000000e+00
0.000000000000000000e+00
0.000000000000000000e+00
0.000000000000000000e+00
0.000000000000000000e+00
0.000000000000000000e+00
0.000000000000000000e+00
0.000000000000000000e+00
0.000000000000000000e+00
0.000000000000000000e+00
0.000000000000000000e+00
0.000000000000000000e+00
0.000000000000000000e+00
0.000000000000000000e+00
0.000000000000000000e+00
0.000000000000000000e+00
0.000000000000000000e+00
0.000000000000000000e+00
0.000000000000000000e+00
0.000000000000000000e+00
0.000000000000000000e+00
0.000000000000000000e+00
0.000000000000000000e+00
0.000000000000000000e+00
0.000000000000000000e+00
0.000000000000000000e+00
0.000000000000000000e+00
0.000000000000000000e+00
0.000000000000000000e+00
0.000000000000000000e+00
0.000000000000000000e+00
0.000000000000000000e+00
0.000000000000000000e+00
0.000000000000000000e+00
0.000000000000000000e+00
0.000000000000000000e+00
0.000000000000000000e+00
0.000000000000000000e+00
0.000000000000000000e+00
0.000000000000000000e+00
0.000000000000000000e+00
0.000000000000000000e+00
0.000000000000000000e+00
0.000000000000000000e+00
0.000000000000000000e+00
0.000000000000000000e+00
0.000000000000000000e+00
0.000000000000000000e+00
0.000000000000000000e+00
0.000000000000000000e+00
0.000000000000000000e+00
0.000000000000000000e+00
0.000000000000000000e+00
0.000000000000000000e+00
0.000000000000000000e+00
0.000000000000000000e+00
0.000000000000000000e+00
0.000000000000000000e+00
0.000000000000000000e+00
0.000000000000000000e+00
0.000000000000000000e+00
0.000000000000000000e+00
0.000000000000000000e+00
0.000000000000000000e+00
0.000000000000000000e+00
0.000000000000000000e+00
0.000000000000000000e+00
0.000000000000000000e+00
0.000000000000000000e+00
0.000000000000000000e+00
0.000000000000000000e+00
0.000000000000000000e+00
0.000000000000000000e+00
0.000000000000000000e+00
0.000000000000000000e+00
0.000000000000000000e+00
0.000000000000000000e+00
0.000000000000000000e+00
0.000000000000000000e+00
0.000000000000000000e+00
0.000000000000000000e+00
0.000000000000000000e+00
0.000000000000000000e+00
0.000000000000000000e+00
0.000000000000000000e+00
0.000000000000000000e+00
0.000000000000000000e+00
0.000000000000000000e+00
0.000000000000000000e+00
0.000000000000000000e+00
0.000000000000000000e+00
0.000000000000000000e+00
0.000000000000000000e+00
0.000000000000000000e+00
0.000000000000000000e+00
0.000000000000000000e+00
0.000000000000000000e+00
0.000000000000000000e+00
0.000000000000000000e+00
0.000000000000000000e+00
0.000000000000000000e+00
0.000000000000000000e+00
0.000000000000000000e+00
0.000000000000000000e+00
0.000000000000000000e+00
0.000000000000000000e+00
0.000000000000000000e+00
0.000000000000000000e+00
0.000000000000000000e+00
0.000000000000000000e+00
0.000000000000000000e+00
0.000000000000000000e+00
0.000000000000000000e+00
0.000000000000000000e+00
0.000000000000000000e+00
0.000000000000000000e+00
0.000000000000000000e+00
0.000000000000000000e+00
0.000000000000000000e+00
0.000000000000000000e+00
0.000000000000000000e+00
0.000000000000000000e+00
0.000000000000000000e+00
0.000000000000000000e+00
0.000000000000000000e+00
0.000000000000000000e+00
0.000000000000000000e+00
0.000000000000000000e+00
0.000000000000000000e+00
0.000000000000000000e+00
0.000000000000000000e+00
0.000000000000000000e+00
0.000000000000000000e+00
0.000000000000000000e+00
0.000000000000000000e+00
0.000000000000000000e+00
0.000000000000000000e+00
0.000000000000000000e+00
0.000000000000000000e+00
0.000000000000000000e+00
0.000000000000000000e+00
0.000000000000000000e+00
0.000000000000000000e+00
0.000000000000000000e+00
0.000000000000000000e+00
0.000000000000000000e+00
0.000000000000000000e+00
0.000000000000000000e+00
0.000000000000000000e+00
0.000000000000000000e+00
0.000000000000000000e+00
0.000000000000000000e+00
0.000000000000000000e+00
0.000000000000000000e+00
0.000000000000000000e+00
0.000000000000000000e+00
0.000000000000000000e+00
0.000000000000000000e+00
0.000000000000000000e+00
0.000000000000000000e+00
0.000000000000000000e+00
0.000000000000000000e+00
0.000000000000000000e+00
0.000000000000000000e+00
0.000000000000000000e+00
0.000000000000000000e+00
0.000000000000000000e+00
0.000000000000000000e+00
0.000000000000000000e+00
0.000000000000000000e+00
0.000000000000000000e+00
0.000000000000000000e+00
0.000000000000000000e+00
0.000000000000000000e+00
0.000000000000000000e+00
0.000000000000000000e+00
0.000000000000000000e+00
0.000000000000000000e+00
0.000000000000000000e+00
0.000000000000000000e+00
0.000000000000000000e+00
0.000000000000000000e+00
0.000000000000000000e+00
0.000000000000000000e+00
0.000000000000000000e+00
0.000000000000000000e+00
0.000000000000000000e+00
0.000000000000000000e+00
0.000000000000000000e+00
0.000000000000000000e+00
0.000000000000000000e+00
0.000000000000000000e+00
0.000000000000000000e+00
0.000000000000000000e+00
0.000000000000000000e+00
0.000000000000000000e+00
0.000000000000000000e+00
0.000000000000000000e+00
0.000000000000000000e+00
0.000000000000000000e+00
0.000000000000000000e+00
0.000000000000000000e+00
0.000000000000000000e+00
0.000000000000000000e+00
0.000000000000000000e+00
0.000000000000000000e+00
0.000000000000000000e+00
0.000000000000000000e+00
0.000000000000000000e+00
0.000000000000000000e+00
0.000000000000000000e+00
0.000000000000000000e+00
0.000000000000000000e+00
0.000000000000000000e+00
0.000000000000000000e+00
0.000000000000000000e+00
0.000000000000000000e+00
0.000000000000000000e+00
0.000000000000000000e+00
0.000000000000000000e+00
0.000000000000000000e+00
0.000000000000000000e+00
0.000000000000000000e+00
0.000000000000000000e+00
0.000000000000000000e+00
0.000000000000000000e+00
0.000000000000000000e+00
0.000000000000000000e+00
0.000000000000000000e+00
0.000000000000000000e+00
0.000000000000000000e+00
0.000000000000000000e+00
0.000000000000000000e+00
0.000000000000000000e+00
0.000000000000000000e+00
0.000000000000000000e+00
0.000000000000000000e+00
0.000000000000000000e+00
0.000000000000000000e+00
0.000000000000000000e+00
0.000000000000000000e+00
0.000000000000000000e+00
0.000000000000000000e+00
0.000000000000000000e+00
0.000000000000000000e+00
0.000000000000000000e+00
0.000000000000000000e+00
0.000000000000000000e+00
0.000000000000000000e+00
0.000000000000000000e+00
0.000000000000000000e+00
0.000000000000000000e+00
0.000000000000000000e+00
0.000000000000000000e+00
0.000000000000000000e+00
0.000000000000000000e+00
0.000000000000000000e+00
0.000000000000000000e+00
0.000000000000000000e+00
0.000000000000000000e+00
0.000000000000000000e+00
0.000000000000000000e+00
0.000000000000000000e+00
0.000000000000000000e+00
0.000000000000000000e+00
0.000000000000000000e+00
0.000000000000000000e+00
0.000000000000000000e+00
0.000000000000000000e+00
0.000000000000000000e+00
0.000000000000000000e+00
0.000000000000000000e+00
0.000000000000000000e+00
0.000000000000000000e+00
0.000000000000000000e+00
0.000000000000000000e+00
0.000000000000000000e+00
0.000000000000000000e+00
0.000000000000000000e+00
0.000000000000000000e+00
0.000000000000000000e+00
0.000000000000000000e+00
0.000000000000000000e+00
0.000000000000000000e+00
0.000000000000000000e+00
0.000000000000000000e+00
0.000000000000000000e+00
0.000000000000000000e+00
0.000000000000000000e+00
0.000000000000000000e+00
0.000000000000000000e+00
0.000000000000000000e+00
0.000000000000000000e+00
0.000000000000000000e+00
0.000000000000000000e+00
0.000000000000000000e+00
0.000000000000000000e+00
0.000000000000000000e+00
0.000000000000000000e+00
0.000000000000000000e+00
0.000000000000000000e+00
0.000000000000000000e+00
0.000000000000000000e+00
0.000000000000000000e+00
0.000000000000000000e+00
0.000000000000000000e+00
0.000000000000000000e+00
0.000000000000000000e+00
0.000000000000000000e+00
0.000000000000000000e+00
0.000000000000000000e+00
0.000000000000000000e+00
