-1.600000000000000089e+00
-1.371846270656706057e+00
-1.176226368946695189e+00
-1.008501098554751563e+00
-8.646927943784545878e-01
-7.413909907698804647e-01
-6.356715411163380569e-01
-5.450272706519058152e-01
-4.673085179062626549e-01
-4.006721547098868186e-01
-3.435378757467156263e-01
-2.945507210452866786e-01
-2.525489426157626616e-01
-2.165364531785803348e-01
-1.856592035964161891e-01
-1.591849287917735389e-01
-1.364857818173423609e-01
-1.170234442398662422e-01
-1.003363597249146838e-01
-8.602878806243371979e-02
-7.376142004535363172e-02
-6.324333062972574415e-02
-5.422507954268643987e-02
-4.649279571668602645e-02
-3.986310526021236145e-02
-3.417878268001128123e-02
-2.930502222197468865e-02
-2.512624090420491341e-02
-2.154333742503469762e-02
-1.847134194002054974e-02
-1.583740097152625675e-02
-1.357904966230198684e-02
-1.164273039893198858e-02
-9.982522673772699709e-03
-8.559054063600676776e-03
-7.338566498437318689e-03
-6.292115676779676606e-03
-5.394884641081745813e-03
-4.625595234681961071e-03
-3.966003482666173585e-03
-3.400466929441935300e-03
-2.915573672278988851e-03
-2.499824293213004107e-03
-2.143359146213311053e-03
-1.837724532131669673e-03
-1.575672216186981044e-03
-1.350987533470936371e-03
-1.158342005934878379e-03
-9.931669756167314702e-04
-8.515452572745085477e-04
-7.301182409296495812e-04
-6.260062412236092532e-04
-5.367402046440190302e-04
-4.602031550327593742e-04
-3.945799887350876097e-04
-3.383144287637470412e-04
-2.900721171305627871e-04
-2.487089700669107965e-04
-2.132440456657263205e-04
-1.828362804914219683e-04
-1.567645434580630214e-04
-1.344105339463403845e-04
-1.152441185820398274e-04
-9.881075893243164020e-05
-8.472073196388436270e-05
-7.263988761997576397e-05
-6.228172433274126998e-05
-5.340059453496252487e-05
-4.578587903977453342e-05
-3.925699213090860844e-05
-3.365909890749160322e-05
-2.885944331869224106e-05
-2.474419980623535119e-05
-2.121577389035523732e-05
-1.819048768161232122e-05
-1.559659542965414081e-05
-1.337258204694529552e-05
-1.146570425634543820e-05
-9.830739765325136029e-06
-8.428914803036172021e-06
-7.226984586392664356e-06
-6.196444908085175449e-06
-5.312856149053992053e-06
-4.555263684134537007e-06
-3.905700935586184324e-06
-3.348763289240198794e-06
-2.871242768535158655e-06
-2.461814802603117523e-06
-2.110769659999102388e-06
-1.809782178928183319e-06
-1.551714333039745444e-06
-1.330445950565708773e-06
-1.140729572246178116e-06
-9.780660059460854396e-07
-8.385976266957735848e-07
-7.190168917276015008e-07
-6.164879009098033717e-07
-5.285791423550594265e-07
-4.532058282416930429e-07
-3.885804533207815993e-07
-3.331704035863786658e-07
-2.856616097832271647e-07
-2.449273837818197150e-07
-2.100016987642455283e-07
-1.800562795508146075e-07
-1.543809597563165339e-07
-1.323668399388162281e-07
-1.134918473304239220e-07
-9.730835469386364910e-08
-8.343256468157305161e-08
-7.153540794358780028e-08
-6.133473912957317682e-08
-5.258864571037933312e-08
-4.508971093541919645e-08
-3.866009486983970668e-08
-3.314731685651505802e-08
-2.842063938242898415e-08
-2.436796759154020863e-08
-2.089319091496120600e-08
-1.791390377425507206e-08
-1.535945130350932568e-08
-1.316925374378280562e-08
-1.129136977233769768e-08
-9.681264695492086492e-09
-8.300754292344536518e-09
-7.117099262244065080e-09
-6.102228800501949697e-09
-5.232074889164074615e-09
-4.486001515310211594e-09
-3.846315280586655593e-09
-3.297845795901692757e-09
-2.827585910192897622e-09
-2.424383241162235306e-09
-2.078675692519395001e-09
-1.782264685429668309e-09
-1.528120726268649300e-09
-1.310216699653040574e-09
-1.123384933231976366e-09
-9.631946444788877659e-10
-8.258468630905467072e-10
-7.080843370401889467e-10
-6.071142856743811695e-10
-5.205421679155063996e-10
-4.463148948590279732e-10
-3.826721400318111461e-10
-3.281045926167882039e-10
-2.813181636041743449e-10
-2.412032960052365647e-10
-2.068086513093059512e-10
-1.773185481488841642e-10
-1.520336181226927521e-10
-1.303542200225387337e-10
-1.117662191264272547e-10
-9.582879430874309118e-11
-8.216398380873617394e-11
-7.044772173144547739e-11
-6.040215270846557137e-11
-5.178904245796586989e-11
-4.440412797302644943e-11
-3.807227335097468333e-11
-3.264331638247321718e-11
-2.798850740072679083e-11
-2.399745593683418412e-11
-2.057551277012163794e-11
-1.764152528783801027e-11
-1.512591292176034934e-11
-1.296901701999684684e-11
-1.111968602060376928e-11
-9.534062373899248814e-12
-8.174542444901321129e-12
-7.008884729601771568e-12
-6.009445236104331921e-12
-5.152521897415899709e-12
-4.417792468404372508e-12
-3.787832576447391486e-12
-3.247702496169586909e-12
-2.784592848482953161e-12
-2.387520821555422404e-12
-2.047069709478776850e-12
-1.755165591701723859e-12
-1.504885857100613789e-12
-1.290295031767186625e-12
-1.106304017110432645e-12
-9.485494000534253351e-13
-8.132899731230925021e-13
-6.973180103696299216e-13
-5.978831949920801491e-13
-5.126273945863760476e-13
-4.395287371873650826e-13
-3.768536618480866086e-13
-3.231158066185132976e-13
-2.770407589374006886e-13
-2.375358324801096920e-13
-2.036641537094842223e-13
-1.746224435830063649e-13
-1.497219675014428021e-13
-1.283722017201493671e-13
-1.100668288661108554e-13
-9.437173043936509038e-14
-8.091469153666409370e-14
-6.937657364119402785e-14
-5.948374613788276061e-14
-5.100159706496545975e-14
-4.372896920694307054e-14
-3.749338957887926700e-14
-3.214697916754023087e-14
-2.756294592741807036e-14
-2.363257786177558935e-14
-2.026266487855068275e-14
-1.737328827950399015e-14
-1.489592545955089190e-14
-1.277182486854073674e-14
-1.095061269711762233e-14
-9.389098243716744762e-15
-8.050249631545157904e-15
-6.902315584306670659e-15
-5.918072433266734438e-15
-5.074178498158269541e-15
-4.350620530840545084e-15
-3.730239093922564912e-15
-3.198321618534701890e-15
-2.742253490467221115e-15
-2.351218890057996044e-15
-2.015944291139789814e-15
-1.728478536032374282e-15
-1.482004270978860462e-15
-1.270676270149788369e-15
-1.089482814010600783e-15
-9.341268345906291462e-16
-8.009240089709431509e-16
-6.867153842413794731e-16
-5.887924617963273940e-16
-5.048329643162957519e-16
-4.328457621261754783e-16
-3.711236528389711513e-16
-3.182028744372730237e-16
-2.728283916306358704e-16
-2.339241322423470417e-16
-2.005674677707937971e-16
-1.719673329227641905e-16
-1.474454652155464928e-16
-1.264203197382432390e-16
-1.083932776050859102e-16
-9.293682102924640223e-17
-7.968439458478842933e-17
-6.832171221292467263e-17
-5.857930381511343893e-17
-5.022612467276847846e-17
-4.306407613867265489e-17
-3.692330765632159526e-17
-3.165818869289687867e-17
-2.714385505881056779e-17
-2.327324770854716491e-17
-1.995457379690010910e-17
-1.710912977863828846e-17
-1.466943492562909024e-17
-1.257763099710344632e-17
-1.078411011067034796e-17
-9.246338273546501225e-18
-7.927846673621963501e-18
-6.797366808466542502e-18
-5.828088941550317078e-18
-4.997026299700872818e-18
-4.284469933511328351e-18
-3.673521312517690280e-18
-3.149691570472077567e-18
-2.700557896669366246e-18
-2.315468924523977447e-18
-1.985292130581071433e-18
-1.702197253438593915e-18
-1.459470596282390332e-18
-1.251355809151948211e-18
-1.072917375031066289e-18
-9.199235622869695835e-19
-7.887460676328825017e-19
-6.762739696108203520e-19
-5.798399519705068399e-19
-4.971570473053148525e-19
-4.262644007978100896e-19
-3.654807678426197156e-19
-3.133646427260274592e-19
-2.686800727996075362e-19
-2.303673474186962940e-19
-1.975178665233852973e-19
-1.693525928613595757e-19
-1.452035768393123557e-19
-1.244981158581407554e-19
-1.067451724648606335e-19
-9.152372922282876549e-20
-7.847280413183244342e-20
-6.728288981014283845e-20
-5.768861341565661175e-20
-4.946244323351562212e-20
-4.240929267966686860e-20
-3.636189375236860583e-20
-3.117683021137642162e-20
-2.673113641023380848e-20
-2.291938112174685123e-20
-1.965116719851758986e-20
-1.684898777208609878e-20
-1.444638814967298416e-20
-1.238638981724257773e-20
-1.062013917355277353e-20
-9.105748949433483091e-21
-7.807304836135342236e-21
-6.694013764582713549e-21
-5.739473636667120482e-21
-4.921047189996422660e-21
-4.219325147076411612e-21
-3.617665917315522382e-21
-3.101800935719483708e-21
-2.659496278741410842e-21
-2.280262532385496247e-21
-1.955106031982037997e-21
-1.676315574195619502e-21
-1.437279543065010621e-21
-1.232329113153068837e-21
-1.056603811312952860e-21
-9.059362488195856938e-22
-7.767532902474163307e-22
-6.659913152789028081e-22
-5.710235638469486500e-22
-4.895978415753365605e-22
-4.197831081791866152e-22
-3.599236821501863108e-22
-3.085999756742268701e-22
-2.645948285958991043e-22
-2.268646430277092179e-22
-1.945146340508924515e-22
-1.667776095692943093e-22
-1.429957760729229492e-22
-1.226051388283130365e-22
-1.051221265406049114e-22
-9.013212328639453762e-23
-7.727963574800679209e-23
-6.625986256163240614e-23
-5.681146584337583905e-23
-4.871037346736002037e-23
-4.176446511468327944e-23
-3.580901607096898980e-23
-3.070279072052805431e-23
-2.632469309294359847e-23
-2.257089502858564999e-23
-1.935237385646826776e-23
-1.659280118959396552e-23
-1.422673276980780598e-23
-1.219805643368149924e-23
-1.045866139237875890e-23
-8.967297266997550010e-24
-7.688595821000416984e-24
-6.592232189766352942e-24
-5.652205715521291818e-24
-4.846223332389004197e-24
-4.155170878317108609e-24
-3.562659795850424150e-24
-3.054638471597492550e-24
-2.619058997165951677e-24
-2.245591448682503758e-24
-1.925378908933538834e-24
-1.650827422388471543e-24
-1.415425901813405407e-24
-1.213591715496016433e-24
-1.040538293126928301e-24
-8.921616105635448053e-25
-7.649428614216750114e-25
-6.558650073167468746e-25
-5.623412277135706286e-25
-4.821535725471098861e-25
-4.134003627391003697e-25
-3.544510911948528941e-25
-3.039077547411620242e-25
-2.605716999783207679e-25
-2.234151967837110132e-25
-1.915570653223551829e-25
-1.642417785502600685e-25
-1.408215446188743511e-25
-1.207409442584498845e-25
-1.035237588103273718e-25
-8.876167653019499355e-26
-7.610460932824059708e-26
-6.525239030420780164e-26
-5.594765518141457326e-26
-4.796973882038185343e-26
-4.112944206569818386e-26
-3.526454482001170697e-26
-3.023595893608709086e-26
-2.592442969137525203e-26
-2.222770761938446358e-26
-1.905812362681265368e-26
-1.634050988947337881e-26
-1.401041722031443321e-26
-1.201258663377053897e-26
-1.029963885904919675e-26
-8.830950723685962325e-27
-7.571691760401083128e-27
-6.491998190042713725e-27
-5.566264691325116639e-27
-4.772537161426507293e-27
-4.091992066545937956e-27
-3.508490035029921694e-27
-3.008193106370010332e-27
-2.579236558993070712e-27
-2.211447534122550570e-27
-1.896103782774369487e-27
-1.625726814485683347e-27
-1.393904542224245272e-27
-1.195139217438609447e-27
-1.024717048974207172e-27
-8.785964138210074360e-28
-7.533120085704411004e-28
-6.458926684989159797e-28
-5.537909053279665085e-28
-4.748224926236077161e-28
-4.071146660810111794e-28
-3.490617102455535073e-28
-2.992868783933841463e-28
-2.566097424877820862e-28
-2.200181989037745093e-28
-1.886444660267192019e-28
-1.617445044992367175e-28
-1.386803720603102415e-28
-1.189050945151373639e-28
-1.019496940454222589e-28
-8.741206723175237295e-29
-7.494744902642105642e-29
-6.426023652633038489e-29
-5.509697864385303032e-29
-4.724036542313841152e-29
-4.050407445637058800e-29
-3.472835218085823370e-29
-2.977622526585171003e-29
-2.553025224074560575e-29
-2.188973832836977461e-29
-1.876834743214091509e-29
-1.609205464448231948e-29
-1.379739071952322883e-29
-1.182993687710703908e-29
-1.014303424185228303e-29
-8.696677311142646934e-30
-7.456565210247451646e-30
-6.393288234741523056e-30
-5.481630388789762963e-30
-4.699971378737284912e-30
-4.029773880071224744e-30
-3.455143918103472407e-30
-2.962453936645260570e-30
-2.540019615611943168e-30
-2.177822773170063388e-30
-1.867273780952887415e-30
-1.601007857934530598e-30
-1.372710411999740001e-30
-1.176967287120913462e-30
-1.009136364701111187e-30
-8.652374740620474275e-31
-7.418580012652858181e-31
-6.360719577453835647e-31
-5.453705894389428402e-31
-4.676028807797931972e-31
-4.009245425913046301e-31
-3.437542741053944448e-31
-2.947362618461158623e-31
-2.527080260255597050e-31
-2.166728519176122421e-31
-1.857761524098321082e-31
-1.592852011627364753e-31
-1.365717557411905817e-31
-1.170971586191185255e-31
-1.003995627225848312e-31
-8.608297856033821410e-32
-7.380788319063774272e-32
-6.328316831258935014e-32
-5.425923652810359753e-32
-4.652208204984975415e-32
-3.988821547704453313e-32
-3.420031227833441343e-32
-2.932348178395469721e-32
-2.514206820499275860e-32
-2.155690781475976978e-32
-1.848297724535551026e-32
-1.584737712792097041e-32
-1.358760325789308057e-32
-1.165006428531463063e-32
-9.988810776699785089e-33
-8.564445507694511045e-33
-7.343189143733261028e-33
-6.296079150973351278e-33
-5.398282939388859831e-33
-4.628508948968990366e-33
-3.968501712715161469e-33
-3.402608921676929178e-33
-2.917410224816063236e-33
-2.501398960556055665e-33
-2.144709272164602059e-33
-1.838882135413681398e-33
-1.576664749777801332e-33
-1.351838535661594462e-33
-1.159071658548372058e-33
-9.937925826271603651e-34
-8.520816551771104474e-34
-7.305781505935654542e-34
-6.264005695719149568e-34
-5.370783033152889634e-34
-4.604930421585725248e-34
-3.948285390928717682e-34
-3.385275368146223809e-34
-2.902548368085858514e-34
-2.488656346349577406e-34
-2.133783704803618274e-34
-1.829514511139296407e-34
-1.568632912011743297e-34
-1.344952006482915861e-34
-1.153167121441160125e-34
-9.887300093706085887e-35
-8.477409850259062072e-35
-7.268564429941401132e-35
-6.232095628901983823e-35
-5.343423216803181069e-35
-4.581472007819975170e-35
-3.928172055028676110e-35
-3.368030115118137676e-35
-2.887762220552664371e-35
-2.475978645505297104e-35
-2.122913794413818703e-35
-1.820194607370159423e-35
-1.560641989993887370e-35
-1.338100558627100426e-35
-1.147292663197660449e-35
-9.836932258496877545e-36
-8.434224270951058981e-36
-7.231536944991506209e-36
-6.200348118189288918e-36
-5.316202776694528256e-36
-4.558133095789543861e-36
-3.908161180384844464e-36
-3.350872712772640325e-36
-2.873051396539063289e-36
-2.463365527341955788e-36
-2.112099257467736015e-36
-1.810922181008683061e-36
-1.552691775291430689e-36
-1.331284013383047129e-36
-1.141448130590274765e-36
-9.786821006864543939e-37
-8.391258687407458631e-37
-7.194698085272209046e-37
-6.168762335488562181e-37
-5.289121002817175607e-37
-4.534913076729219854e-37
-3.888252245039597846e-37
-3.333802713581313845e-37
-2.858415512332354178e-37
-2.450816662862745113e-37
-2.101339811882247324e-37
-1.801696990195691773e-37
-1.544782060533369060e-37
-1.324502192950044023e-37
-1.135633371171975585e-37
-9.736965031722294255e-38
-8.348511978926928879e-38
-7.158046889889793578e-38
-6.137337456925676584e-38
-5.262177188778290997e-38
-4.511811344975150287e-38
-3.868444729694265348e-38
-3.316819672295395261e-38
-2.843854186174544003e-38
-2.438331724746865447e-38
-2.090635177011216811e-38
-1.792518794304088577e-38
-1.536912639405086209e-38
-1.317754920433130067e-38
-1.129848233272329786e-38
-9.687363032641897466e-39
-8.305983030517085770e-39
-7.121582402845524199e-39
-6.106072662823745453e-39
-5.235370631783550183e-39
-4.488827297948661864e-39
-3.848738117695585949e-39
-3.299923145934353789e-39
-2.829367038252389045e-39
-2.425910387340952865e-39
-2.079985073638173263e-39
-1.783387353932577031e-39
-1.529083306642972221e-39
-1.311042019838482416e-39
-1.124092565993528615e-39
-9.638013715819757822e-40
-8.263670732865892767e-40
-7.085303673010707092e-40
-6.074967137681209755e-40
-5.208700632618797315e-40
-4.465960336140797808e-40
-3.829131895022230280e-40
-3.283112693774286154e-40
-2.814953690687488371e-40
-2.413552326650585265e-40
-2.069389223969029171e-40
-1.774302430899418421e-40
-1.521293858029049206e-40
-1.304363316068824880e-40
-1.118366219206512602e-40
-9.588915794043162615e-41
-8.221573982312008313e-41
-7.049209754101886734e-41
-6.044020070150928293e-41
-5.182166495631811566e-41
-4.443209863096615148e-41
-3.809625550271394587e-41
-3.266387877336425461e-41
-2.800613767526427470e-41
-2.401257220331831889e-41
-2.058847351624806657e-41
-1.765263788236217785e-41
-1.513544090385730607e-41
-1.297718634918860363e-41
-1.112669043546961516e-41
-9.540067986656717652e-42
-8.179691680816475818e-42
-7.013299704656157833e-42
-6.013230653018915166e-42
-5.155767528714157422e-42
-4.420575285399632379e-42
-3.790218574645459906e-42
-3.249748260375697871e-42
-2.786346894730930987e-42
-2.389024747682843806e-42
-2.048359181634541551e-42
-1.756271190181743600e-42
-1.505833801570389720e-42
-1.291107803070728062e-42
-1.107000890411462488e-42
-9.491469019528932569e-43
-8.138022735933964141e-43
-6.977572588006611606e-43
-5.982598083183292457e-43
-5.129503043283137874e-43
-4.398056012656343595e-43
-3.770910461938667537e-43
-3.233193408869349208e-43
-2.772152700168268322e-43
-2.376854589635491395e-43
-2.037924440427939204e-43
-1.747324402175777706e-43
-1.498162790470176961e-43
-1.284530648089482766e-43
-1.101361611953616783e-43
-9.443117625018993429e-44
-8.096566060784270115e-44
-6.942027472257902678e-44
-5.952121561633337991e-44
-5.103372354263756660e-44
-4.375651457480825703e-44
-3.751700708524132496e-44
-3.216722891005620408e-44
-2.758030813601305988e-44
-2.364746428747037911e-44
-2.027542855828354585e-44
-1.738423190852998001e-44
-1.490530856996750649e-44
-1.277986998418594784e-44
-1.095751061080184701e-44
-9.395012541943696190e-45
-8.055320574023971708e-45
-6.906663430261843583e-45
-5.921800293428647776e-45
-5.077374780071140258e-45
-4.353361035479412563e-45
-3.732588813340380281e-45
-3.200336277172487570e-45
-2.743980866679009088e-45
-2.352699949191864793e-45
-2.017214157045662770e-45
-1.729567324036890424e-45
-1.482937802081057103e-45
-1.271476683375478758e-45
-1.090169091447247830e-45
-9.347152515544417526e-46
-8.014285199818222157e-46
-6.871479539593618502e-46
-5.891633487678397992e-46
-5.051509642592324720e-46
-4.331184165235452239e-46
-3.713574277878496804e-46
-3.184033139946452957e-46
-2.730002492926796935e-46
-2.340714836753228689e-46
-2.006938074669197190e-46
-1.720756570733693393e-46
-1.475383427668140143e-46
-1.264999533147020429e-46
-1.084615557456392197e-46
-9.299536297454913674e-47
-7.973458867812682961e-47
-6.836474882527123965e-47
-5.861620357520718385e-47
-5.025776267168858103e-47
-4.309120268294144951e-47
-3.694656606169067920e-47
-3.167813054081398151e-47
-2.716095327736979928e-47
-2.328790778815067560e-47
-1.996714340660722272e-47
-1.711990701126348228e-47
-1.467867536711974039e-47
-1.258555378785221078e-47
-1.079090314250910623e-47
-9.252162645667967880e-48
-7.932840513105614995e-48
-6.801648546011434346e-48
-5.831760120102165972e-48
-5.000173982579130533e-48
-4.287168769147450916e-48
-3.675835304769245613e-48
-3.151675596497490438e-48
-2.702259008359251891e-48
-2.316927464353815156e-48
-1.986542688347439797e-48
-1.703269486568602708e-48
-1.460389933170323897e-48
-1.252144052202682393e-48
-1.073593217712024314e-48
-9.205030324503524691e-49
-7.892429076220090403e-49
-6.766999621646882704e-49
-5.802051996557304029e-49
-4.974702121020863038e-49
-4.265329095219081501e-49
-3.657109882749874517e-49
-3.135620346270104054e-49
-2.688493173891228016e-49
-2.305124583930417326e-49
-1.976422852415036513e-49
-1.694592699578899600e-49
-1.452950421999631871e-49
-1.245765386168293292e-49
-1.068124124455123479e-49
-9.158138104576317245e-50
-7.852223503076368792e-50
-6.732527205661365320e-50
-5.772495211988393082e-50
-4.949360018093698012e-50
-4.243600676849501546e-50
-3.638479851682691021e-50
-3.119646884619019971e-50
-2.674797465269029535e-50
-2.293381829682064802e-50
-1.966354568900761274e-50
-1.685960113834541634e-50
-1.445548809149930609e-50
-1.239419214302851193e-50
-1.062682891826027605e-50
-9.111484762763812919e-51
-7.812222744964396794e-51
-6.698230398886770763e-51
-5.743088995445084879e-51
-4.924147012781856239e-51
-4.221982947281314566e-51
-3.619944725627578344e-51
-3.103754794897233207e-51
-2.661171525257919520e-51
-2.281698895314294553e-51
-1.956337575186540472e-51
-1.677371504165763530e-51
-1.438184901559780824e-51
-1.233105371074721394e-51
-1.057269377897264709e-51
-9.065069082174302650e-52
-7.772425758516342075e-52
-6.664108306735527567e-52
-5.713832579904655545e-52
-4.899062447436904874e-52
-4.200475342644117600e-52
-3.601504021119892009e-52
-3.087943662580263694e-52
-2.647614998442985378e-52
-2.270075476092966349e-52
-1.946371609992128883e-52
-1.668826646549858447e-52
-1.430858507151236004e-52
-1.226823691795520069e-52
-1.051883441464353417e-52
-9.018889852115160576e-53
-7.732831505679819928e-53
-6.630160039177264595e-53
-5.684725202251494467e-53
-4.874105667760600682e-53
-4.179077301940031863e-53
-3.583157257157853020e-53
-3.072213075255300261e-53
-2.634127531219866214e-53
-2.258511268836315993e-53
-1.936456413368293278e-53
-1.660325318105335384e-53
-1.423569434824811621e-53
-1.220574012615817102e-53
-1.046524942042180708e-53
-8.972945868061261539e-54
-7.693438953690163588e-54
-6.596384710715600837e-54
-5.655766103257532283e-54
-4.849276022787822979e-54
-4.157788267029009582e-54
-3.564903955189999100e-54
-3.056562622610443916e-54
-2.620708771785531300e-54
-2.247005971907046154e-54
-1.926591726690005241e-54
-1.651867297086104986e-54
-1.416317494454582014e-54
-1.214356170520864573e-54
-1.041193739861247421e-54
-8.927235931623574413e-55
-7.654247075043915189e-55
-6.562781440365047378e-55
-5.626954527562360594e-55
-4.824572864869594036e-55
-4.136607682614281166e-55
-3.546743639102702242e-55
-3.040991896424002820e-55
-2.607358370129065649e-55
-2.235559285204458423e-55
-1.916777292649804778e-55
-1.643452362875695298e-55
-1.409102496883099678e-55
-1.208170003326342297e-55
-1.035889695864082560e-55
-8.881758850517887547e-56
-7.615254847471922766e-56
-6.529349351628023863e-56
-5.598289723653518325e-56
-4.799995549656186588e-56
-4.115534996227863699e-56
-3.528675835207699463e-56
-3.025500490553804848e-56
-2.594075978022726651e-56
-2.224170910156626107e-56
-1.907012855250924580e-56
-1.635080295981475350e-56
-1.401924253916561807e-56
-1.202015349674129853e-56
-1.030612671701600341e-56
-8.836513438533595917e-57
-7.576461253912778546e-57
-6.496087572472004985e-57
-5.569770943846897423e-57
-4.775543436080247987e-57
-4.094569658216098517e-57
-3.510700072229987914e-57
-3.010088000926816306e-57
-2.580861249012453319e-57
-2.212840549712574666e-57
-1.897298159800748235e-57
-1.626750878029044062e-57
-1.394782578319782123e-57
-1.195892049028078397e-57
-1.025362529729507548e-57
-8.791498515503385596e-58
-7.537865282485754684e-58
-6.462995235306669580e-58
-5.541397444267161578e-58
-4.751215886340420977e-58
-4.073711121725599505e-58
-3.492815881294983634e-58
-2.994754025528130201e-58
-2.567713838409383284e-58
-2.201567908334690500e-58
-1.887632952904006532e-58
-1.618463891756281244e-58
-1.387677283811525961e-58
-1.189799941669910568e-58
-1.020139133004639152e-58
-8.746712907271065518e-59
-7.499465926465379543e-59
-6.430071476961747133e-59
-5.513168484828731925e-59
-4.727012265883955231e-59
-4.052958842688354795e-59
-3.475022795917037944e-59
-2.979498164391123523e-59
-2.554633403280273394e-59
-2.190352691990667698e-59
-1.878016982456462562e-59
-1.610219121008026084e-59
-1.380608185059353543e-59
-1.183738868694865606e-59
-1.014942345281518167e-59
-8.702155445662824113e-60
-7.461262184254633539e-60
-6.397315438663475526e-60
-5.485083329215624573e-60
-4.702931943391181032e-60
-4.032312279808402723e-60
-3.457320351986475619e-60
-2.964320019586340643e-60
-2.541619602439140672e-60
-2.179194608146307357e-60
-1.868449997637933928e-60
-1.602016350730071090e-60
-1.373575097675062203e-60
-1.177708672007809883e-60
-1.009772031008728337e-60
-8.657824968454766179e-61
-7.423253059358191442e-61
-6.364726266013588006e-61
-5.457141244863415858e-61
-4.678974290757951373e-61
-4.011770894546787513e-61
-3.439708087758280302e-61
-2.949219195211796905e-61
-2.528672096437780983e-61
-2.168093365757388582e-61
-1.858931748906124578e-61
-1.593855366963919515e-61
-1.366577838209758757e-61
-1.171709194318843076e-61
-1.004628055325292491e-61
-8.613720319344571678e-62
-7.385437560357915787e-62
-6.332303108965564287e-62
-5.429341502938885841e-62
-4.655138683080342376e-62
-3.991334151108435090e-62
-3.422185543839263032e-62
-2.934195297381970848e-62
-2.515790547557421723e-62
-2.157048675262573120e-62
-1.849461987989956010e-62
-1.585735956840838892e-62
-1.359616224148958703e-62
-1.165740279139463725e-62
-9.995102840573564322e-63
-8.569840347919378095e-63
-7.347814700885304613e-63
-6.300045121803904157e-63
-5.401683378322251374e-63
-4.631424498637280791e-63
-3.971001516427260226e-63
-3.404752263176766088e-63
-2.919247934218205198e-63
-2.502974619799694593e-63
-2.146060248575359467e-63
-1.840040467882932210e-63
-1.577657908576672679e-63
-1.352690073908095207e-63
-1.159801770778220329e-63
-9.944185837144592413e-64
-8.526183909627715138e-64
-7.310383499597448003e-64
-6.267951463120632906e-64
-5.374166149587017487e-64
-4.607831118875256666e-64
-3.950772460153173424e-64
-3.387407791046446230e-64
-2.904376715837817436e-64
-2.490223978877659614e-64
-2.135127799077060115e-64
-1.830666942837066357e-64
-1.569621011465954111e-64
-1.345799206827476243e-64
-1.153893514336916456e-64
-9.893528214862805818e-65
-8.482749865747718499e-65
-7.273142980149753044e-65
-6.236021295794608793e-65
-5.346789098982387979e-65
-4.584357928391794045e-65
-3.930646454637339361e-65
-3.370151675040127198e-65
-2.889581254344594153e-65
-2.477538292207582487e-65
-2.124251041608833977e-65
-1.821341168356051792e-65
-1.561625055876769991e-65
-1.338943443167876911e-65
-1.148015355706305816e-65
-9.843128652389481084e-66
-8.439537083359118084e-66
-7.236092171172146648e-66
-6.204253786969144379e-66
-5.319551512413319333e-66
-4.561004314919002667e-66
-3.910622974919321902e-66
-3.352983465054668949e-66
-2.874861163818010607e-66
-2.464917228899693853e-66
-2.113429692464737901e-66
-1.812062901189300570e-66
-1.553669833244935436e-66
-1.332122604105548289e-66
-1.142167141562302396e-66
-9.792985835118180585e-67
-8.396544435312960365e-67
-7.199230106242079094e-67
-6.172648108029757712e-67
-5.292452679423113249e-67
-4.537769669308526359e-67
-3.890701498712484806e-67
-3.335902713279465279e-67
-2.860216060303825613e-67
-2.452360459750120996e-67
-2.102663469383841891e-67
-1.802831899325184536e-67
-1.545755136068865187e-67
-1.325336511727855135e-67
-1.136348719361883692e-67
-9.743098455138211498e-68
-8.353770800201487284e-68
-7.162555823860968135e-68
-6.141203434583797646e-68
-5.265491893173676149e-68
-4.514653385514611661e-68
-3.870881506391266965e-68
-3.318908974185523819e-68
-2.845645561803409096e-68
-2.439867657231742681e-68
-2.091952091543286625e-68
-1.793647921985135448e-68
-1.537880757904026604e-68
-1.318584989028333211e-68
-1.130559937339012970e-68
-9.693465211202739074e-69
-8.311215062330568860e-69
-7.126068367427474722e-69
-6.109918946437523782e-69
-5.238668450428281341e-69
-4.491654860579334855e-69
-3.851162480976742109e-69
-3.302001804513085393e-69
-2.831149288264350455e-69
-2.427438495486200725e-69
-2.081295279550780057e-69
-1.784510729616953197e-69
-1.530046493357424404e-69
-1.311867859902374340e-69
-1.124800644500909137e-69
-9.644084808692633194e-70
-8.268876111688684145e-70
-7.089766785214184111e-70
-6.078793827576123568e-70
-5.211981651532034067e-70
-4.468773494615846333e-70
-3.831543908123902595e-70
-3.285180763260819461e-70
-2.816726861570297828e-70
-2.415072650314847320e-70
-2.070692755437130649e-70
-1.775420083888967708e-70
-1.522252138082550335e-70
-1.305184949142331412e-70
-1.119070690623848710e-70
-9.594955959584905491e-71
-8.226752843919877044e-71
-7.053650130341162660e-71
-6.047827266141031006e-71
-5.185430800394662686e-71
-4.446008690793744911e-71
-3.812025276107914978e-71
-3.268445411673567429e-71
-2.802377905530860352e-71
-2.402769799170841139e-71
-2.060144242649412038e-71
-1.766375747683413517e-71
-1.514497488773703426e-71
-1.298536082433248221e-71
-1.113369926249505616e-71
-9.546077382416911652e-72
-8.184844160293053741e-72
-7.017717460752669570e-72
-6.017018454410129777e-72
-5.159015204471913077e-72
-4.423359855322494358e-72
-3.792606075810444721e-72
-3.251795313231647832e-72
-2.788102045872350965e-72
-2.390529621150182682e-72
-2.049649466043278295e-72
-1.757377485090650744e-72
-1.506782343161034151e-72
-1.291921086348015260e-72
-1.107698202680795711e-72
-9.497447802254850316e-73
-8.143148967675205463e-73
-6.981967839191976933e-73
-5.986366588775319533e-73
-5.132734174747046526e-73
-4.400826397436947457e-73
-3.773285800707139480e-73
-3.235230033638724625e-73
-2.773898910227389941e-73
-2.378351796983893747e-73
-2.039208151876255074e-73
-1.748425061402609997e-73
-1.499106500004922905e-73
-1.285339788343104827e-73
-1.102055371978254139e-73
-9.449065950659669896e-74
-8.101666178501028785e-74
-6.946400333176331560e-74
-5.955870869722910806e-74
-5.106587025713896420e-74
-4.378407729380928093e-74
-3.754063946853551418e-74
-3.218749140811220114e-74
-2.759768128125825088e-74
-2.366236009029141554e-74
-2.028820027800134213e-74
-1.739518243107018818e-74
-1.491469759091075826e-74
-1.278792016753959314e-74
-1.096441286955922297e-74
-9.400930565653194692e-75
-8.060394710746409576e-75
-6.911014014974017312e-75
-5.925530501811420386e-75
-5.080573075357814395e-75
-4.356103266392901972e-75
-3.734940012872849494e-75
-3.202352204866309020e-75
-2.745709330984435413e-75
-2.354181941261433026e-75
-2.018484822854332304e-75
-1.730656797881162400e-75
-1.483871921224958517e-75
-1.272277600790404668e-75
-1.090855801177760305e-75
-9.353040391687084826e-76
-8.019333487898363474e-76
-6.875807961578582304e-76
-5.895344693652170052e-76
-5.054691645139049068e-76
-4.333912426689730734e-76
-3.715913499941889900e-76
-3.186038798111347446e-76
-2.731722152097950698e-76
-2.342189279266162872e-76
-2.008202267458364114e-76
-1.721840494585674753e-76
-1.476312788226942335e-76
-1.265796370532450731e-76
-1.085298768953578106e-76
-9.305394179607940989e-77
-7.978481438928781390e-77
-6.840781254686329900e-77
-5.865312657887301176e-77
-5.028942059973884012e-77
-4.311834631452362631e-77
-3.696983911779053219e-77
-3.169808495032438605e-77
-2.717806226628855514e-77
-2.330257710230215931e-77
-1.997972093405266417e-77
-1.713069103258855519e-77
-1.468792162926795757e-77
-1.259348156925567882e-77
-1.079770045335484023e-77
-9.257990686626851573e-78
-7.937837498264675678e-78
-6.805932980670801041e-78
-5.835433611170410865e-78
-5.003323648218184728e-78
-4.289869304810361473e-78
-3.678150754630457164e-78
-3.153660872283068187e-78
-2.703961191598497745e-78
-2.318386922934273348e-78
-1.987794033854148872e-78
-1.704342395110279002e-78
-1.461309849158878492e-78
-1.252932791776567355e-78
-1.074269486113854971e-78
-9.210828676284865243e-79
-7.897400605761970759e-79
-6.771262230560504812e-79
-5.805706774145610007e-79
-4.977835741648736701e-79
-4.268015873826520164e-79
-3.659413537257913730e-79
-3.137595508673688191e-79
-2.690186685877001251e-79
-2.306576607744164414e-79
-1.977667823323685821e-79
-1.695660142515216212e-79
-1.453865651756689199e-79
-1.246550107748926518e-79
-1.068796947813792940e-79
-9.163906918422837021e-80
-7.857169706677171286e-80
-6.736768100013657589e-80
-5.776131371426710922e-80
-4.952477675446945480e-80
-4.246273768482774931e-80
-3.640771770925283621e-80
-3.121611985160017813e-80
-2.676482350174463310e-80
-2.294826456603318465e-80
-1.967593197684740248e-80
-1.687022119008310330e-80
-1.446459376548068316e-80
-1.240199938358709267e-80
-1.063352287691288050e-80
-9.117224189147254970e-81
-7.817143751639181416e-81
-6.702449689296135875e-81
-5.746706631578150905e-81
-4.927248788180372505e-81
-4.224642421664359119e-81
-3.622224969386557866e-81
-3.105709884832823648e-81
-2.662847827030968186e-81
-2.283136163024202012e-81
-1.957569894153870015e-81
-1.678428099278055141e-81
-1.439090830350005259e-81
-1.233882117969940308e-81
-1.057935363729405856e-81
-9.070779270800392716e-82
-7.777321696623494972e-82
-6.668306103256473969e-82
-5.717431787093552945e-82
-4.902148421786605480e-82
-4.203121269145979739e-82
-3.603772648872347642e-82
-3.089888792906334990e-82
-2.649282760807799704e-82
-2.271505422080850905e-82
-1.947597651286301083e-82
-1.669877859160534192e-82
-1.431759820963479863e-82
-1.227596481790566245e-82
-1.052546034634793877e-82
-9.024570951926479798e-83
-7.737702502923187453e-83
-6.634336451304041470e-83
-5.688306074377021861e-83
-4.877175921554971169e-83
-4.181709749576141689e-83
-3.585414328077987747e-83
-3.074148296708134145e-83
-2.635786797677932193e-83
-2.259933930400393176e-83
-1.937676208968944350e-83
-1.661371175633955423e-83
-1.424466157168733992e-83
-1.221342865867877510e-83
-1.047184159833756450e-83
-8.978598027242163885e-84
-7.698285137123586999e-84
-6.600539847384295845e-84
-5.659328733721918803e-84
-4.852330636110438545e-84
-4.160407304463458242e-84
-3.567149528150672764e-84
-3.058487985667685822e-84
-2.622359585616580267e-84
-2.248421386155655580e-84
-1.927805308413998475e-84
-1.652907826812454612e-84
-1.417209648719957148e-84
-1.215121107084510072e-84
-1.041849599468826529e-84
-8.932859297603018945e-85
-7.659068571073564989e-85
-6.566915409956991711e-85
-5.630499009292343997e-85
-4.827611917396206587e-85
-4.139213378161132485e-85
-3.548977772676661638e-85
-3.042907451306329837e-85
-2.609000774392539432e-85
-2.236967489056774811e-85
-1.917984692151758143e-85
-1.644487591940685811e-85
-1.409990106340651020e-85
-1.208931043153913800e-85
-1.036542214394879410e-85
-8.887353569974060872e-86
-7.620051781860465378e-86
-6.533462261972623888e-86
-5.601816149102132596e-86
-4.803019120656388342e-86
-4.118127417853414122e-86
-3.530898587669561929e-86
-3.027406287225929612e-86
-2.595710015558455737e-86
-2.225571940343878320e-86
-1.908214104024336670e-86
-1.636110251387685280e-86
-1.402807341718367185e-86
-1.202772512616360451e-86
-1.031261866175741422e-86
-8.842079657397854048e-87
-7.581233751781681699e-87
-6.500179530848988465e-87
-5.573279404996522347e-87
-4.778551604420159145e-87
-4.097148873540232059e-87
-3.512911501557159384e-87
-3.011984089098964630e-87
-2.582486962442327254e-87
-2.214234442778780187e-87
-1.898493289178549570e-87
-1.627775586641474811e-87
-1.395661167500117327e-87
-1.196645354834629819e-87
-1.026008417080341954e-87
-8.797036378962799633e-88
-7.542613468319846185e-88
-6.467066348449722523e-88
-5.544888032631360034e-88
-4.754208730483925239e-88
-4.076277198023793039e-88
-3.495016045169919381e-88
-2.996640454657295032e-88
-2.569331270137874413e-88
-2.202954700637673605e-88
-1.888821994059699414e-88
-1.619483380303215279e-88
-1.388551397287166994e-88
-1.190549409989716164e-88
-1.020781730079355940e-88
-8.752222559774098569e-89
-7.504189924114690838e-89
-6.434121851060188433e-89
-5.516641291454960228e-89
-4.729989863895769645e-89
-4.055511846893368739e-89
-3.477211751727950751e-89
-2.981374983682268482e-89
-2.556242595496129667e-89
-2.191732419703225925e-89
-1.879199966404530682e-89
-1.611233416081403344e-89
-1.381477845630491711e-89
-1.184484519076898776e-89
-1.015581668841396846e-89
-8.707637030921093729e-90
-7.465962116938498174e-90
-6.401345179366410257e-90
-5.488538444687523147e-90
-4.705894372937803603e-90
-4.034852278511914299e-90
-3.459498156829626614e-90
-2.966187277994025507e-90
-2.543220597115902221e-90
-2.180567307256717672e-90
-1.869626955235081149e-90
-1.603025478786550800e-90
-1.374440328025622456e-90
-1.178450523901323441e-90
-1.010408097729691992e-90
-8.663278629448785227e-91
-7.427929049668235382e-91
-6.368735478431195363e-91
-5.460578759303019694e-91
-4.681921629110771351e-91
-4.014297954001586766e-91
-3.441874798438678833e-91
-2.951076941440857505e-91
-2.530264935335454964e-91
-2.169459072070845136e-91
-1.860102710851704743e-91
-1.594859354325202062e-91
-1.367438660908149192e-91
-1.172447267074145197e-91
-1.005260881798314069e-91
-8.619146198325499161e-92
-7.390089730261052856e-92
-6.336291897673292427e-92
-5.432761506009595455e-92
-4.658071007116577917e-92
-3.993848337229351990e-92
-3.424341216872932552e-92
-2.936043579889467603e-92
-2.517375272223065601e-92
-2.158407424401625014e-92
-1.850626984826987543e-92
-1.586734829694719269e-92
-1.360472661648618747e-92
-1.166474592008154954e-92
-1.000139886788862201e-92
-8.575238586414692244e-93
-7.352443171727751610e-93
-6.304013590843757933e-93
-5.405085959230089397e-93
-4.634341884843052959e-93
-3.973502894793794047e-93
-3.406896954791535448e-93
-2.921086801214016043e-93
-2.504551271568789041e-93
-2.147412075981332231e-93
-1.841199529998841266e-93
-1.578651692977358741e-93
-1.353542148548044342e-93
-1.160532342913962763e-93
-9.950449791268741543e-94
-8.531554648442959135e-94
-7.314988392106425908e-94
-6.271899716005321975e-94
-5.377551397084185184e-94
-4.610733643346657490e-94
-3.953261096010298018e-94
-3.389541557183805457e-94
-2.906206215286560243e-94
-2.491792598875114026e-94
-2.136472740010489952e-94
-1.831820100464428630e-94
-1.570609733335108633e-94
-1.346646940833048881e-94
-1.154620364795667385e-94
-9.899760259182572142e-95
-8.488093244972109433e-95
-7.277724414438305850e-95
-6.239949435508990076e-95
-5.350157101368355682e-95
-4.587245666837394899e-95
-3.933122412898108648e-95
-3.372274571356587716e-95
-2.891401433966216376e-95
-2.479098921348737282e-95
-2.125589131150876646e-95
-1.822488451573586799e-95
-1.562608741003827167e-95
-1.339786858651035590e-95
-1.148738503447079308e-95
-9.849328949460193399e-96
-8.444853242367505719e-96
-7.240650266740611837e-96
-6.208161915973630577e-96
-5.322902357538351080e-96
-4.563877342661704113e-96
-3.913086320165659352e-96
-3.355095546923124043e-96
-2.876672071089693525e-96
-2.466469907891670666e-96
-2.114760965517597370e-96
-1.813204339922294971e-96
-1.554648507288130372e-96
-1.332961723065764376e-96
-1.142886605447433669e-96
-9.799154546665960676e-97
-8.401833512770435689e-97
-7.203764981982861644e-97
-6.176536328262810051e-97
-5.295786454689340451e-97
-4.540628061287389670e-97
-3.893152295197768709e-97
-3.338004035791012572e-97
-2.862017742460565131e-97
-2.453905229092391315e-97
-2.103987960672162506e-97
-1.803967523346684848e-97
-1.546728824555592446e-97
-1.326171356052378612e-97
-1.137064518157651333e-97
-9.749235742066425849e-98
-8.359032934066752322e-98
-7.167067598059989220e-98
-6.145071847464404294e-98
-5.268808685538589394e-98
-4.517497216287329951e-98
-3.873319818041114646e-98
-3.320999592150237108e-98
-2.847438065839902688e-98
-2.441404557217743062e-98
-2.093269835614640919e-98
-1.794777760916314391e-98
-1.538849486231682777e-98
-1.319415580493067815e-98
-1.131272089716097497e-98
-9.699571233593979327e-99
-8.316450389859299265e-99
-7.130557157768899089e-99
-6.113767652868551966e-99
-5.241968346405793567e-99
-4.494484204323275606e-99
-3.853588371391558661e-99
-3.304081772462202585e-99
-2.832932660935651282e-99
-2.428967566203828805e-99
-2.082606310776807104e-99
-1.785634812928290728e-99
-1.531010286794027899e-99
-1.312694220172142055e-99
-1.125509169034846523e-99
-9.650159725815100539e-100
-8.274084769438061370e-100
-7.094232708781863079e-100
-6.082622927945723317e-100
-5.215264737195935608e-100
-4.471588425131014903e-100
-3.833957440579772135e-100
-3.287250135447410003e-100
-2.818501149393362729e-100
-2.416593931648061607e-100
-2.071997108014373863e-100
-1.776538440900612474e-100
-1.523211021767355313e-100
-1.306007099771739180e-100
-1.119775605795643325e-100
-9.600999929894356619e-101
-8.231934967750488874e-101
-7.058093303623303885e-101
-6.051636860326647593e-101
-5.188697161379821581e-101
-4.448809281503686463e-101
-3.814426513558691438e-101
-3.270504242074698497e-101
-2.804143154785676470e-101
-2.404283330800147329e-101
-2.061441950600152672e-101
-1.767488407566354228e-101
-1.515451487718029681e-101
-1.299354044866951261e-101
-1.114071250445888642e-101
-9.552090563562992158e-102
-8.189999885374323969e-102
-7.022137999643464113e-102
-6.020808641779729054e-102
-5.162264925977105063e-102
-4.426146179277226582e-102
-3.794995080889282134e-102
-3.253843655549044837e-102
-2.789858302603070046e-102
-2.392035442554220970e-102
-2.050940563216656150e-102
-1.758484476867071995e-102
-1.507731482248615991e-102
-1.292734881921572919e-102
-1.108395954194959739e-102
-9.503430351083290860e-103
-8.148278428487050134e-103
-6.986365858995429658e-103
-5.990137468191346090e-103
-5.135967341537028556e-103
-4.403598527313852104e-103
-3.775662635728019783e-103
-3.237267941300916475e-103
-2.775646220243840996e-103
-2.379849947439919336e-103
-2.040492671948743382e-103
-1.749526413947051582e-103
-1.500050803992904694e-103
-1.286149438283278829e-103
-1.102749569010076162e-103
-9.455018023217474896e-104
-8.106769508839218268e-104
-6.950775948609066200e-104
-5.959622539543507342e-104
-5.109803722121472152e-104
-4.381165737487656361e-104
-3.756428673813336543e-104
-3.220776666974192667e-104
-2.761506537004158264e-104
-2.367726527614594945e-104
-2.030098004276883326e-104
-1.740613985146778771e-104
-1.492409252610312416e-104
-1.279597542179414746e-104
-1.097131947612691032e-104
-9.406852317192432348e-105
-8.065472043724215136e-105
-6.915367340168071518e-105
-5.929263059894350050e-105
-5.083773385286613391e-105
-4.358847224668257583e-105
-3.737292693452152101e-105
-3.204369402415627019e-105
-2.747438884068941357e-105
-2.355664866854484362e-105
-2.019756289069580442e-105
-1.731746957997245499e-105
-1.484806628781000779e-105
-1.273079022712224133e-105
-1.091542943474398159e-105
-9.358931976668668632e-106
-8.024384955951867227e-106
-6.880139110085171166e-106
-5.899058237356017475e-106
-5.057875652064701021e-106
-4.336642406706542121e-106
-3.718254195507533594e-106
-3.188045719662891564e-106
-2.733442894501614759e-106
-2.343664650546996428e-106
-2.009467256576767727e-106
-1.722925101213489344e-106
-1.477242734200336089e-106
-1.266593709854645795e-106
-1.085982410813359878e-106
-9.311255751706730507e-107
-7.983507173818498589e-107
-6.845090339477434609e-107
-5.869007284075355654e-107
-5.032109846947354152e-107
-4.314550704418482083e-107
-3.699312683384824891e-107
-3.171805192934146523e-107
-2.719518203235158978e-107
-2.331725565681971634e-107
-1.999230638422306156e-107
-1.714148184688905492e-107
-1.469717371574055446e-107
-1.260141434445769344e-107
-1.080450204590255873e-107
-9.263822398733798782e-108
-7.942837631080812949e-108
-6.810220114143679581e-108
-5.839109416212020288e-108
-5.006475297866790320e-108
-4.292571541571017711e-108
-3.680467663019542675e-108
-3.155647398616205844e-108
-2.705664447061968680e-108
-2.319847300843984924e-108
-1.989046167597447366e-108
-1.705415979489095864e-108
-1.462230344612784010e-108
-1.253722028186315457e-108
-1.074946180504747802e-108
-9.216630680513118093e-109
-7.902375266926259929e-109
-6.775527524539069348e-109
-5.809363853919367919e-109
-4.980971336179438108e-109
-4.270704344866042416e-109
-3.661718642863645602e-109
-3.139571915254121218e-109
-2.691881264624995473e-109
-2.308029546204020897e-109
-1.978913578453409275e-109
-1.696728257845755169e-109
-1.454781458027250137e-109
-1.247335323634497146e-109
-1.069470194991468212e-109
-9.169679366109601304e-110
-7.862119025947175056e-110
-6.741011665752935452e-110
-5.779769821322782786e-110
-4.955597296647365139e-110
-4.248948543926310644e-110
-3.643065133873549329e-110
-3.123578323539918148e-110
-2.678168296407708992e-110
-2.296271993511196982e-110
-1.968832606694902848e-110
-1.688084793151066160e-110
-1.447370517522857743e-110
-1.240981154201366024e-110
-1.064022105216522406e-110
-9.122967230859838656e-111
-7.822067858111451916e-111
-6.706671637483633317e-111
-5.750326546500603147e-111
-4.930352517422051064e-111
-4.227303571280186730e-111
-3.624506649496537840e-111
-3.107666206301390815e-111
-2.664525184725331491e-111
-2.284574336085182988e-111
-1.958802989372786266e-111
-1.679485359951403762e-111
-1.439997329794949654e-111
-1.234659354146752254e-111
-1.058601769073517792e-111
-9.076493056338304553e-112
-7.782220718736720991e-112
-6.672506544016596929e-112
-5.721033261463320719e-112
-4.905236340026000602e-112
-4.205768862346603795e-112
-3.606042705658801916e-112
-3.091835148491846303e-112
-2.650951573714971812e-112
-2.272936268807676766e-112
-1.948824464877654859e-112
-1.670929733941792541e-112
-1.432661702523437838e-112
-1.228369758574692670e-112
-1.053209045180069767e-112
-9.030255630326378045e-113
-7.742576568462206483e-113
-6.638515494199442814e-113
-5.691889202134039701e-113
-4.880248109336551327e-113
-4.184343855420584795e-113
-3.587672820752598673e-113
-3.076084737178565942e-113
-2.637447109326575702e-113
-2.261357488114903893e-113
-1.938896772932572061e-113
-1.662417691959955775e-113
-1.425363444368071531e-113
-1.222112203429236994e-113
-1.047843792873993342e-113
-8.984253746781233670e-114
-7.703134373222276401e-114
-6.604697601420058074e-114
-5.662893608327247906e-114
-4.855387173568501189e-114
-4.163027991658824817e-114
-3.569396515622975559e-114
-3.060414561532655626e-114
-2.624011439313839677e-114
-2.249837691989565626e-114
-1.929019654586667748e-114
-1.653949011980166067e-114
-1.418102364963284430e-114
-1.215886525490237078e-114
-1.042505872209723730e-114
-8.938486205803601590e-115
-7.663893104217717118e-115
-6.571051983583094546e-115
-5.634045723730939859e-115
-4.830652884256137742e-115
-4.141820715064758093e-115
-3.551213313556502256e-115
-3.044824212818148793e-115
-2.610644213224794921e-115
-2.238376579952514837e-115
-1.919192852208164021e-115
-1.645523473108021225e-115
-1.410878274913349384e-115
-1.209692562368985805e-115
-1.037195143954427669e-115
-8.892951813607237514e-116
-7.624851737891533306e-116
-6.537577763085645863e-116
-5.605344795885587663e-116
-4.806044596237991100e-116
-4.120721472474404614e-116
-3.533122740268015052e-116
-3.029313284380739918e-116
-2.597345082392744004e-116
-2.226973853055686960e-116
-1.909416109477816308e-116
-1.637140855574304817e-116
-1.403690985787117342e-116
-1.203530152504084115e-116
-1.031911469584729166e-116
-8.847649382485766740e-117
-7.586009255900488340e-117
-6.504274066796603346e-117
-5.576790076165152117e-117
-4.781561667638890081e-117
-4.099729713541009099e-117
-3.515124323888451762e-117
-3.013881371638220722e-117
-2.584113699927313361e-117
-2.215629213873789720e-117
-1.899689171381796184e-117
-1.628800940729438695e-117
-1.396540310113585645e-117
-1.197399135156952684e-117
-1.026654711282858200e-117
-8.802577730784732059e-118
-7.547364645089418386e-118
-6.471140026032393093e-118
-5.548380819756294986e-118
-4.757203459853503289e-118
-4.078844890722093427e-118
-3.497217594952741320e-118
-2.998528072069228332e-118
-2.570949720704814549e-118
-2.204342366496798054e-118
-1.890011784205690578e-118
-1.620503511037412470e-118
-1.389426061376684386e-118
-1.191299350408051213e-118
-1.021424731933173075e-118
-8.757735682868750656e-119
-7.508916897463075212e-119
-6.438174776534676726e-119
-5.520116285640850898e-119
-4.732969337529947085e-119
-4.058066459264232037e-119
-3.479402086386763796e-119
-2.983252985203092538e-119
-2.557852801360128257e-119
-2.193113016521735681e-119
-1.880383695527447741e-119
-1.612248350070662826e-119
-1.382348054010571663e-119
-1.185230639152432055e-119
-1.016221395118352215e-119
-8.713122069091361563e-120
-7.470665010162430402e-120
-6.405377458448184286e-120
-5.491995736575227818e-120
-4.708858668552138027e-120
-4.037393877189308986e-120
-3.461677333496361467e-120
-2.968055712608711090e-120
-2.544822600277156744e-120
-2.181940871045746929e-120
-1.870804654211011057e-120
-1.604035242504059098e-120
-1.375306103394479143e-120
-1.179192843095660166e-120
-1.011044565116184405e-120
-8.668735725764993758e-121
-7.432607985436779287e-121
-6.372747216296825135e-121
-5.464018439071809827e-121
-4.684870824024923104e-121
-4.016826605279462074e-121
-3.444042873954421690e-121
-2.952935857885175347e-121
-2.531858777580204607e-121
-2.170825638657955376e-121
-1.861274410399339440e-121
-1.595863974109377470e-121
-1.368300025848367167e-121
-1.173185804749748986e-121
-1.005894106895795818e-121
-8.624575495128658640e-122
-7.394744830618577635e-122
-6.340283198963560379e-122
-5.436183663378575017e-122
-4.661005178256592456e-122
-3.996364107064401042e-122
-3.426498247789209582e-122
-2.937893026650750109e-122
-2.518960995124539172e-122
-2.159767029431989578e-122
-1.851792715508532598e-122
-1.587734331749806411e-122
-1.361329638627820695e-122
-1.167209367428786248e-122
-1.000769886114242674e-122
-8.580640225320702083e-123
-7.357074558095862496e-123
-6.307984559666743653e-123
-5.408490683461935134e-123
-4.637261108743097880e-123
-3.976005848806486667e-123
-3.409042997371592752e-123
-2.922926826532759458e-123
-2.506128916488434009e-123
-2.148764754918540670e-123
-1.842359322220917194e-123
-1.579646103374023168e-123
-1.354394759919436575e-123
-1.161263375245249478e-123
-9.956717691127807639e-124
-8.536928770346782750e-124
-7.319596185289018794e-124
-6.275850455938757578e-124
-5.380938776986545084e-124
-4.613637996150756143e-124
-3.955751299487044892e-124
-3.391676667404274690e-124
-2.908036867157513495e-124
-2.493362206963816084e-124
-2.137818528137350344e-124
-1.832973984478810077e-124
-1.571599078011206647e-124
-1.347495208835774230e-124
-1.155347673105669633e-124
-9.905996229137193188e-125
-8.493439990050966644e-125
-7.282308734623462882e-125
-6.243880049602607390e-125
-5.353527225296778816e-125
-4.590135224301681678e-125
-3.935599930792738723e-125
-3.374398804909138039e-125
-2.893222760139467267e-125
-2.480660533547823102e-125
-2.126928063570460282e-125
-1.823636457477680647e-125
-1.563593045765172193e-125
-1.340630805411099198e-125
-1.149462106706720352e-125
-9.855533152167248963e-126
-8.450172750084042591e-126
-7.245211233504569549e-126
-6.212072506752208399e-126
-5.326255313398286250e-126
-4.566752180156655314e-126
-3.915551217100891674e-126
-3.357208959215813766e-126
-2.878484119072084256e-126
-2.468023564933549180e-126
-2.116093077154274736e-126
-1.814346497660393039e-126
-1.555627797809075462e-126
-1.333801370596381034e-126
-1.143606522530930268e-126
-9.805327143954287438e-127
-8.407125921876845616e-127
-7.208302714292704613e-127
-6.180426997729195108e-127
-5.299122329938127358e-127
-4.543488253799658543e-127
-3.895604635467120271e-127
-3.340106681949164598e-127
-2.863820559517090661e-127
-2.455450971502255327e-127
-2.105313286272392668e-127
-1.805103862710434459e-127
-1.547703126379611451e-127
-1.327006726254700105e-127
-1.137780767843071754e-127
-9.755376894940470938e-128
-8.364298382608884335e-128
-7.171582214276353979e-128
-6.148942697101995699e-128
-5.272127567188041153e-128
-4.520342838420928034e-128
-3.875759665610801759e-128
-3.323091527018734963e-128
-2.849231698994781152e-128
-2.442942425314202700e-128
-2.094588409747756761e-128
-1.795908311545700029e-128
-1.539818824772127535e-128
-1.320246695156675928e-128
-1.131984690685914736e-128
-9.705681102237443234e-129
-8.321689015179998056e-129
-7.135048775649473759e-129
-6.117618783642900383e-129
-5.245270321024770341e-129
-4.497315330302682865e-129
-3.856015789901939080e-129
-3.306163050606352059e-129
-2.834717156973388328e-129
-2.430497600100241783e-129
-2.083918167836039853e-129
-1.786759604312305950e-129
-1.531974687334876763e-129
-1.313521100975543830e-129
-1.126218139876393573e-129
-9.656238469595681772e-130
-8.279296708179339607e-130
-7.098701445484857514e-130
-6.086454440308739050e-130
-5.218549890912297781e-130
-4.474405128802340675e-130
-3.836372493346789925e-130
-3.289320811154736559e-130
-2.820276554860134241e-130
-2.418116171253439543e-130
-2.073302282217867158e-130
-1.777657502377925438e-130
-1.524170509463828039e-130
-1.306829768283007033e-130
-1.120480965001405973e-130
-9.607047707368452628e-131
-8.237120355859221576e-131
-7.062539275710100019e-131
-6.055448854218172322e-131
-5.191965579882379087e-131
-4.451611636337108451e-131
-3.816829263575745788e-131
-3.272564369356176731e-131
-2.805909515990705659e-131
-2.405797815820060609e-131
-2.062740475991794387e-131
-1.768601768326176863e-131
-1.516406087596984045e-131
-1.300172522544360132e-131
-1.114773016414275887e-131
-9.558107532479280199e-132
-8.195158858104382127e-132
-7.026561323081257504e-132
-6.024601216630835387e-132
-5.165516694518153429e-132
-4.428934258368649582e-132
-3.797385590829089832e-132
-3.255893288140320670e-132
-2.791615665619747774e-132
-2.393542212491971709e-132
-2.052232473666615353e-132
-1.759592165950021500e-132
-1.508681219209591156e-132
-1.293549190114084414e-132
-1.109094145230591860e-132
-9.509416668386299810e-133
-8.153411120403755234e-133
-6.990766649160656317e-133
-5.993910722926583639e-133
-5.139202544934866913e-133
-4.406372403386565151e-133
-3.778040967944136323e-133
-3.239307132663896511e-133
-2.777394630910456908e-133
-2.381349041597709887e-133
-2.041778001154881753e-133
-1.750628460245805861e-133
-1.500995702808510156e-133
-1.286959598231025785e-133
-1.103444203324389783e-133
-9.460973845052233819e-134
-8.111876053822391207e-134
-6.955154320290809767e-134
-5.963376572583145977e-134
-5.113022444762460976e-134
-4.383925482894481349e-134
-3.758794890341140921e-134
-3.222805470298622470e-134
-2.763246040925808377e-134
-2.369217985094413196e-134
-2.031376785765282490e-134
-1.741710417406731555e-134
-1.493349337927047315e-134
-1.280403575014328605e-134
-1.097823043324349346e-134
-9.412777798909070952e-135
-8.070552574971205666e-135
-6.919723407570855208e-135
-5.932997969157287346e-135
-5.086975711126508427e-135
-4.361592911393688120e-135
-3.739646856011429214e-135
-3.206387870620292147e-135
-2.749169526618243907e-135
-2.357148726558989094e-135
-2.021028556195649794e-135
-1.732837804817356308e-135
-1.485741925119809404e-135
-1.273880949458658951e-135
-1.092230518609702084e-135
-9.364827272826203590e-136
-8.029439605981492320e-136
-6.884472986830752675e-136
-5.902774120262669117e-136
-5.061061664632149027e-136
-4.339374106368366619e-136
-3.720596365503444886e-136
-3.190053905396817153e-136
-2.735164720820207059e-136
-2.345140951180670845e-136
-2.010733042525995945e-136
-1.724010391047126905e-136
-1.478173265957163937e-136
-1.267391551429889395e-136
-1.086666483306781287e-136
-9.317121016075488558e-137
-7.988536074474956738e-137
-6.849402138609544562e-137
-5.872704237549859939e-137
-5.035279629345204653e-137
-4.317268488269407461e-137
-3.701642921909933434e-137
-3.173803148578153588e-137
-2.721231258234717043e-137
-2.333194345752263302e-137
-2.000489976211016108e-137
-1.715227945844540917e-137
-1.470643163020570983e-137
-1.260935211660372923e-137
-1.081130792284966335e-137
-9.269657784301834136e-138
-7.947840913536659614e-138
-6.814509948129794595e-138
-5.842787536684429291e-138
-5.009628932774834524e-138
-4.295275480500776033e-138
-3.682786030855193687e-138
-3.157635176284458113e-138
-2.707368775425224548e-138
-2.321308598662243057e-138
-1.990299090073769347e-138
-1.706490240130747270e-138
-1.463151419897094031e-138
-1.254511761744960245e-138
-1.075623301153022252e-138
-9.222436339488606815e-139
-7.907353061685377604e-139
-6.779795505274119774e-139
-5.813023237328502243e-139
-4.984108905856282825e-139
-4.273394509403486453e-139
-3.664025200481340403e-139
-3.141549566795391442e-139
-2.693576910807060922e-139
-2.309483399886098760e-139
-1.980160118298252422e-139
-1.697797045994161886e-139
-1.455697841174446275e-139
-1.248121034136320095e-139
-1.070143866255087334e-139
-9.175455449925868140e-140
-7.867071462848639772e-140
-6.745257904561838198e-140
-5.783410563119062710e-140
-4.958718882932287787e-140
-4.251625004241121547e-140
-3.645359941436738308e-140
-3.125545900538404819e-140
-2.679855304637385286e-140
-2.297718440979042236e-140
-1.970072796422693069e-140
-1.689148136684128173e-140
-1.448282232435559983e-140
-1.241762862140638724e-140
-1.064692344667293812e-140
-9.128713890178768835e-141
-7.826995066333361733e-141
-6.710896245123808610e-141
-5.753948741648369341e-141
-4.933458201737428402e-141
-4.229966397183987109e-141
-3.626789766862394896e-141
-3.109623760078868359e-141
-2.666203599006107910e-141
-2.286013415067430325e-141
-1.960036861332202491e-141
-1.680543286605101879e-141
-1.440904400254014754e-141
-1.235437079913344294e-141
-1.059268594193795543e-141
-9.082210441053513161e-142
-7.787122826799331491e-142
-6.676709630681248201e-142
-5.724637004442489539e-142
-4.908326203379707467e-142
-4.208418123295741787e-142
-3.608314192379677380e-142
-3.093782730108469711e-142
-2.652621437825949610e-142
-2.274368016840894469e-142
-1.950052051252585900e-142
-1.671982271310861604e-142
-1.433564152188658805e-142
-1.229143522454498231e-142
-1.053872473363179799e-142
-9.035943889568662894e-143
-7.747453704230184263e-143
-6.642697169520805543e-143
-5.695474586943232925e-143
-4.883322232323929949e-143
-4.186979620517705621e-143
-3.589932736076857276e-143
-3.078022397434555594e-143
-2.639108466824063125e-143
-2.262781942544504374e-143
-1.940118105743066820e-143
-1.663464867498273160e-143
-1.426261296778754835e-143
-1.222882025604914876e-143
-1.048503841424536051e-143
-8.989913028921435786e-144
-7.707986663908921142e-144
-6.608857974472068262e-144
-5.666460728486888342e-144
-4.858445636373493789e-144
-4.165650329654432434e-144
-3.571644918497772460e-144
-3.062342350969531716e-144
-2.625664333532184465e-144
-2.251254889970332196e-144
-1.930234765689713080e-144
-1.654990853002038117e-144
-1.418995643538660394e-144
-1.216652426041597169e-144
-1.043162558344147252e-144
-8.944116658457238842e-145
-7.668720676389157295e-145
-6.575191162882917855e-145
-5.637594672284715613e-145
-4.833695766655045079e-145
-4.144429694359359663e-145
-3.553450262628500650e-145
-3.046742181719442448e-145
-2.612288687277740498e-145
-2.239786558450340656e-145
-1.920401773298240865e-145
-1.646560006788515619e-145
-1.411767002953346847e-145
-1.210454561273616229e-145
-1.037848484801594768e-145
-8.898553583636324702e-146
-7.629654717468707994e-146
-6.541695856598761597e-146
-5.608875665403521405e-146
-4.809071977600438880e-146
-4.123317161119360855e-146
-3.535348293885321688e-146
-3.031221482774348411e-146
-2.598981179174107292e-146
-2.228376648848026330e-146
-1.910618872087950201e-146
-1.638172108950146031e-146
-1.404575186473131572e-146
-1.204288269637596876e-146
-1.032561482186185748e-146
-8.853222616005691684e-147
-7.590787768163300473e-147
-6.508371181938125467e-147
-5.580302958744743536e-147
-4.784573626930454007e-147
-4.102312179241714842e-147
-3.517338540101534212e-147
-3.015779849297014957e-147
-2.585741462112401634e-147
-2.217024863550871834e-147
-1.900885806884593298e-147
-1.629826940699343761e-147
-1.397420006508840600e-147
-1.198153390293915418e-147
-1.027301412593395363e-147
-8.808122573166038738e-148
-7.552118814678278125e-148
-6.475216269670604116e-148
-5.551875807026833563e-148
-4.760200075636949188e-148
-4.081414200838805975e-148
-3.499420531516349150e-148
-3.000416878512698176e-148
-2.572569190751834960e-148
-2.205730906462076485e-148
-1.891202323813831114e-148
-1.621524284363348136e-148
-1.390301276426994744e-148
-1.192049763222227710e-148
-1.022068138821036464e-148
-8.763252278741937633e-149
-7.513646848384741290e-149
-6.442230254992716460e-149
-5.523593468764531106e-149
-4.735950687967829354e-149
-4.060622680814294081e-149
-3.481593800761831036e-149
-2.985132169697955747e-149
-2.559464021510849262e-149
-2.194494482993594086e-149
-1.881568170294715115e-149
-1.613263923378172719e-149
-1.383218810544625475e-149
-1.185977229217431707e-149
-1.016861524366031456e-149
-8.718610562349149297e-150
-7.475370865791518840e-150
-6.409412277507568448e-150
-5.495455206250158928e-150
-4.711824831409372994e-150
-4.039937076847970463e-150
-3.463857882850905394e-150
-2.969925324171219828e-150
-2.546425612558303440e-150
-2.183315300057940606e-150
-1.871983095032674145e-150
-1.605045642283142561e-150
-1.376172424124905919e-150
-1.179935629885245219e-150
-1.011681433420617662e-150
-8.674196259567096346e-151
-7.437289868519831628e-151
-6.376761481200923846e-151
-5.467460285533131912e-151
-4.687821876670008476e-151
-4.019356849383008181e-151
-3.446212315165429637e-151
-2.954795945281713929e-151
-2.533453623803977982e-151
-2.172193066060800220e-151
-1.862446848013600513e-151
-1.596869226714906618e-151
-1.369161933372016185e-151
-1.173924807638479377e-151
-1.006527730868921404e-151
-8.630008211906487648e-152
-7.399402863275577268e-152
-6.344277014419249152e-152
-5.439607976402686384e-152
-4.663941197664162923e-152
-3.998881461610955329e-152
-3.428656637443341113e-152
-2.939743638399445557e-152
-2.520547716890571410e-152
-2.161127490892925435e-152
-1.852959180496900626e-152
-1.588734463402396860e-152
-1.362187155426505572e-152
-1.167944605692658166e-152
-1.001400282283203215e-152
-8.586045266779606060e-153
-7.361708861825951171e-153
-6.311958029847860898e-153
-5.411897552367582971e-153
-4.640182171494867662e-153
-3.978510379458192826e-153
-3.411190391767829650e-153
-2.924768010904242149e-153
-2.507707555184297337e-153
-2.150118285923312340e-153
-1.843519845009218675e-153
-1.580641140160898152e-153
-1.355247908360211803e-153
-1.161994868061995618e-153
-9.962989539206968029e-154
-8.542306277470720559e-154
-7.324206880971979485e-154
-6.279803684487383383e-154
-5.384328290637779719e-154
-4.616544178439110249e-154
-3.958243071571099494e-154
-3.393813122554604608e-154
-2.909868672176516829e-154
-2.494932803766389469e-154
-2.139165163991175673e-154
-1.834128595337562180e-154
-1.572589045886605738e-154
-1.348344011171984217e-154
-1.156075439555394430e-154
-9.912236127198904678e-155
-8.498790103104239661e-155
-7.286895942523705763e-155
-6.247813139633924027e-155
-5.356899472104345352e-155
-4.593026601930603732e-155
-3.938079009303549638e-155
-3.376524376540405085e-155
-2.895045233586408086e-155
-2.482223129423795567e-155
-2.128267839398583172e-155
-1.824785186523509615e-155
-1.564577970551208224e-155
-1.341475283782648565e-155
-1.150186165772133063e-155
-9.861741262971694186e-156
-8.455495608617876044e-156
-7.249775073273025348e-156
-6.215985560855750133e-156
-5.329610381322549717e-156
-4.569628828544228310e-156
-3.918017666702220684e-156
-3.359323702770405118e-156
-2.880297308483809703e-156
-2.469578200641343124e-156
-2.117426027903124524e-156
-1.815489374856401325e-156
-1.556607705196051871e-156
-1.334641547030465021e-156
-1.144326893098234982e-156
-9.811503629431394109e-157
-8.412421664731077713e-157
-7.212843304970786866e-157
-6.184320117972238892e-157
-5.302460306491973817e-157
-4.546350247978992782e-157
-3.898058520493096520e-157
-3.342210652587604977e-157
-2.865624512188451149e-157
-2.456997687592519990e-157
-2.106639446710013971e-157
-1.806240917867189130e-157
-1.548678041927226393e-157
-1.327842622666151238e-157
-1.138497468702197129e-157
-9.761521916195269995e-158
-8.369567147916548416e-158
-7.176099674299874310e-158
-6.152815985030813338e-158
-5.275448539438245510e-158
-4.523190253043676515e-158
-3.878201050068041167e-158
-3.325184779620360961e-158
-2.851026461979207943e-158
-2.444481262131153183e-158
-2.095907814465439329e-158
-1.797039574321702084e-158
-1.540788773909784730e-158
-1.321078333348689313e-158
-1.132697740531134962e-158
-9.711794819555376199e-159
-8.326930940369031777e-159
-7.139543222850496774e-159
-6.121472340287518600e-159
-5.248574375594871435e-159
-4.500148239639950646e-159
-3.858444737470339525e-159
-3.308245639771121335e-159
-2.836502777085101137e-159
-2.432028597782294537e-159
-2.085230851248738948e-159
-1.787885104214971033e-159
-1.532939695362523508e-159
-1.314348502640394737e-159
-1.126927557306556582e-159
-9.662321042445106325e-160
-8.284511929979015826e-160
-7.103172997095595211e-160
-6.090288366184167895e-160
-5.221837113983660404e-160
-4.477223606747136290e-160
-3.838789067382507041e-160
-3.291392791204088032e-160
-2.822053078674710474e-160
-2.419639369734538895e-160
-2.074608278565338919e-160
-1.778777268764555996e-160
-1.525130601552269475e-160
-1.307652955002391424e-160
-1.121186768520806961e-160
-9.613099294405914742e-161
-8.242309010301814866e-161
-7.066988048364348281e-161
-6.059263249327722552e-161
-5.195236057198238757e-161
-4.454415756405504727e-161
-3.819233527111968101e-161
-3.274625794334828187e-161
-2.807676989846616608e-161
-2.407313254830995315e-161
-2.064039819339018721e-161
-1.769715830404421837e-161
-1.517361288789059162e-161
-1.300991515790105971e-161
-1.115475224432880993e-161
-9.564128291551458925e-162
-8.200321080529656049e-162
-7.030987432819865553e-162
-6.028396180467694777e-162
-5.168770511384655181e-162
-4.431724093702218443e-162
-3.799777606578119370e-162
-3.257944211818047042e-162
-2.793374135618929998e-162
-2.395049931560996463e-162
-2.053525197905390196e-162
-1.760700552778840758e-162
-1.509631554420480516e-162
-1.294364011248417356e-162
-1.109792776064646697e-162
-9.515406756537408255e-163
-8.158547045461095246e-163
-6.995170211432937306e-163
-5.997686354477103259e-163
-5.142439786223880994e-163
-4.409148026754783313e-163
-3.780420798298160104e-163
-3.241347608536372663e-163
-2.779144142920470368e-163
-2.382849080051849218e-163
-2.043064140004236292e-163
-1.751731200735826777e-163
-1.501941196826556536e-163
-1.287770268507568424e-163
-1.104139275196706960e-163
-9.466933418525925222e-164
-8.116985815475258545e-164
-6.959535449958349228e-164
-5.967132970330106030e-164
-5.116243194912629515e-164
-4.386686966695872117e-164
-3.761162597375151681e-164
-3.224835551589190082e-164
-2.764986640580398237e-164
-2.370710382059948075e-164
-2.032656372772590993e-164
-1.742807540321605182e-164
-1.494290015414145958e-164
-1.281210115578359895e-164
-1.098514574364911696e-164
-9.418707013153601318e-165
-8.075636306501547093e-165
-6.924082218908929834e-165
-5.936735231081432604e-165
-5.090180054147199482e-165
-4.364340327658211813e-165
-3.742002501483984828e-165
-3.208407610280613240e-165
-2.750901259318843785e-165
-2.358633520963287654e-165
-2.022301624737157875e-165
-1.733929338774106381e-165
-1.486677810612223812e-165
-1.274683381347812771e-165
-1.092918526856259881e-165
-9.370726282496336963e-166
-8.034497439991829989e-166
-6.888809593533677581e-166
-5.906492343845950799e-166
-5.064249684104482359e-166
-4.342107526758305162e-166
-3.722940010858702739e-166
-3.192063356109355766e-166
-2.736887631736652703e-166
-2.346618181752662340e-166
-2.011999625807925454e-166
-1.725096364517094396e-166
-1.479104383866334238e-166
-1.268189895574412418e-166
-1.087350986705134001e-166
-9.322989975039751491e-167
-7.993568142892762489e-167
-6.853716653792064141e-167
-5.876403519776629623e-167
-5.038451408424803966e-167
-4.319987984082720913e-167
-3.703974628278619898e-167
-3.175802362756816534e-167
-2.722945392306743503e-167
-2.334664051023718176e-167
-2.001750107270658154e-167
-1.716308387153733823e-167
