-4.000000000000000222e-01
-2.681280184142557643e-01
-1.797315856468886253e-01
-1.204776847648808547e-01
-8.075860719786215336e-02
-5.413411329464508370e-02
-3.628718131576500611e-02
-2.432402505008719046e-02
-1.630488159134648590e-02
-1.092948897891702492e-02
-7.326255555493672161e-03
-4.910935961227374559e-03
-3.291898819608012235e-03
-2.206625768304308882e-03
-1.479145486593172942e-03
-9.915008706665433963e-04
-6.646229092695736095e-04
-4.455100591379213210e-04
-2.986343233506716919e-04
-2.001805733762443494e-04
-1.341850511610047576e-04
-8.994692967153927786e-05
-6.029323003819060417e-05
-4.041576073483737282e-05
-2.709149459634155929e-05
-1.815997190499394099e-05
-1.217299320336145117e-05
-8.159801364468768860e-06
-5.469678426272386103e-06
-3.666435094499047029e-06
-2.457684941331284007e-06
-1.647435483014283265e-06
-1.104309028814879459e-06
-7.402404790327633472e-07
-4.961980319826853405e-07
-3.326114876414271932e-07
-2.229561477077838330e-07
-1.494519751954104173e-07
-1.001806548931048868e-07
-6.715310119982653529e-08
-4.501406988770365188e-08
-3.017383339937703298e-08
-2.022612539334208168e-08
-1.355797730478769732e-08
-9.088183971095423338e-09
-6.091991897885052158e-09
-4.083584289439055283e-09
-2.737308408887195246e-09
-1.834872698659009662e-09
-1.229951951834642426e-09
-8.244614489754231893e-10
-5.526530364318162687e-10
-3.704544088227101757e-10
-2.483230163761449882e-10
-1.664558957689659690e-10
-1.115787237147569933e-10
-7.479345521707389835e-11
-5.013555234427339036e-11
-3.360686575543559377e-11
-2.252735580029709097e-11
-1.510053817711639284e-11
-1.012219344604760268e-11
-6.785109176736261681e-12
-4.548194695706695652e-12
-3.048746077805156124e-12
-2.043635611225330282e-12
-1.369889916996636894e-12
-9.182646722249419670e-13
-6.155312173587251240e-13
-4.126029139562728688e-13
-2.765760042776081612e-13
-1.853944399197197224e-13
-1.242736095017378357e-13
-8.330309164222008277e-14
-5.583973222452391482e-14
-3.743049187536070053e-14
-2.509040903702844219e-14
-1.681860414075388916e-14
-1.127384750188535747e-14
-7.557085976462554264e-15
-5.065666219637670688e-15
-3.395617613548711076e-15
-2.276150555033402754e-15
-1.525749344834027918e-15
-1.022740371067993481e-15
-6.855633726168052788e-16
-4.595468714928457160e-16
-3.080434800546187438e-16
-2.064877197311894047e-16
-1.384128577960052567e-16
-9.278091320974278783e-17
-6.219290601398351626e-17
-4.168915162238368650e-17
-2.794507403470281828e-17
-1.873214331341136971e-17
-1.255653116819211961e-17
-8.416894550710492572e-18
-5.642013142709387725e-18
-3.781954509554616501e-18
-2.535119920949347967e-18
-1.699341702116635625e-18
-1.139102807993106535e-18
-7.635634466932662178e-19
-5.118318847385587342e-19
-3.430911725404592346e-19
-2.299808905717423959e-19
-1.541608011553679053e-19
-1.033370753273574149e-19
-6.926891309062214764e-20
-4.643234101174459730e-20
-3.112452896453518885e-20
-2.086339568834484378e-20
-1.398515235827109399e-20
-9.374527972611657335e-21
-6.283934022163443407e-21
-4.212246943021524696e-21
-2.823553564759673519e-21
-1.892684555513800588e-21
-1.268704398382947110e-21
-8.504379907296764933e-22
-5.700656330963740618e-22
-3.821264214204978480e-22
-2.561470003980225970e-22
-1.717004690986924718e-22
-1.150942663505765538e-22
-7.714999391855671752e-23
-5.171518747513630697e-23
-3.466572684907513186e-23
-2.323713161733081024e-23
-1.557631513546541895e-23
-1.044111627867081986e-23
-6.998889544582096907e-24
-4.691495961722632779e-24
-3.144803789037912872e-24
-2.108025020640949630e-24
-1.413051428880322954e-24
-9.471966988577853313e-25
-6.349249347831570962e-25
-4.256029115130187458e-25
-2.852901632383092595e-25
-1.912357153554187529e-25
-1.281891335207029104e-25
-8.592774588286640974e-26
-5.759909057594139745e-26
-3.860982504647604975e-26
-2.588093970258184295e-26
-1.734851269288029277e-26
-1.162905582694140470e-26
-7.795189237266338825e-27
-5.225271608380899002e-27
-3.502604305078608302e-27
-2.347865879024924593e-27
-1.573821564113496305e-27
-1.054964143308434729e-27
-7.071636131084597948e-28
-4.740259456935923717e-28
-3.177490937394167960e-28
-2.129935871431888226e-28
-1.427738711391174777e-28
-9.570418787465979024e-29
-6.415243562194552155e-29
-4.300266359940066011e-29
-2.882554744360560504e-29
-1.932234228940010613e-29
-1.295215337294716981e-29
-8.682088045214558425e-30
-5.819777658153663672e-30
-3.901113627730782337e-30
-2.614994666530743058e-30
-1.752883345251853581e-30
-1.174992844684321228e-30
-7.876212577403365600e-31
-5.279583177471549968e-31
-3.539010438571695803e-31
-2.372269640104007474e-31
-1.590179894363458912e-31
-1.065929459994655751e-31
-7.145138846943678315e-32
-4.789529800814293999e-32
-3.210517836570931107e-32
-2.152074464008455353e-32
-1.442578653786263336e-32
-9.669893896160469296e-33
-6.481923721633996723e-33
-4.344963407485239737e-33
-2.912516071328657658e-33
-1.952317907012554244e-33
-1.308677829304869391e-33
-8.772329827854555089e-34
-5.880268534047327572e-34
-3.941661874444503330e-34
-2.642174969134549004e-34
-1.771102846944499582e-34
-1.187205741897682206e-34
-7.958078075626363028e-35
-5.334459262009045684e-35
-3.575794978085125646e-35
-2.396927054324049430e-35
-1.606708253398557060e-35
-1.077008750383971579e-35
-7.219405551381660927e-36
-4.839312261552076832e-36
-3.243888017944450049e-36
-2.174443165522970202e-36
-1.457572842815250975e-36
-9.770402950962111161e-37
-6.549296955875631674e-37
-4.390125036963662840e-37
-2.942788816879678456e-37
-1.972610335203967229e-37
-1.322280250704293902e-37
-8.863509585241138519e-38
-5.941388153216220776e-38
-3.982631580379476790e-38
-2.669637784302984390e-38
-1.789511722472448395e-38
-1.199545580189040972e-38
-8.040794485341725460e-39
-5.389905729577348513e-39
-3.612961856778075571e-39
-2.421840758160474366e-39
-1.623408408501107773e-39
-1.088203199121115696e-39
-7.294444185309920740e-40
-4.889612162101388926e-40
-3.277605049596206039e-40
-2.197044367731960503e-40
-1.472722881720442301e-40
-9.871956698725805221e-41
-6.617370468751776401e-41
-4.435756077248546052e-41
-2.973376217904094972e-41
-1.993113683266765100e-41
-1.336024055921632884e-41
-8.955637066701181866e-42
-6.003143050829579722e-42
-4.024027126190589632e-42
-2.697386048476760382e-42
-1.808111940190822778e-42
-1.212013678986311766e-42
-8.124370650939244679e-43
-5.445928508748160222e-43
-3.650515048690898118e-43
-2.447013415492262925e-43
-1.640282145322614713e-43
-1.099514003164085899e-43
-7.370262772177759464e-44
-4.940434880740996763e-44
-3.311672536694364439e-44
-2.219880487251947681e-44
-1.488030390408334498e-44
-9.974565998009394570e-45
-6.686151538971237257e-45
-4.481861407404434741e-45
-3.004281544936720843e-45
-2.013830143505992927e-45
-1.349910714502887675e-45
-9.048722122895861917e-46
-6.065539829983226888e-46
-4.065852938065394777e-46
-2.725422728618119574e-46
-1.826905488913865365e-46
-1.224611371431514685e-46
-8.208815508737355906e-47
-5.502533589714941740e-47
-3.688458569170350357e-47
-2.472447717886803308e-47
-1.657331268074607455e-47
-1.110942371912069155e-47
-7.446869418830467905e-48
-4.991785851651805680e-48
-3.346094121879271921e-48
-2.242953965817714921e-48
-1.503497005622741753e-48
-1.007824182023490764e-48
-6.755647520898129726e-49
-4.528445957208960830e-49
-3.035508102506241772e-49
-2.034761931013528210e-49
-1.363941711268566237e-49
-9.142774706874686292e-50
-6.128585162405683923e-50
-4.108113488197148837e-50
-2.753750822527927887e-50
-1.845894378127616155e-50
-1.237340004523424503e-50
-8.294138087938752551e-51
-5.559727024933101507e-51
-3.726796475298723043e-51
-2.498146384887719620e-51
-1.674557599721692691e-51
-1.122489527334768166e-51
-7.524272316375713443e-52
-5.043670565497625823e-52
-3.380873485652996151e-52
-2.266267270543575663e-52
-1.519124381119823912e-52
-1.018299525086111090e-52
-6.825865845337877685e-53
-4.575514707680023186e-53
-3.067059229488800173e-53
-2.055911283904953030e-53
-1.378118546472370253e-53
-9.237804875139222914e-54
-6.192285789171630489e-54
-4.150813295263338459e-54
-2.782373359166248962e-54
-1.865080638204672262e-54
-1.250200939261528232e-54
-8.380347511595942783e-55
-5.617514929767615386e-55
-3.765532866327697995e-55
-2.524112164305516601e-55
-1.691962982176381310e-55
-1.134156704103079266e-55
-7.602479741060007050e-56
-5.096094570012329627e-56
-3.416014346772665754e-56
-2.289822894187044670e-56
-1.534914187844933504e-56
-1.028883749056965925e-56
-6.896814020331826548e-57
-4.623072691608046084e-57
-3.098938299464883390e-57
-2.077280463558894331e-57
-1.392442735961724356e-57
-9.333822788718492675e-58
-6.256648521422243247e-58
-4.193956924908668638e-58
-2.811293398976250908e-58
-1.884466320621438671e-58
-1.263195550791567197e-58
-8.467452997586132843e-59
-5.675903483146677882e-59
-3.804671884116704930e-59
-2.550347832511597881e-59
-1.709549276496057365e-59
-1.145945149721024531e-59
-7.681500055153322122e-60
-5.149063470593111134e-60
-3.451520462648383858e-60
-2.313623355415402408e-60
-1.550868114111174068e-60
-1.039577985646230975e-60
-6.968499631960145563e-61
-4.671124994094834821e-61
-3.131148721079857003e-61
-2.098871754858671048e-61
-1.406915811339799322e-61
-9.430838714255577829e-62
-6.321680241094452459e-62
-4.237548990233000250e-62
-2.840514034211245782e-62
-1.904053498177404787e-62
-1.276325228552590952e-62
-8.555463859598157580e-63
-5.734898928222052201e-63
-3.844217713575522766e-63
-2.576856194735022910e-63
-1.727318363081993205e-63
-1.157856124659320198e-63
-7.761341707842780408e-64
-5.202582930899470548e-64
-3.487395629744843307e-64
-2.337671199075037233e-64
-1.566987865780158226e-64
-1.050383378327038040e-64
-7.040930345152463570e-65
-4.719676753096436201e-65
-3.163693938408921773e-65
-2.120687466436929625e-65
-1.421539320129197935e-65
-9.528863025104697936e-66
-6.387387901655627866e-66
-4.281594152285261871e-66
-2.870038389265764540e-66
-1.923844265216668199e-66
-1.289591376425430485e-66
-8.644389508126777040e-67
-5.794507573037505142e-67
-3.884174583112338590e-67
-2.603640085362308186e-67
-1.745272141880288131e-67
-1.169890902489940202e-67
-7.842013236137279558e-68
-5.256658673459604727e-68
-3.523643683987064114e-68
-2.361968996463385245e-68
-1.583275166444125038e-68
-1.061301082457904459e-68
-7.114113904508522741e-69
-4.768733159972908185e-69
-3.196577431324700775e-69
-2.142729930922107731e-69
-1.436314825937641302e-69
-9.627906202441855273e-70
-6.453778528847605117e-70
-4.326097120560922569e-70
-2.899869621009109989e-70
-1.943840737852167662e-70
-1.302995412883008517e-70
-8.734239451479601776e-71
-5.854735791202070195e-71
-3.924546765085165575e-71
-2.630702368240892951e-71
-1.763412532585290665e-71
-1.182050770022388586e-71
-7.923523265778659509e-72
-5.311296480281329847e-72
-3.560268501171090517e-72
-2.386519345604227913e-72
-1.599731757610360869e-72
-1.072332265406045318e-72
-7.188058135124978945e-73
-4.818299460043799850e-73
-3.229802715870038149e-73
-2.165001505188024465e-73
-1.451243908624856562e-73
-9.727978836383771374e-74
-6.520859221438456971e-74
-4.371062653506524992e-74
-2.930010919123141159e-74
-1.964045054191538469e-74
-1.316538771141771577e-74
-8.825023296794513999e-75
-5.915590022572853885e-75
-3.965338576258981800e-75
-2.658045936984801498e-75
-1.781741474844536701e-75
-1.194337027441390845e-75
-8.005880512165772550e-76
-5.366502193470757796e-76
-3.597273997377656967e-76
-2.411324871525054257e-76
-1.616359398887547075e-76
-1.083478106672432683e-76
-7.262770943432682615e-77
-4.868380953148071817e-77
-3.263373344633319002e-77
-2.187504570606071997e-77
-1.466328164471825294e-77
-9.829091627121027871e-78
-6.588637151980246885e-78
-4.416495559027622959e-78
-2.960465506443576357e-78
-1.984459374566168920e-78
-1.330222899315042796e-78
-8.916750751065158788e-79
-5.977076773942455534e-79
-4.006554378267634081e-79
-2.685673715284637426e-79
-1.800260928466294197e-79
-1.206750988445682419e-79
-8.089093781284813828e-80
-5.422281715857408703e-80
-3.634664129391722997e-80
-2.436388226537933044e-80
-1.633159868173587585e-80
-1.094739798017702613e-80
-7.338260318042687973e-81
-4.918982994211850619e-81
-3.297292907128596273e-81
-2.210241533299415035e-81
-1.481569206351179692e-81
-9.931255386063026494e-82
-6.657119567577420464e-82
-4.462400695003226089e-82
-2.991236639304014441e-82
-2.005085881761803657e-82
-1.344049260567974777e-82
-9.009431622180869105e-83
-6.039202619735189506e-83
-4.048198578079422888e-83
-2.713588657219669949e-83
-1.818972873629267273e-83
-1.219293980388742792e-83
-8.173171970651552468e-84
-5.478641011624314707e-84
-3.672442895124835913e-84
-2.461712090523322226e-84
-1.650134961846073961e-84
-1.106118543589671931e-84
-7.414534330598988845e-85
-4.970110993820055687e-85
-3.331565030179677337e-85
-2.233214824400754736e-85
-1.496968663899777642e-85
-1.003448103699202693e-85
-6.726313790660397088e-86
-4.508782969805608055e-86
-3.022327607884784500e-86
-2.025926781252100775e-86
-1.358019333273735014e-86
-9.103075819973590004e-87
-6.101974202710577139e-87
-4.090275628469213199e-87
-2.741793747573921318e-87
-1.837879311093968547e-87
-1.231967344420486207e-87
-8.258124070263397573e-88
-5.535586106946950467e-88
-3.710614334042904027e-88
-2.487299171216128190e-88
-1.667286494954040589e-88
-1.117615560052185736e-88
-7.491601136643237580e-89
-5.021770418795313975e-89
-3.366193378307267316e-89
-2.256426900311843096e-89
-1.512528183693080859e-89
-1.013877961723342185e-89
-6.796227219769070165e-90
-4.555647342824242058e-90
-3.053741736564153235e-90
-2.046984301434624655e-90
-1.372134611171880787e-90
-9.197693357278237700e-91
-6.165398234672407836e-91
-4.132790028493751054e-91
-2.770292002155546455e-91
-1.856982262417058845e-91
-1.244772435630761498e-91
-8.343959163559021536e-92
-5.593123090636505183e-92
-3.749182527598437720e-92
-2.513152204495785173e-92
-1.684616301412173386e-92
-1.129232076714990172e-92
-7.569468976485298996e-93
-5.073966792782941288e-93
-3.401181654121546867e-93
-2.279880242966313784e-93
-1.528249429420915354e-93
-1.024416227883390655e-93
-6.866867330344466323e-94
-4.602998824997103166e-94
-3.085482384274034618e-94
-2.068260693868713204e-94
-1.386396603527810600e-94
-9.293294351004108187e-95
-6.229481497187785065e-95
-4.175746323973055173e-95
-2.799086468118754064e-95
-1.876283770167140948e-95
-1.257710623194353653e-95
-8.430686428391469291e-96
-5.651258114791377157e-96
-3.788151599666214756e-96
-2.539273954678294916e-96
-1.702126234197044984e-96
-1.140969335665426028e-96
-7.648146176084967871e-97
-5.126705696840545313e-97
-3.436533598717407064e-97
-2.303577360095260333e-97
-1.544134082065702513e-97
-1.035064028975475570e-97
-6.938241675526710703e-98
-4.650842479345561903e-98
-3.117552944859405792e-98
-2.089758233516688081e-98
-1.400806835294254630e-98
-9.389889023214776309e-99
-6.294230842311016238e-99
-4.219149107976837327e-99
-2.828180224290243744e-99
-1.895785898143310263e-99
-1.270783290517132185e-99
-8.518315138007846979e-100
-5.709997395455470851e-100
-3.827525716985069749e-100
-2.565667214812010929e-100
-1.719818165544907715e-100
-1.152828591901017402e-100
-7.727641147942868472e-101
-5.179992770035934658e-101
-3.472252992074746954e-101
-2.327520785494917568e-101
-1.560183840081895697e-101
-1.045822503507750889e-101
-7.010357886964191175e-102
-4.699183421516116951e-102
-3.149956847440578829e-102
-2.111479218986693953e-102
-1.415366847274448361e-102
-9.487487702223205335e-103
-6.359653193316784779e-103
-4.263003021314783270e-103
-2.857576381497860133e-103
-1.915490731595990108e-103
-1.283991835384257139e-103
-8.606854662041554137e-104
-5.769347213281718420e-104
-3.867309089602676795e-104
-2.592334806976497817e-104
-1.737693987152266550e-104
-1.164811113463754072e-104
-7.807962391998435792e-105
-5.233833710049050061e-105
-3.508343653462939887e-105
-2.351713079298108087e-105
-1.576400419577713603e-105
-1.056692801821928218e-105
-7.083223675628197482e-106
-4.748026820327795630e-106
-3.182697556780560334e-106
-2.133425972778649680e-106
-1.430078196286604993e-106
-9.586100823694229253e-107
-6.425755545440958008e-107
-4.307312753033723359e-107
-2.887278082903444781e-107
-1.935400377449518712e-107
-1.297337670109384632e-107
-8.696314467514868085e-108
-5.829313914204929085e-108
-3.907505971326018466e-108
-2.619279582583777505e-108
-1.755755610377807434e-108
-1.176918181575777228e-108
-7.889118496540514609e-109
-5.288234273781621051e-109
-3.544809441848521826e-109
-2.376156828247523885e-109
-1.592785554498769682e-109
-1.067676086216510604e-109
-7.156846832637984470e-110
-4.797377898323886359e-110
-3.215778573654899321e-110
-2.155600841532762449e-110
-1.444942455330695697e-110
-9.685738931761160860e-111
-6.492544966627288847e-111
-4.352083040918161089e-111
-2.917288504339170477e-111
-1.955516964527862979e-111
-1.310822221685783298e-111
-8.786704119849483050e-112
-5.889903910119180581e-112
-3.948120660176558469e-112
-2.646504422683794480e-112
-1.774004966446964223e-112
-1.189151090776141328e-112
-7.971118139124117999e-113
-5.343200277973016287e-113
-3.581654256308594595e-113
-2.400854645972575298e-113
-1.609340996813160137e-113
-1.078773531070863765e-113
-7.231235230094258509e-114
-4.847241932331430152e-114
-3.249203435226359113e-114
-2.178006196280016211e-114
-1.459961213756361341e-114
-9.786412680153785360e-115
-6.560028598284599192e-115
-4.397318671997342703e-115
-2.947610854646534326e-115
-1.975842643781860209e-115
-1.324446931938990505e-115
-8.878033283891255640e-116
-5.951123679564060508e-116
-3.989157498849027344e-116
-2.674012238271956768e-116
-1.792444006658259901e-116
-1.201511149059497775e-116
-8.053970087499147260e-117
-5.398737599821906634e-117
-3.618882036447039228e-117
-2.425809173268644830e-117
-1.626068516699150837e-117
-1.089986322970903400e-117
-7.306396821920483414e-118
-4.897624254024498402e-118
-3.282975715422853003e-118
-2.200644432696183015e-118
-1.475136077433012184e-118
-9.888132833336953302e-119
-6.628213656049094010e-119
-4.443024483056730681e-119
-2.978248376020128034e-119
-1.996379588519425442e-119
-1.338213257680906308e-119
-8.970311724941882766e-120
-6.012979768416873380e-120
-4.030620875176657066e-120
-2.701805970600686911e-120
-1.811074702592356085e-120
-1.213999678015717322e-120
-8.137683200547192190e-121
-5.454852177614367323e-121
-3.656496762816152750e-121
-2.451023078380006194e-121
-1.642969902734137468e-121
-1.101315660835879041e-121
-7.382339644712938369e-122
-4.948530250494814657e-122
-3.317099025320324640e-122
-2.223517971357544516e-122
-1.490468668921409834e-122
-9.990910267661002605e-123
-6.697107430556617212e-123
-4.489205361156180345e-123
-3.009204344353717941e-123
-2.017129994637761305e-123
-1.352122670865483784e-123
-9.063549309804030428e-124
-6.075478790593918465e-124
-4.072515222599558181e-124
-2.729888591493684392e-124
-1.829899046322254698e-124
-1.226618012971334292e-124
-8.222266429230610148e-125
-5.511550011359279622e-125
-3.694502457341955070e-125
-2.476499057284298297e-125
-1.660046962086065533e-125
-1.112762756046816737e-125
-7.459071818600640148e-126
-4.999965364827349927e-126
-3.351577013527747994e-126
-2.246629257999961413e-126
-1.505960627647496864e-126
-1.009475597252553406e-126
-6.766717288221630068e-127
-4.535866244150982597e-127
-3.040482069590857908e-127
-2.038096080858610099e-127
-1.366176658746230791e-127
-9.157756007835580302e-128
-6.138627428755638317e-128
-4.114845020639211233e-128
-2.758263103664303227e-128
-1.848919050626703148e-128
-1.239367503132219889e-128
-8.307728817546837407e-129
-5.568837163429730661e-129
-3.732903183755068163e-129
-2.502239833981338648e-129
-1.677301520706524153e-129
-1.124328832575670716e-129
-7.536601548113373020e-130
-5.051935096683454936e-130
-3.386413366577992303e-130
-2.269980763780186576e-130
-1.521613610077184762e-130
-1.019968105155416987e-130
-6.837050672026396705e-131
-4.583012121220837125e-131
-3.072084896078539874e-131
-2.059280088964805394e-131
-1.380376724035195293e-131
-9.252941892017654275e-132
-6.202432435022511213e-132
-4.157614795377090181e-132
-2.786932541035689718e-132
-1.868136749205307244e-132
-1.252249511728128369e-132
-8.394079503497249247e-133
-5.626719759210900196e-133
-3.771703048023977890e-133
-2.528248160784251119e-133
-1.694735423526361890e-133
-1.136015127116445349e-133
-7.614937123058523155e-134
-5.104445002887204384e-134
-3.421611809321817851e-134
-2.293574985540609827e-134
-1.537429289893806933e-134
-1.030569672378121957e-134
-6.908115102314520943e-135
-4.630648033403070253e-135
-3.104016202925482127e-135
-2.080684284040426983e-135
-1.394724385063562652e-135
-9.349117140028573035e-136
-6.266900631696680508e-136
-4.200829119939552829e-136
-2.815899969065798885e-136
-1.887554196895877022e-136
-1.265265416158037257e-136
-8.481327720063772126e-137
-5.685203987756297401e-137
-3.810906198794887918e-137
-2.554526818613605039e-137
-1.712350534652386140e-137
-1.147822889217365121e-137
-7.694086919409185100e-138
-5.157500698020691851e-138
-3.457176105325954198e-138
-2.317414446075458534e-138
-1.553409358176992188e-138
-1.041281432485358893e-138
-6.979918177596579544e-139
-4.678779074131375589e-139
-3.136279404362400613e-139
-2.102310954712879658e-139
-1.409221175944318467e-139
-9.446292035334147240e-140
-6.332038911991061569e-140
-4.244492614985404716e-140
-2.845168485075012532e-140
-1.907173469894567092e-140
-1.278416608137705368e-140
-8.569482796195631831e-141
-5.744296102447605589e-141
-3.850516827835110452e-141
-2.581078617295347065e-141
-1.730148737567060610e-141
-1.159753381414415781e-141
-7.774059400197170898e-142
-5.211107855024080737e-142
-3.493110057276304469e-142
-2.341501694401060050e-142
-1.569555523583392413e-142
-1.052104530823935447e-142
-7.052467575362212747e-143
-4.727410389781490009e-143
-3.168877950107760078e-143
-2.124162413397483609e-143
-1.423868646735808231e-143
-9.544476968286721254e-144
-6.397854240767836450e-144
-4.288609949200903428e-144
-2.874741218577151783e-144
-1.926996665977230286e-144
-1.291704493848409613e-144
-8.658554157808786834e-145
-5.804002421664594820e-145
-3.890539170481039983e-145
-2.607906395860368130e-145
-1.748131935329799799e-145
-1.171807879366602818e-145
-7.854863116419638328e-146
-5.265272205801877871e-146
-3.529417507383367119e-146
-2.365839306028263641e-146
-1.585869512529736509e-146
-1.063040124645474025e-146
-7.125771052900616424e-147
-4.776547180219875502e-147
-3.201815325736462755e-147
-2.146240996545207897e-147
-1.438668363607792837e-147
-9.643682437235607005e-148
-6.464353655281004086e-148
-4.333185839798715090e-148
-2.904621331614755836e-148
-1.947025904724147429e-148
-1.305130494087228383e-148
-8.748551328790872874e-149
-5.864329329460384776e-149
-3.930977506091901441e-149
-2.635013022848645572e-149
-1.766302050780353113e-149
-1.183987671991957339e-149
-7.936506707952963609e-150
-5.319999541837007805e-150
-3.566102337793844135e-150
-2.390429883237689434e-150
-1.602353069376892112e-150
-1.074089383230090832e-150
-7.199836448131613212e-151
-4.826194699360766683e-151
-3.235095053052356972e-151
-2.168549064891774086e-151
-1.453621909008829551e-151
-9.743919049651793451e-152
-6.531544265930281210e-152
-4.378225053022052418e-152
-2.934812019096198443e-152
-1.967263327746556235e-152
-1.318696044419251342e-152
-8.839483932021481732e-153
-5.925283276243731558e-153
-3.971836158505992150e-153
-2.662401396615813564e-153
-1.784661026744801836e-153
-1.196294061605614163e-153
-8.018998904476098408e-154
-5.375295714808280849e-154
-3.603168471005543748e-154
-2.415276055358517686e-154
-1.619007956616735452e-154
-1.085253488011359604e-154
-7.274671680441292071e-155
-4.876358255727679456e-155
-3.268720690465536176e-155
-2.191089003710554638e-155
-1.468730881835392166e-155
-9.845197523258874096e-156
-6.599433257021000778e-156
-4.423732404655295076e-156
-2.965316509137954499e-156
-1.987711098915527181e-156
-1.332402595330637429e-156
-8.931361690400586254e-157
-5.986870779470061707e-157
-4.013119496503886760e-157
-2.690074445642915295e-157
-1.803210826242696717e-157
-1.208728364058995281e-157
-8.102348526405810403e-158
-5.431166637217259995e-158
-3.640619870286578448e-158
-2.440380479048817499e-158
-1.635835955060515964e-158
-1.096533632702881789e-158
-7.350284751530392972e-159
-4.927043213020741904e-159
-3.302695833371723283e-159
-2.213863223067497913e-159
-1.483996897603163386e-159
-9.947528687181209884e-160
-6.668027887531923686e-160
-4.469712760537427583e-160
-2.996138063409601071e-160
-2.008371404593786450e-160
-1.346251612383998877e-160
-9.024194427887652029e-161
-6.049098424336347237e-161
-4.054831934275345938e-161
-2.718035128850137255e-161
-1.821953432697350421e-161
-1.221291908880437205e-161
-8.186564485837070469e-162
-5.487618283020160597e-162
-3.678460540099964237e-162
-2.465745838580146452e-162
-1.652838864029173616e-162
-1.107931023425554611e-162
-7.426683746269476455e-163
-4.978254990691318849e-163
-3.337024114537432321e-163
-2.236874158078693975e-163
-1.499421588619275815e-163
-1.005092348310127386e-163
-6.737335491892904370e-164
-4.516171037083300591e-164
-3.027279977482395616e-164
-2.029246453868814636e-164
-1.360244576375032630e-164
-9.117992070554094422e-165
-6.111972864486554191e-165
-4.096977931891065336e-165
-2.746286435912279240e-165
-1.840890850147812995e-165
-1.233986039417627024e-165
-8.271655787497787620e-166
-5.544656688266289570e-166
-3.716694526530559529e-166
-2.491374846124429892e-166
-1.670018501546104866e-166
-1.119446878836779841e-166
-7.503876833562972633e-167
-5.029999064519813634e-167
-3.371709204488220936e-167
-2.260124269171255703e-167
-1.515006604157176261e-167
-1.015539296642901258e-167
-6.807363480766858757e-168
-4.563112201809074479e-168
-3.058745581182341775e-168
-2.050338478789502342e-168
-1.374382983490774885e-168
-9.212764647641564676e-169
-6.175500822722743556e-169
-4.139561995780497112e-169
-2.774831387579028650e-169
-1.860025103463048189e-169
-1.246812112980823418e-169
-8.357631529711172108e-170
-5.602287951744713556e-170
-3.755325917718508684e-170
-2.517270242043814094e-170
-1.687376704530992993e-170
-1.131082430260706161e-170
-7.581872267224335022e-171
-5.082280967202269007e-171
-3.406754811900962072e-171
-2.283616042345640308e-171
-1.530753610632889149e-171
-1.026094830748624213e-171
-6.878119341843649753e-172
-4.610541273863099329e-172
-3.090538238945197864e-172
-2.071649734604695458e-172
-1.388668345469892130e-172
-9.308522292636343630e-173
-6.239689091723555446e-173
-4.182588679212305335e-173
-2.803673035997800284e-173
-1.879358238558861745e-173
-1.259771500988263051e-173
-8.444500905368100000e-174
-5.660518235634471418e-174
-3.794358844296160739e-174
-2.543434795184251101e-174
-1.704915328996592603e-174
-1.142838921819824151e-174
-7.660678386856022954e-175
-5.135106288941674022e-175
-3.442164684001165912e-175
-2.307351989441965707e-175
-1.546664291783109749e-175
-1.036760079269757009e-175
-6.949610640640323908e-176
-4.658463324563631903e-176
-3.122661350176901916e-176
-2.093182500004221371e-176
-1.403102189763856148e-176
-9.405275244352357280e-177
-6.304544534771915155e-177
-4.226062582782145188e-177
-2.832814465039923255e-177
-1.898892322616029410e-177
-1.272865589112727758e-177
-8.532273202911958122e-178
-5.719353766164724733e-178
-3.833797479829514905e-178
-2.569871303170696339e-178
-1.722636250247089016e-178
-1.154717610568250241e-178
-7.740303618742906719e-179
-5.188480678045393205e-179
-3.477942606962492053e-179
-2.331334648408461968e-179
-1.562740348845587942e-179
-1.047536182579949387e-179
-7.021845021309655959e-180
-4.706883477939519985e-180
-3.155118349616881054e-180
-2.114939077363005970e-180
-1.417686059700574839e-180
-9.503033848025408860e-181
-6.370074086486775120e-181
-4.269988354904345903e-181
-2.862258790631026741e-181
-1.918629444301746810e-181
-1.286095777429636253e-181
-8.620957807328946475e-182
-5.778800834280174531e-182
-3.873646041265345397e-182
-2.596582592706817546e-182
-1.740541363078514030e-182
-1.166719766625750432e-182
-7.820756476752810937e-183
-5.242409841530290011e-183
-3.514092406312352469e-183
-2.355566583572706317e-183
-1.578983500740505926e-183
-1.058424292905914994e-183
-7.094830207459077147e-184
-4.755806911279120656e-184
-3.187912707705123454e-184
-2.136921792986546312e-184
-1.432421514649335199e-184
-9.601808556421496915e-185
-6.436284753566000104e-185
-4.314370692308696991e-185
-2.892009161083244755e-185
-1.938571713992855434e-185
-1.299463480567034512e-185
-8.710564201153465013e-186
-5.838865796313383453e-186
-3.913908789380795775e-186
-2.623571519877087888e-186
-1.758632581981741911e-186
-1.178846673313803234e-186
-7.902045563246418726e-187
-5.296899545731178713e-187
-3.550617947340761551e-187
-2.380050385916345062e-187
-1.595395484254621661e-187
-1.069425574450572836e-187
-7.168574002974142508e-188
-4.805238855683623148e-188
-3.221047930953979184e-188
-2.159132997360121074e-188
-1.447310130187454854e-188
-9.701609930951240107e-189
-6.503183615535197895e-189
-4.359214340543620807e-189
-2.922068757432484850e-189
-1.958721264001379748e-189
-1.312970127856420425e-189
-8.801101965481548883e-190
-5.899555074665747528e-190
-3.954590029239822831e-190
-2.650840970452027886e-190
-1.776911841346602369e-190
-1.191099627292754236e-190
-7.984179569998846724e-191
-5.351955616918558510e-191
-3.587523135513424611e-191
-2.404788673351334240e-191
-1.611978054226887043e-191
-1.080541203517770400e-191
-7.243084292854534319e-192
-4.855184596626101210e-192
-3.254527562322009343e-192
-2.181575065399995839e-192
-1.462353498269077970e-192
-9.802448642801288730e-193
-6.570777825504325592e-193
-4.404524094482117494e-193
-2.952440793778402907e-193
-1.979080248802970876e-193
-1.326617163485862152e-193
-8.892580780994819907e-194
-5.960875158492224284e-194
-3.995694110653297512e-194
-2.678393860197359750e-194
-1.795381095669108830e-194
-1.203479938700392350e-194
-8.067167279126338144e-195
-5.407583941921293000e-195
-3.624811916890140663e-195
-2.429784091000388542e-195
-1.628732983735989026e-195
-1.091772368637697096e-195
-7.318369044056766909e-196
-4.905649474517762425e-196
-3.288355181593530778e-196
-2.204250396707233758e-196
-1.477553227394902616e-196
-9.904335474074811089e-197
-6.639074610934016269e-197
-4.450304798835434499e-197
-2.983128517627892886e-197
-1.999650845266603494e-197
-1.340406046654344907e-197
-8.985010428997592429e-198
-6.022832604396502069e-198
-4.037225428643875718e-198
-2.706233135184877899e-198
-1.814042319760340759e-198
-1.215988931292308123e-198
-8.151017564027062026e-199
-5.463790468755739638e-199
-3.662488278545517363e-199
-2.455039311479676385e-199
-1.645662064290304809e-199
-1.103120270694207378e-199
-7.394436306345628340e-200
-4.956638885277316510e-200
-3.322534405761206359e-200
-2.227161415824771081e-200
-1.492910942784494325e-200
-1.000728131894377773e-200
-6.708081274406138339e-201
-4.496561348670835135e-201
-3.014135210243007390e-201
-2.020435252887780041e-201
-1.354338251727719134e-201
-9.078400792459725525e-202
-6.085434037131725543e-202
-4.079188423916845933e-202
-2.734361772108049287e-202
-1.832897508957497296e-202
-1.228627942583026069e-202
-8.235739390329455752e-203
-5.520581207262981027e-203
-3.700556248996090449e-203
-2.480557035184447380e-203
-1.662767106018905606e-203
-1.114586123053164954e-203
-7.471294213156567802e-204
-5.008158280909028948e-204
-3.357068889412594424e-204
-2.250310572495913874e-204
-1.508428286549981243e-204
-1.011129718481609304e-204
-6.777805194406107914e-205
-4.543298689934742303e-205
-3.045464186990785485e-205
-2.041435694023600776e-205
-1.368415268396650570e-205
-9.172761857075354462e-206
-6.148686150308497700e-206
-4.121587583333583286e-206
-2.762782778600150012e-206
-1.851948679337660932e-206
-1.241398323989290482e-206
-8.321341816850382236e-207
-5.577962229749564831e-207
-3.739019898630871399e-207
-2.506339990578331357e-207
-1.680049937865469023e-207
-1.126171151692115794e-207
-7.548950982462851174e-208
-5.060213170085397560e-208
-3.391962325121676692e-208
-2.273700341926768012e-208
-1.524106917871547952e-208
-1.021639419350915757e-208
-6.848253826111451911e-209
-4.590521819982614488e-209
-3.077118797698423234e-209
-2.062654414130267259e-209
-1.382638601835447120e-209
-9.268103712330098648e-210
-6.212595707111978738e-210
-4.164427440392211600e-210
-2.791499193555691539e-210
-1.871197867932743709e-210
-1.254301440974495504e-210
-8.407833996565638441e-211
-5.635939671638020263e-211
-3.777883340146354098e-211
-2.532390934484236858e-211
-1.697512407783747769e-211
-1.137876595331631923e-211
-7.627414917655932479e-212
-5.112809118735873000e-212
-3.427218443842544983e-212
-2.297333225050778530e-212
-1.539948513175189154e-212
-1.032258358244130528e-212
-6.919434702188555524e-213
-4.638235788111737596e-213
-3.109102427011280871e-213
-2.084093682003648174e-213
-1.397009772863302145e-213
-9.364436552579348838e-214
-6.277169541022955262e-214
-4.207712575712116308e-214
-2.820514087455987606e-214
-1.890647132947710083e-214
-1.267338673194615253e-214
-8.495225177585796973e-215
-5.694519732122564041e-215
-3.817150728987123114e-215
-2.558712652379680122e-215
-1.715156382935061571e-215
-1.149703705567377197e-215
-7.706694408432868769e-216
-5.165951750643148157e-216
-3.462841015309085213e-216
-2.321211748796006872e-216
-1.555954766311441477e-216
-1.042987670583281704e-216
-6.991355433599656855e-217
-4.686445696102145749e-217
-3.141418494754607272e-217
-2.105755790021164561e-217
-1.411530318106833153e-217
-9.461770678140407954e-218
-6.342414556549884451e-218
-4.251447617523481790e-218
-2.849830562696514408e-218
-1.910298553980542699e-218
-1.280511414646008958e-218
-8.583524704146937802e-219
-5.753708674831627703e-219
-3.856826263788880897e-219
-2.585307958694484553e-219
-1.732983749888332064e-219
-1.161653747004188172e-219
-7.786797931692937198e-220
-5.219646748042749097e-220
-3.498833848437869735e-220
-2.345338466355846207e-220
-1.572127388736842123e-220
-1.053828503591933482e-220
-7.064023710414297739e-221
-4.735156698761867410e-221
-3.174070456299912620e-221
-2.127643054387368337e-221
-1.426201790164300427e-221
-9.560116496390666809e-222
-6.408337729966812375e-222
-4.295637242163131558e-222
-2.879451753919262580e-222
-1.930154232244496692e-222
-1.293821073814044498e-222
-8.672742017609302593e-223
-5.813512828498892567e-223
-3.896914186828246127e-223
-2.612179697111556553e-223
-1.750996414821220627e-223
-1.173727997391226595e-223
-7.867734052446237262e-224
-5.273899852231449141e-224
-3.535200791735216339e-224
-2.369715957461232334e-224
-1.588468109696838572e-224
-1.064782016418154116e-224
-7.137447302632730487e-225
-4.784374004477829553e-225
-3.207061802933367881e-225
-2.149757815381484225e-225
-1.441025757772024469e-225
-9.659484522881977658e-226
-6.474946110058939055e-226
-4.340286174573090765e-226
-2.909380828347749194e-226
-1.950216290793313982e-226
-1.307269073823909012e-226
-8.762886657466301165e-227
-5.873938587638034191e-227
-3.937418784476134271e-227
-2.639330740871693545e-227
-1.769196303724230753e-227
-1.185927747758535984e-227
-7.949511424724620466e-228
-5.328716864182369845e-228
-3.571945733709694460e-228
-2.394346828656870084e-228
-1.604978676410596636e-228
-1.075849380257795090e-228
-7.211634061018355420e-229
-4.834102875774118594e-229
-3.240396062229628825e-229
-2.172102437607518538e-229
-1.456003805971229203e-229
-9.759885382467226071e-230
-6.542246818878143159e-230
-4.385399188806513085e-230
-2.939620986125503774e-230
-1.970486874747023746e-230
-1.320856852593078184e-230
-8.853968262367018263e-231
-5.934992413227409141e-231
-3.978344387655857462e-231
-2.666763993079162124e-231
-1.787585362607049833e-231
-1.198254302555420039e-231
-8.032138792512789247e-232
-5.384103645161939381e-232
-3.609072603285686262e-232
-2.419233713580481246e-232
-1.621660854258275400e-232
-1.087031778480502502e-232
-7.286591917932698849e-233
-4.884348629871675017e-233
-3.274076798429767606e-233
-2.194679310247709839e-233
-1.471137536278576384e-233
-9.861329810430347173e-234
-6.610247052500442873e-234
-4.430981108539146427e-234
-2.970175460659076257e-234
-1.990968151522737176e-234
-1.334585862984243121e-234
-8.945996571141315936e-235
-5.996680833402254415e-235
-4.019695372307327165e-235
-2.694482387014048482e-235
-1.806165557705517193e-235
-1.210708979789176169e-235
-8.115624990680606779e-236
-5.440066117361134046e-236
-3.646585370226104891e-236
-2.444379273242907273e-236
-1.638516426968785503e-236
-1.098330406755892187e-236
-7.362328888189690263e-237
-4.935116639260380538e-237
-3.308107612820343141e-237
-2.217490847316631530e-237
-1.486428566856927043e-237
-9.963828653642474861e-238
-6.678954081800237701e-238
-4.477036807582358273e-238
-3.001047518961926298e-238
-2.011662311065745319e-238
-1.348457572961781578e-238
-9.038981423847656272e-239
-6.059010444148987061e-239
-4.061476159852461033e-239
-2.722488886445014968e-239
-1.824938875693380419e-239
-1.223293111166903315e-239
-8.199978945924977027e-240
-5.496610264523828312e-240
-3.684488045555663671e-240
-2.469786196314691028e-240
-1.655547196811699879e-240
-1.109746473181017392e-240
-7.438853069906048997e-241
-4.986412332271892824e-241
-3.342492144121250687e-241
-2.240539487920915701e-241
-1.501878532687850140e-241
-1.006739287171281005e-241
-6.748375253225550397e-242
-4.523571210408023138e-242
-3.032240462005923013e-242
-2.032571566082984952e-242
-1.362473465747508916e-242
-9.132932762822278606e-243
-6.121987910015567665e-243
-4.103691217670888814e-243
-2.750786485945261371e-243
-1.843907323893084408e-243
-1.236008042237492775e-243
-8.285209677730753544e-244
-5.553742132590897940e-244
-3.722784681988485253e-244
-2.495457199411350889e-244
-1.672754984789422210e-244
-1.121281198410416102e-244
-7.516172645372985842e-245
-5.038241193658346937e-245
-3.377234068871794467e-245
-2.263827696519322392e-245
-1.517489085747621847e-245
-1.017203353816833384e-245
-6.818517989581220522e-246
-4.570589292671022446e-246
-3.063757625073309518e-246
-2.053698152281228617e-246
-1.376635039980335111e-246
-9.227860633739134359e-247
-6.185619964818621012e-247
-4.146345059576281330e-247
-2.779378211214882062e-247
-1.863072930491843038e-247
-1.248855132535074107e-247
-8.371326299327742753e-248
-5.611467830344857908e-248
-3.761479374364359707e-248
-2.521395027385796135e-248
-1.690141630831317225e-248
-1.132935815785624753e-248
-7.594295881928619290e-249
-5.090608765182772941e-249
-3.412337101826435128e-249
-2.287357963185467774e-249
-1.533261895182504087e-249
-1.027776184163451011e-249
-6.889389790827938823e-250
-4.618096081744826852e-250
-3.095602378112268165e-250
-2.075044328604297388e-250
-1.390943809876056460e-250
-9.323775186691269100e-251
-6.249913412368274803e-251
-4.189442246297556844e-251
-2.808267119401894054e-251
-1.882437744757892657e-251
-1.261835755725364352e-251
-8.458338018671649904e-252
-5.669793530061107371e-252
-3.800576260083217370e-252
-2.547602453620998453e-252
-1.707708993991773984e-252
-1.144711571467937090e-252
-7.673231132839340955e-253
-5.143520646207084442e-253
-3.447804996350872400e-253
-2.311132803875876578e-253
-1.549198647488412754e-253
-1.038458908702806648e-253
-6.960998234878009100e-254
-4.666096657257537363e-254
-3.127778126099685878e-254
-2.096612377476216511e-254
-1.405401305388780346e-254
-9.420686677267763011e-255
-6.314875127193605020e-255
-4.232987385969826978e-255
-2.837456299431316737e-255
-1.902003837258958263e-255
-1.274951299751416351e-255
-8.546254139425872084e-256
-5.728725468172352797e-256
-3.840079519550481900e-256
-2.574082280325652921e-256
-1.725458952647454446e-256
-1.156609724571273837e-256
-7.752986838199020249e-257
-5.196982494294800357e-257
-3.483641544822181580e-257
-2.335154760696923267e-257
-1.565301046690739343e-257
-1.049252669677394850e-257
-7.033350978411046687e-258
-4.714596151633408178e-258
-3.160288309402426429e-258
-2.118404605044575175e-258
-1.420009072375622287e-258
-9.518605467657660261e-259
-6.380512055275516433e-259
-4.276985134623332677e-259
-2.866948872334522467e-259
-1.921773300085145064e-259
-1.288203166983019740e-259
-8.635084061953336630e-260
-5.788269945930307621e-260
-3.879993376622799123e-260
-2.600837338835829743e-260
-1.743393404699484490e-260
-1.168631547296414850e-260
-7.833571525824509496e-261
-5.251000025814278585e-261
-3.519850579037050602e-261
-2.359426402178472565e-261
-1.581570814526012494e-261
-1.060158621201724256e-261
-7.106455757690359178e-262
-4.763599750645344294e-262
-3.193136404147656693e-262
-2.140423341426381726e-262
-1.434768672760721534e-262
-9.617542027754818922e-263
-6.446831214794452038e-263
-4.321440196684621005e-263
-2.896747991581962536e-263
-1.941748247070911117e-263
-1.301592774366224640e-263
-8.724837284328430878e-264
-5.848433330083963384e-264
-3.920322099058339114e-264
-2.627870489915379881e-264
-1.761514267775815280e-264
-1.180778325067946796e-264
-7.914993812173592643e-265
-5.305579016548123065e-265
-3.556435970618340737e-265
-2.383950323547744129e-265
-1.598009690627237136e-265
-1.071177929386549909e-265
-7.180320389387692738e-266
-4.813112693965107062e-266
-3.226325922593484146e-266
-2.162670940958889556e-266
-1.449681684703370512e-266
-9.717506936274084500e-267
-6.513839696875037146e-267
-4.366357325478148836e-267
-2.926856843422630359e-267
-1.961930814022604864e-267
-1.315121553574401883e-267
-8.815523403344745444e-268
-5.909222053558438885e-268
-3.961069998976198759e-268
-2.655184624063873360e-268
-1.779823479435657692e-268
-1.193051356670648878e-268
-7.997262403263694077e-269
-5.360725302314929190e-269
-3.593401631431833432e-269
-2.408729147005982470e-269
-1.614619432708473065e-269
-1.082311772463206092e-269
-7.254952771424671114e-270
-4.863140275727332345e-270
-3.259860413503390983e-270
-2.185149782449401170e-270
-1.464749702766283140e-270
-9.818510881890061904e-271
-6.581544666349373434e-271
-4.411741323733028482e-271
-2.957278647222122852e-271
-1.982323158946191670e-271
-1.328790951162355329e-271
-8.907152115548099248e-272
-5.970642616140779832e-272
-4.002241433313928247e-272
-2.682782661824796299e-272
-1.798322997378053358e-272
-1.205451954389295946e-272
-8.080386095600024991e-273
-5.416444779588472418e-273
-3.630751514003325504e-273
-2.433765522010731649e-273
-1.631401816754036739e-273
-1.093561340909216442e-273
-7.330360883810780511e-274
-4.913687845094004471e-274
-3.293743462528249224e-274
-2.207862269431321008e-274
-1.479974338085587997e-274
-9.920564664371186187e-275
-6.649953362520980625e-275
-4.457597044100019922e-275
-2.988016655809183047e-275
-2.002927462277314194e-275
-1.342602428719805980e-275
-8.999733218270420426e-276
-6.032701585179637007e-276
-4.043840804296521204e-276
-2.710667554096902227e-276
-1.817014799649590497e-276
-1.217981444148579119e-276
-8.164373777122484999e-277
-5.472743406132413010e-277
-3.668489611940004127e-277
-2.459062125556943927e-277
-1.648358637207865151e-277
-1.104927837576444947e-277
-7.406552789502346146e-278
-4.964760806824717777e-278
-3.327978692586758759e-278
-2.230810830420433390e-278
-1.495357218544261672e-278
-1.002367919574223913e-278
-6.719073099936569623e-279
-4.503929389666409353e-279
-3.019074155822525177e-279
-2.023745927116010088e-279
-1.356557463028717971e-279
-9.093276610674208348e-280
-6.095405596282076629e-280
-4.085872559905788097e-280
-2.738842282451865510e-280
-1.835900884857323017e-280
-1.230641165654459498e-280
-8.249234428148689120e-281
-5.529627201635535910e-281
-3.706619960360339996e-281
-2.484621662465136548e-281
-1.665491707164814978e-281
-1.116412477818719630e-281
-7.483536635262233045e-282
-5.016364621858486985e-282
-3.362569764255427742e-282
-2.253997919173798362e-282
-1.510899988944849894e-282
-1.012786550144781867e-282
-6.788911269173419354e-283
-4.550743314483782989e-283
-3.050454468061216022e-283
-2.044780779460462576e-283
-1.370657546220758959e-283
-9.187792294818163027e-284
-6.158761354027844017e-284
-4.128341194354554639e-284
-2.767309859450633761e-284
-1.854983272381869458e-284
-1.243432472538384047e-284
-8.334977122340625810e-285
-5.587102248353494964e-285
-3.745146636322223746e-285
-2.510446865669789798e-285
-1.682802858565838118e-285
-1.128016489622655537e-285
-7.561320652528359074e-286
-5.068504807893155065e-286
-3.397520376158875765e-286
-2.277426014953891973e-286
-1.526604311186516680e-286
-1.023313472152774449e-286
-6.859475337623532879e-287
-4.598043824096243653e-287
-3.082160947842151013e-287
-2.066034268446612459e-287
-1.384904185936373253e-287
-9.283290376718402258e-288
-6.222775632684229226e-288
-4.171251248570441387e-288
-2.796073328967701764e-288
-1.874264002592695625e-288
-1.256356732500906117e-288
-8.421611027672118376e-289
-5.645174691763550130e-289
-3.784073759261824988e-289
-2.536540496510699129e-289
-1.700293942392353483e-289
-1.139741113738587050e-289
-7.639913158299779156e-290
-5.121186939979327953e-290
-3.432834265364136091e-290
-2.301097622791659855e-290
-1.542471864442240802e-290
-1.033949811181624793e-290
-6.930772850297441876e-291
-4.645835976074045646e-291
-3.114196985356054611e-291
-2.087508666587967148e-291
-1.399298905487074021e-291
-9.379781067436297153e-292
-6.287455276928260046e-292
-4.214607310677670459e-292
-2.825135766515662337e-292
-1.893745137067752656e-292
-1.269415327458908662e-292
-8.509145407406212274e-293
-5.703850741216610093e-293
-3.823405491432820160e-293
-2.562905345030222467e-293
-1.717966828865488605e-293
-1.151587603812841669e-293
-7.719322556019132775e-294
-5.174416651114810459e-294
-3.468515207782937669e-294
-2.325015273756162084e-294
-1.558504345337830701e-294
-1.044696704513622221e-294
-7.002811430628678381e-295
-4.694124880558024026e-295
-3.146566006032408284e-295
-2.109206270017869280e-295
-1.413843244017069290e-295
-9.477274684167212039e-296
-6.352807202583509081e-296
-4.258414016490931238e-296
-2.854500279573077575e-296
-1.913428758812214109e-296
-1.282609653692948677e-296
-8.597589621092323277e-297
-5.763136670605616840e-297
-3.863146038350125311e-297
-2.589544230269312580e-297
-1.735823407645488996e-297
-1.163557226522691196e-297
-7.799557336477200384e-298
-5.228199632845125071e-298
-3.504567018572336347e-298
-2.349181525224445247e-298
-1.574703468134559096e-298
-1.055555301252342639e-298
-7.075598781286493984e-299
-4.742915700801784248e-299
-3.179271470904680940e-299
-2.131129398736668766e-299
-1.428538756668938106e-299
-9.575781651340391695e-300
-6.418838397353868589e-300
-4.302676050009672050e-300
-2.884170007918991928e-300
-1.933316972482692608e-300
-1.295941121996110814e-300
-8.686953125559309609e-301
-5.823038819034489012e-301
-3.903299649242602177e-301
-2.616460000570957605e-301
-1.753865588033173108e-301
-1.175651261710747095e-301
-7.880626078718232791e-302
-5.282541635876185494e-302
-3.540993552545383950e-302
-2.373598961154177589e-302
-1.591070964911050287e-302
-1.066526762445168276e-302
-7.149142685005028282e-303
-4.792213653727489213e-303
-3.212316876979302893e-303
-2.153280396857876108e-303
-1.443387014749443994e-303
-9.675312501741133727e-304
-6.485555921575722139e-304
-4.347398143917450966e-304
-2.914148123966064514e-304
-1.953411904611648464e-304
-1.309411157825875877e-304
-8.777245475933411558e-305
-5.883563591493925164e-305
-3.943870617503908612e-305
-2.643655533883884982e-305
-1.772095299175458804e-305
-1.187871002522725557e-305
-7.962537450954525394e-306
-5.337448470684460859e-306
-3.577798704582141997e-306
-2.398270192361806290e-306
-1.607608585749721410e-306
-1.077612261207066651e-306
-7.223451005409067284e-307
-4.842024010482100944e-307
-3.245705757612106406e-307
-2.175661632860489148e-307
-1.458389605897050308e-307
-9.775877877628307450e-308
-6.552966908970743953e-308
-4.392585080091390400e-308
-2.944437833102055385e-308
-1.973715703834092729e-308
-1.323021201455363427e-308
-8.868476326657060760e-309
-5.944717459550873683e-309
-3.984863281154648022e-309
-2.671133738069374353e-309
-1.790514490270050921e-309
-1.200217755545326560e-309
-8.045300211499542039e-310
-5.392926008142392435e-310
-3.614986410044933102e-310
-2.423197856799576081e-310
-1.624318098923384023e-310
-1.088812982846866872e-310
-7.298531687860627292e-311
-4.892352096999277236e-311
-3.279441682883306386e-311
-2.198275499841627735e-311
-1.473548134253046144e-311
-9.877488531881820957e-312
-6.621078567407410486e-312
-4.438241690111429747e-312
-2.975042374032950554e-312
-1.994230541120269937e-312
-1.336772708128874200e-312
-8.960655432507934772e-313
-6.006506962025450534e-313
-4.026282023316611904e-313
-2.698897551207595128e-313
-1.809125130756507129e-313
-1.212692840960256570e-313
-8.128923209673439662e-314
-5.448980180203184455e-314
-3.652560645051363779e-314
-2.448384619748207094e-314
-1.641201290855400787e-314
-1.100130124845588211e-314
-7.374392762978635421e-315
-4.943203292706930192e-315
-3.313528258905880765e-315
-2.221124417609249052e-315
-1.488864220016642878e-315
-9.980155344085978578e-316
-6.689898150215369701e-316
-4.484372852420296951e-316
-3.005965003147643006e-316
-2.014958595252305952e-316
-1.350667176540399651e-316
-9.053792485292510222e-317
-6.068938857785099096e-317
-4.068131093134719791e-317
-2.726949878181342906e-317
-1.827929254514068727e-317
-1.225297623655666667e-317
-8.213416465655300325e-318
-5.505615583775472453e-318
-3.690527095396817724e-318
-2.473836095291705571e-318
-1.658262171075726251e-318
-1.111563711983011712e-318
-7.451053411496423257e-319
-4.994608426938329564e-319
-3.347986442478623082e-319
-2.244194383104694178e-319
-1.504331078457427478e-319
-1.008387983161984197e-319
-6.759312100754093971e-320
-4.531076038010072057e-320
-3.037021524986142507e-320
-2.036044526511777009e-320
-1.364609313813522955e-320
-9.150095760979885998e-321
-6.131354664889869613e-321
-4.110626173399171248e-321
-2.756886303794155717e-321
-1.847805515446262075e-321
-1.235164114603116360e-321
-8.300302850132941942e-322
-5.533535233421961295e-322
-3.754898908393473736e-322
-2.470328229206232721e-322
-1.679823195860238250e-322
-1.136350985434867052e-322
-7.410984687618698163e-323
-4.940656458412465442e-323
-3.458459520888725809e-323
-1.976262583364986177e-323
-1.482196937523739633e-323
-9.881312916824930884e-324
-4.940656458412465442e-324
-4.940656458412465442e-324
-4.940656458412465442e-324
0.000000000000000000e+00
0.000000000000000000e+00
0.000000000000000000e+00
0.000000000000000000e+00
0.000000000000000000e+00
0.000000000000000000e+00
0.000000000000000000e+00
0.000000000000000000e+00
0.000000000000000000e+00
0.000000000000000000e+00
0.000000000000000000e+00
0.000000000000000000e+00
0.000000000000000000e+00
0.000000000000000000e+00
0.000000000000000000e+00
0.000000000000000000e+00
0.000000000000000000e+00
0.000000000000000000e+00
0.000000000000000000e+00
0.000000000000000000e+00
0.000000000000000000e+00
0.000000000000000000e+00
0.000000000000000000e+00
0.000000000000000000e+00
0.000000000000000000e+00
0.000000000000000000e+00
0.000000000000000000e+00
0.000000000000000000e+00
0.000000000000000000e+00
0.000000000000000000e+00
0.000000000000000000e+00
0.000000000000000000e+00
0.000000000000000000e+00
0.000000000000000000e+00
0.000000000000000000e+00
0.000000000000000000e+00
0.000000000000000000e+00
0.000000000000000000e+00
0.000000000000000000e+00
0.000000000000000000e+00
0.000000000000000000e+00
0.000000000000000000e+00
0.000000000000000000e+00
0.000000000000000000e+00
0.000000000000000000e+00
0.000000000000000000e+00
0.000000000000000000e+00
0.000000000000000000e+00
0.000000000000000000e+00
0.000000000000000000e+00
0.000000000000000000e+00
0.000000000000000000e+00
0.000000000000000000e+00
0.000000000000000000e+00
0.000000000000000000e+00
0.000000000000000000e+00
0.000000000000000000e+00
0.000000000000000000e+00
0.000000000000000000e+00
0.000000000000000000e+00
0.000000000000000000e+00
0.000000000000000000e+00
0.000000000000000000e+00
0.000000000000000000e+00
0.000000000000000000e+00
0.000000000000000000e+00
0.000000000000000000e+00
0.000000000000000000e+00
0.000000000000000000e+00
0.000000000000000000e+00
0.000000000000000000e+00
0.000000000000000000e+00
0.000000000000000000e+00
0.000000000000000000e+00
0.000000000000000000e+00
0.000000000000000000e+00
0.000000000000000000e+00
0.000000000000000000e+00
0.000000000000000000e+00
0.000000000000000000e+00
0.000000000000000000e+00
0.000000000000000000e+00
0.000000000000000000e+00
0.000000000000000000e+00
0.000000000000000000e+00
0.000000000000000000e+00
0.000000000000000000e+00
0.000000000000000000e+00
0.000000000000000000e+00
0.000000000000000000e+00
0.000000000000000000e+00
0.000000000000000000e+00
0.000000000000000000e+00
0.000000000000000000e+00
0.000000000000000000e+00
0.000000000000000000e+00
0.000000000000000000e+00
0.000000000000000000e+00
0.000000000000000000e+00
0.000000000000000000e+00
0.000000000000000000e+00
0.000000000000000000e+00
0.000000000000000000e+00
0.000000000000000000e+00
0.000000000000000000e+00
0.000000000000000000e+00
0.000000000000000000e+00
0.000000000000000000e+00
0.000000000000000000e+00
0.000000000000000000e+00
0.000000000000000000e+00
0.000000000000000000e+00
0.000000000000000000e+00
0.000000000000000000e+00
0.000000000000000000e+00
0.000000000000000000e+00
0.000000000000000000e+00
0.000000000000000000e+00
0.000000000000000000e+00
0.000000000000000000e+00
0.000000000000000000e+00
0.000000000000000000e+00
0.000000000000000000e+00
0.000000000000000000e+00
0.000000000000000000e+00
0.000000000000000000e+00
0.000000000000000000e+00
0.000000000000000000e+00
0.000000000000000000e+00
0.000000000000000000e+00
0.000000000000000000e+00
0.000000000000000000e+00
0.000000000000000000e+00
0.000000000000000000e+00
0.000000000000000000e+00
0.000000000000000000e+00
0.000000000000000000e+00
0.000000000000000000e+00
0.000000000000000000e+00
0.000000000000000000e+00
0.000000000000000000e+00
0.000000000000000000e+00
0.000000000000000000e+00
0.000000000000000000e+00
0.000000000000000000e+00
0.000000000000000000e+00
0.000000000000000000e+00
0.000000000000000000e+00
0.000000000000000000e+00
0.000000000000000000e+00
0.000000000000000000e+00
0.000000000000000000e+00
0.000000000000000000e+00
0.000000000000000000e+00
0.000000000000000000e+00
0.000000000000000000e+00
0.000000000000000000e+00
0.000000000000000000e+00
0.000000000000000000e+00
0.000000000000000000e+00
0.000000000000000000e+00
0.000000000000000000e+00
0.000000000000000000e+00
0.000000000000000000e+00
0.000000000000000000e+00
0.000000000000000000e+00
0.000000000000000000e+00
0.000000000000000000e+00
0.000000000000000000e+00
0.000000000000000000e+00
0.000000000000000000e+00
0.000000000000000000e+00
0.000000000000000000e+00
0.000000000000000000e+00
0.000000000000000000e+00
0.000000000000000000e+00
0.000000000000000000e+00
0.000000000000000000e+00
0.000000000000000000e+00
0.000000000000000000e+00
0.000000000000000000e+00
0.000000000000000000e+00
0.000000000000000000e+00
0.000000000000000000e+00
0.000000000000000000e+00
0.000000000000000000e+00
0.000000000000000000e+00
0.000000000000000000e+00
0.000000000000000000e+00
0.000000000000000000e+00
0.000000000000000000e+00
0.000000000000000000e+00
0.000000000000000000e+00
0.000000000000000000e+00
0.000000000000000000e+00
0.000000000000000000e+00
0.000000000000000000e+00
0.000000000000000000e+00
0.000000000000000000e+00
0.000000000000000000e+00
0.000000000000000000e+00
0.000000000000000000e+00
0.000000000000000000e+00
0.000000000000000000e+00
0.000000000000000000e+00
0.000000000000000000e+00
0.000000000000000000e+00
0.000000000000000000e+00
0.000000000000000000e+00
0.000000000000000000e+00
0.000000000000000000e+00
0.000000000000000000e+00
0.000000000000000000e+00
0.000000000000000000e+00
0.000000000000000000e+00
0.000000000000000000e+00
0.000000000000000000e+00
0.000000000000000000e+00
0.000000000000000000e+00
0.000000000000000000e+00
0.000000000000000000e+00
0.000000000000000000e+00
0.000000000000000000e+00
0.000000000000000000e+00
0.000000000000000000e+00
0.000000000000000000e+00
0.000000000000000000e+00
0.000000000000000000e+00
0.000000000000000000e+00
0.000000000000000000e+00
0.000000000000000000e+00
0.000000000000000000e+00
0.000000000000000000e+00
0.000000000000000000e+00
0.000000000000000000e+00
0.000000000000000000e+00
0.000000000000000000e+00
0.000000000000000000e+00
0.000000000000000000e+00
0.000000000000000000e+00
0.000000000000000000e+00
0.000000000000000000e+00
0.000000000000000000e+00
0.000000000000000000e+00
0.000000000000000000e+00
0.000000000000000000e+00
0.000000000000000000e+00
0.000000000000000000e+00
0.000000000000000000e+00
0.000000000000000000e+00
0.000000000000000000e+00
0.000000000000000000e+00
0.000000000000000000e+00
0.000000000000000000e+00
0.000000000000000000e+00
0.000000000000000000e+00
0.000000000000000000e+00
0.000000000000000000e+00
0.000000000000000000e+00
0.000000000000000000e+00
0.000000000000000000e+00
0.000000000000000000e+00
0.000000000000000000e+00
0.000000000000000000e+00
0.000000000000000000e+00
0.000000000000000000e+00
0.000000000000000000e+00
0.000000000000000000e+00
0.000000000000000000e+00
0.000000000000000000e+00
0.000000000000000000e+00
0.000000000000000000e+00
0.000000000000000000e+00
0.000000000000000000e+00
0.000000000000000000e+00
0.000000000000000000e+00
0.000000000000000000e+00
0.000000000000000000e+00
0.000000000000000000e+00
0.000000000000000000e+00
0.000000000000000000e+00
0.000000000000000000e+00
0.000000000000000000e+00
0.000000000000000000e+00
0.000000000000000000e+00
0.000000000000000000e+00
0.000000000000000000e+00
0.000000000000000000e+00
0.000000000000000000e+00
0.000000000000000000e+00
0.000000000000000000e+00
0.000000000000000000e+00
0.000000000000000000e+00
0.000000000000000000e+00
0.000000000000000000e+00
0.000000000000000000e+00
0.000000000000000000e+00
0.000000000000000000e+00
0.000000000000000000e+00
0.000000000000000000e+00
0.000000000000000000e+00
0.000000000000000000e+00
0.000000000000000000e+00
0.000000000000000000e+00
0.000000000000000000e+00
0.000000000000000000e+00
0.000000000000000000e+00
0.000000000000000000e+00
0.000000000000000000e+00
0.000000000000000000e+00
0.000000000000000000e+00
0.000000000000000000e+00
0.000000000000000000e+00
0.000000000000000000e+00
0.000000000000000000e+00
0.000000000000000000e+00
0.000000000000000000e+00
0.000000000000000000e+00
0.000000000000000000e+00
0.000000000000000000e+00
0.000000000000000000e+00
0.000000000000000000e+00
0.000000000000000000e+00
0.000000000000000000e+00
0.000000000000000000e+00
0.000000000000000000e+00
0.000000000000000000e+00
0.000000000000000000e+00
0.000000000000000000e+00
0.000000000000000000e+00
0.000000000000000000e+00
0.000000000000000000e+00
0.000000000000000000e+00
0.000000000000000000e+00
0.000000000000000000e+00
0.000000000000000000e+00
0.000000000000000000e+00
0.000000000000000000e+00
0.000000000000000000e+00
0.000000000000000000e+00
0.000000000000000000e+00
0.000000000000000000e+00
0.000000000000000000e+00
0.000000000000000000e+00
0.000000000000000000e+00
0.000000000000000000e+00
0.000000000000000000e+00
0.000000000000000000e+00
0.000000000000000000e+00
0.000000000000000000e+00
0.000000000000000000e+00
0.000000000000000000e+00
0.000000000000000000e+00
0.000000000000000000e+00
0.000000000000000000e+00
0.000000000000000000e+00
0.000000000000000000e+00
0.000000000000000000e+00
0.000000000000000000e+00
0.000000000000000000e+00
0.000000000000000000e+00
0.000000000000000000e+00
0.000000000000000000e+00
0.000000000000000000e+00
0.000000000000000000e+00
0.000000000000000000e+00
0.000000000000000000e+00
0.000000000000000000e+00
0.000000000000000000e+00
0.000000000000000000e+00
0.000000000000000000e+00
0.000000000000000000e+00
0.000000000000000000e+00
0.000000000000000000e+00
0.000000000000000000e+00
0.000000000000000000e+00
0.000000000000000000e+00
0.000000000000000000e+00
0.000000000000000000e+00
0.000000000000000000e+00
0.000000000000000000e+00
0.000000000000000000e+00
0.000000000000000000e+00
0.000000000000000000e+00
0.000000000000000000e+00
0.000000000000000000e+00
0.000000000000000000e+00
0.000000000000000000e+00
0.000000000000000000e+00
0.000000000000000000e+00
0.000000000000000000e+00
0.000000000000000000e+00
0.000000000000000000e+00
0.000000000000000000e+00
0.000000000000000000e+00
0.000000000000000000e+00
0.000000000000000000e+00
0.000000000000000000e+00
0.000000000000000000e+00
0.000000000000000000e+00
0.000000000000000000e+00
0.000000000000000000e+00
0.000000000000000000e+00
0.000000000000000000e+00
0.000000000000000000e+00
0.000000000000000000e+00
0.000000000000000000e+00
0.000000000000000000e+00
0.000000000000000000e+00
0.000000000000000000e+00
0.000000000000000000e+00
0.000000000000000000e+00
0.000000000000000000e+00
0.000000000000000000e+00
0.000000000000000000e+00
0.000000000000000000e+00
0.000000000000000000e+00
0.000000000000000000e+00
0.000000000000000000e+00
0.000000000000000000e+00
0.000000000000000000e+00
0.000000000000000000e+00
0.000000000000000000e+00
0.000000000000000000e+00
0.000000000000000000e+00
0.000000000000000000e+00
0.000000000000000000e+00
0.000000000000000000e+00
0.000000000000000000e+00
0.000000000000000000e+00
0.000000000000000000e+00
0.000000000000000000e+00
0.000000000000000000e+00
0.000000000000000000e+00
0.000000000000000000e+00
0.000000000000000000e+00
0.000000000000000000e+00
0.000000000000000000e+00
0.000000000000000000e+00
0.000000000000000000e+00
0.000000000000000000e+00
0.000000000000000000e+00
0.000000000000000000e+00
0.000000000000000000e+00
0.000000000000000000e+00
0.000000000000000000e+00
0.000000000000000000e+00
0.000000000000000000e+00
0.000000000000000000e+00
0.000000000000000000e+00
0.000000000000000000e+00
0.000000000000000000e+00
0.000000000000000000e+00
0.000000000000000000e+00
0.000000000000000000e+00
0.000000000000000000e+00
0.000000000000000000e+00
0.000000000000000000e+00
0.000000000000000000e+00
0.000000000000000000e+00
0.000000000000000000e+00
0.000000000000000000e+00
0.000000000000000000e+00
0.000000000000000000e+00
0.000000000000000000e+00
0.000000000000000000e+00
0.000000000000000000e+00
0.000000000000000000e+00
0.000000000000000000e+00
0.000000000000000000e+00
0.000000000000000000e+00
0.000000000000000000e+00
0.000000000000000000e+00
0.000000000000000000e+00
0.000000000000000000e+00
0.000000000000000000e+00
0.000000000000000000e+00
0.000000000000000000e+00
0.000000000000000000e+00
0.000000000000000000e+00
0.000000000000000000e+00
0.000000000000000000e+00
0.000000000000000000e+00
0.000000000000000000e+00
0.000000000000000000e+00
0.000000000000000000e+00
0.000000000000000000e+00
0.000000000000000000e+00
0.000000000000000000e+00
0.000000000000000000e+00
0.000000000000000000e+00
0.000000000000000000e+00
0.000000000000000000e+00
0.000000000000000000e+00
0.000000000000000000e+00
0.000000000000000000e+00
0.000000000000000000e+00
0.000000000000000000e+00
0.000000000000000000e+00
0.000000000000000000e+00
0.000000000000000000e+00
0.000000000000000000e+00
0.000000000000000000e+00
0.000000000000000000e+00
0.000000000000000000e+00
0.000000000000000000e+00
0.000000000000000000e+00
0.000000000000000000e+00
0.000000000000000000e+00
0.000000000000000000e+00
0.000000000000000000e+00
0.000000000000000000e+00
0.000000000000000000e+00
0.000000000000000000e+00
0.000000000000000000e+00
0.000000000000000000e+00
0.000000000000000000e+00
0.000000000000000000e+00
0.000000000000000000e+00
0.000000000000000000e+00
0.000000000000000000e+00
0.000000000000000000e+00
0.000000000000000000e+00
0.000000000000000000e+00
0.000000000000000000e+00
0.000000000000000000e+00
0.000000000000000000e+00
0.000000000000000000e+00
0.000000000000000000e+00
0.000000000000000000e+00
0.000000000000000000e+00
0.000000000000000000e+00
0.000000000000000000e+00
0.000000000000000000e+00
0.000000000000000000e+00
0.000000000000000000e+00
0.000000000000000000e+00
0.000000000000000000e+00
0.000000000000000000e+00
0.000000000000000000e+00
0.000000000000000000e+00
0.000000000000000000e+00
0.000000000000000000e+00
0.000000000000000000e+00
0.000000000000000000e+00
0.000000000000000000e+00
0.000000000000000000e+00
0.000000000000000000e+00
0.000000000000000000e+00
0.000000000000000000e+00
0.000000000000000000e+00
0.000000000000000000e+00
0.000000000000000000e+00
0.000000000000000000e+00
0.000000000000000000e+00
0.000000000000000000e+00
0.000000000000000000e+00
0.000000000000000000e+00
0.000000000000000000e+00
0.000000000000000000e+00
0.000000000000000000e+00
0.000000000000000000e+00
0.000000000000000000e+00
0.000000000000000000e+00
0.000000000000000000e+00
0.000000000000000000e+00
0.000000000000000000e+00
0.000000000000000000e+00
0.000000000000000000e+00
0.000000000000000000e+00
0.000000000000000000e+00
0.000000000000000000e+00
0.000000000000000000e+00
0.000000000000000000e+00
0.000000000000000000e+00
0.000000000000000000e+00
0.000000000000000000e+00
0.000000000000000000e+00
0.000000000000000000e+00
0.000000000000000000e+00
0.000000000000000000e+00
0.000000000000000000e+00
0.000000000000000000e+00
0.000000000000000000e+00
0.000000000000000000e+00
0.000000000000000000e+00
0.000000000000000000e+00
0.000000000000000000e+00
0.000000000000000000e+00
0.000000000000000000e+00
0.000000000000000000e+00
0.000000000000000000e+00
0.000000000000000000e+00
0.000000000000000000e+00
0.000000000000000000e+00
0.000000000000000000e+00
0.000000000000000000e+00
0.000000000000000000e+00
0.000000000000000000e+00
0.000000000000000000e+00
0.000000000000000000e+00
0.000000000000000000e+00
0.000000000000000000e+00
0.000000000000000000e+00
0.000000000000000000e+00
0.000000000000000000e+00
0.000000000000000000e+00
0.000000000000000000e+00
0.000000000000000000e+00
0.000000000000000000e+00
0.000000000000000000e+00
0.000000000000000000e+00
0.000000000000000000e+00
0.000000000000000000e+00
0.000000000000000000e+00
0.000000000000000000e+00
0.000000000000000000e+00
0.000000000000000000e+00
0.000000000000000000e+00
0.000000000000000000e+00
0.000000000000000000e+00
0.000000000000000000e+00
0.000000000000000000e+00
0.000000000000000000e+00
0.000000000000000000e+00
0.000000000000000000e+00
0.000000000000000000e+00
0.000000000000000000e+00
0.000000000000000000e+00
0.000000000000000000e+00
0.000000000000000000e+00
0.000000000000000000e+00
0.000000000000000000e+00
0.000000000000000000e+00
0.000000000000000000e+00
0.000000000000000000e+00
0.000000000000000000e+00
0.000000000000000000e+00
0.000000000000000000e+00
