-1.500000000000000000e+00
-9.097959895689501364e-01
-5.518191617571635010e-01
-3.346952402226447409e-01
-2.030029248549190535e-01
-1.231274979358482069e-01
-7.468060255179591322e-02
-4.529607513347774783e-02
-2.747345833310126800e-02
-1.666349480736345826e-02
-1.010692049862819963e-02
-6.130157157696099895e-03
-3.718128264999537736e-03
-2.255158789466358768e-03
-1.367822948331774311e-03
-8.296265552217504946e-04
-5.031939418537678069e-04
-3.052025535159662664e-04
-1.851147061300193418e-04
-1.122777448315508971e-04
-6.809989464372727787e-05
-4.130467402462074055e-05
-2.505255118536848889e-05
-1.519514039794606582e-05
-9.216318529992314286e-06
-5.589979758118006407e-06
-3.390494110471581359e-06
-2.056438629576126571e-06
-1.247293078655351922e-06
-7.565214938518320408e-07
-4.588534807527386788e-07
-2.783087043923967668e-07
-1.688027620788886681e-07
-1.023840506450230487e-07
-6.209906578177750578e-08
-3.766498733615972836e-08
-2.284496961706894538e-08
-1.385617449295589154e-08
-8.404194656305902566e-09
-5.097401729242606392e-09
-3.091730433657836598e-09
-1.875229299580113743e-09
-1.137384064186785989e-09
-6.898583067978475222e-10
-4.184202139303386958e-10
-2.537846883922695644e-10
-1.539281944755283592e-10
-9.336216934361673914e-11
-5.662701816418646589e-11
-3.434602268468329475e-11
-2.083191579744602973e-11
-1.263519563170297006e-11
-7.663633542094988458e-12
-4.648228708082738742e-12
-2.819293224808624858e-12
-1.709987779566532961e-12
-1.037160016041030554e-12
-6.290693487569317090e-13
-3.815498471065384127e-13
-2.314216804787831729e-13
-1.403643445326026286e-13
-8.513527848949083789e-14
-5.163715662704965126e-14
-3.131951867468900105e-14
-1.899624832364126331e-14
-1.152180702780314298e-14
-6.988329217655096606e-15
-4.238635930673416364e-15
-2.570862647313019500e-15
-1.559307017505332931e-15
-9.457675140220483833e-16
-5.736369942145703809e-16
-3.479284245365354451e-16
-2.110292568669220004e-16
-1.279957143861609932e-16
-7.763332508702803156e-17
-4.708699188072044085e-17
-2.855970424929678339e-17
-1.732233625952367918e-17
-1.050652803925296725e-17
-6.372531382937383306e-18
-3.865135663732471950e-18
-2.344323284002483191e-18
-1.421903948025713495e-18
-8.624283396440339845e-19
-5.230892297991669312e-19
-3.172696556386620456e-19
-1.924337735413177336e-19
-1.167169836170069492e-19
-7.079242907289184707e-20
-4.293777870824090787e-20
-2.604307924650442058e-20
-1.579592603633071611e-20
-9.580713439587633683e-21
-5.810996443030780174e-21
-3.524547506179226023e-21
-2.137746124111402826e-21
-1.296608566955414300e-21
-7.864328495045196317e-22
-4.769956350296624092e-22
-2.893124771945876613e-22
-1.754768876559294663e-22
-1.064321124342705608e-22
-6.455433936936730330e-23
-3.915418604501556823e-23
-2.374821429239448165e-23
-1.440402008176301407e-23
-8.736479802705740898e-24
-5.298942858301210666e-24
-3.213971307624980491e-24
-1.949372137511254679e-24
-1.182353968590127634e-24
-7.171339325828203232e-25
-4.349637172317731713e-25
-2.638188303636467526e-25
-1.600142092250780122e-25
-9.705352388468189816e-26
-5.886593786921193965e-26
-3.570399613041601146e-26
-2.165556832735853289e-26
-1.313476614404478149e-26
-7.966638374518643532e-27
-4.832010428988773896e-27
-2.930762473232885982e-27
-1.777597296350971461e-27
-1.078167260859148421e-27
-6.539415000094621281e-28
-3.966355694142081461e-28
-2.405716335822956890e-28
-1.459140716248157151e-28
-8.850135812395591371e-29
-5.367878712838700868e-29
-3.255783016955459059e-29
-1.974732221155182555e-29
-1.197735636853046873e-29
-7.264633859818096623e-30
-4.406223167566204211e-30
-2.672509444665019329e-30
-1.620958916560917820e-30
-9.831612810287689216e-31
-5.963174603862969824e-31
-3.616848226462628784e-31
-2.193729340876846270e-31
-1.330564104352994286e-31
-8.070279240031707914e-32
-4.894871791521601313e-32
-2.968889816920356481e-32
-1.800722699270823467e-32
-1.092193526748246519e-32
-6.624488603124817020e-33
-4.017955442712117071e-33
-2.437013165364146104e-33
-1.478123202916688706e-33
-8.965270414016098606e-34
-5.437711378715339363e-34
-3.298138669859107923e-34
-2.000422223253392051e-34
-1.213317410773692810e-34
-7.359142095973921773e-35
-4.463545310390073450e-35
-2.707277081768123082e-35
-1.642046554429712343e-35
-9.959515799371102887e-36
-6.040751688210949563e-36
-3.663901106610791393e-36
-2.222268355314490945e-36
-1.347873891607407149e-36
-8.175268406860752373e-37
-4.958550940141101088e-37
-3.007513172942480898e-37
-1.824148948879238363e-37
-1.106402265377831433e-37
-6.710668959271680566e-38
-4.070226470980143308e-38
-2.468717146623410681e-38
-1.497352639585387265e-38
-9.081902843101778629e-39
-5.508452522872563357e-39
-3.341045342693615971e-39
-2.026446435833780051e-39
-1.229101893598577203e-39
-7.454879823783919541e-40
-4.521613177598062065e-40
-2.742497023573889085e-40
-1.663408528968204591e-40
-1.008908272446706276e-40
-6.119338000766340504e-41
-3.711566114609395538e-41
-2.251178644061092204e-41
-1.365408868113365930e-41
-8.281623415542798675e-42
-5.023058513720766372e-42
-3.046638994102216077e-42
-1.847879958999051075e-42
-1.120795850601448601e-42
-6.797970466684786906e-43
-4.123177511865322121e-43
-2.500833576383968431e-43
-1.516832238915672943e-43
-9.200052585429138204e-44
-5.580113964031254429e-44
-3.384510203875554003e-44
-2.052809206760779371e-44
-1.245091722440783381e-44
-7.551863038147473787e-45
-4.580436470587038698e-45
-2.778175154276963307e-45
-1.685048409120853665e-45
-1.022033523231794714e-45
-6.198946670942075595e-46
-3.759851213849929455e-46
-2.280465037157743545e-46
-1.383171963438881445e-46
-8.389362034806031002e-47
-5.088405289539022210e-47
-3.086273817149357066e-47
-1.871919694369426948e-47
-1.135376687154959576e-47
-6.886407710824419330e-48
-4.176817411896500151e-48
-2.533367820336798647e-48
-1.536565255363634618e-48
-9.319739380272163476e-49
-5.652707674666285437e-49
-3.428540515078007360e-49
-2.079514940461755805e-49
-1.261289568720546345e-49
-7.650107942047358521e-50
-4.640025016962841768e-50
-2.814317434621595151e-50
-1.706969810261802356e-50
-1.035329525127639592e-50
-6.279590998956347442e-51
-3.808764471322508218e-51
-2.310132427481280304e-51
-1.401166145263768322e-51
-8.498502264538408828e-52
-5.154602185079790380e-52
-3.126424263872626899e-52
-1.896272171308248825e-52
-1.150147211058300053e-52
-6.975995466898360481e-53
-4.231155132690202575e-53
-2.566325313977083814e-53
-1.556554985723751835e-53
-9.440983223700158358e-54
-5.726245783006762133e-54
-3.473143632443776631e-54
-2.106568098662855661e-54
-1.277698138611569907e-54
-7.749630949256791537e-55
-4.700388772182163423e-55
-2.850929902897502553e-55
-1.729176394798896273e-55
-1.048798499496887572e-55
-6.361284458054672163e-56
-3.858314058963621991e-56
-2.340185771561734257e-56
-1.419394419875456762e-56
-8.609062338794913821e-57
-5.221660259856465698e-57
-3.167097042205983082e-57
-1.920941458383124817e-57
-1.165109890022465023e-57
-7.066748702330395105e-58
-4.286199752447850676e-58
-2.599711563512320361e-58
-1.576804769679689613e-58
-9.563804371918491170e-59
-5.800740575062290061e-59
-3.518327007814371245e-59
-2.133973201134426228e-59
-1.294320173493143726e-59
-7.850448687081665978e-60
-4.761537821215820365e-60
-2.888018675948686577e-60
-1.751671872785562954e-60
-1.062442696600691653e-60
-6.444040696760866787e-61
-3.908508255021426301e-61
-2.370630090410419370e-61
-1.437859832671251444e-61
-8.721060728843907875e-62
-5.289590717259635549e-62
-3.208298947349308985e-62
-1.945931677091123193e-62
-1.180267223861790315e-62
-7.158682579260899992e-63
-4.341960467472450438e-63
-2.633532146782239764e-63
-1.597317990362259413e-63
-9.688223344652790856e-64
-5.876204496675592506e-64
-3.564098189974990670e-64
-2.161734826446133780e-64
-1.311158450408148586e-64
-7.952577999138485039e-65
-4.823482380233639712e-65
-2.925589950195372933e-65
-1.774460002540649881e-65
-1.076264395974661676e-65
-6.527873541157303878e-66
-3.959355445438783769e-66
-2.401470470358793588e-66
-1.456565468667126922e-66
-8.834516146253135101e-67
-5.358404906428826431e-67
-3.250036862903687634e-67
-1.971247002547351361e-67
-1.195621744911596214e-67
-7.251812457080003066e-68
-4.398446593705028524e-68
-2.667792714190695976e-68
-1.618098074914639558e-68
-9.814260928577185452e-69
-5.952650155601841907e-69
-3.610464825915695534e-69
-2.189857612731904998e-69
-1.328215782527014946e-69
-8.056035948168419783e-70
-4.886232798311282019e-70
-2.963650002669248892e-70
-1.797544591276327330e-70
-1.090265906809706826e-70
-6.612796997194839541e-71
-4.010864125254307358e-71
-2.432712063908229480e-71
-1.475514453013140506e-71
-8.949447546015855050e-72
-5.428114324148605150e-72
-3.292317762021448480e-72
-1.996891664182489998e-72
-1.211176018451264102e-72
-7.346153894993658637e-73
-4.455667568281035834e-73
-2.702498989649681558e-73
-1.639148495064946676e-73
-9.941938180787123815e-74
-6.030090323615032456e-74
-3.657434662108993108e-74
-2.218346258464819790e-74
-1.345495019617719425e-74
-8.160839818887979536e-75
-4.949799559159254101e-75
-3.002205192062164215e-75
-1.820929495734158020e-75
-1.104449568337831720e-75
-6.698825253032782548e-76
-4.063042900021622486e-76
-2.464360090590845848e-76
-1.494709951515550857e-76
-9.065874129717653361e-77
-5.498730616769344181e-77
-3.335148708571166043e-77
-2.022869946449406832e-77
-1.226932643132818102e-77
-7.441722654623133928e-78
-4.513632951107018420e-78
-2.737656771535620242e-78
-1.660472767706258082e-78
-1.007127643231739095e-78
-6.108537938641763143e-79
-3.705015545804038978e-79
-2.247205523242086390e-79
-1.362999048521896124e-79
-8.267007120876773763e-80
-5.014193282874427021e-80
-3.041261959788481206e-80
-1.844618622829443959e-80
-1.118817750222952198e-80
-6.785972681409314518e-81
-4.115900487247099673e-81
-2.496419837841532499e-81
-1.514155171165730056e-81
-9.183815348744456143e-82
-5.570265582152984025e-82
-3.378536858317825695e-82
-2.049186189538958579e-82
-1.242894251415081987e-82
-7.538534702638293348e-83
-4.572352426457785060e-83
-2.773271933658100646e-83
-1.682074455484178340e-83
-1.020229729170587375e-83
-6.188006106922777011e-84
-3.753215426337676488e-84
-2.276440228580223415e-84
-1.380730793637141036e-84
-8.374555591502829975e-85
-5.079424727714333983e-85
-3.080826831061238503e-85
-1.868615930303954923e-85
-1.133372852956794205e-85
-6.874253842042738602e-86
-4.169445717846286519e-86
-2.528896661881322691e-86
-1.533853360675955106e-86
-9.303290907532269007e-87
-5.642731171644091146e-87
-3.422489460118331629e-87
-2.075844790105106565e-87
-1.259063510003483337e-87
-7.636606213425165510e-88
-4.631835804594360151e-88
-2.809350426241214127e-88
-1.703957167392051463e-88
-1.033502264860371172e-88
-6.268508105202616093e-89
-3.802042356462532321e-89
-2.306055258720595122e-89
-1.398693217405590146e-89
-8.483503198885985446e-90
-5.145504791894552024e-90
-3.120906415982319426e-90
-1.892925427387146454e-90
-1.148117308259944496e-90
-6.963683484063970262e-91
-4.223687537619290123e-91
-2.561795988612256050e-91
-1.553807811022169683e-91
-9.424320766859193631e-92
-5.716139492066577537e-92
-3.467013857132578691e-92
-2.102850201999464807e-92
-1.275443120295580033e-92
-7.735953571788178068e-93
-4.692093023402985720e-93
-2.845898276917657927e-93
-1.726124559373913647e-93
-1.046947467743238586e-93
-6.350057382947774714e-94
-3.851504493692392990e-94
-2.336055561445419200e-94
-1.416889320808856304e-94
-8.593868144899806536e-95
-5.212444515409465167e-95
-3.161507410646800901e-95
-1.917551175465983377e-95
-1.163053579488118738e-95
-7.054276548480683856e-96
-4.278635008745347034e-96
-2.595123314523884998e-96
-1.574021855993807468e-96
-9.546925147180279460e-97
-5.790502807746383968e-97
-3.512117488050270646e-97
-2.130206937015407792e-97
-1.292035818832383232e-97
-7.836593375687579409e-98
-4.753134150055440557e-98
-2.882921591735773701e-98
-1.748580334935293735e-98
-1.060567584108841424e-98
-6.432667564593694334e-99
-3.901610101665072078e-99
-2.366446148904391137e-99
-1.435322143869401143e-99
-8.705668868212591421e-100
-5.280255081876717979e-100
-3.202636598261670565e-100
-1.942497288763475306e-100
-1.178184162043712573e-100
-7.146048170673491626e-101
-4.334297311296850262e-101
-2.628884207611571353e-101
-1.594498872750770272e-101
-9.671124532005749191e-102
-5.865833542560481122e-102
-3.557807888333701703e-102
-2.157919565641851730e-102
-1.308844377755551592e-102
-7.938542439012458047e-103
-4.814969382690963962e-103
-2.920426556179681913e-103
-1.771328245761956473e-103
-1.074364889469621182e-103
-6.516352451820998943e-104
-3.952367551523026584e-104
-2.397232098452067132e-104
-1.453994766158432699e-104
-8.818924047367903777e-105
-5.348947820405661953e-105
-3.244300850279098895e-105
-1.967767935026039360e-105
-1.193511583792709968e-105
-7.239013682924622654e-106
-4.390683744773052079e-106
-2.663084308306735197e-106
-1.615242282387645957e-106
-9.796939671323186588e-107
-5.942144282012523343e-107
-3.604092691476707764e-107
-2.185992717826848085e-107
-1.325871605270530772e-107
-8.041817794389832594e-108
-4.877609052120060098e-108
-2.958419436202692577e-108
-1.794372092346696306e-108
-1.088341688940980116e-108
-6.601126025861343039e-109
-4.003785323311914352e-109
-2.428418553496134843e-109
-1.472910307310409636e-109
-8.933652603905203373e-110
-5.418534207490108788e-110
-3.286507127544447053e-110
-1.993367336219805459e-110
-1.209038405487013249e-110
-7.333188616979485525e-111
-4.447803729653741058e-111
-2.697729330419195397e-111
-1.636255550505275255e-111
-9.924391585064227915e-112
-6.019447775335513925e-112
-3.650979630279992886e-112
-2.214431083751110809e-112
-1.343120346115722814e-112
-8.146436696030298297e-113
-4.941063623550462947e-113
-2.996906579274157549e-113
-1.817715724624286001e-113
-1.102500317626395775e-113
-6.687002449833258335e-114
-4.055872007397361625e-114
-2.460010724356724674e-114
-1.492071927544237456e-114
-9.049873705521069824e-115
-5.489025868925708794e-115
-3.329262481459220696e-115
-2.019299769235980289e-115
-1.224767221192267599e-115
-7.428588706641548699e-116
-4.505666808973116339e-116
-2.732825062091780553e-116
-1.657542187789745755e-116
-1.005350156661636442e-116
-6.097756937621815901e-117
-3.698476538143047495e-117
-2.243239414611599164e-117
-1.360593482037754972e-117
-8.252416622610686085e-118
-5.005343698335561099e-118
-3.035894415439940445e-118
-1.841363042614686551e-118
-1.116843141007547792e-118
-6.773996071108376560e-119
-4.108636305900150137e-119
-2.492013889136895688e-119
-1.511482828191246537e-119
-9.167606769271536871e-120
-5.560434581752269467e-120
-3.372574055159144727e-120
-2.045569566605387402e-120
-1.240700658721251224e-120
-7.525229890400994845e-121
-4.564282649914142574e-121
-2.768377366767351834e-121
-1.679105750598924845e-121
-1.018429118638042457e-121
-6.177084851980877111e-122
-3.746591350372875775e-122
-2.272422523415306365e-122
-1.378293932272932938e-122
-8.359775280194217166e-123
-5.070460015745564147e-123
-3.075389458396686585e-123
-1.865317997074620513e-123
-1.131372555339517609e-123
-6.862121423708454962e-124
-4.162087034150084028e-124
-2.524433394604448861e-124
-1.531146252230038943e-124
-9.286871464816117433e-125
-5.632772276221349461e-125
-3.416449084707566921e-125
-2.072181117222303388e-125
-1.256841380072905399e-125
-7.623128314097558778e-126
-4.623661045423646859e-126
-2.804392184168409223e-126
-1.700949841556618310e-126
-1.031678229537434989e-126
-6.257444771725021525e-127
-3.795332105509745882e-127
-2.301985285783364497e-127
-1.396224654034958766e-127
-8.468530605188668805e-128
-5.136423454761710546e-128
-3.115398306580064284e-128
-1.889584590157627253e-128
-1.146090988051131713e-128
-6.951393230733567488e-129
-4.216233122158765506e-129
-2.557274657085211772e-129
-1.551065484828291938e-129
-9.407687717703994374e-130
-5.706051037789442459e-130
-3.460894900304387215e-130
-2.099138867077708637e-130
-1.273192081877072728e-130
-7.722300333618019727e-131
-4.683811915848426900e-131
-2.840875531289440265e-131
-1.723078110154461877e-131
-1.045099702888383550e-131
-6.338850122583683894e-132
-3.844706946670189293e-132
-2.331932640765614823e-132
-1.414388643008991494e-132
-8.578700767342999934e-133
-5.203245035893824529e-133
-3.155927644267166329e-133
-1.914166876082701497e-133
-1.161000898150511570e-133
-7.041826406821897902e-134
-4.271083616111527976e-134
-2.590543163367945048e-134
-1.571243853891612085e-134
-9.530075712703001634e-135
-5.780283109137096111e-135
-3.505918927510714659e-135
-2.126447320002081720e-135
-1.289755495845024003e-135
-7.822762517628772242e-136
-4.744745310592639904e-136
-2.877833503402177509e-136
-1.745494253361641975e-136
-1.058695781016047181e-136
-6.421314504946447669e-137
-3.894724122907471069e-137
-2.362269591665775803e-137
-1.432788933852136278e-137
-8.690304172782969204e-138
-5.270935923021505202e-138
-3.196984242693251959e-138
-1.939068961811632111e-138
-1.176104776635900230e-138
-7.133436060641519044e-139
-4.326647679878790009e-139
-2.624244471621017191e-139
-1.591684730619526769e-139
-9.654055897171866841e-140
-5.855480892214291966e-140
-3.551528688489453402e-140
-2.154111038417852300e-140
-1.306534389225845575e-140
-7.924531650343948401e-141
-4.806471409796758400e-141
-2.915272275073939050e-141
-1.768202016242545980e-141
-1.072468735416799913e-141
-6.504851696135254069e-142
-3.945391990589758108e-142
-2.393001206877346010e-142
-1.451428600700444654e-142
-8.803359467086251415e-143
-5.339507425259280469e-143
-3.238574961183016230e-143
-1.964295007735151092e-143
-1.191405146911833557e-143
-7.226237497414613855e-144
-4.382934596547054660e-144
-2.658384212321009775e-144
-1.612391530068711380e-144
-9.779648984476380222e-145
-5.931656950312444018e-145
-3.597731803262034475e-145
-2.182134644101643961e-145
-1.323531565268762569e-145
-8.027624734329568103e-146
-4.869000526038366790e-146
-2.953198101199209925e-146
-1.791205192582453341e-146
-1.086420867137729849e-146
-6.589475652706185341e-147
-3.996719014796218873e-147
-2.424132620730376775e-147
-1.470310757682510401e-147
-8.917885538397548885e-148
-5.408970998846019096e-148
-3.280706748296577154e-148
-1.989849228368011345e-148
-1.206904565210724748e-148
-7.320246221474497730e-149
-4.439953769969839966e-149
-2.692968089193400911e-149
-1.633367711723543084e-149
-9.906875957449951238e-150
-6.008824010163344945e-150
-3.644535990981485651e-150
-2.210522818956436532e-150
-1.340749863691477539e-150
-8.132058993344152824e-151
-4.932343106055082867e-151
-2.991617318044648243e-151
-1.814507625521359964e-151
-1.100554507161074416e-151
-6.675200512781186595e-152
-4.048713770731282038e-152
-2.455669034349267899e-152
-1.489438559439747043e-152
-9.033901520584240011e-153
-5.479338249058922015e-153
-3.323386642990373463e-153
-2.015735893053105186e-153
-1.222605621019934120e-153
-7.415477938855945596e-154
-4.497714726338776700e-154
-2.728001880165484299e-154
-1.654616780074075439e-154
-1.003575807189922348e-154
-6.086994964065422568e-155
-3.691949071222077579e-155
-2.239280305793771052e-155
-1.358192161154603609e-155
-8.237851875216289448e-156
-4.996509732489890101e-156
-3.030536344307687023e-156
-1.838113208196053582e-156
-1.114872016793657525e-156
-6.762040598410112364e-157
-4.101384945157295833e-157
-2.487615716521718030e-157
-1.508815201653432839e-157
-9.151426796433064811e-158
-5.550620932152419347e-158
-3.366621775793159262e-158
-2.041959326674742197e-158
-1.238510937514396218e-158
-7.511948559919188125e-159
-4.556227115775152094e-159
-2.763491438331691565e-159
-1.676142285201535375e-159
-1.016631686015528106e-159
-6.166182872037651572e-160
-3.739978965285737333e-160
-2.268411909126130372e-160
-1.375861371742265862e-160
-8.345021054759654585e-161
-5.061511125659188184e-161
-3.069961682188901352e-161
-1.862025884390540465e-161
-1.129375788061394086e-161
-6.850010417963526808e-162
-4.154741337845829697e-162
-2.519978004578980032e-162
-1.528443921578614303e-162
-9.270481000888416071e-163
-5.622830957322284229e-163
-3.410419369997303567e-163
-2.068523910381208306e-163
-1.254623171994870255e-163
-7.609674202008054211e-164
-4.615500713942152674e-164
-2.799442692931464500e-164
-1.697947823371432143e-164
-1.029857413467104667e-164
-6.246400964001493471e-165
-3.788633697525455432e-165
-2.297922495969628439e-165
-1.393760447448959628e-165
-8.453584436725926181e-166
-5.127358145343827417e-166
-3.109899918478336354e-166
-1.886249649194929793e-166
-1.144068244108924182e-166
-6.939124668556600781e-167
-4.208791863047843283e-167
-2.552761305287571963e-167
-1.548327998584954233e-167
-9.391084024332736017e-168
-5.695980388695306556e-168
-3.454786742865586342e-168
-2.095434082316724265e-168
-1.270945016331899491e-168
-7.708671192142705677e-169
-4.675545423678087487e-169
-2.835861650339854633e-169
-1.720037037634389655e-169
-1.043255199166549864e-169
-6.327662641991223815e-170
-3.837921396685921254e-170
-2.327816996657143185e-170
-1.411892378672738326e-170
-8.563560158796151154e-171
-5.194061792603452938e-171
-3.150357725655955652e-171
-1.910788549672898489e-171
-1.158951839604449070e-171
-7.029398238504565492e-172
-4.263545550982998470e-172
-2.585971095752580733e-172
-1.568470754704614536e-172
-9.513256015909618115e-173
-5.770081447344839652e-173
-3.499731306853692205e-173
-2.122694338362926827e-173
-1.287479197415537721e-173
-7.808956069747380152e-174
-4.736371276650850859e-174
-2.872754395071008636e-174
-1.742413618434786110e-174
-1.056827281481527445e-174
-6.409981482392997592e-175
-3.887850297261588572e-175
-2.358100405662029342e-175
-1.430260194714819423e-175
-8.674966594610988591e-176
-5.261633211614459940e-176
-3.191341863006420266e-176
-1.935646685537828730e-176
-1.174029061149831669e-176
-7.120846209810109521e-177
-4.319011549348331532e-177
-2.619612924332726578e-177
-1.588875555187269460e-177
-9.637017386890111683e-178
-5.845146513332578414e-178
-3.545260570848608115e-178
-2.150309232889993333e-178
-1.304228477610934520e-178
-7.910545589413637262e-179
-4.797988435033915541e-179
-2.910127090794706137e-179
-1.765081304227319802e-179
-1.070575927899431612e-179
-6.493371238213070319e-180
-3.938428740872412337e-180
-2.388777782432540777e-180
-1.448866964285690319e-180
-8.787822356840404496e-181
-5.330083691531838760e-181
-3.232859177748354493e-181
-1.960828209837751383e-181
-1.189302427696033234e-181
-7.213483860683115361e-182
-4.375199124846564203e-182
-2.653692411567323024e-182
-1.609545809062337588e-182
-9.762388814082839540e-183
-5.921188127776896334e-183
-3.591382141423133830e-183
-2.178283379517543852e-183
-1.321195655219840438e-183
-8.013456723699547363e-184
-4.860407193204124540e-184
-2.947985981366126778e-184
-1.788043882101591972e-184
-1.084503435406216759e-184
-6.577845841375499345e-185
-3.989665177657483695e-185
-2.419854252237114484e-185
-1.467715796017798375e-185
-8.902146300293280808e-186
-5.399424668375263062e-186
-3.274916606178315020e-186
-1.986337329649191864e-186
-1.204774490963955130e-186
-7.307326668093197362e-187
-4.432117664734286858e-187
-2.688215251115303058e-187
-1.630484969708527419e-187
-9.889391243288461990e-188
-5.998218994948091264e-188
-3.638103724106714721e-188
-2.206621451885433997e-188
-1.338383564948121329e-188
-8.117706665965301459e-189
-4.923637979461575895e-189
-2.986337391869007857e-189
-1.811305188414814263e-189
-1.098612130870153098e-189
-6.663419405049758511e-190
-4.041568167686793271e-190
-2.451335007020650076e-190
-1.486809838984907610e-190
-9.017957525067502931e-191
-5.469667726939699870e-191
-3.317521174829636162e-191
-2.012178306780049915e-191
-1.220447835870753396e-191
-7.402390310355437777e-192
-4.489776678390289091e-192
-2.723187210706458211e-192
-1.651696535430793987e-192
-1.001804589279910544e-192
-6.076251984390879012e-193
-3.685433124672797269e-193
-2.235328184434584319e-193
-1.355795078379351457e-193
-8.223312833245696536e-194
-4.987691357771876358e-194
-3.025187729672376462e-194
-1.834869109432750223e-194
-1.112904371430578201e-194
-6.750106226008622011e-195
-4.094146382391363730e-195
-2.483225306271925355e-195
-1.506152283228217109e-195
-9.135275379740995213e-196
-5.540824602730884572e-196
-3.360680001646353304e-196
-2.038355458481616779e-196
-1.236325080961702339e-196
-7.498690669749762507e-197
-4.548185798904292017e-197
-2.758614133105050924e-197
-1.673184050044800807e-197
-1.014837425694329101e-197
-6.155300133074520369e-198
-3.733378250442948559e-198
-2.264408373197959029e-198
-1.373433104454568976e-198
-8.330292869159998924e-199
-5.052578029531060438e-199
-3.064543485501031566e-199
-1.858739581978993517e-199
-1.127382544891703565e-199
-6.837920787016725048e-200
-4.147408606011983646e-200
-2.515530477902301768e-200
-1.525746360289319140e-200
-9.254119464604301026e-201
-5.612907183925968750e-201
-3.404400297172396709e-201
-2.064873158169859260e-201
-1.252408878847673505e-201
-7.596243835174389349e-202
-4.607354784686347137e-202
-2.794501937085968593e-202
-1.694951103468984501e-202
-1.028039810967699097e-202
-6.235376647570894605e-203
-3.781947111607923746e-203
-2.293866876601842115e-203
-1.391300589958273492e-203
-8.438664646859677471e-204
-5.118308835353476014e-204
-3.104411234519944836e-204
-1.882920594092692756e-204
-1.142049070121544479e-204
-6.926877759250200197e-205
-4.201363737066791329e-205
-2.548255919135856063e-205
-1.545595343750093580e-205
-9.374509634935186819e-206
-5.685927513359677602e-206
-3.448689365756258742e-206
-2.091735836156086673e-206
-1.268701916648308327e-206
-7.695066104833809034e-207
-4.667293521097174662e-207
-2.830856618423569061e-207
-1.717001332324321961e-207
-1.041413950822141475e-207
-6.316494906260935047e-208
-3.831147822565933604e-208
-2.323708616277534819e-208
-1.409400520010743723e-208
-8.548446272014449382e-209
-5.184894756882926633e-209
-3.144797637432775274e-209
-1.907416185694832182e-209
-1.156906397456041452e-209
-7.016992004747787979e-210
-4.256020789837950344e-210
-2.581407097411094896e-210
-1.565702549779625640e-210
-9.496466004315886423e-211
-5.759897790536310286e-211
-3.493554606771328607e-211
-2.118947980387123302e-211
-1.285206916440954144e-211
-7.795173988961713201e-212
-4.728012022099707895e-212
-2.867684250893397762e-212
-1.739338420541901450e-212
-1.054962079674809377e-212
-6.398668461569738361e-213
-3.880988603278314503e-213
-2.353938577883607873e-213
-1.427735918566762805e-213
-8.659656085837214424e-214
-5.252346918627366071e-214
-3.185709441594673788e-214
-1.932230449263182744e-214
-1.171957009108436191e-214
-7.108278578893846422e-215
-4.311388895877664295e-215
-2.614989551294402099e-215
-1.586071337688236986e-215
-9.620008947993453305e-216
-5.834830373667904652e-216
-3.539003515852106425e-216
-2.146514137195107173e-216
-1.301926635715442457e-216
-7.896584212579367204e-217
-4.789520431932129723e-217
-2.904990987286931567e-217
-1.761966099978396894e-217
-1.068686461011192878e-217
-6.481911042230782460e-218
-3.931477780642839928e-218
-2.384561811938861906e-218
-1.446309848920830132e-218
-8.772312668148302977e-219
-5.320676589817481833e-219
-3.227153482139561731e-219
-1.957367530516030695e-219
-1.187203419583976189e-219
-7.200752732933634310e-220
-4.367477305533785166e-220
-2.649008891405361751e-220
-1.606705110488725720e-220
-9.745159106283863771e-221
-5.910737781738929541e-221
-3.585043686146499869e-221
-2.174438912057047519e-221
-1.318863867834781985e-221
-7.999313718289857499e-222
-4.851829026802666408e-222
-2.942783060439525053e-222
-1.784888151039547745e-222
-1.082589387763279245e-222
-6.566236555579577159e-223
-3.982623789884890339e-223
-2.415583434666110913e-223
-1.465125414218945221e-223
-8.886434840479622094e-224
-5.389895186289435926e-224
-3.269136683122078659e-224
-1.982831629104804480e-224
-1.202648176100012865e-224
-7.294429916521360742e-225
-4.424295389495269885e-225
-2.683470801354128915e-225
-1.627607315464908812e-225
-9.871937388020394389e-226
-5.987632696597820708e-226
-3.631682809584410683e-226
-2.202726970364262517e-226
-1.336021442501846526e-226
-8.103379669108692215e-227
-4.914948216606435549e-227
-2.981066784271732909e-227
-1.808108403311752718e-227
-1.096673182692633536e-227
-6.651659089877164137e-228
-4.034435175966730857e-228
-2.447008628846955676e-228
-1.484185757977050527e-228
-9.002041669219153406e-229
-5.460014272392108596e-229
-3.311666058674380474e-229
-2.008626999315708413e-229
-1.218293859011563980e-229
-7.389325780301338875e-230
-4.481852640357741003e-230
-2.718381038690988542e-230
-1.648781444747558802e-230
-1.000036497404685711e-230
-6.065527965075752657e-231
-3.678928678162823358e-231
-2.231383038201823407e-231
-1.353402226232132259e-231
-8.208799451331220015e-232
-4.978888546664628451e-232
-3.019848554844171887e-232
-1.831630736201877886e-232
-1.110940198778461553e-232
-6.738192916663844473e-233
-4.086920595015115329e-233
-2.478842644687665826e-233
-1.503494064606219035e-233
-9.119152468796387837e-234
-5.531045562919162552e-234
-3.354748714177993511e-234
-2.034757950780487161e-234
-1.234143082242414956e-234
-7.485456178522747426e-235
-4.540158674209410111e-235
-2.753745435868268684e-235
-1.670231035897834289e-235
-1.013046332075628366e-235
-6.144436601132945146e-236
-3.726789185247615723e-236
-2.260411903138144029e-236
-1.371009122832667695e-236
-8.315590677437367281e-237
-5.043660699486311407e-237
-3.059134851426114607e-237
-1.855459079585389937e-237
-1.125392819610722353e-237
-6.825852493143521395e-238
-4.140088815767463353e-238
-2.511090800696334489e-238
-1.523053559944672781e-238
-9.237786804909173097e-239
-5.603000925066220080e-239
-3.398391847450910103e-239
-2.061228849196435350e-239
-1.250198493721826205e-239
-7.582837171688398536e-240
-4.599223232237643412e-240
-2.789569901214768008e-240
-1.691959672498298883e-240
-1.026225416367564374e-240
-6.224371788032908102e-241
-3.775272326892303769e-241
-2.289818415024837770e-241
-1.388845073887151372e-241
-8.423771189034150226e-242
-5.109275496553158020e-242
-3.098932237577979211e-242
-1.879597414462919174e-242
-1.140033459788354403e-242
-6.914652464599065749e-243
-4.193948721036857428e-243
-2.543758484571440643e-243
-1.542867511796724476e-243
-9.357964497792565346e-244
-5.675892380413527310e-244
-3.442602749950125587e-244
-2.088044117055775796e-244
-1.266462775826922895e-244
-7.681485029237964179e-245
-4.659056182356419856e-245
-2.825860419922863035e-245
-1.713970984751633163e-245
-1.039575952109720173e-245
-6.305346880544975559e-246
-3.824386203173939306e-246
-2.319607486806982911e-246
-1.406913059247402837e-246
-8.533359059836465846e-247
-5.175743900127388944e-247
-3.139247362247903334e-247
-1.904049773625365241e-247
-1.154864565322683183e-247
-7.004607666839106235e-248
-4.248509309196092624e-248
-2.576851154101970601e-248
-1.562939230478729219e-248
-9.479705625530192148e-249
-5.749732106934389580e-249
-3.487388807989824972e-249
-2.115208234384523178e-249
-1.282938645830839390e-249
-7.781416232266115284e-250
-4.719667520854961194e-250
-2.862623055048448461e-250
-1.736268650087129887e-250
-1.053100169775710290e-250
-6.387375407175477628e-251
-3.874139019546393421e-251
-2.349784095343928385e-251
-1.425216097531206405e-251
-8.644372598686676508e-252
-5.243077015083241362e-252
-3.180086960882583127e-252
-1.928820242327656363e-252
-1.169888614046075031e-252
-7.095733128676642570e-253
-4.303779695681031737e-253
-2.610374338079253072e-253
-1.583272069372138105e-253
-9.603030527408693727e-254
-5.824532441029752344e-254
-3.532757503975410987e-254
-2.142725739490962447e-254
-1.299628856356693632e-254
-7.882647476276006893e-255
-4.781067374067811080e-255
-2.899863948523897824e-255
-1.758856393775081857e-255
-1.066800328856183579e-255
-6.470471072427953211e-256
-3.924539088211237441e-256
-2.380353282240778768e-256
-1.443757246626631814e-256
-8.756830352613462620e-257
-5.311286090762255564e-257
-3.221457856552564452e-257
-1.953912958971272832e-257
-1.185108116025909807e-257
-7.188044074439911645e-258
-4.359769114513525212e-258
-2.644333637220652499e-258
-1.603869425483749739e-258
-9.727959807315810312e-259
-5.900305879589240879e-259
-3.578716417653592347e-259
-2.170601229723865195e-259
-1.316536195837469632e-259
-7.985195673968611288e-260
-4.843266000066647706e-260
-2.937589322184191061e-260
-1.781737989549165120e-260
-1.080678718236316314e-260
-6.554647759092761287e-261
-3.975594829506466354e-261
-2.411320154690691127e-261
-1.462539604202914471e-261
-8.870751109930475060e-262
-5.380382522852705118e-262
-3.263366961092174723e-262
-1.979332115795648415e-262
-1.200525613983936925e-262
-7.281555926515915720e-263
-4.416486919844134631e-263
-2.678734725105279162e-263
-1.624734740013244970e-263
-9.854514337182674113e-264
-5.977065082079011762e-264
-3.625273227378728263e-264
-2.198839362240567601e-264
-1.333663488981877597e-264
-8.089077958068306177e-265
-4.906273790374091960e-265
-2.975805478806400447e-265
-1.804917260236914993e-265
-1.094737656578214892e-265
-6.639919530566470518e-266
-4.027314773313280226e-266
-2.442689886328138865e-266
-1.481566308227983522e-266
-8.986153903375296944e-267
-5.450377855293474427e-267
-3.305821276254279380e-267
-2.005081959578567724e-267
-1.216143683721088520e-267
-7.376284307927040391e-268
-4.473942587514932821e-268
-2.713583349121878738e-268
-1.645871498928110422e-268
-9.982715260470876722e-269
-6.054822872656772900e-269
-3.672435711395655104e-269
-2.227444854785040934e-269
-1.351013597246281671e-269
-8.194311684185254177e-270
-4.970101271699822052e-270
-3.014518803162691307e-270
-1.828398078398405132e-270
-1.108979492708296096e-270
-6.726300633201443804e-271
-4.079707560481175831e-271
-2.474467718093265359e-271
-1.500840537492723043e-271
-9.103058013289246485e-272
-5.521283782202700535e-272
-3.348827894880067803e-272
-2.031166792345677157e-272
-1.231964934547816938e-272
-7.472245044941187258e-273
-4.532145716642634090e-273
-2.748885331429042692e-273
-1.667283233546038298e-273
-1.011258399570491333e-273
-6.133592242314319896e-274
-3.720211749139194436e-274
-2.256422486476085658e-274
-1.368589419312760921e-274
-8.300914433714986822e-275
-5.034759107699272266e-275
-3.053735763087029198e-275
-1.852184366973237719e-275
-1.123406606009704392e-275
-6.813805498685964463e-276
-4.132781944271567078e-276
-2.506658959107493100e-276
-1.520365512142050860e-276
-9.221482970838538347e-277
-5.593112149831514463e-277
-3.392394002084053368e-277
-2.057590972089221815e-277
-1.247992009720034394e-277
-7.569454169715876248e-278
-4.591106031222314790e-278
-2.784646569927920927e-278
-1.688973521124903233e-278
-1.024414224005057182e-278
-6.213386351047927281e-279
-3.768609322550571070e-279
-2.285777098605778760e-279
-1.386393891573392064e-279
-8.408904016775747693e-280
-5.100258100755206926e-280
-3.093462910555757992e-280
-1.876280099935947306e-280
-1.138021406819835847e-280
-6.902448746455342112e-281
-4.186546791820198268e-281
-2.539268987560513543e-281
-1.540144494212909187e-281
-9.341448561277359514e-282
-5.665874958543186291e-282
-3.436526876454488894e-282
-2.084358913496136903e-282
-1.264227586880719585e-282
-7.667927922976733943e-283
-4.650833381752001249e-283
-2.820873039247579427e-283
-1.710945985460415576e-283
-1.037741197293987556e-283
-6.294218530057004140e-284
-3.817636517410956414e-284
-2.315513595448307702e-284
-1.404429988620833942e-284
-8.518298475184005465e-285
-5.166609193782474159e-285
-3.133706882782241258e-285
-1.900689302959933103e-285
-1.152826336833033509e-285
-6.992245186134383727e-286
-4.241011085618573316e-286
-2.572303251608824421e-286
-1.560180788179252399e-286
-9.462974827253384378e-287
-5.739584364818037805e-287
-3.481233891269400591e-287
-2.111475088685607559e-287
-1.280674378507272803e-287
-7.767682756730829023e-288
-4.711337746878397528e-288
-2.857570791743186002e-288
-1.733204297491546880e-288
-1.051241545974319274e-288
-6.376102283971325560e-289
-3.867301524692357093e-289
-2.345636945079328272e-289
-1.422700723745291178e-289
-8.629116085468724031e-290
-5.233823472056241791e-290
-3.174474403325738133e-290
-1.925416054090028295e-290
-1.167823869508520355e-290
-7.083209820011631849e-291
-4.296183925014659070e-291
-2.605767270285951524e-291
-1.580477741504126200e-291
-9.586082072156306148e-292
-5.814252683284412333e-292
-3.526522515728443526e-292
-2.138944027956229007e-292
-1.297335132364688932e-292
-7.868735337015313062e-293
-4.772629235064009478e-293
-2.894745958507174513e-293
-1.755752175913835619e-293
-1.064917525548910467e-293
-6.459051293107258328e-294
-3.917612641926083197e-294
-2.376152180205980125e-294
-1.441209149437945167e-294
-8.741375361924802426e-295
-5.301912165064010056e-295
-3.215772283214710439e-295
-1.950464484423819925e-295
-1.183016510483640812e-295
-7.175357845545802296e-296
-4.352074527733115569e-296
-2.639666634424514049e-296
-1.601038745198927426e-296
-9.710790863509921155e-297
-5.889892388776085891e-297
-3.572400316200778015e-297
-2.166770320542877995e-297
-1.314212631964626003e-297
-7.971102546681809453e-298
-4.834718086275970179e-298
-2.932404750393564414e-298
-1.778593387800669093e-298
-1.078771420863267556e-298
-6.543079415753325026e-299
-3.968578274589016760e-299
-2.407064399007700555e-299
-1.459958357900934077e-299
-8.855095059706264596e-300
-5.370886648381721879e-300
-3.257607422084740564e-300
-1.975838778801828791e-300
-1.198406797992477141e-300
-7.268704657904818116e-301
-4.408692231415301191e-301
-2.674007007590284159e-301
-1.621867234389939853e-301
-9.837122036408343958e-302
-5.966516118416437283e-302
-3.618874957489182830e-302
-2.194958615383442155e-302
-1.331309697030447552e-302
-8.074801488217034918e-303
-4.897614673696832549e-303
-2.970553459055614185e-303
-1.801731749232646626e-303
-1.092805546487274091e-303
-6.628200690485512809e-304
-4.020206937507910264e-304
-2.438378765987978909e-304
-1.478951481563965515e-304
-8.970294177959687240e-305
-5.440758445574283267e-305
-3.299986809331251965e-305
-2.001543176506672633e-305
-1.213997303289912057e-305
-7.363265852537882697e-306
-4.466046495179308157e-306
-2.708794127028400073e-306
-1.642966688892242296e-306
-9.965096696996928251e-307
-6.044136673729731168e-307
-3.665954204110615640e-307
-2.223513621895513653e-307
-1.348629183968312900e-307
-8.179849486600113074e-308
-4.961329505457611491e-308
-3.009198457996958962e-308
-1.825171125935134391e-308
-1.107022247101887293e-308
-6.714429338512692189e-309
-4.072507256281965778e-309
-2.470100512837186076e-309
-1.498191693607658529e-309
-9.086991962998410304e-310
-5.511539230120849846e-310
-3.342917525277181318e-310
-2.027581971971292881e-310
-1.229790631081227543e-310
-7.459057227780722930e-311
-4.524146901200658168e-311
-2.744033804621380745e-311
-1.664340633791415606e-311
-1.009473622600327660e-311
-6.122767022783134139e-312
-3.713645921593358822e-312
-2.252440110762014278e-312
-1.366173986344708463e-312
-8.286264092196360373e-313
-5.025873226398797997e-313
-3.048346203652243156e-313
-1.848915433919644436e-313
-1.121423897862315438e-313
-6.801779766303988988e-314
-4.125487968912054261e-314
-2.502234939208095839e-314
-1.517682208476207733e-314
-9.205207914217940370e-315
-5.583240826297574905e-315
-3.386406745972937608e-315
-2.053959514812300194e-315
-1.245789416272731332e-315
-7.556094831009276488e-316
-4.583003177299584999e-316
-2.779731899257854957e-316
-1.685992642986422480e-316
-1.022606204318003590e-316
-6.202420573322028675e-317
-3.761958118341253466e-317
-2.281742878122983074e-317
-1.383947043191749345e-317
-8.394066628400693711e-318
-5.091257548577794213e-318
-3.087999218324042325e-318
-1.872973219445415174e-318
-1.136015020795695004e-318
-6.890288903466608430e-319
-4.179103671912768019e-319
-2.534754389423931270e-319
-1.537433476728790996e-319
-9.324994999607687275e-320
-5.656063513590590438e-320
-3.430791844721616003e-320
-2.081004500283330444e-320
-1.261843659478543674e-320
-7.658017510539321435e-321
-4.639276414449305050e-321
-2.816174181295105302e-321
-1.704526478152300577e-321
-1.037537856266617743e-321
-6.324040266767955765e-322
-3.754898908393473736e-322
-2.272701970869734103e-322
-1.383383808355490324e-322
-7.905050333459944707e-323
-4.940656458412465442e-323
-2.964393875047479265e-323
-1.976262583364986177e-323
-1.482196937523739633e-323
-9.881312916824930884e-324
-9.881312916824930884e-324
0.000000000000000000e+00
0.000000000000000000e+00
0.000000000000000000e+00
0.000000000000000000e+00
0.000000000000000000e+00
0.000000000000000000e+00
0.000000000000000000e+00
0.000000000000000000e+00
0.000000000000000000e+00
0.000000000000000000e+00
0.000000000000000000e+00
0.000000000000000000e+00
0.000000000000000000e+00
0.000000000000000000e+00
0.000000000000000000e+00
0.000000000000000000e+00
0.000000000000000000e+00
0.000000000000000000e+00
0.000000000000000000e+00
0.000000000000000000e+00
0.000000000000000000e+00
0.000000000000000000e+00
0.000000000000000000e+00
0.000000000000000000e+00
0.000000000000000000e+00
0.000000000000000000e+00
0.000000000000000000e+00
0.000000000000000000e+00
0.000000000000000000e+00
0.000000000000000000e+00
0.000000000000000000e+00
0.000000000000000000e+00
0.000000000000000000e+00
0.000000000000000000e+00
0.000000000000000000e+00
0.000000000000000000e+00
0.000000000000000000e+00
0.000000000000000000e+00
0.000000000000000000e+00
0.000000000000000000e+00
0.000000000000000000e+00
0.000000000000000000e+00
0.000000000000000000e+00
0.000000000000000000e+00
0.000000000000000000e+00
0.000000000000000000e+00
0.000000000000000000e+00
0.000000000000000000e+00
0.000000000000000000e+00
0.000000000000000000e+00
0.000000000000000000e+00
0.000000000000000000e+00
0.000000000000000000e+00
0.000000000000000000e+00
0.000000000000000000e+00
0.000000000000000000e+00
0.000000000000000000e+00
0.000000000000000000e+00
0.000000000000000000e+00
0.000000000000000000e+00
0.000000000000000000e+00
0.000000000000000000e+00
0.000000000000000000e+00
0.000000000000000000e+00
0.000000000000000000e+00
0.000000000000000000e+00
0.000000000000000000e+00
0.000000000000000000e+00
0.000000000000000000e+00
0.000000000000000000e+00
0.000000000000000000e+00
0.000000000000000000e+00
0.000000000000000000e+00
0.000000000000000000e+00
0.000000000000000000e+00
0.000000000000000000e+00
0.000000000000000000e+00
0.000000000000000000e+00
0.000000000000000000e+00
0.000000000000000000e+00
0.000000000000000000e+00
0.000000000000000000e+00
0.000000000000000000e+00
0.000000000000000000e+00
0.000000000000000000e+00
0.000000000000000000e+00
0.000000000000000000e+00
0.000000000000000000e+00
0.000000000000000000e+00
0.000000000000000000e+00
0.000000000000000000e+00
0.000000000000000000e+00
0.000000000000000000e+00
0.000000000000000000e+00
0.000000000000000000e+00
0.000000000000000000e+00
0.000000000000000000e+00
0.000000000000000000e+00
0.000000000000000000e+00
0.000000000000000000e+00
0.000000000000000000e+00
0.000000000000000000e+00
0.000000000000000000e+00
0.000000000000000000e+00
0.000000000000000000e+00
0.000000000000000000e+00
0.000000000000000000e+00
0.000000000000000000e+00
0.000000000000000000e+00
0.000000000000000000e+00
0.000000000000000000e+00
0.000000000000000000e+00
0.000000000000000000e+00
0.000000000000000000e+00
0.000000000000000000e+00
0.000000000000000000e+00
0.000000000000000000e+00
0.000000000000000000e+00
0.000000000000000000e+00
0.000000000000000000e+00
0.000000000000000000e+00
0.000000000000000000e+00
0.000000000000000000e+00
0.000000000000000000e+00
0.000000000000000000e+00
0.000000000000000000e+00
0.000000000000000000e+00
0.000000000000000000e+00
0.000000000000000000e+00
0.000000000000000000e+00
0.000000000000000000e+00
0.000000000000000000e+00
0.000000000000000000e+00
0.000000000000000000e+00
0.000000000000000000e+00
0.000000000000000000e+00
0.000000000000000000e+00
0.000000000000000000e+00
0.000000000000000000e+00
0.000000000000000000e+00
0.000000000000000000e+00
0.000000000000000000e+00
0.000000000000000000e+00
0.000000000000000000e+00
0.000000000000000000e+00
0.000000000000000000e+00
0.000000000000000000e+00
0.000000000000000000e+00
0.000000000000000000e+00
0.000000000000000000e+00
0.000000000000000000e+00
0.000000000000000000e+00
0.000000000000000000e+00
0.000000000000000000e+00
0.000000000000000000e+00
0.000000000000000000e+00
0.000000000000000000e+00
0.000000000000000000e+00
0.000000000000000000e+00
0.000000000000000000e+00
0.000000000000000000e+00
0.000000000000000000e+00
0.000000000000000000e+00
0.000000000000000000e+00
0.000000000000000000e+00
0.000000000000000000e+00
0.000000000000000000e+00
0.000000000000000000e+00
0.000000000000000000e+00
0.000000000000000000e+00
0.000000000000000000e+00
0.000000000000000000e+00
0.000000000000000000e+00
0.000000000000000000e+00
0.000000000000000000e+00
0.000000000000000000e+00
0.000000000000000000e+00
0.000000000000000000e+00
0.000000000000000000e+00
0.000000000000000000e+00
0.000000000000000000e+00
0.000000000000000000e+00
0.000000000000000000e+00
0.000000000000000000e+00
0.000000000000000000e+00
0.000000000000000000e+00
0.000000000000000000e+00
0.000000000000000000e+00
0.000000000000000000e+00
0.000000000000000000e+00
0.000000000000000000e+00
0.000000000000000000e+00
0.000000000000000000e+00
0.000000000000000000e+00
0.000000000000000000e+00
0.000000000000000000e+00
0.000000000000000000e+00
0.000000000000000000e+00
0.000000000000000000e+00
0.000000000000000000e+00
0.000000000000000000e+00
0.000000000000000000e+00
0.000000000000000000e+00
0.000000000000000000e+00
0.000000000000000000e+00
0.000000000000000000e+00
0.000000000000000000e+00
0.000000000000000000e+00
0.000000000000000000e+00
0.000000000000000000e+00
0.000000000000000000e+00
0.000000000000000000e+00
0.000000000000000000e+00
0.000000000000000000e+00
0.000000000000000000e+00
0.000000000000000000e+00
0.000000000000000000e+00
0.000000000000000000e+00
0.000000000000000000e+00
0.000000000000000000e+00
0.000000000000000000e+00
0.000000000000000000e+00
0.000000000000000000e+00
0.000000000000000000e+00
0.000000000000000000e+00
0.000000000000000000e+00
0.000000000000000000e+00
0.000000000000000000e+00
0.000000000000000000e+00
0.000000000000000000e+00
0.000000000000000000e+00
0.000000000000000000e+00
0.000000000000000000e+00
0.000000000000000000e+00
0.000000000000000000e+00
0.000000000000000000e+00
0.000000000000000000e+00
0.000000000000000000e+00
0.000000000000000000e+00
0.000000000000000000e+00
0.000000000000000000e+00
0.000000000000000000e+00
0.000000000000000000e+00
0.000000000000000000e+00
0.000000000000000000e+00
0.000000000000000000e+00
0.000000000000000000e+00
0.000000000000000000e+00
0.000000000000000000e+00
0.000000000000000000e+00
0.000000000000000000e+00
0.000000000000000000e+00
0.000000000000000000e+00
0.000000000000000000e+00
0.000000000000000000e+00
0.000000000000000000e+00
0.000000000000000000e+00
0.000000000000000000e+00
0.000000000000000000e+00
0.000000000000000000e+00
0.000000000000000000e+00
0.000000000000000000e+00
0.000000000000000000e+00
0.000000000000000000e+00
0.000000000000000000e+00
0.000000000000000000e+00
0.000000000000000000e+00
0.000000000000000000e+00
0.000000000000000000e+00
0.000000000000000000e+00
0.000000000000000000e+00
0.000000000000000000e+00
0.000000000000000000e+00
0.000000000000000000e+00
0.000000000000000000e+00
0.000000000000000000e+00
0.000000000000000000e+00
0.000000000000000000e+00
0.000000000000000000e+00
0.000000000000000000e+00
0.000000000000000000e+00
0.000000000000000000e+00
0.000000000000000000e+00
0.000000000000000000e+00
0.000000000000000000e+00
0.000000000000000000e+00
0.000000000000000000e+00
0.000000000000000000e+00
0.000000000000000000e+00
0.000000000000000000e+00
0.000000000000000000e+00
0.000000000000000000e+00
0.000000000000000000e+00
0.000000000000000000e+00
0.000000000000000000e+00
0.000000000000000000e+00
0.000000000000000000e+00
0.000000000000000000e+00
0.000000000000000000e+00
0.000000000000000000e+00
0.000000000000000000e+00
0.000000000000000000e+00
0.000000000000000000e+00
0.000000000000000000e+00
0.000000000000000000e+00
0.000000000000000000e+00
0.000000000000000000e+00
0.000000000000000000e+00
0.000000000000000000e+00
0.000000000000000000e+00
0.000000000000000000e+00
0.000000000000000000e+00
0.000000000000000000e+00
0.000000000000000000e+00
0.000000000000000000e+00
0.000000000000000000e+00
0.000000000000000000e+00
0.000000000000000000e+00
0.000000000000000000e+00
0.000000000000000000e+00
0.000000000000000000e+00
0.000000000000000000e+00
0.000000000000000000e+00
0.000000000000000000e+00
0.000000000000000000e+00
0.000000000000000000e+00
0.000000000000000000e+00
0.000000000000000000e+00
0.000000000000000000e+00
0.000000000000000000e+00
0.000000000000000000e+00
0.000000000000000000e+00
0.000000000000000000e+00
0.000000000000000000e+00
0.000000000000000000e+00
0.000000000000000000e+00
0.000000000000000000e+00
0.000000000000000000e+00
0.000000000000000000e+00
0.000000000000000000e+00
0.000000000000000000e+00
0.000000000000000000e+00
0.000000000000000000e+00
0.000000000000000000e+00
0.000000000000000000e+00
0.000000000000000000e+00
0.000000000000000000e+00
0.000000000000000000e+00
0.000000000000000000e+00
0.000000000000000000e+00
0.000000000000000000e+00
0.000000000000000000e+00
0.000000000000000000e+00
0.000000000000000000e+00
0.000000000000000000e+00
0.000000000000000000e+00
0.000000000000000000e+00
0.000000000000000000e+00
0.000000000000000000e+00
0.000000000000000000e+00
0.000000000000000000e+00
0.000000000000000000e+00
0.000000000000000000e+00
0.000000000000000000e+00
0.000000000000000000e+00
0.000000000000000000e+00
0.000000000000000000e+00
0.000000000000000000e+00
0.000000000000000000e+00
0.000000000000000000e+00
0.000000000000000000e+00
0.000000000000000000e+00
0.000000000000000000e+00
0.000000000000000000e+00
0.000000000000000000e+00
0.000000000000000000e+00
0.000000000000000000e+00
0.000000000000000000e+00
0.000000000000000000e+00
0.000000000000000000e+00
0.000000000000000000e+00
0.000000000000000000e+00
0.000000000000000000e+00
0.000000000000000000e+00
0.000000000000000000e+00
0.000000000000000000e+00
0.000000000000000000e+00
0.000000000000000000e+00
0.000000000000000000e+00
0.000000000000000000e+00
0.000000000000000000e+00
0.000000000000000000e+00
0.000000000000000000e+00
0.000000000000000000e+00
0.000000000000000000e+00
0.000000000000000000e+00
0.000000000000000000e+00
0.000000000000000000e+00
0.000000000000000000e+00
0.000000000000000000e+00
0.000000000000000000e+00
0.000000000000000000e+00
0.000000000000000000e+00
0.000000000000000000e+00
0.000000000000000000e+00
0.000000000000000000e+00
0.000000000000000000e+00
0.000000000000000000e+00
0.000000000000000000e+00
0.000000000000000000e+00
0.000000000000000000e+00
0.000000000000000000e+00
0.000000000000000000e+00
0.000000000000000000e+00
0.000000000000000000e+00
0.000000000000000000e+00
0.000000000000000000e+00
0.000000000000000000e+00
0.000000000000000000e+00
0.000000000000000000e+00
0.000000000000000000e+00
0.000000000000000000e+00
0.000000000000000000e+00
0.000000000000000000e+00
0.000000000000000000e+00
0.000000000000000000e+00
0.000000000000000000e+00
0.000000000000000000e+00
0.000000000000000000e+00
0.000000000000000000e+00
0.000000000000000000e+00
0.000000000000000000e+00
0.000000000000000000e+00
0.000000000000000000e+00
0.000000000000000000e+00
0.000000000000000000e+00
0.000000000000000000e+00
0.000000000000000000e+00
0.000000000000000000e+00
0.000000000000000000e+00
0.000000000000000000e+00
0.000000000000000000e+00
0.000000000000000000e+00
0.000000000000000000e+00
0.000000000000000000e+00
0.000000000000000000e+00
0.000000000000000000e+00
0.000000000000000000e+00
0.000000000000000000e+00
0.000000000000000000e+00
0.000000000000000000e+00
0.000000000000000000e+00
0.000000000000000000e+00
0.000000000000000000e+00
0.000000000000000000e+00
0.000000000000000000e+00
0.000000000000000000e+00
0.000000000000000000e+00
0.000000000000000000e+00
0.000000000000000000e+00
0.000000000000000000e+00
0.000000000000000000e+00
0.000000000000000000e+00
0.000000000000000000e+00
0.000000000000000000e+00
0.000000000000000000e+00
0.000000000000000000e+00
0.000000000000000000e+00
0.000000000000000000e+00
0.000000000000000000e+00
0.000000000000000000e+00
0.000000000000000000e+00
0.000000000000000000e+00
0.000000000000000000e+00
0.000000000000000000e+00
0.000000000000000000e+00
0.000000000000000000e+00
0.000000000000000000e+00
0.000000000000000000e+00
0.000000000000000000e+00
0.000000000000000000e+00
0.000000000000000000e+00
0.000000000000000000e+00
0.000000000000000000e+00
0.000000000000000000e+00
0.000000000000000000e+00
0.000000000000000000e+00
0.000000000000000000e+00
0.000000000000000000e+00
0.000000000000000000e+00
0.000000000000000000e+00
0.000000000000000000e+00
0.000000000000000000e+00
0.000000000000000000e+00
0.000000000000000000e+00
0.000000000000000000e+00
0.000000000000000000e+00
0.000000000000000000e+00
0.000000000000000000e+00
0.000000000000000000e+00
0.000000000000000000e+00
0.000000000000000000e+00
0.000000000000000000e+00
0.000000000000000000e+00
0.000000000000000000e+00
0.000000000000000000e+00
0.000000000000000000e+00
0.000000000000000000e+00
0.000000000000000000e+00
0.000000000000000000e+00
0.000000000000000000e+00
0.000000000000000000e+00
0.000000000000000000e+00
0.000000000000000000e+00
0.000000000000000000e+00
0.000000000000000000e+00
0.000000000000000000e+00
0.000000000000000000e+00
0.000000000000000000e+00
0.000000000000000000e+00
0.000000000000000000e+00
0.000000000000000000e+00
0.000000000000000000e+00
0.000000000000000000e+00
0.000000000000000000e+00
0.000000000000000000e+00
0.000000000000000000e+00
0.000000000000000000e+00
0.000000000000000000e+00
0.000000000000000000e+00
0.000000000000000000e+00
0.000000000000000000e+00
0.000000000000000000e+00
0.000000000000000000e+00
0.000000000000000000e+00
0.000000000000000000e+00
0.000000000000000000e+00
0.000000000000000000e+00
0.000000000000000000e+00
0.000000000000000000e+00
0.000000000000000000e+00
0.000000000000000000e+00
0.000000000000000000e+00
0.000000000000000000e+00
0.000000000000000000e+00
0.000000000000000000e+00
0.000000000000000000e+00
0.000000000000000000e+00
0.000000000000000000e+00
0.000000000000000000e+00
0.000000000000000000e+00
0.000000000000000000e+00
0.000000000000000000e+00
0.000000000000000000e+00
0.000000000000000000e+00
0.000000000000000000e+00
0.000000000000000000e+00
0.000000000000000000e+00
0.000000000000000000e+00
0.000000000000000000e+00
0.000000000000000000e+00
0.000000000000000000e+00
0.000000000000000000e+00
0.000000000000000000e+00
0.000000000000000000e+00
0.000000000000000000e+00
0.000000000000000000e+00
0.000000000000000000e+00
0.000000000000000000e+00
0.000000000000000000e+00
0.000000000000000000e+00
0.000000000000000000e+00
0.000000000000000000e+00
0.000000000000000000e+00
0.000000000000000000e+00
0.000000000000000000e+00
0.000000000000000000e+00
0.000000000000000000e+00
0.000000000000000000e+00
0.000000000000000000e+00
0.000000000000000000e+00
0.000000000000000000e+00
0.000000000000000000e+00
0.000000000000000000e+00
0.000000000000000000e+00
0.000000000000000000e+00
0.000000000000000000e+00
0.000000000000000000e+00
0.000000000000000000e+00
0.000000000000000000e+00
0.000000000000000000e+00
0.000000000000000000e+00
0.000000000000000000e+00
0.000000000000000000e+00
0.000000000000000000e+00
0.000000000000000000e+00
0.000000000000000000e+00
0.000000000000000000e+00
0.000000000000000000e+00
0.000000000000000000e+00
0.000000000000000000e+00
0.000000000000000000e+00
0.000000000000000000e+00
0.000000000000000000e+00
0.000000000000000000e+00
0.000000000000000000e+00
0.000000000000000000e+00
0.000000000000000000e+00
0.000000000000000000e+00
0.000000000000000000e+00
0.000000000000000000e+00
0.000000000000000000e+00
0.000000000000000000e+00
0.000000000000000000e+00
0.000000000000000000e+00
0.000000000000000000e+00
0.000000000000000000e+00
0.000000000000000000e+00
0.000000000000000000e+00
0.000000000000000000e+00
0.000000000000000000e+00
0.000000000000000000e+00
0.000000000000000000e+00
0.000000000000000000e+00
0.000000000000000000e+00
0.000000000000000000e+00
0.000000000000000000e+00
0.000000000000000000e+00
0.000000000000000000e+00
0.000000000000000000e+00
0.000000000000000000e+00
0.000000000000000000e+00
0.000000000000000000e+00
0.000000000000000000e+00
0.000000000000000000e+00
0.000000000000000000e+00
0.000000000000000000e+00
0.000000000000000000e+00
0.000000000000000000e+00
0.000000000000000000e+00
0.000000000000000000e+00
0.000000000000000000e+00
0.000000000000000000e+00
0.000000000000000000e+00
0.000000000000000000e+00
0.000000000000000000e+00
0.000000000000000000e+00
0.000000000000000000e+00
0.000000000000000000e+00
0.000000000000000000e+00
0.000000000000000000e+00
0.000000000000000000e+00
0.000000000000000000e+00
0.000000000000000000e+00
0.000000000000000000e+00
0.000000000000000000e+00
0.000000000000000000e+00
0.000000000000000000e+00
0.000000000000000000e+00
0.000000000000000000e+00
0.000000000000000000e+00
0.000000000000000000e+00
0.000000000000000000e+00
0.000000000000000000e+00
0.000000000000000000e+00
0.000000000000000000e+00
0.000000000000000000e+00
0.000000000000000000e+00
0.000000000000000000e+00
0.000000000000000000e+00
0.000000000000000000e+00
0.000000000000000000e+00
0.000000000000000000e+00
0.000000000000000000e+00
0.000000000000000000e+00
0.000000000000000000e+00
0.000000000000000000e+00
0.000000000000000000e+00
0.000000000000000000e+00
0.000000000000000000e+00
0.000000000000000000e+00
0.000000000000000000e+00
0.000000000000000000e+00
0.000000000000000000e+00
0.000000000000000000e+00
0.000000000000000000e+00
0.000000000000000000e+00
0.000000000000000000e+00
0.000000000000000000e+00
0.000000000000000000e+00
0.000000000000000000e+00
0.000000000000000000e+00
0.000000000000000000e+00
0.000000000000000000e+00
0.000000000000000000e+00
0.000000000000000000e+00
0.000000000000000000e+00
0.000000000000000000e+00
0.000000000000000000e+00
0.000000000000000000e+00
0.000000000000000000e+00
0.000000000000000000e+00
0.000000000000000000e+00
0.000000000000000000e+00
0.000000000000000000e+00
0.000000000000000000e+00
0.000000000000000000e+00
0.000000000000000000e+00
0.000000000000000000e+00
0.000000000000000000e+00
0.000000000000000000e+00
0.000000000000000000e+00
0.000000000000000000e+00
0.000000000000000000e+00
0.000000000000000000e+00
0.000000000000000000e+00
0.000000000000000000e+00
0.000000000000000000e+00
0.000000000000000000e+00
0.000000000000000000e+00
0.000000000000000000e+00
0.000000000000000000e+00
0.000000000000000000e+00
0.000000000000000000e+00
0.000000000000000000e+00
0.000000000000000000e+00
0.000000000000000000e+00
0.000000000000000000e+00
0.000000000000000000e+00
0.000000000000000000e+00
0.000000000000000000e+00
0.000000000000000000e+00
0.000000000000000000e+00
0.000000000000000000e+00
0.000000000000000000e+00
0.000000000000000000e+00
0.000000000000000000e+00
0.000000000000000000e+00
0.000000000000000000e+00
0.000000000000000000e+00
0.000000000000000000e+00
0.000000000000000000e+00
0.000000000000000000e+00
0.000000000000000000e+00
0.000000000000000000e+00
0.000000000000000000e+00
0.000000000000000000e+00
0.000000000000000000e+00
0.000000000000000000e+00
0.000000000000000000e+00
0.000000000000000000e+00
0.000000000000000000e+00
0.000000000000000000e+00
0.000000000000000000e+00
0.000000000000000000e+00
0.000000000000000000e+00
0.000000000000000000e+00
0.000000000000000000e+00
0.000000000000000000e+00
0.000000000000000000e+00
0.000000000000000000e+00
0.000000000000000000e+00
0.000000000000000000e+00
0.000000000000000000e+00
0.000000000000000000e+00
0.000000000000000000e+00
0.000000000000000000e+00
0.000000000000000000e+00
0.000000000000000000e+00
0.000000000000000000e+00
0.000000000000000000e+00
0.000000000000000000e+00
0.000000000000000000e+00
0.000000000000000000e+00
0.000000000000000000e+00
0.000000000000000000e+00
0.000000000000000000e+00
0.000000000000000000e+00
0.000000000000000000e+00
0.000000000000000000e+00
0.000000000000000000e+00
0.000000000000000000e+00
0.000000000000000000e+00
0.000000000000000000e+00
0.000000000000000000e+00
0.000000000000000000e+00
0.000000000000000000e+00
0.000000000000000000e+00
0.000000000000000000e+00
0.000000000000000000e+00
0.000000000000000000e+00
0.000000000000000000e+00
0.000000000000000000e+00
0.000000000000000000e+00
0.000000000000000000e+00
0.000000000000000000e+00
0.000000000000000000e+00
0.000000000000000000e+00
0.000000000000000000e+00
0.000000000000000000e+00
0.000000000000000000e+00
0.000000000000000000e+00
0.000000000000000000e+00
0.000000000000000000e+00
0.000000000000000000e+00
0.000000000000000000e+00
0.000000000000000000e+00
0.000000000000000000e+00
0.000000000000000000e+00
0.000000000000000000e+00
0.000000000000000000e+00
0.000000000000000000e+00
0.000000000000000000e+00
0.000000000000000000e+00
0.000000000000000000e+00
0.000000000000000000e+00
0.000000000000000000e+00
0.000000000000000000e+00
0.000000000000000000e+00
0.000000000000000000e+00
0.000000000000000000e+00
0.000000000000000000e+00
0.000000000000000000e+00
0.000000000000000000e+00
0.000000000000000000e+00
0.000000000000000000e+00
0.000000000000000000e+00
0.000000000000000000e+00
0.000000000000000000e+00
0.000000000000000000e+00
0.000000000000000000e+00
0.000000000000000000e+00
0.000000000000000000e+00
0.000000000000000000e+00
0.000000000000000000e+00
0.000000000000000000e+00
0.000000000000000000e+00
0.000000000000000000e+00
0.000000000000000000e+00
0.000000000000000000e+00
0.000000000000000000e+00
0.000000000000000000e+00
0.000000000000000000e+00
0.000000000000000000e+00
0.000000000000000000e+00
0.000000000000000000e+00
0.000000000000000000e+00
0.000000000000000000e+00
0.000000000000000000e+00
0.000000000000000000e+00
0.000000000000000000e+00
0.000000000000000000e+00
0.000000000000000000e+00
0.000000000000000000e+00
0.000000000000000000e+00
0.000000000000000000e+00
0.000000000000000000e+00
0.000000000000000000e+00
0.000000000000000000e+00
0.000000000000000000e+00
0.000000000000000000e+00
0.000000000000000000e+00
0.000000000000000000e+00
0.000000000000000000e+00
0.000000000000000000e+00
0.000000000000000000e+00
0.000000000000000000e+00
0.000000000000000000e+00
0.000000000000000000e+00
0.000000000000000000e+00
0.000000000000000000e+00
0.000000000000000000e+00
0.000000000000000000e+00
0.000000000000000000e+00
0.000000000000000000e+00
0.000000000000000000e+00
0.000000000000000000e+00
0.000000000000000000e+00
0.000000000000000000e+00
0.000000000000000000e+00
0.000000000000000000e+00
0.000000000000000000e+00
0.000000000000000000e+00
0.000000000000000000e+00
0.000000000000000000e+00
0.000000000000000000e+00
0.000000000000000000e+00
0.000000000000000000e+00
0.000000000000000000e+00
0.000000000000000000e+00
0.000000000000000000e+00
0.000000000000000000e+00
0.000000000000000000e+00
0.000000000000000000e+00
0.000000000000000000e+00
0.000000000000000000e+00
0.000000000000000000e+00
0.000000000000000000e+00
0.000000000000000000e+00
0.000000000000000000e+00
0.000000000000000000e+00
0.000000000000000000e+00
0.000000000000000000e+00
0.000000000000000000e+00
0.000000000000000000e+00
0.000000000000000000e+00
0.000000000000000000e+00
0.000000000000000000e+00
0.000000000000000000e+00
0.000000000000000000e+00
0.000000000000000000e+00
0.000000000000000000e+00
0.000000000000000000e+00
0.000000000000000000e+00
0.000000000000000000e+00
0.000000000000000000e+00
0.000000000000000000e+00
0.000000000000000000e+00
0.000000000000000000e+00
0.000000000000000000e+00
0.000000000000000000e+00
0.000000000000000000e+00
0.000000000000000000e+00
0.000000000000000000e+00
0.000000000000000000e+00
0.000000000000000000e+00
0.000000000000000000e+00
0.000000000000000000e+00
0.000000000000000000e+00
0.000000000000000000e+00
0.000000000000000000e+00
0.000000000000000000e+00
0.000000000000000000e+00
0.000000000000000000e+00
0.000000000000000000e+00
0.000000000000000000e+00
0.000000000000000000e+00
0.000000000000000000e+00
0.000000000000000000e+00
0.000000000000000000e+00
0.000000000000000000e+00
0.000000000000000000e+00
0.000000000000000000e+00
0.000000000000000000e+00
0.000000000000000000e+00
0.000000000000000000e+00
0.000000000000000000e+00
0.000000000000000000e+00
0.000000000000000000e+00
0.000000000000000000e+00
0.000000000000000000e+00
0.000000000000000000e+00
0.000000000000000000e+00
0.000000000000000000e+00
0.000000000000000000e+00
0.000000000000000000e+00
0.000000000000000000e+00
0.000000000000000000e+00
0.000000000000000000e+00
0.000000000000000000e+00
0.000000000000000000e+00
0.000000000000000000e+00
0.000000000000000000e+00
0.000000000000000000e+00
0.000000000000000000e+00
0.000000000000000000e+00
0.000000000000000000e+00
0.000000000000000000e+00
0.000000000000000000e+00
0.000000000000000000e+00
0.000000000000000000e+00
0.000000000000000000e+00
0.000000000000000000e+00
0.000000000000000000e+00
0.000000000000000000e+00
0.000000000000000000e+00
0.000000000000000000e+00
0.000000000000000000e+00
0.000000000000000000e+00
0.000000000000000000e+00
0.000000000000000000e+00
0.000000000000000000e+00
0.000000000000000000e+00
0.000000000000000000e+00
0.000000000000000000e+00
0.000000000000000000e+00
0.000000000000000000e+00
0.000000000000000000e+00
0.000000000000000000e+00
0.000000000000000000e+00
0.000000000000000000e+00
0.000000000000000000e+00
0.000000000000000000e+00
0.000000000000000000e+00
0.000000000000000000e+00
0.000000000000000000e+00
0.000000000000000000e+00
0.000000000000000000e+00
0.000000000000000000e+00
0.000000000000000000e+00
0.000000000000000000e+00
0.000000000000000000e+00
0.000000000000000000e+00
0.000000000000000000e+00
0.000000000000000000e+00
0.000000000000000000e+00
0.000000000000000000e+00
0.000000000000000000e+00
0.000000000000000000e+00
