-1.100000000000000089e+00
-5.647588309358512193e-01
-2.899568519272994749e-01
-1.488688115602739837e-01
-7.643179634508170950e-02
-3.924139268197763403e-02
-2.014720277760759931e-02
-1.034391880664472727e-02
-5.310744993214586152e-03
-2.726627394332994773e-03
-1.399897181473788894e-03
-7.187311778541187078e-04
-3.690088906927630765e-04
-1.894554815568911729e-04
-9.726968752587132432e-05
-4.993992273873334027e-05
-2.564001125723072141e-05
-1.316402071165060848e-05
-6.758633588661031549e-06
-3.469998185687257444e-06
-1.781556471543870733e-06
-9.146815910139247283e-07
-4.696131872905171614e-07
-2.411074496784101053e-07
-1.237886921911850427e-07
-6.355523371361046195e-08
-3.263034499268503255e-08
-1.675297771918389240e-08
-8.601265555800588994e-09
-4.416036981693415082e-09
-2.267268984682414029e-09
-1.164054710187593623e-09
-5.976456157008345716e-10
-3.068414902155817413e-10
-1.575376739061510808e-10
-8.088253867599222459e-11
-4.152647998707007628e-11
-2.132040571852608505e-11
-1.094626128061168797e-11
-5.619997930869657771e-12
-2.885403146636224403e-12
-1.481415370793549617e-12
-7.605840117634223927e-13
-3.904968521018269113e-13
-2.004877687974166356e-13
-1.029338526572419343e-13
-5.284800208220640302e-14
-2.713306897567490277e-14
-1.393058210400359498e-14
-7.152199330284526215e-15
-3.672061574901498555e-15
-1.885299274696214615e-15
-9.679449221287679821e-16
-4.969594933015764417e-16
-2.551475113267926696e-16
-1.309971001937378419e-16
-6.725615378309235469e-17
-3.453046071252832740e-17
-1.772852965789443862e-17
-9.102130621639986568e-18
-4.673189680820748066e-18
-2.399295582619832642e-18
-1.231839425736292954e-18
-6.324474490722916850e-19
-3.247093472422087042e-19
-1.667113375840475531e-19
-8.559245465247177234e-20
-4.394463147859993215e-20
-2.256192609069162592e-20
-1.158367909330919442e-20
-5.947259147884888547e-21
-3.053424657847273236e-21
-1.567680491015028764e-21
-8.048740012605372269e-22
-4.132360909114179058e-22
-2.121624832760309673e-22
-1.089278509303805662e-22
-5.592542340708737901e-23
-2.871306976634475278e-23
-1.474178155801857903e-23
-7.568683016925660179e-24
-3.885891429420888263e-24
-1.995083182566717722e-24
-1.024309859823774343e-24
-5.258982172274015703e-25
-2.700051475932694118e-25
-1.386252650013055322e-25
-7.117258418210006095e-26
-3.654122312487853382e-26
-1.876088950270217880e-26
-9.632161838966173189e-27
-4.945316781417697469e-27
-2.539010294618993224e-27
-1.303571350657379179e-27
-6.692758473079379626e-28
-3.436176773629368611e-28
-1.764191979603501899e-28
-9.057663635884309881e-29
-4.650359569102038605e-29
-2.387574212434003497e-29
-1.225821473624370183e-29
-6.293577294365165400e-30
-3.231230322881883508e-30
-1.658968963304760746e-30
-8.517430657044243913e-31
-4.372994709499511788e-31
-2.245170345295995273e-31
-1.152708890419290844e-31
-5.918204776023252835e-32
-3.038507645950770394e-32
-1.560021841742562633e-32
-8.009419196153808903e-33
-4.112172928813607602e-33
-2.111259978075318716e-33
-1.083957015472238373e-33
-5.565220880389208671e-34
-2.857279671189479443e-34
-1.466976297052487590e-34
-7.531707441217844513e-35
-3.866907535866438474e-35
-1.985336526629956855e-35
-1.019305759812520483e-35
-5.233290266162765024e-36
-2.686860811514580778e-36
-1.379480337089381698e-36
-7.082488204305459717e-37
-3.636270689436808021e-37
-1.866923621393294311e-37
-9.585105471496478982e-38
-4.921157236799232694e-38
-2.526606370823841806e-38
-1.297202963837782136e-38
-6.660062084941304589e-39
-3.419389888228746423e-39
-1.755573305263596483e-39
-9.013413886389566811e-40
-4.627640990198468849e-40
-2.375910105104851748e-40
-1.219832921243350292e-40
-6.262831041258685942e-41
-3.215444670190953564e-41
-1.650864338978134487e-41
-8.475820128317941847e-42
-4.351631151719493350e-42
-2.234201929008292087e-42
-1.147077517728491649e-42
-5.889292344592247387e-43
-3.023663508701236620e-43
-1.552400607561360330e-43
-7.970290475186066025e-44
-4.092083573622920180e-44
-2.100945759210063409e-44
-1.078661518937382726e-44
-5.538032894641480860e-45
-2.843320893874542271e-45
-1.459809621818255368e-45
-7.494912503699828732e-46
-3.848016385050898967e-46
-1.975637486403060713e-46
-1.014326106521846457e-46
-5.207723873699899104e-47
-2.673734587952277968e-47
-1.372741109204246623e-47
-7.047887854652457117e-48
-3.618506277600494011e-48
-1.857803068246985675e-48
-9.538278990292727677e-49
-4.897115719725239777e-49
-2.514263044390539110e-49
-1.290865688741098479e-49
-6.627525429714837786e-50
-3.402685012439417265e-50
-1.746996736062016987e-50
-8.969380311883107569e-51
-4.605033399234654751e-51
-2.364302980883909843e-51
-1.213873624965597872e-51
-6.232234993994833536e-52
-3.199736135750915816e-52
-1.642799308481729537e-52
-8.434412881094199895e-53
-4.330371962142747797e-53
-2.223287097142863461e-53
-1.141473656197418105e-53
-5.860521160164750598e-54
-3.008891890081358697e-54
-1.544816605686094267e-54
-7.931352911250585332e-55
-4.072092361725075667e-55
-2.090681928791501848e-55
-1.073391892693630585e-55
-5.510977731397102343e-56
-2.829430309906656519e-56
-1.452677958215783322e-56
-7.458297321892814510e-57
-3.829217523894741625e-57
-1.965985829267172746e-57
-1.009370780521233954e-57
-5.182282381708956788e-58
-2.660672490430396896e-58
-1.366034804726020370e-58
-7.013456539406894173e-59
-3.600828650922614689e-59
-1.848727072086668512e-59
-9.491681272283055609e-60
-4.873191653591219355e-60
-2.501980019280429882e-60
-1.284559373376079610e-60
-6.595147727050647762e-61
-3.386061745616626271e-61
-1.738462066300974642e-61
-8.925561856277017493e-62
-4.582536253996854058e-62
-2.352752561389493227e-62
-1.207943441865156549e-62
-6.201788418767103059e-63
-3.184104342813130645e-63
-1.634773678386297824e-63
-8.393207922273903280e-64
-4.309216630895434954e-64
-2.212425587921687988e-64
-1.135897171424720003e-64
-5.831890532701556257e-65
-2.994192435813109761e-65
-1.537269654224316802e-65
-7.892605570480852222e-66
-4.052198813656904690e-66
-2.080468240654976042e-66
-1.068148010355893129e-66
-5.484054741773231245e-67
-2.815607586138184497e-67
-1.445581135201391218e-67
-7.421861017629692404e-68
-3.810510501531665956e-68
-1.956381323739843908e-68
-1.004439662963688806e-68
-5.156965180008750066e-69
-2.647674205671510264e-69
-1.359361262812786187e-69
-6.979193432778336861e-70
-3.583237385428273823e-70
-1.839695415236479225e-70
-9.445311199881633601e-71
-4.849384464609549480e-71
-2.489757000901267036e-71
-1.278283866493931015e-71
-6.562928200411627640e-72
-3.369519689073123442e-72
-1.729969091287485661e-72
-8.881957468642604753e-73
-4.560149014920543241e-73
-2.341258569599773423e-73
-1.202042229714294334e-73
-6.171490585354320059e-74
-3.168548916469319967e-74
-1.626787256207534696e-74
-8.352204263610156232e-75
-4.288164650594376930e-75
-2.201617140845587451e-75
-1.130347929665724689e-75
-5.803399775534202947e-76
-2.979564793349190109e-76
-1.529759572172296017e-76
-7.854047523572159045e-77
-4.032402452297520038e-77
-2.070304449838571373e-77
-1.062929746156454553e-77
-5.457263280056965008e-78
-2.801852391049226875e-78
-1.438518982567046327e-78
-7.385602717032753522e-79
-3.791894869298276253e-79
-1.946823739469550923e-79
-9.995326355827239739e-80
-5.131771661399406826e-80
-2.634739421928731839e-80
-1.352720323408258990e-80
-6.945097713011111742e-81
-3.565732059213941060e-81
-1.830707881083790686e-81
-9.399167660963098606e-82
-4.825693581795889213e-82
-2.477593696099739077e-82
-1.272039017584851238e-82
-6.530866077054506891e-83
-3.353058446069042816e-83
-1.721517607328684092e-83
-8.838566103185573958e-84
-4.537871145076703507e-84
-2.329820729846432359e-84
-1.196169846980143574e-84
-6.141340767102075239e-85
-3.153069483642986210e-85
-1.618839850401533845e-85
-8.311400921683158268e-86
-4.267215516335437440e-86
-2.190861496688073038e-86
-1.124825797829033697e-86
-5.775048205349248728e-87
-2.965008611864695689e-87
-1.522286179410411406e-87
-7.815677845760323732e-88
-4.012702802857044634e-88
-2.060190312576890509e-88
-1.057736974942092212e-88
-5.430602703690076644e-89
-2.788164394739190834e-89
-1.431491330936259586e-89
-7.349521550494112720e-90
-3.773370180722671891e-90
-1.937312847230143516e-90
-9.946495806897096322e-91
-5.106701221646911961e-91
-2.621867828978200454e-91
-1.346111827238198988e-91
-6.911168562363409480e-92
-3.548312252437275534e-92
-1.821764254074358992e-92
-9.353249548834253460e-93
-4.802118436955418673e-93
-2.465489813154898573e-93
-1.265824676874203384e-93
-6.498960588011214459e-94
-3.336677621803014741e-94
-1.713107411726640959e-94
-8.795386719220807279e-95
-4.515702110159781972e-95
-2.318438767807653972e-95
-1.190326152821289418e-95
-6.111338240906437945e-96
-3.137665673079921630e-96
-1.610931270360167627e-96
-8.270796917878150551e-97
-4.246368725680682235e-97
-2.180158397489095609e-97
-1.119330643473542806e-97
-5.746835142170892303e-98
-2.950523542248663784e-98
-1.514849296699118590e-98
-7.777495616798169686e-99
-3.993099392865166416e-99
-2.050125586295587823e-99
-1.052569572170894117e-99
-5.404072373253535889e-100
-2.774543268919400186e-100
-1.424498011759882094e-100
-7.313616652654210457e-101
-3.754935991514442855e-101
-1.927848418915152474e-101
-9.897903811709645839e-102
-5.081753259469582021e-102
-2.609059118111381566e-102
-1.339535615806473558e-102
-6.877405167088956004e-103
-3.530977547306707566e-103
-1.812864319706994785e-103
-9.307555762209275959e-104
-4.778658464668733013e-104
-2.453445061770953582e-104
-1.259640695319158731e-104
-6.467210968069797239e-105
-3.320376823402406889e-105
-1.704738302773821101e-105
-8.752418281146540796e-106
-4.493641378474491099e-106
-2.307112410501974517e-106
-1.184511007084273863e-106
-6.081482287196078900e-107
-3.122337115339890055e-107
-1.603061326406355404e-107
-8.230391278361244329e-108
-4.225623778647122401e-108
-2.169507586548641399e-108
-1.113862334805165809e-108
-5.718759909345739193e-109
-2.936109237095404457e-109
-1.507448745674518274e-109
-7.739499920934911671e-110
-3.973591752159413387e-110
-2.040110029605374800e-110
-1.047427413909467714e-110
-5.377671652451623654e-111
-2.760988686904977076e-111
-1.417538857312305676e-111
-7.277887162380434359e-112
-3.736591859553578350e-112
-1.918430227532706260e-112
-9.849549204848635279e-113
-5.056927176523047917e-113
-2.596312982128181480e-113
-1.332991531391143202e-113
-6.843806717416708798e-114
-3.513727528072120048e-114
-1.804007864528264665e-114
-9.262085205182226973e-115
-4.755313102279233307e-115
-2.441459153070095357e-115
-1.253486924604976776e-115
-6.435616455757355000e-116
-3.304155659913618987e-116
-1.696410079748050857e-116
-8.709659758421271590e-117
-4.471688420922665417e-117
-2.295841386281472183e-117
-1.178724270300470463e-117
-6.051772189914503070e-118
-3.107083442787405814e-118
-1.595229829789837821e-118
-8.190183034055352092e-119
-4.204980177694232600e-119
-2.158908808421011537e-119
-1.108420740673580831e-119
-5.690821833525908635e-120
-2.921765350696755846e-120
-1.500084348843951014e-120
-7.701689846893284008e-121
-3.954179412874664675e-121
-2.030143402296058213e-121
-1.042310376829846905e-121
-5.351399908097756877e-122
-2.747500323606775783e-122
-1.410613700687278399e-122
-7.242332222747929645e-123
-3.718337344880080195e-123
-1.909058047199592040e-123
-9.801430826592378016e-124
-5.032222377386200473e-124
-2.583629115328915444e-124
-1.326479417040946219e-124
-6.810372407531819661e-125
-3.496561781013978075e-125
-1.795194676127733495e-125
-9.216836787201307311e-126
-4.732081789878417078e-126
-2.429531799586060322e-126
-1.247363217141520214e-126
-6.404176293320126979e-127
-3.288013742293368324e-127
-1.688122542907800563e-127
-8.667110125536796528e-128
-4.449842710991478245e-128
-2.284625424825380543e-128
-1.172965803682436344e-128
-6.022207236504080797e-129
-3.091904289583094790e-129
-1.587436592682235528e-129
-8.150171220618585443e-130
-4.184437427712258497e-130
-2.148361808908137191e-130
-1.103005730569305665e-130
-5.663020244653215334e-131
-2.907491539033043160e-131
-1.492755929582038628e-131
-7.664064487848147036e-132
-3.934861909430918802e-132
-2.020225465331182980e-132
-1.037218338206593939e-132
-5.325256510097920041e-133
-2.734077855524133078e-133
-1.403722375793981254e-133
-7.206950981017176198e-134
-3.700172009683092042e-134
-1.899731653136493198e-134
-9.753547522883432556e-135
-5.007638269546476302e-135
-2.571007213507857661e-135
-1.319999116571191415e-135
-6.777101435555734808e-136
-3.479479894434602647e-136
-1.786424543132407455e-136
-9.171809423041898159e-137
-4.708963970294062006e-137
-2.417662715256607711e-137
-1.241269426059608274e-137
-6.372889726707510670e-138
-3.271950683398511024e-138
-1.679875493487247898e-138
-8.624768361996601686e-139
-4.428103724739659662e-139
-2.273464257133411848e-139
-1.167235469120986483e-139
-5.992786717887414825e-140
-3.076799291674656019e-140
-1.579681428173091625e-140
-8.110354878419038044e-141
-4.163995036009988646e-141
-2.137866335054222106e-141
-1.097617174620284079e-141
-5.635354475942610369e-142
-2.893287459765822661e-142
-1.485463312126067137e-142
-7.626622941404063569e-143
-3.915638778523472921e-143
-2.010355980841781128e-143
-1.032151175913767132e-143
-5.299240831437383570e-144
-2.720720960736407366e-144
-1.396864717352925313e-144
-7.171742588616012447e-145
-3.682095418290507633e-145
-1.890450821661890673e-145
-9.705898145304259910e-146
-4.983174263385796666e-146
-2.558446973944991500e-146
-1.313550474560465902e-146
-6.743993003527155914e-147
-3.462481458647001382e-147
-1.777697255202276228e-147
-9.127002032780821219e-148
-4.685959089075117228e-148
-2.405851615417490214e-148
-1.235205405207532027e-148
-6.341756005551605468e-149
-3.255966097977882410e-149
-1.671668733691562903e-149
-8.582633452288161147e-150
-4.406470940786453647e-150
-2.262357615519373449e-150
-1.161533129181445316e-150
-5.963509928452379416e-151
-3.061768086788221108e-151
-1.571964150264799490e-151
-8.070733052514545718e-152
-4.143652512303057025e-152
-2.127422135138877986e-152
-1.092254943589147775e-152
-5.607823863866358623e-153
-2.879152772228594118e-153
-1.478206321572277366e-153
-7.589364309573896378e-154
-3.896509559110354239e-154
-2.000534712121355506e-154
-1.027108768422022695e-154
-5.273352248163686589e-155
-2.707429318896190583e-155
-1.390040560892028839e-155
-7.136706201116607004e-156
-3.664107137159253189e-156
-1.881215330187026712e-156
-9.658481551046063060e-157
-4.958829772167416294e-157
-2.545948095399191354e-157
-1.307133336346417244e-157
-6.711046317384248930e-158
-3.445566065965642338e-158
-1.769012603024609040e-158
-9.082413541772239407e-159
-4.663066594479214674e-159
-2.394098216794729082e-159
-1.229171009147792490e-159
-6.310774383150315904e-160
-3.240059602661840735e-160
-1.663502066692495648e-160
-8.540704385860076193e-161
-4.384943840297469260e-161
-2.251305233605194404e-161
-1.155858647100553715e-161
-5.934376166032983243e-162
-3.046810314420275210e-162
-1.564284573868414007e-162
-8.031304792626774112e-163
-4.123409368703008722e-163
-2.117028958671457929e-163
-1.086918908869709471e-163
-5.580427748139240732e-164
-2.865087137419129598e-164
-1.470984783871121402e-164
-7.552287698758768391e-165
-3.877473792401937771e-165
-1.990761423619457114e-165
-1.022090994795903855e-165
-5.247590139372590742e-166
-2.694202611220615734e-166
-1.383249742742948655e-166
-7.101840978216453303e-167
-3.646206734863635031e-167
-1.872024957210886182e-167
-9.611296602883064255e-168
-4.934604212020148870e-168
-2.533510278101430580e-168
-1.300747548022272852e-168
-6.678260586943287190e-169
-3.428733310697264510e-169
-1.760370378309237279e-169
-9.038042880618770950e-170
-4.640285937460231190e-170
-2.382402237498237018e-170
-1.223166093153192212e-170
-6.279944116450511766e-171
-3.224230815953637115e-171
-1.655375296623082470e-171
-8.498980157099293409e-172
-4.363521906973003482e-172
-2.240306846313766383e-172
-1.150211886783384003e-172
-5.905384731893557611e-173
-3.031925615827961004e-173
-1.556642514799479685e-173
-7.992069153119827860e-174
-4.103265119704184635e-174
-2.106686556385406453e-174
-1.081608942484067223e-174
-5.553165471700792785e-175
-2.851090217991831844e-175
-1.463798525823343510e-175
-7.515392219724047160e-176
-3.858531021850604844e-176
-1.981035880936382815e-176
-1.017097734690589322e-176
-5.221953887194081426e-177
-2.681040520484179577e-177
-1.376492100036680696e-177
-7.067146083719415892e-178
-3.628393782085619688e-178
-1.862879482314239958e-178
-9.564342169146854516e-179
-4.910497001925217002e-179
-2.521133223746720814e-179
-1.294392956433367889e-179
-6.645635025880865620e-180
-3.411982789129968893e-180
-1.751770373783863265e-180
-8.993888985147409652e-181
-4.617616571653520788e-181
-2.370763397015460247e-181
-1.217190513203575861e-181
-6.249264466028057468e-182
-3.208479358220813436e-182
-1.647288228573238990e-182
-8.457459765304063655e-183
-4.342204627036391035e-183
-2.229362189862972819e-183
-1.144592712799681221e-183
-5.876534930713002096e-184
-3.017113634021005422e-184
-1.549037789773077547e-184
-7.953025192978923158e-185
-4.083219282172785350e-185
-2.096394680231559386e-185
-1.076324917079718797e-185
-5.526036380700522907e-186
-2.837161678248661781e-186
-1.456647375076074197e-186
-7.478676987579312895e-187
-3.839680793138460644e-187
-1.971357850817889062e-187
-1.012128868349183744e-187
-5.196442876775752406e-188
-2.667942731011591030e-188
-1.369767470699890538e-188
-7.032620685513248754e-189
-3.610667851605155869e-189
-1.853778686154682730e-189
-9.517617123695969199e-190
-4.886507563703156640e-190
-2.508816635487397764e-190
-1.288069409173028806e-190
-6.613168851716169315e-191
-3.395314099524125872e-191
-1.743212383188482451e-191
-8.949950796385526569e-192
-4.595057953363621831e-192
-2.359181416203838940e-192
-1.211244125982582335e-192
-6.218734696071156722e-193
-3.192804851684995765e-193
-1.639240668585361769e-193
-8.416142214661404691e-194
-4.320991489220200880e-194
-2.218471001759742799e-194
-1.139000990380814047e-194
-5.847826070566087283e-195
-3.002374013753667014e-195
-1.541470216399698410e-195
-7.914171975785093458e-196
-4.063271375335981956e-196
-2.086153083372558318e-196
-1.071066705926138227e-196
-5.499039824483159013e-197
-2.823301184131580658e-197
-1.449531160118196752e-197
-7.442141121758414592e-198
-3.820922654167114959e-198
-1.961727101148919620e-198
-1.007184276600017287e-198
-5.171056496268964155e-199
-2.654908928669281349e-199
-1.363075693451262098e-199
-6.998263955550862609e-200
-3.593028518288692111e-200
-1.844722350461688080e-200
-9.471120345890535344e-201
-4.862635321998268795e-201
-2.496560217926424882e-201
-1.281776754579140888e-201
-6.580861285789931557e-202
-3.378726842103321747e-202
-1.734696201270742033e-202
-8.906227260532395294e-203
-4.572609541551990132e-203
-2.347656017284519715e-203
-1.205326788873792839e-203
-6.188354074363763243e-204
-3.177206920413386097e-204
-1.631232423649116275e-204
-8.375026514224659751e-205
-4.299881984754715877e-205
-2.207633020792993605e-205
-1.133436585416735528e-205
-5.819257462907878329e-206
-2.987706401515186288e-206
-1.533939613181130467e-206
-7.875508569694097576e-207
-4.043420920768986415e-207
-2.075961520177284116e-207
-1.065834182911921317e-207
-5.472175155571160894e-208
-2.809508403215018063e-208
-1.442449710276485102e-208
-7.405783745995780410e-209
-3.802256155047479243e-209
-1.952143400948380279e-209
-1.002263840853441582e-209
-5.145794136815045283e-210
-2.641938800858334546e-210
-1.356416607797158267e-210
-6.964075069831650832e-211
-3.575475359079595682e-211
-1.835710258030738045e-211
-9.424850720566999099e-212
-4.838879704265665561e-212
-2.484363677109452998e-212
-1.275514841730727888e-212
-6.548711553246906056e-213
-3.362220619043604747e-213
-1.726221623781312594e-213
-8.862717328935477416e-214
-4.550270797822454203e-214
-2.336186923836094193e-214
-1.199438359957518259e-214
-6.158121872265894683e-215
-3.161685190310287356e-215
-1.623263301697089544e-215
-8.334111677886845619e-216
-4.278875607356464141e-216
-2.196847987027746779e-216
-1.127899364452377559e-216
-5.790828422558203046e-217
-2.973110445521825680e-217
-1.526445799505579761e-217
-7.837034047415414370e-218
-4.023667442384280359e-218
-2.065819746214253234e-218
-1.060627222541942231e-218
-5.445441729650135748e-219
-2.795783004696933489e-219
-1.435402855711756179e-219
-7.369603988306711512e-220
-3.783680848087675462e-220
-1.942606520363931977e-220
-9.973674430991593227e-221
-5.120655192528924927e-221
-2.629032036507433434e-221
-1.349790054028009349e-221
-6.930053208379334588e-222
-3.558007952988622524e-222
-1.826742192718433788e-222
-9.378807138008138176e-223
-4.815240140758356532e-223
-2.472226720518342362e-223
-1.269283520443824275e-223
-6.516718883018389280e-224
-3.345795034464719998e-224
-1.717788447468298175e-224
-8.819419958066761973e-225
-4.528041186409351732e-225
-2.324773860787033129e-225
-1.193578698007599885e-225
-6.128037364697573908e-226
-3.146239289106867130e-226
-1.615333111600459379e-226
-8.293396724358917554e-227
-4.257971853214368203e-227
-2.186115641799270863e-227
-1.122389194684710127e-227
-5.762538267682912371e-228
-2.958585795708936352e-228
-1.518988595643688758e-228
-7.798747486186862697e-229
-4.004010466420880125e-229
-2.055727518246231449e-229
-1.055445699933920437e-229
-5.418838905554315358e-230
-2.782124659391526339e-230
-1.428390427414220501e-230
-7.333600980967696126e-231
-3.765196287783167805e-231
-1.933116230665698023e-231
-9.924949659035638473e-232
-5.095639060485777202e-232
-2.616188326064353314e-232
-1.343195873214710652e-232
-6.896197555223896740e-233
-3.540625881082389072e-233
-1.817817939437621650e-233
-9.332988493918619548e-234
-4.791716064511665043e-234
-2.460149057063862057e-234
-1.263082641268523870e-234
-6.484882507801132964e-235
-3.329449694420234640e-235
-1.709396470073245245e-235
-8.776334109494213841e-236
-4.505920174164160298e-236
-2.313416554410285720e-236
-1.187747662487544670e-236
-6.098099830120737389e-237
-3.130868846353846625e-237
-1.607441663163765206e-237
-8.252880677145296892e-238
-4.237170220979846956e-238
-2.175435727705999075e-238
-1.116905943959426763e-238
-5.734386319780482550e-239
-2.944132103721380326e-239
-1.511567822744052732e-239
-7.760647967756487165e-240
-3.984449521431374213e-240
-2.045684594224163507e-240
-1.050289490815967014e-240
-5.392366045249008638e-241
-2.768533039721023097e-241
-1.421412257200166009e-241
-7.297773860492677200e-242
-3.746802030805649520e-242
-1.923672304241774515e-242
-9.876462924065248497e-243
-5.070745140705982382e-243
-2.603407361489879046e-243
-1.336633907204274428e-243
-6.862507298381215108e-244
-3.523328726475153448e-244
-1.808937284151507421e-244
-9.287393689397434887e-245
-4.768306911332087529e-245
-2.448130397079131967e-245
-1.256912055484531122e-245
-6.453201664042259449e-246
-3.313184206888654375e-246
-1.701045490325120937e-246
-8.733458749861393815e-247
-4.483907230543480120e-247
-2.302114732315129217e-247
-1.181945113547765303e-247
-6.068308550522975336e-248
-3.115573493410468268e-248
-1.599588767121171650e-248
-8.212562564521854237e-249
-4.216470211751885990e-249
-2.164807988604478806e-249
-1.111449480767967535e-249
-5.706371903661818206e-250
-2.929749022906689161e-250
-1.504183302829189816e-250
-7.722734578355209618e-251
-3.964984138272660920e-251
-2.035690733281719579e-251
-1.045158471522884813e-251
-5.366022513818072869e-252
-2.755007819708293504e-252
-1.414468177706948161e-252
-7.262121767616093193e-253
-3.728497635993047011e-253
-1.914274514591452313e-253
-9.828213063190943867e-254
-5.045972836141597786e-254
-2.590688836248634875e-254
-1.330103998616723165e-254
-6.828981629834770190e-255
-3.506116074316395202e-255
-1.800100013869453133e-255
-9.242021630913135666e-256
-4.745012119780499652e-256
-2.436170452312528751e-256
-1.250771615098530399e-256
-6.421675591916539353e-257
-3.296998181763829418e-257
-1.692735307936751438e-257
-8.690792850856673027e-258
-4.462001827596049539e-258
-2.290868123442350168e-258
-1.176170912021416414e-258
-6.038662811399947375e-259
-3.100352863437978868e-259
-1.591774235130834650e-259
-8.172441419512118989e-260
-4.195871329068221046e-260
-2.154232169601740111e-260
-1.106019674244297647e-260
-5.678494347438301633e-261
-2.915436208304741873e-261
-1.496834858791181326e-261
-7.685006408680668076e-262
-3.945613850091983866e-262
-2.025745695729396880e-262
-1.040052518993981885e-262
-5.339807679445005660e-263
-2.741548674968869414e-263
-1.407558022390030420e-263
-7.226643847267294232e-264
-3.710282664338722135e-264
-1.904922636321211829e-264
-9.780198919200436889e-265
-5.021321552661749366e-265
-2.578032445303661490e-265
-1.323605990840404494e-265
-6.795619745515855851e-266
-3.488987511783482433e-266
-1.791305916640635237e-266
-9.196871230277062038e-267
-4.721831131162221714e-267
-2.424268935919805051e-267
-1.244661172840200828e-267
-6.390303535312945618e-268
-3.280891230844284750e-268
-1.684465723599431465e-268
-8.648335389195048635e-269
-4.440203439948300844e-269
-2.279676458056947796e-269
-1.170424919421933061e-269
-6.009161901735853007e-270
-3.085206591389750472e-270
-1.583997879771568948e-270
-8.132516279860838106e-271
-4.175373078891962757e-271
-2.143708017050792553e-271
-1.100616394161330284e-271
-5.650752982503714133e-272
-2.901193316641663928e-272
-1.489522314386829915e-272
-7.647462553872739854e-273
-3.926338192318673387e-273
-2.015849243047964641e-273
-1.034971510769756801e-273
-5.313720913401775097e-274
-2.728155282702076330e-274
-1.400681625518499789e-274
-7.191339248555414857e-275
-3.692156678979466286e-275
-1.895616445138652269e-275
-9.732419340538166956e-276
-4.996790699036374367e-276
-2.565437885108203783e-276
-1.317139728029220044e-276
-6.762420845281595923e-277
-3.471942628070554462e-277
-1.782554781550294935e-277
-9.151941404613585804e-278
-4.698763389511979049e-278
-2.412425562458874500e-278
-1.238580582158262611e-278
-6.359084741814299648e-279
-3.264862967826164641e-279
-1.676236538977571195e-279
-8.606085346590603951e-280
-4.418511544794819418e-280
-2.268539467740889324e-280
-1.164706997939301456e-280
-5.979805113990499556e-281
-3.070134314001479097e-281
-1.576259514537802379e-281
-8.092786188016492626e-282
-4.154974969598336970e-282
-2.133235278543791089e-282
-1.095239510928559159e-282
-5.623147143516272323e-283
-2.887020006320582948e-283
-1.482245494234457246e-283
-7.610102113489243589e-284
-3.907156702651635152e-284
-2.006001137884132388e-284
-1.029915324988611568e-284
-5.287761590031887084e-285
-2.714827321685163830e-285
-1.393838822170617596e-285
-7.156207124746469228e-286
-3.674119245187563063e-286
-1.886355717846471600e-286
-9.684873181274291545e-287
-4.972379686925484404e-287
-2.552904853597560803e-287
-1.310705055098430528e-287
-6.729384132900400161e-288
-3.454981014377491958e-288
-1.773846398714061344e-288
-9.107231076340429157e-289
-4.675808341578972077e-289
-2.400640047882129242e-289
-1.232529697217813199e-289
-6.328018462677064745e-290
-3.248913008292833875e-290
-1.668047556705092370e-290
-8.564041709729151071e-291
-4.396925621884260371e-291
-2.257456885388234306e-291
-1.159017010436359332e-291
-5.950591744080258627e-292
-3.055135669784581995e-292
-1.568558953834567998e-292
-8.053250191105508362e-293
-4.134676511965748360e-293
-2.122813702905261513e-293
-1.089888895588569188e-293
-5.595676168386543399e-294
-2.872915937412461150e-294
-1.475004223809180205e-294
-7.572924191489564176e-295
-3.888068921046940766e-295
-1.996201144044154826e-295
-1.024883840384636352e-295
-5.261929086733589002e-296
-2.701564472264659192e-296
-1.387029448230821094e-296
-7.121246633240609934e-297
-3.656169930359078258e-297
-1.877140232338408166e-297
-9.637559301073925378e-298
-4.948087930863323344e-298
-2.540433050183594177e-298
-1.304301817720490668e-298
-6.696508816030526442e-299
-3.438102263902486412e-299
-1.765180559272313829e-299
-9.062739173139652669e-300
-4.652965436816822565e-300
-2.388912109528810101e-300
-1.226508372896399910e-300
-6.297103952817739846e-301
-3.233040969704554511e-301
-1.659898580380112720e-301
-8.522203470249823052e-302
-4.375445153505388031e-302
-2.246428445197938728e-302
-1.153354820446303423e-302
-5.921521091359159458e-303
-3.040210299016465258e-303
-1.560896012974130419e-303
-8.013907340906677210e-304
-4.114477219162602221e-304
-2.112443040187533791e-304
-1.084564419813574805e-304
-5.568339398259613833e-305
-2.858880771649911173e-305
-1.467798329438226800e-305
-7.535927896210543439e-306
-3.869074389709466035e-306
-1.986449026487493661e-306
-1.019876936284344602e-306
-5.236222783948549122e-307
-2.688366416347784697e-307
-1.380253340385305951e-307
-7.086456935556815848e-308
-3.638308304002249053e-308
-1.867969767593261206e-308
-9.590476565176400069e-309
-4.923914848242641268e-309
-2.528022175746635300e-309
-1.297929862322245847e-309
-6.663794106198834223e-310
-3.421305971831086022e-310
-1.756557055386391204e-310
-9.018464627928969045e-311
-4.630234127369026308e-311
-2.377241466119690155e-311
-1.220516464780272631e-311
-6.266340470791533309e-312
-3.217246471393310022e-312
-1.651789414559469225e-312
-8.480569624755268434e-313
-4.354069624521166626e-313
-2.235453882684899189e-313
-1.147720292161438377e-313
-5.892592458390983266e-314
-3.025357844066466050e-314
-1.553270507925934400e-314
-7.974756696751160118e-315
-4.094376606280932028e-315
-2.102123044816083481e-315
-1.079265958903778165e-315
-5.541136186350405952e-316
-2.844914177539948950e-316
-1.460627661842942085e-316
-7.499112164998692991e-317
-3.850173045340562196e-317
-1.976744297369681392e-317
-1.014894827717713414e-317
-5.210643571238873028e-318
-2.675232074505972900e-318
-1.373512376751582218e-318
-7.051848369656696050e-319
-3.620562459289238800e-319
-1.858823179348521873e-319
-9.543372015069518247e-320
-4.900143075453483225e-320
-2.515782268623627403e-320
-1.291981663874859713e-320
-6.630360967189528623e-321
-3.404112299846188689e-321
-1.748992386278012766e-321
-8.991994754310687104e-322
-4.644217070907717515e-322
-2.371515100037983412e-322
-1.185757550018991706e-322
-5.928787750094958530e-323
-3.458459520888725809e-323
-1.482196937523739633e-323
-9.881312916824930884e-324
-4.940656458412465442e-324
0.000000000000000000e+00
0.000000000000000000e+00
0.000000000000000000e+00
0.000000000000000000e+00
0.000000000000000000e+00
0.000000000000000000e+00
0.000000000000000000e+00
0.000000000000000000e+00
0.000000000000000000e+00
0.000000000000000000e+00
0.000000000000000000e+00
0.000000000000000000e+00
0.000000000000000000e+00
0.000000000000000000e+00
0.000000000000000000e+00
0.000000000000000000e+00
0.000000000000000000e+00
0.000000000000000000e+00
0.000000000000000000e+00
0.000000000000000000e+00
0.000000000000000000e+00
0.000000000000000000e+00
0.000000000000000000e+00
0.000000000000000000e+00
0.000000000000000000e+00
0.000000000000000000e+00
0.000000000000000000e+00
0.000000000000000000e+00
0.000000000000000000e+00
0.000000000000000000e+00
0.000000000000000000e+00
0.000000000000000000e+00
0.000000000000000000e+00
0.000000000000000000e+00
0.000000000000000000e+00
0.000000000000000000e+00
0.000000000000000000e+00
0.000000000000000000e+00
0.000000000000000000e+00
0.000000000000000000e+00
0.000000000000000000e+00
0.000000000000000000e+00
0.000000000000000000e+00
0.000000000000000000e+00
0.000000000000000000e+00
0.000000000000000000e+00
0.000000000000000000e+00
0.000000000000000000e+00
0.000000000000000000e+00
0.000000000000000000e+00
0.000000000000000000e+00
0.000000000000000000e+00
0.000000000000000000e+00
0.000000000000000000e+00
0.000000000000000000e+00
0.000000000000000000e+00
0.000000000000000000e+00
0.000000000000000000e+00
0.000000000000000000e+00
0.000000000000000000e+00
0.000000000000000000e+00
0.000000000000000000e+00
0.000000000000000000e+00
0.000000000000000000e+00
0.000000000000000000e+00
0.000000000000000000e+00
0.000000000000000000e+00
0.000000000000000000e+00
0.000000000000000000e+00
0.000000000000000000e+00
0.000000000000000000e+00
0.000000000000000000e+00
0.000000000000000000e+00
0.000000000000000000e+00
0.000000000000000000e+00
0.000000000000000000e+00
0.000000000000000000e+00
0.000000000000000000e+00
0.000000000000000000e+00
0.000000000000000000e+00
0.000000000000000000e+00
0.000000000000000000e+00
0.000000000000000000e+00
0.000000000000000000e+00
0.000000000000000000e+00
0.000000000000000000e+00
0.000000000000000000e+00
0.000000000000000000e+00
0.000000000000000000e+00
0.000000000000000000e+00
0.000000000000000000e+00
0.000000000000000000e+00
0.000000000000000000e+00
0.000000000000000000e+00
0.000000000000000000e+00
0.000000000000000000e+00
0.000000000000000000e+00
0.000000000000000000e+00
0.000000000000000000e+00
0.000000000000000000e+00
0.000000000000000000e+00
0.000000000000000000e+00
0.000000000000000000e+00
0.000000000000000000e+00
0.000000000000000000e+00
0.000000000000000000e+00
0.000000000000000000e+00
0.000000000000000000e+00
0.000000000000000000e+00
0.000000000000000000e+00
0.000000000000000000e+00
0.000000000000000000e+00
0.000000000000000000e+00
0.000000000000000000e+00
0.000000000000000000e+00
0.000000000000000000e+00
0.000000000000000000e+00
0.000000000000000000e+00
0.000000000000000000e+00
0.000000000000000000e+00
0.000000000000000000e+00
0.000000000000000000e+00
0.000000000000000000e+00
0.000000000000000000e+00
0.000000000000000000e+00
0.000000000000000000e+00
0.000000000000000000e+00
0.000000000000000000e+00
0.000000000000000000e+00
0.000000000000000000e+00
0.000000000000000000e+00
0.000000000000000000e+00
0.000000000000000000e+00
0.000000000000000000e+00
0.000000000000000000e+00
0.000000000000000000e+00
0.000000000000000000e+00
0.000000000000000000e+00
0.000000000000000000e+00
0.000000000000000000e+00
0.000000000000000000e+00
0.000000000000000000e+00
0.000000000000000000e+00
0.000000000000000000e+00
0.000000000000000000e+00
0.000000000000000000e+00
0.000000000000000000e+00
0.000000000000000000e+00
0.000000000000000000e+00
0.000000000000000000e+00
0.000000000000000000e+00
0.000000000000000000e+00
0.000000000000000000e+00
0.000000000000000000e+00
0.000000000000000000e+00
0.000000000000000000e+00
0.000000000000000000e+00
0.000000000000000000e+00
0.000000000000000000e+00
0.000000000000000000e+00
0.000000000000000000e+00
0.000000000000000000e+00
0.000000000000000000e+00
0.000000000000000000e+00
0.000000000000000000e+00
0.000000000000000000e+00
0.000000000000000000e+00
0.000000000000000000e+00
0.000000000000000000e+00
0.000000000000000000e+00
0.000000000000000000e+00
0.000000000000000000e+00
0.000000000000000000e+00
0.000000000000000000e+00
0.000000000000000000e+00
0.000000000000000000e+00
0.000000000000000000e+00
0.000000000000000000e+00
0.000000000000000000e+00
0.000000000000000000e+00
0.000000000000000000e+00
0.000000000000000000e+00
0.000000000000000000e+00
0.000000000000000000e+00
0.000000000000000000e+00
0.000000000000000000e+00
0.000000000000000000e+00
0.000000000000000000e+00
0.000000000000000000e+00
0.000000000000000000e+00
0.000000000000000000e+00
0.000000000000000000e+00
0.000000000000000000e+00
0.000000000000000000e+00
0.000000000000000000e+00
0.000000000000000000e+00
0.000000000000000000e+00
0.000000000000000000e+00
0.000000000000000000e+00
0.000000000000000000e+00
0.000000000000000000e+00
0.000000000000000000e+00
0.000000000000000000e+00
0.000000000000000000e+00
0.000000000000000000e+00
0.000000000000000000e+00
0.000000000000000000e+00
0.000000000000000000e+00
0.000000000000000000e+00
0.000000000000000000e+00
0.000000000000000000e+00
0.000000000000000000e+00
0.000000000000000000e+00
0.000000000000000000e+00
0.000000000000000000e+00
0.000000000000000000e+00
0.000000000000000000e+00
0.000000000000000000e+00
0.000000000000000000e+00
0.000000000000000000e+00
0.000000000000000000e+00
0.000000000000000000e+00
0.000000000000000000e+00
0.000000000000000000e+00
0.000000000000000000e+00
0.000000000000000000e+00
0.000000000000000000e+00
0.000000000000000000e+00
0.000000000000000000e+00
0.000000000000000000e+00
0.000000000000000000e+00
0.000000000000000000e+00
0.000000000000000000e+00
0.000000000000000000e+00
0.000000000000000000e+00
0.000000000000000000e+00
0.000000000000000000e+00
0.000000000000000000e+00
0.000000000000000000e+00
0.000000000000000000e+00
0.000000000000000000e+00
0.000000000000000000e+00
0.000000000000000000e+00
0.000000000000000000e+00
0.000000000000000000e+00
0.000000000000000000e+00
0.000000000000000000e+00
0.000000000000000000e+00
0.000000000000000000e+00
0.000000000000000000e+00
0.000000000000000000e+00
0.000000000000000000e+00
0.000000000000000000e+00
0.000000000000000000e+00
0.000000000000000000e+00
0.000000000000000000e+00
0.000000000000000000e+00
0.000000000000000000e+00
0.000000000000000000e+00
0.000000000000000000e+00
0.000000000000000000e+00
0.000000000000000000e+00
0.000000000000000000e+00
0.000000000000000000e+00
0.000000000000000000e+00
0.000000000000000000e+00
0.000000000000000000e+00
0.000000000000000000e+00
0.000000000000000000e+00
0.000000000000000000e+00
0.000000000000000000e+00
0.000000000000000000e+00
0.000000000000000000e+00
0.000000000000000000e+00
0.000000000000000000e+00
0.000000000000000000e+00
0.000000000000000000e+00
0.000000000000000000e+00
0.000000000000000000e+00
0.000000000000000000e+00
0.000000000000000000e+00
0.000000000000000000e+00
0.000000000000000000e+00
0.000000000000000000e+00
0.000000000000000000e+00
0.000000000000000000e+00
0.000000000000000000e+00
0.000000000000000000e+00
0.000000000000000000e+00
0.000000000000000000e+00
0.000000000000000000e+00
0.000000000000000000e+00
0.000000000000000000e+00
0.000000000000000000e+00
0.000000000000000000e+00
0.000000000000000000e+00
0.000000000000000000e+00
0.000000000000000000e+00
0.000000000000000000e+00
0.000000000000000000e+00
0.000000000000000000e+00
0.000000000000000000e+00
0.000000000000000000e+00
0.000000000000000000e+00
0.000000000000000000e+00
0.000000000000000000e+00
0.000000000000000000e+00
0.000000000000000000e+00
0.000000000000000000e+00
0.000000000000000000e+00
0.000000000000000000e+00
0.000000000000000000e+00
0.000000000000000000e+00
0.000000000000000000e+00
0.000000000000000000e+00
0.000000000000000000e+00
0.000000000000000000e+00
0.000000000000000000e+00
0.000000000000000000e+00
0.000000000000000000e+00
0.000000000000000000e+00
0.000000000000000000e+00
0.000000000000000000e+00
0.000000000000000000e+00
0.000000000000000000e+00
0.000000000000000000e+00
0.000000000000000000e+00
0.000000000000000000e+00
0.000000000000000000e+00
0.000000000000000000e+00
0.000000000000000000e+00
0.000000000000000000e+00
0.000000000000000000e+00
0.000000000000000000e+00
0.000000000000000000e+00
0.000000000000000000e+00
0.000000000000000000e+00
0.000000000000000000e+00
0.000000000000000000e+00
0.000000000000000000e+00
0.000000000000000000e+00
0.000000000000000000e+00
0.000000000000000000e+00
0.000000000000000000e+00
0.000000000000000000e+00
0.000000000000000000e+00
0.000000000000000000e+00
0.000000000000000000e+00
0.000000000000000000e+00
0.000000000000000000e+00
0.000000000000000000e+00
0.000000000000000000e+00
0.000000000000000000e+00
0.000000000000000000e+00
0.000000000000000000e+00
0.000000000000000000e+00
0.000000000000000000e+00
0.000000000000000000e+00
0.000000000000000000e+00
0.000000000000000000e+00
0.000000000000000000e+00
0.000000000000000000e+00
0.000000000000000000e+00
0.000000000000000000e+00
0.000000000000000000e+00
0.000000000000000000e+00
0.000000000000000000e+00
0.000000000000000000e+00
0.000000000000000000e+00
0.000000000000000000e+00
0.000000000000000000e+00
0.000000000000000000e+00
0.000000000000000000e+00
0.000000000000000000e+00
0.000000000000000000e+00
0.000000000000000000e+00
0.000000000000000000e+00
0.000000000000000000e+00
0.000000000000000000e+00
0.000000000000000000e+00
0.000000000000000000e+00
0.000000000000000000e+00
0.000000000000000000e+00
0.000000000000000000e+00
0.000000000000000000e+00
0.000000000000000000e+00
0.000000000000000000e+00
0.000000000000000000e+00
0.000000000000000000e+00
0.000000000000000000e+00
0.000000000000000000e+00
0.000000000000000000e+00
0.000000000000000000e+00
0.000000000000000000e+00
0.000000000000000000e+00
0.000000000000000000e+00
0.000000000000000000e+00
0.000000000000000000e+00
0.000000000000000000e+00
0.000000000000000000e+00
0.000000000000000000e+00
0.000000000000000000e+00
0.000000000000000000e+00
0.000000000000000000e+00
0.000000000000000000e+00
0.000000000000000000e+00
0.000000000000000000e+00
0.000000000000000000e+00
0.000000000000000000e+00
0.000000000000000000e+00
0.000000000000000000e+00
0.000000000000000000e+00
0.000000000000000000e+00
0.000000000000000000e+00
0.000000000000000000e+00
0.000000000000000000e+00
0.000000000000000000e+00
0.000000000000000000e+00
0.000000000000000000e+00
0.000000000000000000e+00
0.000000000000000000e+00
0.000000000000000000e+00
0.000000000000000000e+00
0.000000000000000000e+00
0.000000000000000000e+00
0.000000000000000000e+00
0.000000000000000000e+00
0.000000000000000000e+00
0.000000000000000000e+00
0.000000000000000000e+00
0.000000000000000000e+00
0.000000000000000000e+00
0.000000000000000000e+00
0.000000000000000000e+00
0.000000000000000000e+00
0.000000000000000000e+00
0.000000000000000000e+00
0.000000000000000000e+00
0.000000000000000000e+00
0.000000000000000000e+00
0.000000000000000000e+00
0.000000000000000000e+00
0.000000000000000000e+00
0.000000000000000000e+00
0.000000000000000000e+00
0.000000000000000000e+00
0.000000000000000000e+00
0.000000000000000000e+00
0.000000000000000000e+00
0.000000000000000000e+00
0.000000000000000000e+00
0.000000000000000000e+00
0.000000000000000000e+00
0.000000000000000000e+00
0.000000000000000000e+00
0.000000000000000000e+00
0.000000000000000000e+00
0.000000000000000000e+00
0.000000000000000000e+00
0.000000000000000000e+00
0.000000000000000000e+00
0.000000000000000000e+00
0.000000000000000000e+00
0.000000000000000000e+00
0.000000000000000000e+00
0.000000000000000000e+00
0.000000000000000000e+00
0.000000000000000000e+00
0.000000000000000000e+00
0.000000000000000000e+00
0.000000000000000000e+00
0.000000000000000000e+00
0.000000000000000000e+00
0.000000000000000000e+00
0.000000000000000000e+00
0.000000000000000000e+00
0.000000000000000000e+00
0.000000000000000000e+00
0.000000000000000000e+00
0.000000000000000000e+00
0.000000000000000000e+00
0.000000000000000000e+00
0.000000000000000000e+00
0.000000000000000000e+00
0.000000000000000000e+00
0.000000000000000000e+00
0.000000000000000000e+00
0.000000000000000000e+00
0.000000000000000000e+00
0.000000000000000000e+00
0.000000000000000000e+00
0.000000000000000000e+00
0.000000000000000000e+00
0.000000000000000000e+00
0.000000000000000000e+00
0.000000000000000000e+00
0.000000000000000000e+00
0.000000000000000000e+00
0.000000000000000000e+00
0.000000000000000000e+00
0.000000000000000000e+00
0.000000000000000000e+00
0.000000000000000000e+00
0.000000000000000000e+00
0.000000000000000000e+00
0.000000000000000000e+00
0.000000000000000000e+00
0.000000000000000000e+00
0.000000000000000000e+00
0.000000000000000000e+00
0.000000000000000000e+00
0.000000000000000000e+00
0.000000000000000000e+00
0.000000000000000000e+00
0.000000000000000000e+00
0.000000000000000000e+00
0.000000000000000000e+00
0.000000000000000000e+00
0.000000000000000000e+00
0.000000000000000000e+00
0.000000000000000000e+00
0.000000000000000000e+00
0.000000000000000000e+00
0.000000000000000000e+00
0.000000000000000000e+00
0.000000000000000000e+00
0.000000000000000000e+00
0.000000000000000000e+00
0.000000000000000000e+00
0.000000000000000000e+00
0.000000000000000000e+00
0.000000000000000000e+00
0.000000000000000000e+00
0.000000000000000000e+00
0.000000000000000000e+00
0.000000000000000000e+00
0.000000000000000000e+00
0.000000000000000000e+00
0.000000000000000000e+00
0.000000000000000000e+00
0.000000000000000000e+00
0.000000000000000000e+00
0.000000000000000000e+00
0.000000000000000000e+00
0.000000000000000000e+00
0.000000000000000000e+00
0.000000000000000000e+00
0.000000000000000000e+00
0.000000000000000000e+00
0.000000000000000000e+00
0.000000000000000000e+00
0.000000000000000000e+00
0.000000000000000000e+00
0.000000000000000000e+00
0.000000000000000000e+00
0.000000000000000000e+00
0.000000000000000000e+00
0.000000000000000000e+00
0.000000000000000000e+00
0.000000000000000000e+00
0.000000000000000000e+00
0.000000000000000000e+00
0.000000000000000000e+00
0.000000000000000000e+00
0.000000000000000000e+00
0.000000000000000000e+00
0.000000000000000000e+00
0.000000000000000000e+00
0.000000000000000000e+00
0.000000000000000000e+00
0.000000000000000000e+00
0.000000000000000000e+00
0.000000000000000000e+00
0.000000000000000000e+00
0.000000000000000000e+00
0.000000000000000000e+00
0.000000000000000000e+00
0.000000000000000000e+00
0.000000000000000000e+00
0.000000000000000000e+00
0.000000000000000000e+00
0.000000000000000000e+00
0.000000000000000000e+00
0.000000000000000000e+00
0.000000000000000000e+00
0.000000000000000000e+00
0.000000000000000000e+00
0.000000000000000000e+00
0.000000000000000000e+00
0.000000000000000000e+00
0.000000000000000000e+00
0.000000000000000000e+00
0.000000000000000000e+00
0.000000000000000000e+00
0.000000000000000000e+00
0.000000000000000000e+00
0.000000000000000000e+00
0.000000000000000000e+00
0.000000000000000000e+00
0.000000000000000000e+00
0.000000000000000000e+00
0.000000000000000000e+00
0.000000000000000000e+00
0.000000000000000000e+00
0.000000000000000000e+00
0.000000000000000000e+00
0.000000000000000000e+00
0.000000000000000000e+00
0.000000000000000000e+00
0.000000000000000000e+00
0.000000000000000000e+00
0.000000000000000000e+00
0.000000000000000000e+00
0.000000000000000000e+00
0.000000000000000000e+00
0.000000000000000000e+00
0.000000000000000000e+00
0.000000000000000000e+00
0.000000000000000000e+00
0.000000000000000000e+00
0.000000000000000000e+00
0.000000000000000000e+00
0.000000000000000000e+00
0.000000000000000000e+00
0.000000000000000000e+00
0.000000000000000000e+00
0.000000000000000000e+00
0.000000000000000000e+00
0.000000000000000000e+00
0.000000000000000000e+00
0.000000000000000000e+00
0.000000000000000000e+00
0.000000000000000000e+00
0.000000000000000000e+00
0.000000000000000000e+00
0.000000000000000000e+00
0.000000000000000000e+00
0.000000000000000000e+00
0.000000000000000000e+00
0.000000000000000000e+00
0.000000000000000000e+00
0.000000000000000000e+00
0.000000000000000000e+00
0.000000000000000000e+00
0.000000000000000000e+00
0.000000000000000000e+00
0.000000000000000000e+00
0.000000000000000000e+00
0.000000000000000000e+00
0.000000000000000000e+00
0.000000000000000000e+00
0.000000000000000000e+00
0.000000000000000000e+00
0.000000000000000000e+00
0.000000000000000000e+00
0.000000000000000000e+00
0.000000000000000000e+00
0.000000000000000000e+00
0.000000000000000000e+00
0.000000000000000000e+00
0.000000000000000000e+00
0.000000000000000000e+00
0.000000000000000000e+00
0.000000000000000000e+00
0.000000000000000000e+00
0.000000000000000000e+00
0.000000000000000000e+00
0.000000000000000000e+00
0.000000000000000000e+00
0.000000000000000000e+00
0.000000000000000000e+00
0.000000000000000000e+00
0.000000000000000000e+00
0.000000000000000000e+00
0.000000000000000000e+00
0.000000000000000000e+00
0.000000000000000000e+00
0.000000000000000000e+00
0.000000000000000000e+00
0.000000000000000000e+00
0.000000000000000000e+00
0.000000000000000000e+00
0.000000000000000000e+00
0.000000000000000000e+00
0.000000000000000000e+00
0.000000000000000000e+00
0.000000000000000000e+00
0.000000000000000000e+00
0.000000000000000000e+00
0.000000000000000000e+00
0.000000000000000000e+00
0.000000000000000000e+00
0.000000000000000000e+00
0.000000000000000000e+00
0.000000000000000000e+00
0.000000000000000000e+00
0.000000000000000000e+00
0.000000000000000000e+00
0.000000000000000000e+00
0.000000000000000000e+00
0.000000000000000000e+00
0.000000000000000000e+00
0.000000000000000000e+00
0.000000000000000000e+00
0.000000000000000000e+00
0.000000000000000000e+00
0.000000000000000000e+00
0.000000000000000000e+00
0.000000000000000000e+00
0.000000000000000000e+00
0.000000000000000000e+00
0.000000000000000000e+00
0.000000000000000000e+00
0.000000000000000000e+00
0.000000000000000000e+00
0.000000000000000000e+00
0.000000000000000000e+00
0.000000000000000000e+00
0.000000000000000000e+00
0.000000000000000000e+00
0.000000000000000000e+00
0.000000000000000000e+00
0.000000000000000000e+00
0.000000000000000000e+00
0.000000000000000000e+00
0.000000000000000000e+00
0.000000000000000000e+00
0.000000000000000000e+00
0.000000000000000000e+00
0.000000000000000000e+00
0.000000000000000000e+00
0.000000000000000000e+00
0.000000000000000000e+00
0.000000000000000000e+00
0.000000000000000000e+00
0.000000000000000000e+00
0.000000000000000000e+00
0.000000000000000000e+00
0.000000000000000000e+00
0.000000000000000000e+00
0.000000000000000000e+00
0.000000000000000000e+00
0.000000000000000000e+00
0.000000000000000000e+00
0.000000000000000000e+00
0.000000000000000000e+00
0.000000000000000000e+00
0.000000000000000000e+00
0.000000000000000000e+00
0.000000000000000000e+00
0.000000000000000000e+00
0.000000000000000000e+00
0.000000000000000000e+00
0.000000000000000000e+00
0.000000000000000000e+00
0.000000000000000000e+00
0.000000000000000000e+00
0.000000000000000000e+00
0.000000000000000000e+00
0.000000000000000000e+00
0.000000000000000000e+00
0.000000000000000000e+00
0.000000000000000000e+00
0.000000000000000000e+00
0.000000000000000000e+00
0.000000000000000000e+00
0.000000000000000000e+00
0.000000000000000000e+00
0.000000000000000000e+00
0.000000000000000000e+00
0.000000000000000000e+00
0.000000000000000000e+00
0.000000000000000000e+00
0.000000000000000000e+00
0.000000000000000000e+00
0.000000000000000000e+00
0.000000000000000000e+00
0.000000000000000000e+00
0.000000000000000000e+00
0.000000000000000000e+00
0.000000000000000000e+00
0.000000000000000000e+00
0.000000000000000000e+00
0.000000000000000000e+00
0.000000000000000000e+00
0.000000000000000000e+00
0.000000000000000000e+00
0.000000000000000000e+00
0.000000000000000000e+00
0.000000000000000000e+00
0.000000000000000000e+00
0.000000000000000000e+00
0.000000000000000000e+00
0.000000000000000000e+00
0.000000000000000000e+00
0.000000000000000000e+00
0.000000000000000000e+00
0.000000000000000000e+00
0.000000000000000000e+00
0.000000000000000000e+00
0.000000000000000000e+00
0.000000000000000000e+00
0.000000000000000000e+00
0.000000000000000000e+00
0.000000000000000000e+00
0.000000000000000000e+00
0.000000000000000000e+00
0.000000000000000000e+00
0.000000000000000000e+00
0.000000000000000000e+00
0.000000000000000000e+00
0.000000000000000000e+00
0.000000000000000000e+00
0.000000000000000000e+00
0.000000000000000000e+00
0.000000000000000000e+00
0.000000000000000000e+00
0.000000000000000000e+00
0.000000000000000000e+00
0.000000000000000000e+00
0.000000000000000000e+00
0.000000000000000000e+00
0.000000000000000000e+00
0.000000000000000000e+00
0.000000000000000000e+00
0.000000000000000000e+00
0.000000000000000000e+00
0.000000000000000000e+00
0.000000000000000000e+00
0.000000000000000000e+00
0.000000000000000000e+00
0.000000000000000000e+00
0.000000000000000000e+00
0.000000000000000000e+00
0.000000000000000000e+00
0.000000000000000000e+00
0.000000000000000000e+00
0.000000000000000000e+00
0.000000000000000000e+00
0.000000000000000000e+00
0.000000000000000000e+00
0.000000000000000000e+00
0.000000000000000000e+00
0.000000000000000000e+00
0.000000000000000000e+00
0.000000000000000000e+00
0.000000000000000000e+00
0.000000000000000000e+00
0.000000000000000000e+00
0.000000000000000000e+00
0.000000000000000000e+00
0.000000000000000000e+00
0.000000000000000000e+00
0.000000000000000000e+00
0.000000000000000000e+00
0.000000000000000000e+00
0.000000000000000000e+00
0.000000000000000000e+00
0.000000000000000000e+00
0.000000000000000000e+00
0.000000000000000000e+00
0.000000000000000000e+00
0.000000000000000000e+00
0.000000000000000000e+00
0.000000000000000000e+00
0.000000000000000000e+00
0.000000000000000000e+00
0.000000000000000000e+00
0.000000000000000000e+00
0.000000000000000000e+00
0.000000000000000000e+00
0.000000000000000000e+00
0.000000000000000000e+00
0.000000000000000000e+00
0.000000000000000000e+00
0.000000000000000000e+00
0.000000000000000000e+00
0.000000000000000000e+00
0.000000000000000000e+00
0.000000000000000000e+00
0.000000000000000000e+00
0.000000000000000000e+00
0.000000000000000000e+00
0.000000000000000000e+00
0.000000000000000000e+00
0.000000000000000000e+00
0.000000000000000000e+00
0.000000000000000000e+00
0.000000000000000000e+00
0.000000000000000000e+00
0.000000000000000000e+00
0.000000000000000000e+00
0.000000000000000000e+00
0.000000000000000000e+00
0.000000000000000000e+00
0.000000000000000000e+00
0.000000000000000000e+00
0.000000000000000000e+00
0.000000000000000000e+00
0.000000000000000000e+00
0.000000000000000000e+00
0.000000000000000000e+00
0.000000000000000000e+00
0.000000000000000000e+00
0.000000000000000000e+00
0.000000000000000000e+00
0.000000000000000000e+00
0.000000000000000000e+00
0.000000000000000000e+00
0.000000000000000000e+00
0.000000000000000000e+00
0.000000000000000000e+00
0.000000000000000000e+00
0.000000000000000000e+00
0.000000000000000000e+00
0.000000000000000000e+00
0.000000000000000000e+00
0.000000000000000000e+00
0.000000000000000000e+00
0.000000000000000000e+00
0.000000000000000000e+00
0.000000000000000000e+00
0.000000000000000000e+00
0.000000000000000000e+00
0.000000000000000000e+00
0.000000000000000000e+00
0.000000000000000000e+00
0.000000000000000000e+00
0.000000000000000000e+00
0.000000000000000000e+00
0.000000000000000000e+00
0.000000000000000000e+00
0.000000000000000000e+00
0.000000000000000000e+00
0.000000000000000000e+00
0.000000000000000000e+00
0.000000000000000000e+00
0.000000000000000000e+00
0.000000000000000000e+00
0.000000000000000000e+00
0.000000000000000000e+00
0.000000000000000000e+00
0.000000000000000000e+00
0.000000000000000000e+00
0.000000000000000000e+00
0.000000000000000000e+00
0.000000000000000000e+00
0.000000000000000000e+00
0.000000000000000000e+00
0.000000000000000000e+00
0.000000000000000000e+00
0.000000000000000000e+00
0.000000000000000000e+00
0.000000000000000000e+00
0.000000000000000000e+00
0.000000000000000000e+00
0.000000000000000000e+00
0.000000000000000000e+00
0.000000000000000000e+00
0.000000000000000000e+00
0.000000000000000000e+00
0.000000000000000000e+00
0.000000000000000000e+00
0.000000000000000000e+00
0.000000000000000000e+00
0.000000000000000000e+00
0.000000000000000000e+00
0.000000000000000000e+00
0.000000000000000000e+00
0.000000000000000000e+00
0.000000000000000000e+00
0.000000000000000000e+00
0.000000000000000000e+00
0.000000000000000000e+00
0.000000000000000000e+00
0.000000000000000000e+00
0.000000000000000000e+00
0.000000000000000000e+00
0.000000000000000000e+00
0.000000000000000000e+00
0.000000000000000000e+00
0.000000000000000000e+00
0.000000000000000000e+00
0.000000000000000000e+00
0.000000000000000000e+00
0.000000000000000000e+00
0.000000000000000000e+00
0.000000000000000000e+00
0.000000000000000000e+00
0.000000000000000000e+00
0.000000000000000000e+00
0.000000000000000000e+00
0.000000000000000000e+00
0.000000000000000000e+00
0.000000000000000000e+00
0.000000000000000000e+00
0.000000000000000000e+00
0.000000000000000000e+00
0.000000000000000000e+00
0.000000000000000000e+00
0.000000000000000000e+00
0.000000000000000000e+00
0.000000000000000000e+00
0.000000000000000000e+00
0.000000000000000000e+00
0.000000000000000000e+00
0.000000000000000000e+00
0.000000000000000000e+00
0.000000000000000000e+00
0.000000000000000000e+00
0.000000000000000000e+00
0.000000000000000000e+00
0.000000000000000000e+00
0.000000000000000000e+00
0.000000000000000000e+00
0.000000000000000000e+00
0.000000000000000000e+00
0.000000000000000000e+00
0.000000000000000000e+00
0.000000000000000000e+00
0.000000000000000000e+00
0.000000000000000000e+00
0.000000000000000000e+00
0.000000000000000000e+00
0.000000000000000000e+00
0.000000000000000000e+00
0.000000000000000000e+00
0.000000000000000000e+00
0.000000000000000000e+00
0.000000000000000000e+00
0.000000000000000000e+00
0.000000000000000000e+00
0.000000000000000000e+00
0.000000000000000000e+00
0.000000000000000000e+00
0.000000000000000000e+00
0.000000000000000000e+00
0.000000000000000000e+00
0.000000000000000000e+00
0.000000000000000000e+00
0.000000000000000000e+00
0.000000000000000000e+00
0.000000000000000000e+00
0.000000000000000000e+00
0.000000000000000000e+00
0.000000000000000000e+00
0.000000000000000000e+00
0.000000000000000000e+00
0.000000000000000000e+00
0.000000000000000000e+00
0.000000000000000000e+00
0.000000000000000000e+00
0.000000000000000000e+00
0.000000000000000000e+00
0.000000000000000000e+00
0.000000000000000000e+00
0.000000000000000000e+00
0.000000000000000000e+00
0.000000000000000000e+00
0.000000000000000000e+00
0.000000000000000000e+00
0.000000000000000000e+00
0.000000000000000000e+00
0.000000000000000000e+00
0.000000000000000000e+00
0.000000000000000000e+00
0.000000000000000000e+00
0.000000000000000000e+00
0.000000000000000000e+00
0.000000000000000000e+00
0.000000000000000000e+00
0.000000000000000000e+00
0.000000000000000000e+00
0.000000000000000000e+00
0.000000000000000000e+00
0.000000000000000000e+00
0.000000000000000000e+00
0.000000000000000000e+00
0.000000000000000000e+00
0.000000000000000000e+00
0.000000000000000000e+00
0.000000000000000000e+00
0.000000000000000000e+00
0.000000000000000000e+00
0.000000000000000000e+00
0.000000000000000000e+00
0.000000000000000000e+00
0.000000000000000000e+00
0.000000000000000000e+00
0.000000000000000000e+00
0.000000000000000000e+00
0.000000000000000000e+00
0.000000000000000000e+00
0.000000000000000000e+00
0.000000000000000000e+00
0.000000000000000000e+00
0.000000000000000000e+00
0.000000000000000000e+00
0.000000000000000000e+00
0.000000000000000000e+00
0.000000000000000000e+00
0.000000000000000000e+00
0.000000000000000000e+00
0.000000000000000000e+00
0.000000000000000000e+00
0.000000000000000000e+00
0.000000000000000000e+00
0.000000000000000000e+00
0.000000000000000000e+00
0.000000000000000000e+00
0.000000000000000000e+00
0.000000000000000000e+00
0.000000000000000000e+00
0.000000000000000000e+00
0.000000000000000000e+00
0.000000000000000000e+00
0.000000000000000000e+00
0.000000000000000000e+00
0.000000000000000000e+00
0.000000000000000000e+00
0.000000000000000000e+00
0.000000000000000000e+00
0.000000000000000000e+00
0.000000000000000000e+00
0.000000000000000000e+00
0.000000000000000000e+00
0.000000000000000000e+00
0.000000000000000000e+00
0.000000000000000000e+00
0.000000000000000000e+00
0.000000000000000000e+00
0.000000000000000000e+00
0.000000000000000000e+00
0.000000000000000000e+00
0.000000000000000000e+00
0.000000000000000000e+00
0.000000000000000000e+00
0.000000000000000000e+00
0.000000000000000000e+00
0.000000000000000000e+00
0.000000000000000000e+00
0.000000000000000000e+00
0.000000000000000000e+00
0.000000000000000000e+00
0.000000000000000000e+00
0.000000000000000000e+00
0.000000000000000000e+00
0.000000000000000000e+00
0.000000000000000000e+00
0.000000000000000000e+00
0.000000000000000000e+00
0.000000000000000000e+00
0.000000000000000000e+00
0.000000000000000000e+00
0.000000000000000000e+00
0.000000000000000000e+00
0.000000000000000000e+00
0.000000000000000000e+00
0.000000000000000000e+00
0.000000000000000000e+00
0.000000000000000000e+00
0.000000000000000000e+00
0.000000000000000000e+00
0.000000000000000000e+00
0.000000000000000000e+00
0.000000000000000000e+00
0.000000000000000000e+00
0.000000000000000000e+00
0.000000000000000000e+00
0.000000000000000000e+00
0.000000000000000000e+00
0.000000000000000000e+00
0.000000000000000000e+00
0.000000000000000000e+00
0.000000000000000000e+00
0.000000000000000000e+00
0.000000000000000000e+00
0.000000000000000000e+00
0.000000000000000000e+00
0.000000000000000000e+00
0.000000000000000000e+00
0.000000000000000000e+00
0.000000000000000000e+00
0.000000000000000000e+00
0.000000000000000000e+00
0.000000000000000000e+00
0.000000000000000000e+00
0.000000000000000000e+00
0.000000000000000000e+00
0.000000000000000000e+00
0.000000000000000000e+00
0.000000000000000000e+00
0.000000000000000000e+00
0.000000000000000000e+00
0.000000000000000000e+00
0.000000000000000000e+00
0.000000000000000000e+00
0.000000000000000000e+00
0.000000000000000000e+00
0.000000000000000000e+00
0.000000000000000000e+00
0.000000000000000000e+00
0.000000000000000000e+00
0.000000000000000000e+00
0.000000000000000000e+00
0.000000000000000000e+00
0.000000000000000000e+00
0.000000000000000000e+00
0.000000000000000000e+00
0.000000000000000000e+00
0.000000000000000000e+00
0.000000000000000000e+00
0.000000000000000000e+00
0.000000000000000000e+00
0.000000000000000000e+00
0.000000000000000000e+00
0.000000000000000000e+00
0.000000000000000000e+00
0.000000000000000000e+00
0.000000000000000000e+00
0.000000000000000000e+00
0.000000000000000000e+00
0.000000000000000000e+00
0.000000000000000000e+00
0.000000000000000000e+00
0.000000000000000000e+00
0.000000000000000000e+00
0.000000000000000000e+00
0.000000000000000000e+00
0.000000000000000000e+00
0.000000000000000000e+00
0.000000000000000000e+00
0.000000000000000000e+00
0.000000000000000000e+00
0.000000000000000000e+00
0.000000000000000000e+00
0.000000000000000000e+00
0.000000000000000000e+00
0.000000000000000000e+00
0.000000000000000000e+00
0.000000000000000000e+00
0.000000000000000000e+00
0.000000000000000000e+00
0.000000000000000000e+00
0.000000000000000000e+00
0.000000000000000000e+00
0.000000000000000000e+00
0.000000000000000000e+00
0.000000000000000000e+00
0.000000000000000000e+00
0.000000000000000000e+00
0.000000000000000000e+00
0.000000000000000000e+00
0.000000000000000000e+00
0.000000000000000000e+00
0.000000000000000000e+00
0.000000000000000000e+00
0.000000000000000000e+00
0.000000000000000000e+00
0.000000000000000000e+00
0.000000000000000000e+00
0.000000000000000000e+00
0.000000000000000000e+00
0.000000000000000000e+00
0.000000000000000000e+00
0.000000000000000000e+00
0.000000000000000000e+00
0.000000000000000000e+00
0.000000000000000000e+00
0.000000000000000000e+00
0.000000000000000000e+00
0.000000000000000000e+00
0.000000000000000000e+00
0.000000000000000000e+00
0.000000000000000000e+00
0.000000000000000000e+00
0.000000000000000000e+00
0.000000000000000000e+00
0.000000000000000000e+00
0.000000000000000000e+00
0.000000000000000000e+00
0.000000000000000000e+00
0.000000000000000000e+00
0.000000000000000000e+00
0.000000000000000000e+00
0.000000000000000000e+00
0.000000000000000000e+00
0.000000000000000000e+00
0.000000000000000000e+00
0.000000000000000000e+00
0.000000000000000000e+00
0.000000000000000000e+00
0.000000000000000000e+00
0.000000000000000000e+00
0.000000000000000000e+00
0.000000000000000000e+00
0.000000000000000000e+00
0.000000000000000000e+00
0.000000000000000000e+00
0.000000000000000000e+00
0.000000000000000000e+00
0.000000000000000000e+00
0.000000000000000000e+00
0.000000000000000000e+00
0.000000000000000000e+00
0.000000000000000000e+00
0.000000000000000000e+00
0.000000000000000000e+00
0.000000000000000000e+00
0.000000000000000000e+00
0.000000000000000000e+00
0.000000000000000000e+00
0.000000000000000000e+00
0.000000000000000000e+00
0.000000000000000000e+00
0.000000000000000000e+00
0.000000000000000000e+00
0.000000000000000000e+00
0.000000000000000000e+00
0.000000000000000000e+00
0.000000000000000000e+00
0.000000000000000000e+00
0.000000000000000000e+00
0.000000000000000000e+00
0.000000000000000000e+00
0.000000000000000000e+00
0.000000000000000000e+00
0.000000000000000000e+00
0.000000000000000000e+00
0.000000000000000000e+00
0.000000000000000000e+00
0.000000000000000000e+00
0.000000000000000000e+00
0.000000000000000000e+00
0.000000000000000000e+00
0.000000000000000000e+00
0.000000000000000000e+00
0.000000000000000000e+00
0.000000000000000000e+00
0.000000000000000000e+00
0.000000000000000000e+00
0.000000000000000000e+00
0.000000000000000000e+00
0.000000000000000000e+00
0.000000000000000000e+00
0.000000000000000000e+00
0.000000000000000000e+00
0.000000000000000000e+00
0.000000000000000000e+00
0.000000000000000000e+00
0.000000000000000000e+00
0.000000000000000000e+00
0.000000000000000000e+00
0.000000000000000000e+00
0.000000000000000000e+00
0.000000000000000000e+00
0.000000000000000000e+00
0.000000000000000000e+00
0.000000000000000000e+00
0.000000000000000000e+00
0.000000000000000000e+00
0.000000000000000000e+00
0.000000000000000000e+00
0.000000000000000000e+00
0.000000000000000000e+00
0.000000000000000000e+00
0.000000000000000000e+00
0.000000000000000000e+00
0.000000000000000000e+00
0.000000000000000000e+00
0.000000000000000000e+00
0.000000000000000000e+00
0.000000000000000000e+00
0.000000000000000000e+00
0.000000000000000000e+00
0.000000000000000000e+00
0.000000000000000000e+00
0.000000000000000000e+00
0.000000000000000000e+00
0.000000000000000000e+00
0.000000000000000000e+00
0.000000000000000000e+00
