-1.100000000000000089e+00
-8.266250223828146559e-01
-6.211899342085352993e-01
-4.668101302446450163e-01
-3.507972130563675184e-01
-2.636161400859534099e-01
-1.981015433627476563e-01
-1.488688115602739837e-01
-1.118715315346495293e-01
-8.406891568984488361e-02
-6.317588119437908545e-02
-4.747524018759786968e-02
-3.567656498427507900e-02
-2.681012848060755974e-02
-2.014720277760759931e-02
-1.514016540635544292e-02
-1.137749051628007650e-02
-8.549925775163891295e-03
-6.425075077514771221e-03
-4.828298027056284261e-03
-3.628356331533000821e-03
-2.726627394332994773e-03
-2.048998573518279100e-03
-1.539775901542638891e-03
-1.157106626433820592e-03
-8.695393554319628439e-04
-6.534390810424404615e-04
-4.910446318113756209e-04
-3.690088906927630765e-04
-2.773018022985114604e-04
-2.083860077561836823e-04
-1.565973530233823554e-04
-1.176793549527664347e-04
-8.843336311075059952e-05
-6.645566432801077415e-05
-4.993992273873334027e-05
-3.752871795609222564e-05
-2.820197938223009004e-05
-2.119314712552327679e-05
-1.592616883363452509e-05
-1.196815424415964842e-05
-8.993796154508597120e-06
-6.758633588661031549e-06
-5.078959674094693235e-06
-3.816722867527220694e-06
-2.868180568907896652e-06
-2.155372569974041790e-06
-1.619713544452814213e-06
-1.217177949942778927e-06
-9.146815910139247283e-07
-6.873624460409394458e-07
-5.165372703124530256e-07
-3.881660296668991710e-07
-2.916979572378628380e-07
-2.192043913006994732e-07
-1.647271226048655750e-07
-1.237886921911850427e-07
-9.302439132116160978e-08
-6.990571778000247538e-08
-5.253255956780119713e-08
-3.947702566232749497e-08
-2.966608838338949942e-08
-2.229339179448166869e-08
-1.675297771918389240e-08
-1.258948234736290205e-08
-9.460710115615346577e-09
-7.109508828252603030e-09
-5.342634449350120131e-09
-4.014868473888402993e-09
-3.017082492810953918e-09
-2.267268984682414029e-09
-1.703801159282693837e-09
-1.280367883116289697e-09
-9.621673909447644947e-10
-7.230469464324826799e-10
-5.433533620714339268e-10
-4.083177137127959156e-10
-3.068414902155817413e-10
-2.305844124703924444e-10
-1.732789501086052954e-10
-1.302151963745423759e-10
-9.785376328880797605e-11
-7.353488115350328967e-11
-5.525979343584736656e-11
-4.152647998707007628e-11
-3.120620677162848930e-11
-2.345075579189097774e-11
-1.762271048305983262e-11
-1.324306677045928067e-11
-9.951863968680019667e-12
-7.478599796237114142e-12
-5.619997930869657771e-12
-4.223300832178642578e-12
-3.173714677208200738e-12
-2.384974514621726212e-12
-1.792254192301480489e-12
-1.346838328933550963e-12
-1.012118421637023945e-12
-7.605840117634223927e-13
-5.715616143163186471e-13
-4.295155747521666534e-13
-3.227712014484341804e-13
-2.425552287471273656e-13
-1.822747467201482235e-13
-1.369753332612400244e-13
-1.029338526572419343e-13
-7.735245296067457701e-14
-5.812861196362096439e-14
-4.368233196864561222e-14
-3.282628058301386646e-14
-2.466820447425310607e-14
-1.853759552333933315e-14
-1.393058210400359498e-14
-1.046851613047965175e-14
-7.866852164247825891e-15
-5.911760769412416464e-15
-4.442553980306685110e-15
-3.338478439461708190e-15
-2.508790740676892111e-15
-1.885299274696214615e-15
-1.416759595585512526e-15
-1.064662665829038914e-15
-8.000698181555247118e-16
-6.012343012187463409e-16
-4.518139251838750191e-16
-3.395279054708985361e-16
-2.551475113267926696e-16
-1.917375611467542110e-16
-1.440864234314200946e-16
-1.082776754491431514e-16
-8.136821444700594637e-17
-6.114636553500547220e-17
-4.595010525363791636e-17
-3.453046071252832740e-17
-2.594885714489332425e-17
-1.949997692564174912e-17
-1.465378987511181247e-17
-1.101199034864299034e-17
-8.275260698569417955e-18
-6.218670509253251791e-18
-4.673189680820748066e-18
-3.511795931370539236e-18
-2.639034900339137971e-18
-1.983174803238064268e-18
-1.490310832832444456e-18
-1.119934750497701407e-18
-8.416055347249593077e-19
-6.324474490722916850e-19
-4.752698970412159412e-19
-3.571545357087031919e-19
-2.683935237039371196e-19
-2.016916386719710093e-19
-1.515666866651315795e-19
-1.138989234155032366e-19
-8.559245465247177234e-20
-6.432078612990870841e-20
-4.833561024937824326e-20
-3.632311354934484932e-20
-2.729599504612774592e-20
-2.051232046906051063e-20
-1.541454306078238781e-20
-1.158367909330919442e-20
-8.704871808892785128e-21
-6.541513503514124541e-21
-4.915798860236229411e-21
-3.694111220792874940e-21
-2.776040700520472479e-21
-2.086131551093947004e-21
-1.567680491015028764e-21
-1.178076291794910225e-21
-8.852975827942106538e-22
-6.652810310842879395e-22
-4.999435883735527568e-22
-3.756962544813028268e-22
-2.823272043361335340e-22
-2.121624832760309673e-22
-1.594352886244025418e-22
-1.198119991161430729e-22
-9.003599677373784181e-23
-6.766000713486327702e-23
-5.084495901116164678e-23
-3.820883216423165700e-23
-2.871306976634475278e-23
-2.157721994389461316e-23
-1.621479083552801394e-23
-1.218504712486455711e-23
-9.156786229387958821e-24
-6.881116928929523925e-24
-5.171003123086488646e-24
-3.885891429420888263e-24
-2.920159172565665579e-24
-2.194433310348615256e-24
-1.649066803895018069e-24
-1.239236257891334141e-24
-9.312579085609277432e-25
-6.998191722803186649e-25
-5.258982172274015703e-25
-3.952005687151668748e-25
-2.969842535998874397e-25
-2.231769229812279083e-25
-1.677123899588036999e-25
-1.260320528214287041e-25
-9.471022589496879298e-26
-7.117258418210006095e-26
-5.348458090233752572e-26
-4.019244807775478127e-26
-3.020371208354017208e-26
-2.269740379736393598e-26
-1.705658356547978267e-26
-1.281763524689917181e-26
-9.632161838966173189e-27
-7.238350905209375753e-27
-5.439456344575792350e-27
-4.087627929623010889e-27
-3.071759571652016921e-27
-2.308357567883160030e-27
-1.734678296562689221e-27
-1.303571350657379179e-27
-9.796042699225026725e-28
-7.361503650463548774e-28
-5.532002836214188795e-28
-4.157174516643017653e-28
-3.124022252608458394e-28
-2.347631785897163913e-28
-1.764191979603501899e-28
-1.325750213297561540e-28
-9.962711815828427033e-29
-7.486751707047866262e-29
-5.626123906739153330e-29
-4.227904363942465242e-29
-3.177174126796697970e-29
-2.387574212434003497e-29
-1.794207806176251620e-29
-1.348306425399887882e-29
-1.013221662795516614e-29
-7.614130724428211708e-30
-5.721846345914643129e-30
-4.299837603420687232e-30
-3.231230322881883508e-30
-2.428196216342044985e-30
-1.824734319712386178e-30
-1.371246407159029093e-30
-1.030460538191087123e-30
-7.743676958607356070e-31
-5.819197399303766116e-31
-4.372994709499511788e-31
-3.286206226927219822e-31
-2.469509359898435794e-31
-1.855780209000547423e-31
-1.394576688002431094e-31
-1.047992714485958248e-31
-7.875427282445352287e-32
-5.918204776023252835e-32
-4.447396504951155466e-32
-3.342117486773209526e-32
-2.511525402099894135e-32
-1.887354310659862607e-32
-1.418303908448636994e-32
-1.065823181879088651e-32
-8.009419196153808903e-33
-6.018896656630860504e-33
-4.523064166824884554e-33
-3.398980016491367497e-33
-2.554256302009944061e-33
-1.919465611654911015e-33
-1.442434821997542421e-33
-1.083957015472238373e-33
-8.145690837970386845e-34
-6.121301701146193895e-34
-4.600019232474457168e-34
-3.456810000914187042e-34
-2.597714222162554039e-34
-1.952123251853904163e-34
-1.466976297052487590e-34
-1.102399376714603163e-34
-8.284280995013792315e-35
-6.225449057207963156e-35
-4.678283605688769100e-35
-3.515623900241463032e-35
-2.641911532024255087e-35
-1.985336526629956855e-35
-1.491935318875361080e-35
-1.121155514871879148e-35
-8.425229114323431031e-36
-6.331368368370912411e-36
-4.757879562925833690e-36
-3.575438454725759757e-36
-2.686860811514580778e-36
-2.019114889507031013e-36
-1.517318991574760936e-36
-1.140230768520317026e-36
-8.568575314088077401e-37
-6.439089782542587797e-37
-4.838829759653873958e-37
-3.636270689436808021e-37
-2.732574854586959802e-37
-2.053467954850618108e-37
-1.543134540127976643e-37
-1.159630567066357565e-37
-8.714360395063799028e-38
-6.548643960565076592e-38
-4.921157236799232694e-38
-3.698137919107719151e-38
-2.779066672870162305e-38
-2.088405500604197873e-38
-1.569389312437592921e-38
-1.179360432291879258e-38
-8.862625852188076853e-39
-6.660062084941304589e-39
-5.004885427305007016e-39
-3.761057753063143007e-39
-2.826349499371690477e-39
-2.123937471072544986e-39
-1.596090781422754598e-39
-1.199425979925999268e-39
-9.013413886389566811e-40
-6.773375868711184342e-40
-5.090038162800584833e-40
-3.825048100231262153e-40
-2.874436792244577483e-40
-2.160073979751949887e-40
-1.623246547146368547e-40
-1.219832921243350292e-40
-9.166767416600656413e-41
-6.888617564477849346e-41
-5.176639680384651439e-41
-3.890127174241603056e-41
-2.923342238617673478e-41
-2.196825312209073430e-41
-1.650864338978134487e-41
-1.240587064689802171e-41
-9.322730091973148434e-42
-7.005819973587450575e-42
-5.264714629524311211e-42
-3.956313498608762261e-42
-2.973079758491751010e-42
-2.234201929008292087e-42
-1.678952017794723467e-42
-1.261694317535678283e-42
-9.481346304301760017e-43
-7.125016455466111415e-43
-5.354288079070509090e-43
-4.023625912005211631e-43
-3.023663508701236620e-43
-2.272214468689312771e-43
-1.707517578217157619e-43
-1.283160687557089625e-43
-9.642661200660324474e-44
-7.246240937114263295e-44
-5.445385524393993937e-44
-4.092083573622920180e-44
-3.075107886943975894e-44
-2.310873750795139785e-44
-1.736569150886254254e-44
-1.304992284746060868e-44
-9.806720696250965544e-45
-7.369527922764118672e-45
-5.538032894641480860e-45
-4.161705968627045353e-45
-3.127427535879138524e-45
-2.350190778951552063e-45
-1.766115004777024489e-45
-1.327195323049475993e-45
-9.973571487474078977e-46
-7.494912503699828732e-46
-5.632256560116427439e-46
-4.232512913701849176e-46
-3.180637347294836951e-46
-2.390176743999301843e-46
-1.796163549552085194e-46
-1.349776122137909092e-46
-1.014326106521846457e-46
-7.622430368246265580e-47
-5.728083339784605787e-47
-4.304524562690952367e-47
-3.234752466347102291e-47
-2.430843027179110834e-47
-1.826723337955506511e-47
-1.372741109204246623e-47
-1.031583772837966355e-47
-7.752117811926718912e-48
-5.825540508907364387e-48
-4.377761412334165042e-48
-3.289788295870299508e-48
-2.472201203371390625e-48
-1.857803068246985675e-48
-1.396096820793197150e-48
-1.049135059760692890e-48
-7.884011747793389909e-49
-5.924655806805579243e-49
-4.452244308101003622e-49
-3.345760500761618910e-49
-2.514263044390539110e-49
-1.889411586677818500e-49
-1.419849904661739456e-49
-1.066984962928400209e-49
-8.018149716934750595e-50
-6.025457444754460067e-50
-4.527994450124448143e-50
-3.402685012439417265e-50
-2.557040522335803445e-50
-1.921557890008740414e-50
-1.444007121671217476e-50
-1.085138562974930345e-50
-8.154569899160014138e-51
-6.127974114014025592e-51
-4.605033399234654751e-51
-3.460578033378119636e-51
-2.600545812998807232e-51
-1.954251128070600645e-51
-1.468575347711830624e-51
-1.103601026975576612e-51
-8.293311123867187927e-52
-6.232234993994833536e-52
-4.683383083096279930e-52
-3.519456041719807971e-52
-2.644791299329045857e-52
-1.987500606368875845e-52
-1.493561575659563236e-52
-1.122377609917916544e-52
-8.434412881094199895e-53
-6.338269760563954729e-53
-4.763065802449580296e-53
-3.579335795964253181e-53
-2.689789574958712887e-53
-2.021315788732085074e-53
-1.518972917366736245e-53
-1.141473656197418105e-53
-8.577915332759801017e-54
-6.446108594491378599e-54
-4.844104237457688018e-54
-3.640234339739254531e-54
-2.735553447786939359e-54
-2.055706300005711488e-54
-1.544816605686094267e-54
-1.160894601138730370e-54
-8.723859324094541670e-55
-6.555782190040120029e-55
-4.926521454162558634e-55
-3.702169006651378933e-55
-2.782095943625620850e-55
-2.090681928791501848e-55
-1.571099996529646293e-55
-1.180645972542699166e-55
-8.872286395266204943e-56
-6.667321763703388659e-56
-5.010340911049733023e-56
-3.765157425220046585e-56
-2.829430309906656519e-56
-2.126252630233838888e-56
-1.597830570962299724e-56
-1.200733392259697211e-56
-9.023238793204302102e-57
-6.780759063089132995e-57
-5.095586465725831121e-57
-3.829217523894741625e-57
-2.877570019452892834e-57
-2.162428528853014252e-57
-1.625015937331249152e-57
-1.221162577789895479e-57
-9.176759483623963914e-58
-6.896126375956555793e-58
-5.182282381708956788e-58
-3.894367536158424030e-58
-2.926528774312543365e-58
-2.199219921427342650e-58
-1.652663833431475762e-58
-1.241939343910520721e-58
-9.332892163255558230e-59
-7.013456539406894173e-59
-5.270453335334697629e-59
-3.960626005716850594e-59
-2.976320509659705456e-59
-2.236637279923548516e-59
-1.680782128708232666e-59
-1.263069604330954034e-59
-9.491681272283055609e-60
-7.132782949228713817e-60
-5.360124422779840175e-60
-4.028011791777356521e-60
-3.026959397760204845e-60
-2.274691254477655082e-60
-1.709378826496859836e-60
-1.284559373376079610e-60
-9.653172006991495468e-61
-7.254139569403948454e-61
-5.451321167206043589e-61
-4.096544074416038438e-61
-3.078459852005792729e-61
-2.313392676426211220e-61
-1.738462066300974642e-61
-1.306414767697935199e-61
-9.817410332632029214e-62
-7.377560941775719288e-62
-5.544069526023620775e-62
-4.166242360037447065e-62
-3.130836531016468543e-62
-2.352752561389493227e-62
-1.768040126108936241e-62
-1.328642008016803580e-62
-9.984442996505879384e-63
-7.503082195878796861e-63
-5.638395898280416740e-63
-4.237126486926476904e-63
-3.184104342813130645e-63
-2.392782112406493041e-63
-1.798121424750159655e-63
-1.351247420891937320e-63
-1.015431754126842994e-63
-7.630739058939354987e-64
-5.734327132175484710e-64
-4.309216630895434954e-64
-3.238278449060331536e-64
-2.433492723123844044e-64
-1.828714524291527445e-64
-1.374237440522067320e-64
-1.032708231846240799e-64
-7.760567866043621029e-65
-5.831890532701556257e-65
-4.382533311025988136e-65
-3.293374269382013086e-65
-2.474895981039013215e-65
-1.859828132474116828e-65
-1.397618610576925047e-65
-1.050278650227968621e-65
-7.892605570480852222e-66
-5.931113869415921713e-66
-4.457097395509871479e-66
-3.349407485750692655e-66
-2.517003670798050127e-66
-1.891471105191892129e-66
-1.421397586059693781e-66
-1.068148010355893129e-66
-8.026889754260056393e-67
-6.032025384344971554e-67
-4.532930107589007452e-67
-3.406394046950480286e-67
-2.559827777550135875e-67
-1.923652449012262230e-67
-1.445581135201391218e-67
-1.086321398401849037e-67
-8.163458638807644461e-68
-6.134653800023275555e-68
-4.610053031595545522e-68
-3.464350173116964213e-68
-2.603380490358781604e-68
-1.956381323739843908e-68
-1.470176141387074471e-68
-1.104803987073405004e-68
-8.302351095847123906e-69
-6.239028327667881312e-69
-4.688488119095925654e-69
-3.523292360353773292e-69
-2.647674205671510264e-69
-1.989667045023300505e-69
-1.495189605115182562e-69
-1.123601037086272333e-69
-8.443606658461827068e-70
-6.345178675493405292e-70
-4.768257695138716604e-70
-3.583237385428273823e-70
-2.692721530847826072e-70
-2.023519087007023231e-70
-1.520628645990224300e-70
-1.142717898661480175e-70
-8.587265532348151318e-71
-6.453135057167561448e-71
-4.849384464609549480e-71
-3.644202310546158700e-71
-2.738535287747873940e-71
-2.057947085027938599e-71
-1.546500504748983116e-71
-1.162160013048338748e-71
-8.733368607258867759e-72
-6.562928200411627640e-72
-4.931891518692828049e-72
-3.706204488208171934e-72
-2.785128516382175007e-72
-2.092960838357681283e-72
-1.572812545321624191e-72
-1.181932914073120655e-72
-8.881957468642604753e-73
-6.674589355745417433e-73
-5.015802341444580901e-73
-3.769261566149485290e-73
-2.832514478622750980e-73
-2.128570312991997372e-73
-1.599572256927608144e-73
-1.202042229714294334e-73
-9.033074409478862092e-74
-6.788150305382675564e-74
-5.101140816477190078e-74
-3.833391492362164095e-74
-2.880706661978173184e-74
-2.164785644487256185e-74
-1.626787256207534696e-74
-1.222493683704219897e-74
-9.186762442316633776e-75
-6.903643372277862680e-75
-5.187931233756548630e-75
-3.898612520204131317e-75
-2.929718783432359876e-75
-2.201617140845587451e-75
-1.654465289390806213e-75
-1.243293097158397343e-75
-9.343065311517885362e-76
-7.021101429325119225e-76
-5.276198296516305651e-76
-3.964943213594427781e-76
-2.979564793349190109e-76
-2.239075285448491311e-76
-1.682614234500571211e-76
-1.264446390232443985e-76
-9.502027505707015190e-77
-7.140557908715675332e-77
-5.365967128288872158e-77
-4.032402452297520038e-77
-3.030258879442710014e-77
-2.277170740040910415e-77
-1.711242103596202967e-77
-1.285959583806943053e-77
-9.663694270434708335e-78
-7.262046811453277511e-78
-5.457263280056965008e-78
-4.101009437296397173e-78
-3.081815470815635682e-78
-2.315914347766090724e-78
-1.740357045053492165e-78
-1.307838801201312399e-78
-9.828111621055692689e-79
-7.385602717032753522e-79
-5.550112737525294774e-79
-4.170783696258089714e-79
-3.134249242066589918e-79
-2.355317136251486911e-79
-1.769967345884116280e-79
-1.330090269916617045e-79
-9.995326355827239739e-80
-7.511260793281176168e-80
-5.644541928517349277e-80
-4.241745089092206676e-80
-3.187575117466424667e-80
-2.395390320747824999e-80
-1.800081434094279724e-80
-1.352720323408258990e-80
-1.016538606922772145e-80
-7.639056806368315605e-81
-5.740577730498046815e-81
-4.313913813602975954e-81
-3.241808275206474310e-81
-2.436145307321173522e-81
-1.830707881083790686e-81
-1.375735402888450770e-81
-1.033833916550430009e-81
-7.769027130987445148e-82
-5.838247478222946720e-82
-4.387310411238630415e-82
-3.296964151718558405e-82
-2.477593696099739077e-82
-1.861855404085439515e-82
-1.399142059159690356e-82
-1.051423487245114270e-82
-7.901208760707424104e-83
-5.937578971519197112e-83
-4.461955772937896544e-83
-3.353058446069042816e-83
-2.519747284575209691e-83
-1.893532868646341975e-83
-1.422946954479445753e-83
-1.069312325541944636e-83
-8.035639318503060006e-84
-6.038600483197892321e-84
-4.537871145076703507e-84
-3.410107124426716824e-84
-2.562618070960884269e-84
-1.925749291151511966e-84
-1.447156864456200733e-84
-1.087505523156873216e-84
-8.172357067463331865e-85
-6.141340767102075239e-85
-4.615078135514805658e-85
-3.468126424607533656e-85
-2.606218257606960347e-85
-1.958513841389882451e-85
-1.471778679978160848e-85
-1.106008258435883438e-85
-8.311400921683158268e-86
-6.245829066289946220e-86
-4.693598719746414025e-86
-3.527132860696691715e-86
-2.650560254473261233e-86
-1.991835845164523306e-86
-1.496819409174530124e-86
-1.124825797829033697e-86
-8.452810457338181223e-87
-6.352095121358836855e-87
-4.773455247155507133e-87
-3.587143227748469843e-87
-2.695656682661786060e-87
-2.025724786946942905e-87
-1.522286179410411406e-87
-1.143963497389264314e-87
-8.596625923950037658e-88
-6.460169178910856092e-88
-4.854670447376362410e-88
-3.648174606567005480e-88
-2.741520378008914479e-88
-2.060190312576890509e-88
-1.548186239315221470e-88
-1.163426804296985767e-88
-8.742888255843365054e-89
-6.570082000160933074e-89
-4.937267436763637795e-89
-3.710244368567818974e-89
-2.788164394739190834e-89
-2.095242232007517457e-89
-1.574526960845997508e-89
-1.183221258410616455e-89
-8.891639083795505781e-90
-6.681864869693117276e-90
-5.021269724971730098e-90
-3.773370180722671891e-90
-2.835602009180499214e-90
-2.130890522097760238e-90
-1.601315841385820852e-90
-1.203352493843200327e-90
-9.042920746886901559e-91
-6.795549604364774134e-91
-5.106701221646911961e-91
-3.837570010587508577e-91
-2.883846723543139360e-91
-2.167145329452248175e-91
-1.628560505877537292e-91
-1.223826240566180047e-91
-9.196776304551579174e-92
-6.911168562363409480e-92
-5.193586243231912920e-92
-3.902862131416882097e-92
-2.932912269763223152e-92
-2.204016973308977896e-92
-1.656268708994228932e-92
-1.244648326040256301e-92
-9.353249548834253460e-93
-7.028754652415661459e-93
-5.281949519887536769e-93
-3.969265127365424432e-93
-2.982812613410723539e-93
-2.241515948476727887e-93
-1.684448337346339376e-93
-1.265824676874203384e-93
-9.512385016853327762e-94
-7.148341343154700545e-94
-5.371816202532093424e-94
-4.036797898776811662e-94
-3.033561957664824963e-94
-2.279652928322081916e-94
-1.713107411726640959e-94
-1.287361320511555838e-94
-9.674228003478299150e-95
-7.269962672647059415e-95
-5.463211869999227275e-95
-4.105479667563823383e-95
-3.085174747356424509e-95
-2.318438767807653972e-95
-1.742254089392911615e-95
-1.309264386946305700e-95
-9.838824574222914879e-96
-7.393653258079700191e-96
-5.556162536319046449e-96
-4.175329982679267733e-96
-3.137665673079921630e-96
-2.357884506581363988e-96
-1.771896666389883691e-96
-1.331540110467803628e-96
-1.000622157835520396e-96
-7.519448305613944999e-97
-5.650694658122198176e-97
-4.246368725680682235e-97
-3.191049675374096161e-97
-2.398001372118847409e-97
-1.802043579910707308e-97
-1.354194831435007149e-97
-1.017646666223330599e-97
-7.647383620405820915e-98
-5.746835142170892303e-98
-4.318616116388543144e-98
-3.245341948974900731e-98
-2.438800782919350978e-98
-1.832703410698136742e-98
-1.377234998081291196e-98
-1.034960828286654256e-98
-7.777495616798169686e-99
-5.844611353016438532e-99
-4.392092718641789097e-99
-3.300557947140631187e-99
-2.480294351755384903e-99
-1.863884885487072577e-99
-1.400667168349736227e-99
-1.052569572170894117e-99
-7.909821328684018765e-100
-5.944051120788506446e-100
-4.466819446151303087e-100
-3.356713386049856514e-100
-2.522493888978343548e-100
-1.895596879488358234e-100
-1.424498011759882094e-100
-1.070477909868451707e-100
-8.044398420048176271e-101
-6.045182749116960752e-101
-4.542817568451865356e-101
-3.413824249275088036e-101
-2.565411405879961428e-101
-1.927848418915152474e-101
-1.448734311305840733e-101
-1.088690938645379758e-101
-8.181265195688288563e-102
-6.148035023186934656e-102
-4.620108716956607765e-102
-3.471906792332013547e-102
-2.609059118111381566e-102
-1.960648683551749665e-102
-1.473382965387061912e-102
-1.107213842492316015e-102
-8.320460612116183073e-103
-6.252637217932658196e-103
-4.698714891113724524e-103
-3.530977547306707566e-103
-2.653449449159678253e-103
-1.994007009366583377e-103
-1.498450989771958629e-103
-1.126051893599823502e-103
-8.462024288647020784e-104
-6.359019106369657158e-104
-4.778658464668733013e-104
-3.591053327560590254e-104
-2.698595033884175988e-104
-2.027932891169706394e-104
-1.523945519594561578e-104
-1.145210453859140651e-104
-8.605996518675691455e-105
-6.467210968069797239e-105
-4.859962192031929894e-105
-3.652151232516313701e-105
-2.744508722112950998e-105
-2.062435985314969041e-105
-1.549873811385565744e-105
-1.164694976388277712e-105
-8.752418281146540796e-106
-6.577243597778703636e-106
-4.942649214755393757e-106
-3.714288652525101470e-106
-2.791203582299837341e-106
-2.097526112448739784e-106
-1.576243245137674975e-106
-1.184511007084273863e-106
-8.901331252215782506e-107
-6.689148314181424827e-107
-5.026743068120211167e-107
-3.777483273815964604e-107
-2.838692905244412995e-107
-2.133213260305047590e-107
-1.603061326406355404e-107
-1.204664186201535230e-107
-9.052777817114536682e-108
-6.802956968817282180e-108
-5.112267687834505145e-108
-3.841753083530156569e-108
-2.886990207874816105e-108
-2.169507586548641399e-108
-1.630335688445883044e-108
-1.225160249957320110e-108
-9.206801082213750385e-109
-6.918701955144658566e-109
-5.199247416846838585e-109
-3.907116374840656187e-109
-2.936109237095404457e-109
-2.206419421665814922e-109
-1.658074094382131075e-109
-1.246005032164550145e-109
-9.363444887292084089e-110
-7.036416217761938575e-110
-5.287707012274675515e-110
-3.973591752159413387e-110
-2.986063973699062782e-110
-2.243959271904958126e-110
-1.686284439422340894e-110
-1.267204465892087201e-110
-9.522753818015070621e-111
-7.156133261784162999e-111
-5.377671652451623654e-111
-4.041198136432078054e-111
-3.036868636346807071e-111
-2.282137822267151757e-111
-1.714974753102061161e-111
-1.288764585153604423e-111
-9.684773218625049408e-112
-7.277887162380434359e-112
-5.469166944093066775e-112
-4.109954770523925203e-112
-3.088537685615202383e-112
-2.320965939547007991e-112
-1.744153201570737483e-112
-1.310691526624981976e-112
-9.849549204848635279e-113
-7.401712574471548552e-113
-5.562218929585230177e-113
-4.179881224696856313e-113
-3.141085828111251883e-113
-2.360454675426205888e-113
-1.773828089916202189e-113
-1.332991531391143202e-113
-1.001712867702104656e-113
-7.527644742594657096e-114
-5.656854094397486485e-114
-4.250997402179464348e-114
-3.194528020659922338e-114
-2.400615269618689028e-114
-1.804007864528264665e-114
-1.355670946722238673e-114
-1.018755933343646286e-114
-7.655719510934760779e-115
-5.753099374620625152e-115
-4.323323544833063614e-115
-3.248879474559826376e-115
-2.441459153070095357e-115
-1.834701115503010297e-115
-1.378736227880420825e-115
-1.036088968392417781e-115
-7.785973333526616730e-116
-5.850982164634989889e-116
-4.396880238911714931e-116
-3.304155659913618987e-116
-2.482997951211291888e-116
-1.865916579087757615e-116
-1.402193939957177134e-116
-1.053716906365538289e-116
-7.918443284632456807e-117
-5.950530324905822439e-117
-4.471688420922665417e-117
-3.360372310031091638e-117
-2.525243487267330772e-117
-1.897663140167664534e-117
-1.426050759741873964e-117
-1.071644764718787162e-117
-8.053167069291824693e-118
-6.051772189914503070e-118
-4.547769383585283430e-118
-3.417545425907358155e-118
-2.568207785622707359e-118
-1.929949834794532398e-118
-1.450313477622502324e-118
-1.089877646274371284e-118
-8.190183034055352092e-119
-6.154736576223097132e-119
-4.625144781891624328e-119
-3.475691280777230174e-119
-2.611903075243719477e-119
-1.962785852759180972e-119
-1.474988999517948205e-119
-1.108420740673580831e-119
-8.329530177898927527e-120
-6.259452790676442583e-120
-4.703836639270116100e-120
-3.534826424746884361e-120
-2.656341793159801172e-120
-1.996180540206495007e-120
-1.500084348843951014e-120
-1.127279325853864335e-120
-8.471248163324020173e-121
-6.365950638743774302e-121
-4.783867353853826137e-121
-3.594967689505333311e-121
-2.701536588002605059e-121
-2.030143402296058213e-121
-1.525606668512105428e-121
-1.146458769551091356e-121
-8.615377327646841361e-122
-6.474260433001924361e-122
-4.865259704856753908e-122
-3.656132193114047943e-122
-2.747500323606775783e-122
-2.064684105907508918e-122
-1.551563222962954356e-122
-1.165964530827376693e-122
-8.761958694479101317e-123
-6.584413001764674954e-123
-4.948036859055876543e-123
-3.718337344880080195e-123
-2.794246082671251081e-123
-2.099812482392030481e-123
-1.577961400233672722e-123
-1.185802161624830347e-123
-8.911033985406574670e-124
-6.696439697855263505e-124
-5.032222377386200473e-124
-3.781600850311092764e-124
-2.841787170483002478e-124
-2.135538530370660310e-124
-1.604808714060839996e-124
-1.205977308346080418e-124
-9.062645631861393455e-125
-6.810372407531819661e-125
-5.117840221646671533e-125
-3.845940716154893189e-125
-2.890137118704129206e-125
-2.171872418580079466e-125
-1.632112806019445832e-125
-1.226495713461012382e-125
-9.216836787201307311e-126
-6.926243559562809353e-126
-5.204914761320435091e-126
-3.911375255524710208e-126
-2.939309689223221091e-126
-2.208824488767444144e-126
-1.659881447697374834e-126
-1.247363217141520214e-126
-9.373651338991972136e-127
-7.044086134457275434e-127
-5.293470780511150354e-127
-3.977923093111446560e-127
-2.989318878073082695e-127
-2.246405258633229441e-127
-1.688122542907800563e-127
-1.268585758923732546e-127
-9.533133921498714603e-128
-7.163933673852098502e-128
-5.383533484997000813e-128
-4.045603170485739739e-128
-3.040178919413442405e-128
-2.284625424825380543e-128
-1.716844129938766078e-128
-1.290169379398589069e-128
-9.695329928390810036e-129
-7.285820290058576752e-129
-5.475128509406258850e-129
-4.114434751487973809e-129
-3.091904289583094790e-129
-2.323495865983787950e-129
-1.746054383841128517e-129
-1.312120221931178186e-129
-9.860285525661372174e-130
-7.409780675773491388e-130
-5.568281924511871294e-130
-4.184437427712258497e-130
-3.144509711220145953e-130
-2.363027645836683538e-130
-1.775761618755430950e-130
-1.334444534409254276e-130
-1.002804766476984784e-130
-7.535850113951248742e-131
-5.663020244653215334e-131
-4.255631124082576614e-131
-3.198010157452536859e-131
-2.403232016349720949e-131
-1.805974290278261701e-131
-1.357148671021879859e-131
-1.019866409600252211e-131
-7.664064487848147036e-132
-5.759370435282600154e-132
-4.328036104524034744e-132
-3.252420856159853044e-132
-2.444120420928491311e-132
-1.836700997869385784e-132
-1.380239094067573891e-132
-1.037218338206593939e-132
-7.794460291235439480e-133
-5.857359920640461020e-133
-4.401672977730601201e-133
-3.307757294307464393e-133
-2.485704497676225061e-133
-1.867950487298808186e-133
-1.403722375793981254e-133
-1.054865491190878824e-133
-7.927074638786599692e-134
-5.957016591561152241e-134
-4.476562703030723008e-134
-3.364035222355340004e-134
-2.527996082705529454e-134
-1.899731653136493198e-134
-1.427605200268461333e-134
-1.072812891477953657e-134
-8.061945276641296748e-135
-6.058368813411193992e-135
-4.552726596354013756e-135
-3.421270658740001729e-135
-2.571007213507857661e-135
-1.932053541283934504e-135
-1.451894365280583109e-135
-1.091065647452321717e-135
-8.199110593148651294e-136
-6.161445434164300535e-136
-4.630186336296906273e-136
-3.479479894434602647e-136
-2.614750132379618323e-136
-1.964925351548897238e-136
-1.476596784276981735e-136
-1.109628954412084171e-136
-8.338609629795596839e-137
-6.266275792610357658e-137
-4.708963970294062006e-137
-3.538679497585661914e-137
-2.659237289906707541e-137
-1.998356440263968329e-137
-1.501719488329057996e-137
-1.128508096047933201e-137
-8.480482092316524128e-138
-6.372889726707510670e-138
-4.789081920893498598e-138
-3.598886318228865806e-138
-2.704481348508332120e-138
-2.032356322949541473e-138
-1.527269628134575590e-138
-1.147708445946678757e-138
-8.624768361996601686e-139
-6.481317582074628244e-139
-4.870562992138737659e-139
-3.660117493085113978e-139
-2.750495186040969145e-139
-2.066934677022689349e-139
-1.553254476052463582e-139
-1.167235469120986483e-139
-8.771509507165075051e-140
-6.591590220628599719e-140
-4.953430376059546243e-140
-3.722390450437942674e-140
-2.797291899464422569e-140
-2.102101344550965999e-140
-1.579681428173091625e-140
-1.187094723564826337e-140
-8.920747294884578395e-141
-6.703739029368597378e-141
-5.037707659272812775e-141
-3.785722915094998999e-141
-2.844884808568693401e-141
-2.137866335054222106e-141
-1.606558006423342114e-141
-1.207291861835450945e-141
-9.072524202839340526e-142
-6.817795929309392000e-142
-5.123418829697167174e-142
-3.850132913431807579e-142
-2.893287459765822661e-142
-2.174239828353508333e-142
-1.633891860707582254e-142
-1.227832632662286018e-142
-9.226883431425115651e-143
-6.933793384568608024e-143
-5.210588283378984771e-143
-3.915638778523472921e-143
-2.942513629945462462e-143
-2.211232177468567820e-143
-1.661690771085062949e-143
-1.248722882583126953e-143
-9.383868916047440163e-144
-7.051764411604705640e-144
-5.299240831437383570e-144
-3.982259155362625086e-144
-2.992577330396204257e-144
-2.248853911564623496e-144
-1.689962649984269621e-144
-1.269968557608525911e-144
-9.543525339623883346e-145
-7.171742588616012447e-145
-5.389401707125948386e-145
-4.050013006166365762e-145
-3.043492810793626893e-145
-2.287115738949176718e-145
-1.718715544455423440e-145
-1.291575704913788341e-145
-9.705898145304259910e-146
-7.293762065097742308e-146
-5.481096573014903199e-146
-4.118919615773499696e-146
-3.095274563256015137e-146
-2.326028550120437294e-146
-1.747957638460352489e-146
-1.313550474560465902e-146
-9.871033549404641089e-147
-7.417857571561991703e-147
-5.574351528295464693e-147
-4.188998597133355322e-147
-3.147937326469969438e-147
-2.365603420866324623e-147
-1.777697255202276228e-147
-1.335899121246783314e-147
-1.003897855456194159e-147
-7.544064429423116379e-148
-5.669193116208158762e-148
-4.260269896889186326e-148
-3.201496089884439399e-148
-2.405851615417490214e-148
-1.807942859494754269e-148
-1.358628006087921010e-148
-1.020978096311232377e-148
-7.672418561050860303e-149
-5.765648331599127754e-149
-4.332753801054186691e-149
-3.255966097977882410e-149
-2.446784589653340313e-149
-1.838703060171031438e-149
-1.381743598426582414e-149
-1.038348939069662570e-149
-7.802956499996713461e-150
-5.863744628601785921e-150
-4.406470940786453647e-150
-3.311362854597139453e-150
-2.488413994362730665e-150
-1.869986612534379662e-150
-1.405252477674290765e-150
-1.056015328010023289e-150
-7.935715401389890860e-151
-5.963509928452379416e-151
-4.481442298261021942e-151
-3.367702127370308889e-151
-2.530751678560141924e-151
-1.901802420850019303e-151
-1.429161335184409558e-151
-1.073982291532250257e-151
-8.070733052514545718e-152
-6.064972627436919649e-152
-4.557689212642038601e-152
-3.424999952194698192e-152
-2.573809692858130297e-152
-1.934159540879976487e-152
-1.453476976156234395e-152
-1.092254943589147775e-152
-8.208047883564785923e-153
-6.168161604973645115e-153
-4.635233386156543803e-153
-3.483272637800941573e-153
-2.617600292897883690e-153
-1.967067182459993398e-153
-1.478206321572277366e-153
-1.110838485141919566e-153
-8.347698978583078784e-154
-6.273106231832991834e-154
-4.714096890271335003e-154
-3.542536770395754224e-154
-2.662135942836689062e-154
-2.000534712121355506e-154
-1.503356410168114804e-154
-1.129738205640523250e-154
-8.489726086584782316e-155
-6.379836378497061208e-155
-4.794302171976246142e-155
-3.602809218381702611e-155
-2.707429318896190583e-155
-2.034571655756791228e-155
-1.528934400435828275e-155
-1.148959484529210835e-155
-8.634169632871452009e-156
-6.488382423663126963e-156
-4.875872060171668443e-156
-3.664107137159253189e-156
-2.753493312970293875e-156
-2.069187701331834175e-156
-1.554947572661532721e-156
-1.168507792777618086e-156
-8.781070730539088171e-157
-6.598775262888191670e-157
-4.958829772167416294e-157
-3.726447974009537176e-157
-2.800341036294593315e-157
-2.104392701642318978e-157
-1.581403330997480871e-157
-1.188388694438236893e-157
-8.930471192177265696e-158
-6.711046317384248930e-158
-5.043198920290822335e-158
-3.789849473060383025e-158
-2.847985823178238385e-158
-2.140196677118668272e-158
-1.608309205569871585e-158
-1.208607848229720644e-158
-9.082413541772239407e-159
-6.825227542961378223e-159
-5.129003518607542427e-159
-3.854329680336844853e-159
-2.896441234799123094e-159
-2.176609818678501590e-159
-1.635672854621622642e-159
-1.229171009147792490e-159
-9.236941026810082455e-160
-6.941351439123348404e-160
-5.216267989756697058e-160
-3.919906948897435578e-160
-2.945721063064471815e-160
-2.213642490626560757e-160
-1.663502066692495648e-160
-1.250084030103230589e-160
-9.394097630586276240e-161
-7.059451058317989749e-161
-5.305017171902006647e-161
-3.986599944058861048e-161
-2.995839334535463907e-161
-2.251305233605194404e-161
-1.691804762835869702e-161
-1.271352863587785916e-161
-9.553928084724702725e-162
-7.179560015344521031e-162
-5.395276325802703099e-162
-4.054427648707422475e-162
-3.046810314420275210e-162
-2.289608767594427996e-162
-1.720588998873315998e-162
-1.292983563368446427e-162
-9.716477881909101782e-163
-7.301712496922998773e-163
-5.487071142001726868e-163
-4.123409368703008722e-163
-3.098648510634236078e-163
-2.328563994963201429e-163
-1.749862967687534481e-163
-1.314982286210450816e-163
-9.881793288833886572e-164
-7.425943271422476048e-164
-5.580427748139240732e-164
-4.193564738373924374e-164
-3.151368677929232241e-164
-2.368182003572521199e-164
-1.779635001554198698e-164
-1.337355293629992281e-164
-1.004992135936978995e-164
-7.552287698758768391e-165
-5.675372716389066600e-165
-4.264913726105423070e-165
-3.204985822093361058e-165
-2.408474069931271385e-165
-1.809913574513983336e-165
-1.360108953675994159e-165
-1.022090994795903855e-165
-7.680781740458582940e-166
-5.771933071021945521e-166
-4.337476640023329736e-166
-3.259515204221859436e-166
-2.449451662406400769e-166
-1.840707304783936064e-166
-1.383249742742948655e-166
-1.039480772323565333e-166
-7.811461969895268329e-167
-5.870136296097483850e-167
-4.411274133774107472e-167
-3.314972345061620551e-167
-2.491126444486359171e-167
-1.872024957210886182e-167
-1.406784247414226229e-167
-1.057166418187804671e-167
-7.944365582698735044e-168
-5.970010343286621780e-168
-4.486327212404525261e-168
-3.371373029427773324e-168
-2.533510278101430580e-168
-1.903875445766093260e-168
-1.430719166336818752e-168
-1.075152966269731052e-168
-8.079530407342022975e-169
-6.071583639828895672e-169
-4.562657238338847257e-169
-3.428733310697264510e-169
-2.576615226999864720e-169
-1.936267836082437346e-169
-1.455061312127983470e-169
-1.093445536096457566e-169
-8.216994915910273281e-170
-6.174885096621689785e-170
-4.640285937460231190e-170
-3.487069515377958306e-170
-2.620453560181598556e-170
-1.969211348034779499e-170
-1.479817613314238862e-170
-1.112049334298523382e-170
-8.356798235048349503e-171
-6.279944116450511766e-171
-4.719235405294336835e-171
-3.546398247755667162e-171
-2.665037755390387750e-171
-2.002715358364107017e-171
-1.504995116303772497e-171
-1.130969656091493259e-171
-8.498980157099293409e-172
-6.386790602357597440e-172
-4.799528113298401630e-172
-3.606736394620246721e-172
-2.710380502665207279e-172
-2.036789403346899197e-172
-1.530600987391567222e-172
-1.150211886783384003e-172
-8.643581151430017623e-173
-6.495454966153245239e-173
-4.881186915257303035e-173
-3.668101130071884790e-173
-2.756494707952839841e-173
-2.071443181508767915e-173
-1.556642514799479685e-173
-1.169781503307428121e-173
-8.790642375950119529e-174
-6.605968137071949719e-174
-4.964235053788176317e-174
-3.730509920410215728e-174
-2.803393496780391887e-174
-2.106686556385406453e-174
-1.583127110750613911e-174
-1.189684075780979314e-174
-8.940205688826709875e-175
-6.718361570575440919e-175
-5.048696166957100072e-175
-3.793980529104524219e-175
-2.851090217991831844e-175
-2.142529559329946223e-175
-1.610062313579066414e-175
-1.209925269090938930e-175
-9.092313660398013837e-176
-6.832667257307400019e-176
-5.134594295005545095e-176
-3.858531021850604844e-176
-2.899598447547332386e-176
-2.178982392368188838e-176
-1.637455789875570196e-176
-1.230510844506087746e-176
-9.247009585292264824e-177
-6.948917732196710499e-177
-5.221953887194081426e-177
-3.924179771712607062e-177
-2.948931992387407464e-177
-2.216055431102416671e-177
-1.665315336669548758e-177
-1.251446661317201287e-177
-9.404337494747621211e-178
-7.067146083719415892e-178
-5.310799808761117680e-178
-3.990945464352584102e-178
-2.999104894362794130e-178
-2.253759227664484260e-178
-1.693648883648767392e-178
-1.272738678504366017e-178
-9.564342169146854516e-179
-7.187385963316344369e-179
-5.401157348000316471e-179
-4.058847103349001186e-179
-3.050131434231024424e-179
-2.292104513719788055e-179
-1.722464495415805187e-179
-1.294392956433367889e-179
-9.727069150762717825e-180
-7.309671594971346794e-180
-5.493052223458421498e-180
-4.127904015605513630e-180
-3.102026135721859714e-180
-2.331102203521071719e-180
-1.751770373783863265e-180
-1.316415658580590245e-180
-9.892564756720697786e-181
-7.434037784952504224e-181
-5.586510591255230372e-181
-4.198135856852930458e-181
-3.154803769670162118e-181
-2.370763397015460247e-181
-1.781574860111161966e-181
-1.338813053287328232e-181
-1.006087609218228125e-181
-7.560519931718632985e-182
-5.681559052529710671e-182
-4.269562617242447629e-182
-3.208479358220813436e-182
-2.411099383003727596e-182
-1.811886437675147755e-182
-1.361591515543953902e-182
-1.023205106375196765e-182
-7.689154035996492357e-183
-5.778224661009600275e-183
-4.342204627036391035e-183
-3.263068179104315924e-183
-2.452121642353433301e-183
-1.842713734087097595e-183
-1.384757528804356893e-183
-1.040613839311528836e-183
-7.819976711025146082e-184
-5.876534930713002096e-184
-4.416082562394605788e-184
-3.318585769985298258e-184
-2.493841851266735202e-184
-1.874065523747694983e-184
-1.408317686831647235e-184
-1.058318763090303028e-184
-7.953025192978923158e-185
-5.976517843779402942e-185
-4.491217451259527179e-185
-3.375047932885021702e-185
-2.536271884603652186e-185
-1.905950730344922158e-185
-1.432278695574477938e-185
-1.076324917079718797e-185
-8.088337351565552725e-186
-6.078201858434259374e-186
-4.567630679341386174e-186
-3.432470738678927080e-186
-2.579423819262588490e-186
-1.938378429393381407e-186
-1.456647375076074197e-186
-1.094637426387397941e-186
-8.225951700805060177e-187
-6.181615917089081783e-187
-4.645343996204977631e-187
-3.490870531671676551e-187
-2.623309937616937145e-187
-1.971357850817889062e-187
-1.481430661415352790e-187
-1.113261503319148710e-187
-8.365907409992041694e-188
-6.286789454578989349e-188
-4.724379521461310813e-188
-3.550263934248089179e-188
-2.667942731011591030e-188
-2.004898381580492440e-188
-1.506635608681142181e-188
-1.132202448862549868e-188
-8.508244314843973967e-189
-6.393752406542191537e-189
-4.804759751061961472e-189
-3.610667851605155869e-189
-2.713334903318223565e-189
-2.039009568352287774e-189
-1.532269390979996704e-189
-1.151465654195708906e-189
-8.653002928841615522e-190
-6.502535217938472063e-190
-4.886507563703156640e-190
-3.672099476563588716e-190
-2.759499374551202706e-190
-2.073701120230698854e-190
-1.558339304478077994e-190
-1.171056602222019294e-190
-8.800224454757521249e-191
-6.613168851716169315e-191
-4.969646227337504676e-191
-3.734576294461425845e-191
-2.806449284545026656e-191
-2.108982911502866729e-191
-1.584852769478222691e-191
-1.190980869130374560e-191
-8.949950796385526569e-192
-6.725684797624849217e-192
-5.054199405796764481e-192
-3.798116088130902371e-192
-2.854197996694165797e-192
-2.144864984456653000e-192
-1.611817332531464010e-192
-1.211244125982582335e-192
-9.102224570467390179e-193
-6.840115081178247152e-193
-5.140191165527311311e-193
-3.862736942959774064e-193
-2.902759101757340176e-193
-2.181357552238272398e-193
-1.639240668585361769e-193
-1.231852140327459536e-193
-9.257089118822841451e-194
-6.956492272769730010e-194
-5.227645982439885223e-194
-3.928457252039850770e-194
-2.952146421724907657e-194
-2.218471001759742799e-194
-1.667130583168442924e-194
-1.252810777842454637e-194
-9.414588520685988465e-195
-7.074849496942422813e-195
-5.316588748877382965e-195
-3.995295721400929955e-195
-3.002374013753667014e-195
-2.256215896655205254e-195
-1.695495014611896707e-195
-1.274126004003200763e-195
-9.574767605251096935e-196
-7.195220441819090889e-196
-5.407044780698216392e-196
-4.063271375335981956e-196
-3.053456174167802747e-196
-2.294602980287658069e-196
-1.724342036309067029e-196
-1.295803885781401169e-196
-9.737671964434520923e-197
-7.317639368688414935e-197
-5.499039824483159013e-197
-4.132403561815833775e-197
-3.105407442528058189e-197
-2.333643178806850428e-197
-1.753679859013292105e-197
-1.317850593371968695e-197
-9.903347965848343968e-198
-7.442141121758414592e-198
-5.592600064863329768e-198
-4.202711957996197985e-198
-3.158242605770143242e-198
-2.373347604259069165e-198
-1.783516833175334736e-198
-1.340272401948817703e-198
-1.007184276600017287e-198
-7.568761138073772454e-199
-5.687752131973145299e-199
-4.274216575818401124e-199
-3.211976702413373178e-199
-2.413727557750504266e-199
-1.813861451319584708e-199
-1.363075693451262098e-199
-1.024320432371481082e-199
-7.697535457602333541e-200
-5.784523109030081673e-200
-4.346937767705150842e-200
-3.266625026841818679e-200
-2.454794532663093329e-200
-1.844722350461688080e-200
-1.386266958400439534e-200
-1.041748141378480756e-200
-7.828500733493173871e-201
-5.882940540043055065e-201
-4.420896232354451591e-201
-3.322203133656480381e-201
-2.496560217926424882e-201
-1.876108314566810605e-201
-1.409852797746715550e-201
-1.059472364085328901e-201
-7.961694242508780019e-202
-5.983032437653635614e-202
-4.496113020629619880e-202
-3.378726842103321747e-202
-2.539036501344633993e-202
-1.908028277049825612e-202
-1.433839924748516373e-202
-1.077498145353234377e-202
-8.097153895636960706e-203
-6.084827291107318970e-203
-4.572609541551990132e-203
-3.436212240575741789e-203
-2.582235472980042706e-203
-1.940491323318039100e-203
-1.458235166883048508e-203
-1.095830615876469965e-203
-8.234918248878797790e-204
-6.188354074363763243e-204
-4.650407568394335108e-204
-3.494675691193825724e-204
-2.626169428594361735e-204
-1.973506693357065209e-204
-1.483045467789937974e-204
-1.114474993642362801e-204
-8.375026514224659751e-205
-6.293642254343346782e-205
-4.729529244878216936e-205
-3.554133834461512506e-205
-2.670850873148293830e-205
-2.007083784361260103e-205
-1.508277889247112906e-205
-1.133436585416735528e-205
-8.517518570814703793e-206
-6.400721799314364642e-206
-4.809997091476771514e-206
-3.614603594002786946e-206
-2.716292524361436131e-206
-2.041232153407783729e-206
-1.533939613181130467e-206
-1.152720788254316506e-206
-8.662434976289706410e-207
-6.509623187422920936e-207
-4.891834011824453086e-207
-3.676102181379486156e-207
-2.762507316331232701e-207
-2.075961520177284116e-207
-1.560037943711293808e-207
-1.172333091034907888e-207
-8.809816978335024313e-208
-6.620377415367577758e-208
-4.975063299237224940e-208
-3.738647100989022089e-208
-2.809508403215018063e-208
-2.111281769720307877e-208
-1.586580309228629162e-208
-1.192279076025689970e-208
-8.959706526420449576e-209
-6.733016007223467503e-209
-5.059708643340902607e-209
-3.802256155047479243e-209
-2.857309162973947950e-209
-2.147202955270890969e-209
-1.613574264510236429e-209
-1.212564420470038769e-209
-9.112146283742349573e-210
-6.847571023412782834e-210
-5.145794136815045283e-210
-3.866947448656479687e-210
-2.905923201180777870e-210
-2.183735301108018328e-210
-1.641027492869518011e-210
-1.233194898203718747e-210
-9.267179639363909753e-211
-6.964075069831650832e-211
-5.233344282250214931e-211
-3.932739394956448713e-211
-2.955364354892433681e-211
-2.220889205465646429e-211
-1.668947808343460040e-211
-1.254176381297884883e-211
-9.424850720566999099e-212
-7.082561307130403276e-212
-5.322383999122157833e-212
-3.999650720367566546e-212
-3.005646696588289856e-212
-2.258675243492861778e-212
-1.697343157916191959e-212
-1.275514841730727888e-212
-9.585204405411669464e-213
-7.203063460152124728e-213
-5.412938630884665970e-213
-4.067700469919655503e-213
-3.056784538176316039e-213
-2.297104170263144530e-213
-1.726221623781312594e-213
-1.297216353087216071e-213
-9.748286335509834430e-214
-7.325615827531788522e-214
-5.505033952182791247e-214
-4.136908012673900664e-214
-3.108792435065668901e-214
-2.336186923836094193e-214
-1.755591425642241528e-214
-1.319287092287824459e-214
-9.914142929016274186e-215
-7.450253291458273754e-215
-5.598696176190348469e-215
-4.207293047234511318e-215
-3.161685190310287356e-215
-2.375934628370614330e-215
-1.785460923051799352e-215
-1.341733341346678487e-215
-1.008282139384011347e-215
-7.577011327604611897e-216
-5.693951962069138817e-216
-4.278875607356464141e-216
-3.215477858822132217e-216
-2.416358597291192069e-216
-1.815838617791594536e-216
-1.364561489159529819e-216
-1.025436974108392992e-216
-7.705926015222935124e-217
-5.790828422558203046e-217
-4.351676067647501607e-217
-3.270185751656276222e-217
-2.457470336508047815e-217
-1.846733156291789667e-217
-1.387778033322544363e-217
-1.042883679870578078e-217
-7.837034047415414370e-218
-5.889353131690635689e-218
-4.425715149367373144e-218
-3.325824440368905617e-218
-2.499281547691930891e-218
-1.878153332092558884e-218
-1.411389581981255853e-218
-1.060627222541942231e-218
-7.970372741577842821e-219
-5.989554132642010285e-219
-4.501013926325746657e-219
-3.382409761449271854e-219
-2.541804131605343366e-219
-1.910108088346376790e-219
-1.435402855711756179e-219
-1.078672652482814318e-219
-8.105980050021306896e-220
-6.091459945712331406e-220
-4.577593830880208125e-220
-3.439957820828015131e-220
-2.585050191489017524e-220
-1.942606520363931977e-220
-1.459824689433499941e-220
-1.097025105979965385e-220
-8.243894570774597389e-221
-6.195099576443438075e-221
-4.655476660037603507e-221
-3.498484998460260385e-221
-2.629032036507433434e-221
-1.975657878202828531e-221
-1.484662034354736583e-221
-1.115689806708553797e-221
-8.384155558569921325e-222
-6.300502523876288175e-222
-4.734684581656598346e-222
-3.558007952988622524e-222
-2.673762185252250602e-222
-2.009271569300438898e-222
-1.509921959951037909e-222
-1.134672067218880929e-222
-8.526802936017905054e-223
-6.407698788945188095e-223
-4.815240140758356532e-223
-3.618543626484372235e-223
-2.719253369305481362e-223
-2.043457161151434455e-223
-1.535611655977488406e-223
-1.153977290448763850e-223
-8.671877304968465145e-224
-6.516718883018389280e-224
-4.897166265943021422e-224
-3.680109249270707300e-224
-2.765518536863139095e-224
-2.078224384031572143e-224
-1.561738434515023342e-224
-1.173610971261060608e-224
-8.819419958066761973e-225
-6.627593836581838285e-225
-4.980486275917292715e-225
-3.742722344824756634e-225
-2.812570856421478050e-225
-2.113583133765947861e-225
-1.588309732052117564e-225
-1.193578698007599885e-225
-8.969472890510317201e-226
-6.740355208073291354e-226
-5.065223886128575511e-226
-3.806400734768430244e-226
-2.860423720523419971e-226
-2.149543474547417564e-226
-1.615333111600459379e-226
-1.213886154120332868e-226
-9.122078811999763451e-227
-6.855035092860668740e-227
-5.151403215519361613e-227
-3.871162543937624772e-227
-2.909090749572873423e-227
-2.186115641799270863e-227
-1.642816264848777310e-227
-1.234539119728691398e-227
-9.277281158892182581e-228
-6.971666132383101757e-228
-5.239048793387646031e-228
-3.937026205544546842e-228
-2.958585795708936352e-228
-2.223310045090234226e-228
-1.670767014351609863e-228
-1.255543473304363912e-228
-9.435124106571671943e-229
-7.090281523435510645e-229
-5.328185566373377916e-229
-4.004010466420880125e-229
-3.008922946750929862e-229
-2.261137271096648436e-229
-1.699193315755265662e-229
-1.276905193335469505e-229
-9.595652582014664369e-230
-7.210915027623727281e-230
-5.418838905554315358e-230
-4.072134392356803755e-230
-3.060116530207263970e-230
-2.299608086614979421e-230
-1.728103260063574723e-230
-1.298630360027088503e-230
-9.758912276586039533e-231
-7.333600980967696126e-231
-5.511034613671598077e-231
-4.141417373526405215e-231
-3.112181117352431482e-231
-2.338733441628176248e-231
-1.757505075939303691e-231
-1.320725157033028366e-231
-9.924949659035638473e-232
-7.458374303680220424e-232
-5.604798932472247463e-232
-4.211879130005291774e-232
-3.165131527376872506e-232
-2.378524472420301516e-232
-1.787407132047846611e-232
-1.343195873214710652e-232
-1.009381198873236639e-232
-7.585270510103959419e-233
-5.700158550176439564e-233
-4.283539717386815223e-233
-3.218982831602162689e-233
-2.418992504748369092e-233
-1.817817939437621650e-233
-1.366048904432211719e-233
-1.026554732911244956e-233
-7.714325718817279303e-234
-5.797140609078246327e-234
-4.356419532486722236e-234
-3.273750357773637739e-234
-2.460149057063862057e-234
-1.848746153963978437e-234
-1.389290755364286522e-234
-1.044020456135622375e-234
-7.845576662920738231e-235
-5.895772713266023699e-235
-4.430539319152573362e-235
-3.329449694420234640e-235
-2.502005843793133406e-235
-1.880200578752332670e-235
-1.412928041359320293e-235
-1.061783339830936721e-235
-7.979060700485498089e-236
-5.996082936484627485e-236
-4.505920174164160298e-236
-3.386096695294038730e-236
-2.544574778670901042e-236
-1.912190166703160455e-236
-1.436967490319364147e-236
-1.079848439862330222e-236
-8.114815825193673393e-237
-6.098099830120737389e-237
-4.582583553241769551e-237
-3.443707483881673967e-237
-2.587867978130378385e-237
-1.944724023041756302e-237
-1.461415944613827881e-237
-1.098220898115532800e-237
-8.252880677145296892e-238
-6.201852431334178950e-238
-4.660551277151691632e-238
-3.502298457992349694e-238
-2.631897764754010094e-238
-1.977811407908142783e-238
-1.486280363028327983e-238
-1.116905943959426763e-238
-8.393294553862861184e-239
-6.307370271320812615e-239
-4.739845537915464850e-239
-3.561886294427917822e-239
-2.676676670778522731e-239
-2.011461738994542801e-239
-1.511567822744052732e-239
-1.135908895735349186e-239
-8.536097421473928722e-240
-6.414683383715842775e-240
-4.820488905130111481e-240
-3.622487953726448192e-240
-2.722217441664359996e-240
-2.045684594224163507e-240
-1.537285521353314240e-240
-1.155235162270493415e-240
-8.681329926083767656e-241
-6.523822313147326412e-241
-4.902504332387863898e-241
-3.684120684992933090e-241
-2.768533039721023097e-241
-2.080489714478946280e-241
-1.563440778907714470e-241
-1.174890244417028638e-241
-8.829033405351271001e-242
-6.634818123924323467e-242
-4.985915163813822013e-242
-3.746802030805649520e-242
-2.815636647798676392e-242
-2.115887006371458811e-242
-1.590041040001116879e-242
-1.194879736618729436e-242
-8.979249900247095088e-243
-6.747702408884658215e-243
-5.070745140705982382e-243
-3.810549832212205368e-243
-2.863541673039499544e-243
-2.151886545063893707e-243
-1.617093875889849246e-243
-1.215209328502266967e-243
-9.132022167027788788e-244
-6.862507298381215108e-244
-5.157018408296657274e-244
-3.875382233806444271e-244
-2.912261750692779541e-244
-2.188498577137445592e-244
-1.644606986646282196e-244
-1.235884806497731272e-244
-9.287393689397434887e-245
-6.979265469432537969e-245
-5.244759522623319572e-245
-3.941317688891609079e-245
-2.961810747998200170e-245
-2.225733523506867353e-245
-1.672588203351967542e-245
-1.256912055484531122e-245
-9.445408690891631771e-246
-7.098010155021484799e-246
-5.333993457516175659e-246
-4.008374964735801293e-246
-3.012202768130257905e-246
-2.263601982388556728e-246
-1.701045490325120937e-246
-1.278297060467382048e-246
-9.606112147461857646e-247
-7.218775153551907052e-247
-5.424745611710671372e-247
-4.076573147910172684e-247
-3.063452154215133082e-247
-2.302114732315129217e-247
-1.729986947388825434e-247
-1.300045908279416349e-247
-9.769549800273695479e-248
-7.341594838474353996e-248
-5.517041816071930846e-248
-4.145931649725163131e-248
-3.115573493410468268e-248
-2.341282735205096832e-248
-1.759420812175941986e-248
-1.322164789314233464e-248
-9.935768168733807373e-249
-7.466504168063307457e-249
-5.610908340951918484e-249
-4.216470211751885990e-249
-3.168581621059730282e-249
-2.381117139482222359e-249
-1.789355462473181467e-249
-1.344659999288910032e-249
-1.010481456372196998e-249
-7.593538695374004722e-250
-5.706371903661818206e-250
-4.288208911444440612e-250
-3.222491624913795697e-250
-2.421629283247881382e-250
-1.819799418607080893e-250
-1.367537941034761602e-250
-1.027673710106619580e-250
-7.722734578355209618e-251
-5.803459676080999062e-251
-4.361168167853208450e-251
-3.277318849424273742e-251
-2.462830697510123749e-251
-1.850761345867536013e-251
-1.390805126320999347e-251
-1.045158471522884813e-251
-7.854128590146825287e-252
-5.902199292389132060e-252
-4.435368747435237058e-252
-3.333078900113570061e-252
-2.504733109463575192e-252
-1.882250056975853514e-252
-1.414468177706948161e-252
-1.062940717324298202e-252
-7.987758129544181758e-253
-6.002618856929679088e-253
-4.510831769968475439e-253
-3.389787648013745620e-253
-2.547348445829575142e-253
-1.914274514591452313e-253
-1.438533830428121683e-253
-1.081025508887417515e-253
-8.123661231640102475e-254
-6.104746952213945976e-254
-4.587578714559114381e-254
-3.447461234186907232e-254
-2.590688836248634875e-254
-1.946843833864392118e-254
-1.463008934312820158e-254
-1.099417993702303511e-254
-8.261876578657223462e-255
-6.208612647051132422e-255
-4.665631425759273974e-255
-3.506116074316395202e-255
-2.634766616734904715e-255
-1.979967285029203957e-255
-1.487900455731296872e-255
-1.118123406838511996e-255
-8.402443510950807914e-256
-6.314245504827725215e-256
-4.745012119780499652e-256
-3.565768863381900884e-256
-2.679594333186544216e-256
-2.013654296042801726e-256
-1.513215479579763585e-256
-1.137147072434165883e-256
-8.545402038213685310e-257
-6.421675591916539353e-257
-4.825743390820840400e-257
-3.626436580410232216e-257
-2.725184744955745209e-257
-2.047914455269540218e-257
-1.538961211295627574e-257
-1.156494405212376469e-257
-8.690792850856673027e-258
-6.530933486239500921e-258
-4.907848217494320277e-258
-3.688136493306819038e-258
-2.771550828482565621e-258
-2.082757514208543125e-258
-1.565144978909749296e-258
-1.176170912021416414e-258
-8.838657331597013072e-259
-6.642050285968985031e-259
-4.991349969369658156e-259
-3.750886163773566339e-259
-2.818705780985965684e-259
-2.118193390271130864e-259
-1.591774235130834650e-259
-1.196182193403045076e-259
-8.989037567234368905e-260
-6.755057618377008521e-260
-5.076272413625871846e-260
-3.814703452304132909e-260
-2.866663024222644097e-260
-2.154232169601740111e-260
-1.618856559467937352e-260
-1.216533945186215185e-260
-9.141976360626908195e-261
-6.869987648842609160e-261
-5.162639721812640164e-261
-3.879606523270962514e-261
-2.915436208304741873e-261
-2.190884109950416360e-261
-1.646399660387302884e-261
-1.237231960107860293e-261
-9.297517242881454775e-262
-6.986873090001011462e-262
-5.250476476734859033e-262
-3.945613850091983866e-262
-2.965039215587337040e-262
-2.228159643591785694e-262
-1.674411377505867618e-262
-1.258282129462652004e-262
-9.455704485735540190e-263
-7.105747211060844577e-263
-5.339807679445005660e-263
-4.012744220491761666e-263
-3.015486164618843543e-263
-2.266069380293634196e-263
-1.702899683823961411e-263
-1.279690444778728569e-263
-9.616583114166900111e-264
-7.226643847267294232e-264
-5.430658756363332221e-264
-4.081016741847780696e-264
-3.066791414158543912e-264
-2.304624110338540050e-264
-1.731872687993160998e-264
-1.301462999524204537e-264
-9.780198919200436889e-265
-7.349597409538223124e-265
-5.523055566513276992e-265
-4.150450846627585057e-265
-3.118969567265929183e-265
-2.343834807593081989e-265
-1.761338636625797629e-265
-1.323605990840404494e-265
-9.946598470949303787e-266
-7.474642894256247088e-266
-5.617024408879831358e-266
-4.221066297923098015e-266
-3.172035475454414095e-266
-2.383712632633415290e-266
-1.791305916640635237e-266
-1.346125721306782931e-266
-1.011582913186703731e-266
-7.601815893227190016e-267
-5.712592029899427158e-267
-4.292883195072065501e-267
-3.226004242921349467e-267
-2.424268935919805051e-267
-1.821783057651430034e-267
-1.369028600734403298e-267
-1.028793907022485703e-267
-7.731152603816551513e-268
-5.809785631067727192e-268
-4.365921979382751460e-268
-3.280891230844284750e-268
-2.465515261029185935e-268
-1.852778734394140259e-268
-1.392321147989894771e-268
-1.046297727382988753e-268
-7.862689839245535981e-269
-5.908632876687174351e-269
-4.440203439948300844e-269
-3.336712061755759465e-269
-2.507463347940037668e-269
-1.884301769195381623e-269
-1.416009992852009426e-269
-1.064099356395931344e-269
-7.996465039076202920e-270
-6.009161901735853007e-270
-4.515748719567376463e-270
-3.393482623988901361e-270
-2.550125136373073373e-270
-1.916361134485005958e-270
-1.440101877897406296e-270
-1.082203860955049166e-270
-8.132516279860838106e-271
-6.111401319880219225e-271
-4.592579320760615751e-271
-3.451219076198554549e-271
-2.593512769191647089e-271
-1.948965955348233063e-271
-1.464603660421073983e-271
-1.100616394161330284e-271
-8.270882285985982673e-272
-6.215380231617482359e-272
-4.670717111889322193e-272
-3.509937851963233172e-272
-2.637638595855685392e-272
-1.982125512124657552e-272
-1.489522314386829915e-272
-1.119342196790595602e-272
-8.411602440691953888e-273
-6.321128232556350258e-273
-4.750184333383521041e-273
-3.569655664459506252e-273
-2.682515175939065428e-273
-2.015849243047964641e-273
-1.514864932413475150e-273
-1.138386598784828259e-273
-8.554716797279625508e-274
-6.428675421845790305e-274
-4.831003604068061158e-274
-3.630389511222252860e-274
-2.728155282702076330e-274
-2.050146746933897817e-274
-1.540638727793089060e-274
-1.157755020768846322e-274
-8.700266090517506626e-275
-6.538052410736477658e-275
-4.913197927604915875e-275
-3.692156678979466286e-275
-2.774571906729192006e-275
-2.085027785911723589e-275
-1.566851036543622363e-275
-1.177452975594083728e-275
-8.848291748228396715e-276
-6.649290331299497131e-276
-4.996790699036374367e-276
-3.754974748575437360e-276
-2.821778259625705586e-276
-2.120502288202113176e-276
-1.593509319498177245e-276
-1.197486069906672916e-276
-8.998835903088876917e-277
-6.762420845281595923e-277
-5.081805711447853019e-277
-3.818861599973608432e-277
-2.869787777777183184e-277
-2.156580350944677839e-277
-1.620621164427177754e-277
-1.217860005744332638e-277
-9.151941404613585804e-278
-6.877476153122312376e-278
-5.168267162738522061e-278
-3.883835417344443842e-278
-2.918614126176115929e-278
-2.193272243070011635e-278
-1.648194288199520155e-278
-1.238580582158262611e-278
-9.307651831358576540e-279
-6.994489003117025573e-279
-5.256199662506982119e-279
-3.949914694244234708e-279
-2.968271202308808763e-279
-2.230588408224492811e-279
-1.676236538977571195e-279
-1.259653696864689972e-279
-9.466011503322154389e-280
-7.113492700735704443e-280
-5.345628239060019188e-280
-4.017118238875435532e-280
-3.018773140113668141e-280
-2.268539467740889324e-280
-1.704755898452290422e-280
-1.281085347923137800e-280
-9.627065494556434974e-281
-7.234521118108229336e-281
-5.436578346531697501e-281
-4.085465179443619662e-281
-3.070134314001479097e-281
-2.307136223663268961e-281
-1.733760484114523457e-281
-1.302881635443215915e-281
-9.790859646004331441e-282
-7.357608703659027617e-282
-5.529075872133209301e-282
-4.154974969598336970e-282
-3.122369342949175323e-282
-2.346389661820857901e-282
-1.763258551564887772e-282
-1.325048763321917556e-282
-9.957440578538614550e-283
-7.482790491918692209e-283
-5.623147143516272323e-283
-4.225667393973428836e-283
-3.175493094659856089e-283
-2.386310954954135340e-283
-1.793258496864950768e-283
-1.347593041008263623e-283
-1.012685570624048607e-283
-7.610102113489243589e-284
-5.718818936271130221e-284
-4.297562573816994652e-284
-3.229520689793496202e-284
-2.426911465896804414e-284
-1.823768858925415931e-284
-1.370520885300363832e-284
-1.029915324988611568e-284
-7.739579805191575474e-285
-5.816118481545891672e-285
-4.370680972717035921e-285
-3.284467506273269382e-285
-2.468202750807850941e-285
-1.854798321938178968e-285
-1.393838822170617596e-285
-1.047438225067969508e-285
-7.871260420377109868e-286
-5.915073473795339388e-286
-4.445043402429439070e-286
-3.340349183659671346e-286
-2.510196562462973675e-286
-1.886355717846471600e-286
-1.417553488624285366e-286
-1.065259258420875206e-286
-8.005181439414667296e-287
-6.015712078668247391e-287
-4.520671028797695387e-287
-3.397181627604981132e-287
-2.552904853597560803e-287
-1.918450028860160572e-287
-1.441671634588131509e-287
-1.083383497463658960e-287
-8.141380980364792955e-288
-6.118062941018853874e-288
-4.597585377781370386e-288
-3.454981014377491958e-288
-2.596339780310776686e-288
-1.951090390011751670e-288
-1.466200124831163507e-288
-1.101816100914840636e-288
-8.279897809822103500e-289
-6.222155193065506305e-289
-4.675808341578972077e-289
-3.513763795468437252e-289
-2.640513705524735164e-289
-1.984286091755824394e-289
-1.491145940919702209e-289
-1.120562315262483346e-289
-8.420771353956809170e-290
-6.328018462677064745e-290
-4.755362184862761925e-290
-3.573546702273477262e-290
-2.685439202502457272e-290
-2.018046582614932024e-290
-1.516516183203226676e-290
-1.139627476258499283e-290
-8.564041709729151071e-291
-6.435682881810791426e-291
-4.836269551114444025e-291
-3.634346750853733117e-291
-2.731129058428701351e-291
-2.052381471867154880e-291
-1.542318072836701011e-291
-1.159017010436359332e-291
-8.709749656308833140e-292
-6.545179095086789794e-292
-4.918553469068530970e-292
-3.696181246781916292e-292
-2.777596278047174732e-292
-2.087300532283015743e-292
-1.568558953834567998e-292
-1.178736436656546089e-292
-8.857936666679270024e-293
-6.656538268508135249e-293
-5.002237359270869391e-293
-3.759067790064756428e-293
-2.824854087364543711e-293
-2.122813702905261513e-293
-1.595246295162292277e-293
-1.198791367677015967e-293
-9.008644919438999303e-294
-6.769792098336886167e-294
-5.087345040740415485e-294
-3.823024280155836150e-294
-2.872915937412461150e-294
-2.158931091879458806e-294
-1.622387692861752363e-294
-1.219187511750348858e-294
-9.161917310814051431e-295
-6.884972820109810647e-295
-5.173900737753373444e-295
-3.888068921046940766e-295
-2.921795508078360580e-295
-2.195662979330398755e-295
-1.649990872212745149e-295
-1.239930674249444489e-295
-9.317797466859412057e-296
-7.002113217819722561e-296
-5.261929086733589002e-296
-3.954220226452476453e-296
-2.971506711998243981e-296
-2.233019820287374852e-296
-1.678063689933126978e-296
-1.261026759318810784e-296
-9.476329755884616587e-297
-7.121246633240609934e-297
-5.351455143268886185e-297
-4.021497025077780531e-297
-3.022063698515618501e-297
-2.271012247661751758e-297
-1.706614136413590966e-297
-1.282481771556185364e-297
-9.637559301073925378e-298
-7.242406975423224895e-298
-5.442504389240967461e-298
-4.089918465976965113e-298
-3.073480857711195431e-298
-2.309651075271404759e-298
-1.735650337993491436e-298
-1.304301817720490668e-298
-9.801531993337216086e-299
-7.365628730344341611e-299
-5.535102740076451661e-299
-4.159504024006519952e-299
-3.125772824496026648e-299
-2.348947300920717517e-299
-1.765180559272313829e-299
-1.326493108471013320e-299
-9.968294504368834450e-300
-7.490946970719975592e-300
-5.629276552127525413e-300
-4.230273505364765963e-300
-3.178954482779821929e-300
-2.388912109528810101e-300
-1.795213205463393776e-300
-1.349061960134725803e-300
-1.013789429992833715e-300
-7.618397365994012916e-301
-5.725052630168789648e-301
-4.302247053233068359e-301
-3.233040969704554511e-301
-2.429556876314957464e-301
-1.825756824785730121e-301
-1.372014796503642701e-301
-1.031037965335863918e-301
-7.748016192484076554e-302
-5.822458235031796160e-302
-4.375445153505388031e-302
-3.288047679955447738e-302
-2.470893170035554581e-302
-1.856820110896440382e-302
-1.395358150664299765e-302
-1.048579965931693847e-302
-7.879840343713760754e-303
-5.921521091359159458e-303
-4.449888640622577169e-303
-3.343990270141735374e-303
-2.512932756276083298e-303
-1.888411905366691103e-303
-1.419098666856034864e-303
-1.066420424775789512e-303
-8.013907340906677210e-304
-6.022269395500419486e-304
-4.525598703501088018e-304
-3.400884663251855371e-304
-2.555687600801925874e-304
-1.920541200196609398e-304
-1.443243102363402645e-304
-1.084564419813574805e-304
-8.150255343672335854e-305
-6.124731823535669434e-305
-4.602596891562420065e-305
-3.458747053188277640e-305
-2.599169872961922423e-305
-1.953217140376387083e-305
-1.467798329438226800e-305
-1.103017115386611631e-305
-8.288923160864950777e-306
-6.228937539435532553e-306
-4.680905120870350593e-306
-3.517593909373724099e-306
-2.643391949154450181e-306
-1.986449026487493661e-306
-1.492771337256785957e-306
-1.121783763702177060e-306
-8.429950261626771380e-307
-6.334916203366996435e-307
-4.760545680364766312e-307
-3.577441981441992805e-307
-2.688366416347784697e-307
-2.020246317351442007e-307
-1.518169233908675483e-307
-1.140869706327816544e-307
-8.573376786628796461e-308
-6.442697980129987485e-308
-4.841541238210009294e-308
-3.638308304002249053e-308
-2.734106075664811257e-308
-2.054618632721418756e-308
-1.543999248419461696e-308
-1.160280375712608398e-308
-8.719243559488445369e-309
-6.552313547748919929e-309
-4.923914848242641268e-309
-3.700210201490405914e-309
-2.780623946025752667e-309
-2.089575756019648567e-309
-1.570268732809494688e-309
-1.180021296732378397e-309
-8.867592098396922434e-310
-6.663794106198834223e-310
-5.007689956537112771e-310
-3.763165293099031594e-310
-2.827933267852784617e-310
-2.125127637123711818e-310
-1.596985164185101742e-310
-1.200098088263311547e-310
-9.018464627928969045e-311
