-5.999999999999999778e-01
-4.672804698428428827e-01
-3.639183958275800657e-01
-2.834199316446088246e-01
-2.207276647028653949e-01
-1.719028781161140440e-01
-1.338780960890578742e-01
-1.042643660702670810e-01
-8.120116994196761862e-02
-6.323953473711860229e-02
-4.925099917433927582e-02
-3.835671672402454074e-02
-2.987224102071836529e-02
-2.326452469903320455e-02
-1.811843005339109844e-02
-1.411064751360546418e-02
-1.098938333324050651e-02
-8.558540345399552607e-03
-6.665397922945383302e-03
-5.191017121872380270e-03
-4.042768199451279680e-03
-3.148511039508830774e-03
-2.452062863078439958e-03
-1.909668477905800002e-03
-1.487251305999815094e-03
-1.158272481736625538e-03
-9.020635157865433988e-04
-7.025277724747046358e-04
-5.471291793327097462e-04
-4.261046333055293952e-04
-3.318506220887001762e-04
-2.584455243454125174e-04
-2.012775767415070957e-04
-1.567551343810005078e-04
-1.220810214063864957e-04
-9.507679506945075599e-05
-7.404588245200773402e-05
-5.766699123683681293e-05
-4.491109793262035749e-05
-3.497679823852128782e-05
-2.723995785749091318e-05
-2.121450051024598797e-05
-1.652186960984829283e-05
-1.286724498995349721e-05
-1.002102047414739454e-05
-7.804378592440571941e-06
-6.078056159178425990e-06
-4.733594896320133558e-06
-3.686527411996925799e-06
-2.871070435277405338e-06
-2.235991903247202563e-06
-1.741392245190242431e-06
-1.356197644188632501e-06
-1.056207787293701606e-06
-8.225754518304506498e-07
-6.406224060208695363e-07
-4.989172314621406839e-07
-3.885571305505325563e-07
-3.026085975407327846e-07
-2.356718127288623490e-07
-1.835413923010954715e-07
-1.429421800501090678e-07
-1.113234817569586908e-07
-8.669881476655468058e-08
-6.752110483155546458e-08
-5.258548931666181587e-08
-4.095362025800921552e-08
-3.189471152654652980e-08
-2.483962631271100099e-08
-1.934512042354039971e-08
-1.506599493446389200e-08
-1.173340865271029729e-08
-9.137987846827577823e-09
-7.116672090806297608e-09
-5.542469797182356615e-09
-4.316479818195230035e-09
-3.361677862522360613e-09
-2.618077351766220966e-09
-2.038960691697042639e-09
-1.587944183345470163e-09
-1.236692173463134681e-09
-9.631368331113668631e-10
-7.500917198320454766e-10
-5.841720187805739214e-10
-4.549536256747143544e-10
-3.543182399366423492e-10
-2.759433227191390089e-10
-2.149048758169908385e-10
-1.673680855721354835e-10
-1.303463961047410291e-10
-1.015138753569078206e-10
-7.905908562057279449e-11
-6.157127779021133334e-11
-4.795175935772359467e-11
-3.734486773744669178e-11
-2.908421223762153113e-11
-2.265080726567458442e-11
-1.764046643570683543e-11
-1.373840907387331790e-11
-1.069948374488783329e-11
-8.332766318978412861e-12
-6.489564934371416009e-12
-5.054078252681188026e-12
-3.936120100892267015e-12
-3.065453416837994818e-12
-2.387377521502343981e-12
-1.859291483233095335e-12
-1.448017663099928276e-12
-1.127717289923449984e-12
-8.782671084755452894e-13
-6.839951118266132048e-13
-5.326959287075795231e-13
-4.148640064164121408e-13
-3.230964130652421440e-13
-2.516277395027726533e-13
-1.959678805672468296e-13
-1.526199388426153600e-13
-1.188605278829387631e-13
-9.256867219151326663e-14
-7.209255439063071122e-14
-5.614573781304104764e-14
-4.372634457491815059e-14
-3.405411139579633263e-14
-2.652136862184703570e-14
-2.065486265081985924e-14
-1.608602320669081887e-14
-1.252780746987560137e-14
-9.756666267706912218e-15
-7.598499329456505638e-15
-5.917717227948271345e-15
-4.608722811121256876e-15
-3.589276934260280769e-15
-2.795331687062038721e-15
-2.177006506828226648e-15
-1.695454372269366625e-15
-1.320421192785219809e-15
-1.028345058925207721e-15
-8.008759371585618223e-16
-6.237228070021331131e-16
-4.857558105127560324e-16
-3.783070056088193533e-16
-2.946257922095468730e-16
-2.294547976858281031e-16
-1.786995761172137083e-16
-1.391713698146141632e-16
-1.083867717927415898e-16
-8.441170274676879524e-17
-6.573990019957419412e-17
-5.119828575446439358e-17
-3.987326503749042236e-17
-3.105333003481121016e-17
-2.418435774808574500e-17
-1.883479675228817634e-17
-1.466855445967278395e-17
-1.142388169971871366e-17
-8.896928013456025147e-18
-6.928934503809471209e-18
-5.396259617417292759e-18
-4.202611215701187363e-18
-3.272996905732753238e-18
-2.549012553174953246e-18
-1.985172972471494743e-18
-1.546054265492988587e-18
-1.204068272636825231e-18
-9.377293136009931609e-19
-7.303043237414644312e-19
-5.687615792102854173e-19
-4.429519632698991094e-19
-3.449713358576135938e-19
-2.686639465030980994e-19
-2.092356919196667869e-19
-1.629529207135237337e-19
-1.269078622554648230e-19
-9.883594250247399275e-20
-7.697350941652708621e-20
-5.994702940934545174e-20
-4.668679344680277725e-20
-3.635971129546293183e-20
-2.831697162915673883e-20
-2.205327967899802376e-20
-1.717511148329636134e-20
-1.337599027252988372e-20
-1.041723169860176733e-20
-8.112948204307317631e-21
-6.318370414532287044e-21
-4.920751826572942277e-21
-3.832285375835053323e-21
-2.984586851653432793e-21
-2.324398577212311995e-21
-1.810243432103007804e-21
-1.409819002471690296e-21
-1.097968143113899265e-21
-8.550984496445610928e-22
-6.659513421863284041e-22
-5.186434267821657013e-22
-4.039199069127874512e-22
-3.145731398018078433e-22
-2.449898076108784756e-22
-1.907982540118649731e-22
-1.485938296330972462e-22
-1.157249908778350645e-22
-9.012671351658913450e-23
-7.019075506237178886e-23
-5.466461500694832200e-23
-4.257284497370822197e-23
-3.315576500310148520e-23
-2.582173574774691780e-23
-2.010998802060818965e-23
-1.566167441800622906e-23
-1.219732430095264002e-23
-9.499285716957792364e-24
-7.398051154985739510e-24
-5.761608032705205039e-24
-4.487144847621310382e-24
-3.494591921082296506e-24
-2.721590924653897172e-24
-2.119577143320484340e-24
-1.650728338998244527e-24
-1.285588523049992233e-24
-1.001217348458944596e-24
-7.797488550045018167e-25
-6.072690188765374389e-25
-4.729415874360509983e-25
-3.683272786422298532e-25
-2.868535730331281293e-25
-2.234017873050306459e-25
-1.739854868927092639e-25
-1.355000334351016441e-25
-1.055275321454586873e-25
-8.218492467047607945e-26
-6.400568369003119799e-26
-4.984767657881693812e-26
-3.882140955387275582e-26
-3.023414416049182248e-26
-2.354637514768477471e-26
-1.833793540350997033e-26
-1.428159845216640286e-26
-1.112252005805855876e-26
-8.662227330943411720e-27
-6.746149428481255768e-27
-5.253906457617911735e-27
-4.091746463376741220e-27
-3.186655349807456911e-27
-2.481769681808729106e-27
-1.932804171595509630e-27
-1.505269402362260972e-27
-1.172304989293154465e-27
-9.129920436600235844e-28
-7.110389185403886025e-28
-5.537576665534994185e-28
-4.312669043436593145e-28
-3.358710028156225057e-28
-2.615766000037848333e-28
-2.037160609161032729e-28
-1.586542277656832450e-28
-1.235600368215031558e-28
-9.622865343291827111e-29
-7.494295064746357388e-29
-5.836562864992628605e-29
-4.545519729701741379e-29
-3.540054324958236660e-29
-2.756997080392788520e-29
-2.147151485135480459e-29
-1.672203257996441999e-29
-1.302313206782183624e-29
-1.014242545246197009e-29
-7.898928884620729941e-30
-6.151692000767963580e-30
-4.790942547412187211e-30
-3.731189807574722417e-30
-2.905853543927238649e-30
-2.263081015501350060e-30
-1.762489267026481754e-30
-1.372628021315170349e-30
-1.069003777866007556e-30
-8.325409793083368106e-31
-6.483835666243670404e-31
-5.049616294176874543e-31
-3.932645124115075686e-31
-3.062747102202762956e-31
-2.385269841545187930e-31
-1.857650020431998043e-31
-1.446739290585051426e-31
-1.126721692407806851e-31
-8.774917363507384862e-32
-6.833912514086418643e-32
-5.322256417411976269e-32
-4.144977465587257266e-32
-3.228111696012682618e-32
-2.514055916696638199e-32
-1.957948716608640416e-32
-1.524851993708461666e-32
-1.187555926768142702e-32
-9.248694857081174711e-33
-7.202890797083293596e-33
-5.609616993146284356e-33
-4.368774106992985803e-33
-3.402404695588215313e-33
-2.649795441249926876e-33
-2.063662764624481545e-33
-1.607182177084846623e-33
-1.251674738052083979e-33
-9.748052661456585100e-34
-7.591791046163681402e-34
-5.912492811666754140e-34
-4.604654031630120948e-34
-3.586108165606439357e-34
-2.792863847553054487e-34
-2.175084551486135318e-34
-1.693957551943917701e-34
-1.319255467943643127e-34
-1.027437191505741902e-34
-8.001688893013567991e-35
-6.231721575772730058e-35
-4.853269643094771239e-35
-3.779730198498885386e-35
-2.943656838389568388e-35
-2.292522250831291455e-35
-1.785418124156029380e-35
-1.390485033202594679e-35
-1.082910832707249206e-35
-8.433718045089126055e-36
-6.568186217718849639e-36
-5.115308569718249296e-36
-3.983806319748440887e-36
-3.102591481424896866e-36
-2.416300675284379625e-36
-1.881816858047439421e-36
-1.465560442644316591e-36
-1.141379620369868535e-36
-8.889073421257963781e-37
-6.922817341254914031e-37
-5.391495566429628095e-37
-4.198900969061401662e-37
-3.270107362744300364e-37
-2.546762174832828165e-37
-1.983420376056440435e-37
-1.544689342032536336e-37
-1.203005269176992359e-37
-9.369014456740678259e-38
-7.296595795516952824e-38
-5.682594519304123730e-38
-4.425609061511325000e-38
-3.446667802672924941e-38
-2.684267583708672331e-38
-2.090509696165501758e-38
-1.628090588392057375e-38
-1.267958225150918677e-38
-9.874868586493642463e-39
-7.690555387888464442e-39
-5.989410558341548015e-39
-4.664557632972538058e-39
-3.632761137240711060e-39
-2.829197218394433403e-39
-2.203381009149025278e-39
-1.715994855329922966e-39
-1.336418137077446193e-39
-1.040803491666743189e-39
-8.105785743335119551e-40
-6.312792284318421081e-40
-4.916407574394308650e-40
-3.828902068836474466e-40
-2.981951929513567980e-40
-2.322346497786453455e-40
-1.808645271039224663e-40
-1.408574353383741478e-40
-1.096998809429555512e-40
-8.543435318121367409e-41
-6.653634115872818569e-41
-5.181855459712364622e-41
-4.035633089786824797e-41
-3.142954210514852276e-41
-2.447735200306536100e-41
-1.906298090750172492e-41
-1.484626445843758164e-41
-1.156228238591635696e-41
-9.004714576244368308e-42
-7.012878763313607929e-42
-5.461635472453463847e-42
-4.253525982797320287e-42
-3.312649366217119343e-42
-2.579893920450885706e-42
-2.009223405488306294e-42
-1.564784761559687838e-42
-1.218655597640886463e-42
-9.490899337370733532e-43
-7.391519835996204618e-43
-5.756521436361666503e-43
-4.483183402405794243e-43
-3.491506744446357377e-43
-2.719188186673914842e-43
-2.117705889100158318e-43
-1.649271004746128848e-43
-1.284453549993248042e-43
-1.000333430553587372e-43
-7.790604590476386761e-44
-6.067328955662691375e-44
-4.725240541821912239e-44
-3.680021034171655182e-44
-2.866003263132126222e-44
-2.232045585612501622e-44
-1.738318849926088577e-44
-1.353804081550221552e-44
-1.054343678836576751e-44
-8.211236827043117483e-45
-6.394917670885937722e-45
-4.980366889763133523e-45
-3.878713633730425196e-45
-3.020745215258989390e-45
-2.352558739102900139e-45
-1.832174588234815666e-45
-1.426899004040803289e-45
-1.111270061710785292e-45
-8.654579942641679691e-46
-6.740193636483414660e-46
-5.249268082146183455e-46
-4.088134092927179167e-46
-3.183842032872594604e-46
-2.479578668376830238e-46
-1.931097808619026678e-46
-1.503940485539971743e-46
-1.171270027831318969e-46
-9.121860148630973013e-47
-7.104111826821643471e-47
-5.532687853755524806e-47
-4.308861632994452539e-47
-3.355744813922412303e-47
-2.613456688870580576e-47
-2.035362115815608884e-47
-1.585141609631067912e-47
-1.234509526859742681e-47
-9.614369862274772363e-48
-7.487678777477707304e-48
-5.831410095286778257e-48
-4.541506748619838427e-48
-3.536929012149200041e-48
-2.754563084329767489e-48
-2.145255887095607324e-48
-1.670726964758600121e-48
-1.301163468452509234e-48
-1.013347128134719459e-48
-7.891955369144786726e-49
-6.146261021454538320e-49
-4.786712896470046905e-49
-3.727895752108865086e-49
-2.903288130950948309e-49
-2.261083069866514099e-49
-1.760933265401536940e-49
-1.371416206031202944e-49
-1.068060015173916034e-49
-8.318059761847022840e-50
-6.478111456161205626e-50
-5.045158274882185189e-50
-3.929173215197424194e-50
-3.060043176818943598e-50
-2.383164022338902643e-50
-1.856010006785136517e-50
-1.445462046672627563e-50
-1.125726973848637871e-50
-8.767170487579222007e-51
-6.827879241047208473e-51
-5.317557699644555465e-51
-4.141318100510558131e-51
-3.225261779625405341e-51
-2.511836399582538739e-51
-1.956220154942139426e-51
-1.523505788529003228e-51
-1.186507501120205860e-51
-9.240529709925121214e-52
-7.196531774084264954e-52
-5.604664581055072548e-52
-4.364917164578257724e-52
-3.399400905815362938e-52
-2.647456087422647933e-52
-2.061840874031916152e-52
-1.605763287264686121e-52
-1.250569705549050834e-52
-9.739446659669770101e-53
-7.585088685232994560e-53
-5.907273007725509111e-53
-4.600588844233200027e-53
-3.582942194478385087e-53
-2.790398186759343914e-53
-2.173164292929205574e-53
-1.692462053076080984e-53
-1.318090772254289678e-53
-1.026530125590833479e-53
-7.994624656565287694e-54
-6.226219942895007110e-54
-4.848984967101428749e-54
-3.776393289480063459e-54
-2.941058051032672073e-54
-2.290498313202704737e-54
-1.783841879945998411e-54
-1.389257452977510710e-54
-1.081954792266670578e-54
-8.426272394651422355e-55
-6.562387539327489804e-55
-5.110792554446279049e-55
-3.980289243518267581e-55
-3.099852379702716615e-55
-2.414167460718233505e-55
-1.880155508872865079e-55
-1.464266582606203203e-55
-1.140371961159000876e-55
-8.881225763433035333e-56
-6.916705579195583826e-56
-5.386735721351876173e-56
-4.195193997987550287e-56
-3.267220370769161525e-56
-2.544513783221869137e-56
-1.981669326909174551e-56
-1.543325623585448887e-56
-1.201943204182511772e-56
-9.360743086246937482e-57
-7.290154045699353371e-57
-5.677577679501827275e-57
-4.421701942744752750e-57
-3.443624935517965302e-57
-2.681897796385607703e-57
-2.088664103942586109e-57
-1.626653239723620249e-57
-1.266838816882393176e-57
-9.866150626132599703e-58
-7.683765833532499553e-58
-5.984122848092417041e-58
-4.660439560089859949e-58
-3.629553978854936173e-58
-2.826699480932157830e-58
-2.201435769257498053e-58
-1.714479900979140129e-58
-1.335238289442738945e-58
-1.039884625404928250e-58
-8.098629605692725224e-59
-6.307219078718758631e-59
-4.912067157509073299e-59
-3.825521748767395937e-59
-2.979319333596738717e-59
-2.320296230024915848e-59
-1.807048520901033162e-59
-1.407330803125748586e-59
-1.096030331514842017e-59
-8.535892804537704912e-60
-6.647760000387533838e-60
-5.177280693972574681e-60
-4.032070258646307992e-60
-3.140179474832666281e-60
-2.445574233984433489e-60
-1.904615128486327870e-60
-1.483315753514796583e-60
-1.155207470379474492e-60
-8.996764825414715167e-61
-7.006687491142251541e-61
-5.456813704838202310e-61
-4.249770786402766475e-61
-3.309724816324453898e-61
-2.577616278704346646e-61
-2.007449576312545705e-61
-1.563403302008570520e-61
-1.217579715860694716e-61
-9.482520361641677824e-62
-7.384994283137079024e-62
-5.751439330685005604e-62
-4.479225454525158940e-62
-3.488424291537563236e-62
-2.716787569934765234e-62
-2.115836286903854306e-62
-1.647814957091615288e-62
-1.283319578939723421e-62
-9.994502930091222290e-63
-7.783726708364493418e-63
-6.061972455688076066e-63
-4.721068895447161260e-63
-3.676772152708301461e-63
-2.863473031704360213e-63
-2.230075039395205476e-63
-1.736784186988980229e-63
-1.352608884853050922e-63
-1.053412858712895906e-63
-8.203987592630905324e-64
-6.389271961449037381e-64
-4.975970006832681630e-64
-3.875289337861116343e-64
-3.018078370954503273e-64
-2.350481798670237002e-64
-1.830557065399465183e-64
-1.425639275989996302e-64
-1.110288984518359833e-64
-8.646939305784534447e-65
-6.734243102515905727e-65
-5.244633801632594177e-65
-4.084524911634224002e-65
-3.181031199655394016e-65
-2.477389589266191265e-65
-1.929392952093455632e-65
-1.502612741942832872e-65
-1.170235980078149131e-65
-9.113806976631954240e-66
-7.097840010162599736e-66
-5.527803358030180795e-66
-4.305057583898646283e-66
-3.352782217507755874e-66
-2.611149416462921446e-66
-2.033565210257765177e-66
-1.583742178175513560e-66
-1.233419648546302372e-66
-9.605881881435173034e-67
-7.481068331353132696e-67
-5.826261874668507555e-67
-4.537497310370905094e-67
-3.533806458501253909e-67
-2.752131237103564704e-67
-2.143361962571530309e-67
-1.669251974856171024e-67
-1.300014745161475021e-67
-1.012452501536129667e-67
-7.884988010189405443e-68
-6.140834836844147426e-68
-4.782486979646384360e-68
-3.724604604777402727e-68
-2.900724982832001226e-68
-2.259086888104350011e-68
-1.759378637482011162e-68
-1.370205460590091538e-68
-1.067117085676278308e-68
-8.310716219535609751e-69
-6.472392299658558026e-69
-5.040704191319416323e-69
-3.925704371430874490e-69
-3.057341638577201818e-69
-2.381060062240736969e-69
-1.854371441013133780e-69
-1.444185930366278162e-69
-1.124733133469962819e-69
-8.759430450927619735e-70
-6.821851294441938974e-70
-5.312863130108059012e-70
-4.137661966079351652e-70
-3.222414379267367656e-70
-2.509618841953981096e-70
-1.954493119324512614e-70
-1.522160771837603278e-70
-1.185460001067699493e-70
-9.232371771313526506e-71
-7.190178365105308997e-71
-5.599716541167087881e-71
-4.361063627238826983e-71
-3.396399767917819838e-71
-2.645118798877935897e-71
-2.060020591883030132e-71
-1.604345650101722742e-71
-1.249465648616423720e-71
-9.730848255632916713e-72
-7.578392241435930193e-72
-5.902057812052562224e-72
-4.596527245759238031e-72
-3.579779018406342121e-72
-2.787934702757444355e-72
-2.171245729659441758e-72
-1.690967874499217201e-72
-1.316927104808579392e-72
-1.025623860472879613e-72
-7.987566656729960242e-73
-6.220723167096336650e-73
-4.844704073805056281e-73
-3.773059326428603042e-73
-2.938461557997463455e-73
-2.288476162393645190e-73
-1.782267027312414397e-73
-1.388030956513253175e-73
-1.080999595859872529e-73
-8.418833317555410221e-74
-6.556593980259786703e-74
-5.106280526107581033e-74
-3.976775272314848897e-74
-3.097115696177804320e-74
-2.412036129446013218e-74
-1.878495626409075335e-74
-1.462973864843597047e-74
-1.139365191553192969e-74
-8.873385033859280337e-75
-6.910599212863692063e-75
-5.381980078470877506e-75
-4.191490299587820247e-75
-3.264335927555191618e-75
-2.542267376588103977e-75
-1.979919823663701395e-75
-1.541963109087888684e-75
-1.200882076824865637e-75
-9.352479018076204755e-76
-7.283717982936631591e-76
-5.672565268782322598e-76
-4.417798273351326514e-76
-3.440584754737513910e-76
-2.679530101213113081e-76
-2.086820141088173189e-76
-1.625217160008648872e-76
-1.265720396875820390e-76
-9.857440362363382164e-77
-7.676982273288275614e-77
-5.978839806062203119e-77
-4.656325122819730686e-77
-3.626349651887060884e-77
-2.824203948580360155e-77
-2.199492246707737749e-77
-1.712966284095469936e-77
-1.334059483428466456e-77
-1.038966570357923733e-77
-8.091479785797626943e-78
-6.301650793385635504e-78
-4.907730572531272793e-78
-3.822144412990829601e-78
-2.976689061849253379e-78
-2.318247772328283877e-78
-1.805453180442807320e-78
-1.406088350727616961e-78
-1.095062708614248097e-78
-8.528356949810701982e-79
-6.641891070825031607e-79
-5.172709967033506174e-79
-4.028510572926956140e-79
-3.137407188806947345e-79
-2.443415175456705078e-79
-1.902933652014236207e-79
-1.482006218321615352e-79
-1.154187603345565531e-79
-8.988822092968344963e-80
-7.000501684893290664e-80
-5.451996194087584495e-80
-4.246018905257729329e-80
-3.306802848350708981e-80
-2.575340647758284372e-80
-2.005677313149770659e-80
-1.562023062069592765e-80
-1.216504783915392482e-80
-9.474148783234179539e-81
-7.378474491317776397e-81
-5.746361711710669425e-81
-4.475271000891808229e-81
-3.485344559951290179e-81
-2.714389072563725901e-81
-2.113968335273094130e-81
-1.646360194898839729e-81
-1.282186609004807196e-81
-9.985679351366129526e-82
-7.776854898343900020e-82
-6.056620684662920693e-82
-4.716900931981950618e-82
-3.673526139497782691e-82
-2.860945034074147891e-82
-2.228106232861193434e-82
-1.735250878918575386e-82
-1.351414743327130219e-82
-1.052482860357410589e-82
-8.196744758155834316e-83
-6.383631236288197119e-83
-4.971577005660328094e-83
-3.871868065108053856e-83
-3.015413881055317632e-83
-2.348406691850265245e-83
-1.828940970583114097e-83
-1.424380660081504473e-83
-1.109308773463240332e-83
-8.639305414411512542e-84
-6.728297821936713907e-84
-5.240003612461940457e-84
-4.080918916682349136e-84
-3.178222847963122956e-84
-2.475202442769110713e-84
-1.927689600688837425e-84
-1.501286170535070549e-84
-1.169202845226983557e-84
-9.105760914320893202e-85
-7.091573730534103235e-85
-5.522923174548564144e-85
-4.301256893181631112e-85
-3.349822236601131533e-85
-2.608844181014966553e-85
-2.031769891085733536e-85
-1.582343982198472480e-85
-1.232330732424495401e-85
-9.597401394151549445e-86
-7.474463721215818833e-86
-5.821118199121686820e-86
-4.533491411827176393e-86
-3.530686661578493147e-86
-2.749701536817095155e-86
-2.141469710085799085e-86
-1.667778287138514465e-86
-1.298867036012961504e-86
-1.011558664752529112e-86
-7.878026802319343792e-87
-6.135413442703820245e-87
-4.778264793644559162e-87
-3.721316363012907246e-87
-2.898164097570884361e-87
-2.257092468657636637e-87
-1.757825382055137668e-87
-1.368995784047332652e-87
-1.066174988637514389e-87
-8.303379160420425143e-88
-6.466678192274211348e-88
-5.036254040013932457e-88
-3.922238590109377167e-88
-3.054642485370066316e-88
-2.378957959609389612e-88
-1.852734321837744005e-88
-1.442910940670503585e-88
-1.123740170496485567e-88
-8.751697247514569734e-89
-6.815828669568204734e-89
-5.308172705140249769e-89
-4.134009059441483989e-89
-3.219569492717309692e-89
-2.507403242081046507e-89
-1.952767608408498656e-89
-1.520816942585012928e-89
-1.184413425793467946e-89
-9.224221034882380139e-90
-7.183830565190122870e-90
-5.594772869622360233e-90
-4.357213491968545641e-90
-3.393401279554393830e-90
-2.642783573792469141e-90
-2.058201916757821071e-90
-1.602929264490057213e-90
-1.248362566392927727e-90
-9.722257442638406554e-91
-7.571701709548585815e-91
-5.896847220579532401e-91
-4.592469233039777547e-91
-3.576618634922713058e-91
-2.785473393625587996e-91
-2.169328860180171690e-91
-1.689475015047715995e-91
-1.315764464698734552e-91
-1.024718395444902338e-91
-7.980514888001634541e-92
-6.215231244088678459e-92
-4.840426959866124489e-92
-3.769728306743677589e-92
-2.935867357258416823e-92
-2.286455796826630811e-92
-1.780693565026733226e-92
-1.386805542853031476e-92
-1.080045242741705717e-92
-8.411400807997859228e-93
-6.550805535996180208e-93
-5.101772481182319450e-93
-3.973264403396934440e-93
-3.094381428715271142e-93
-2.409906679805065649e-93
-1.876837209361194373e-93
-1.461682288348048431e-93
-1.138359310767063086e-93
-8.865551226420134535e-94
-6.904498237495653950e-94
-5.377228634076750289e-94
-4.187789870972954344e-94
-3.261454030852234086e-94
-2.540022953179109992e-94
-1.978171864955233173e-94
-1.540601797476956983e-94
-1.199821886276267954e-94
-9.344222245781676267e-95
-7.277287602208010516e-95
-5.667557283235424552e-95
-4.413898050285792875e-95
-3.437547257959922481e-95
-2.677164496344148333e-95
-2.084977806163786067e-95
-1.623782348126856111e-95
-1.264602964258720227e-95
-9.848737788391110398e-96
-7.670204701863934173e-96
-5.973561428129603384e-96
-4.652214317952474620e-96
-3.623148153837388844e-96
-2.821710619392273126e-96
-2.197550439983601201e-96
-1.711454003498138938e-96
-1.332881718115041469e-96
-1.038049325809553999e-96
-8.084336278072244164e-97
-6.296087423975229871e-97
-4.903397816077933478e-97
-3.818770058872111472e-97
-2.974061112219235134e-97
-2.316201123098553639e-97
-1.803859248420021005e-97
-1.404846995220108310e-97
-1.094095939972930367e-97
-8.520827748061630648e-98
-6.636027322606953634e-98
-5.168143275329532800e-98
-4.024954029851855194e-98
-3.134637350275031634e-98
-2.441258023039068263e-98
-1.901253660022176028e-98
-1.480697839242645235e-98
-1.153168636694309415e-98
-8.980886372709124961e-99
-6.994321339741175590e-99
-5.447182936443465747e-99
-4.242270336435365210e-99
-3.303883460016454403e-99
-2.573067025837477652e-99
-2.003906614617438412e-99
-1.560644040666028790e-99
-1.215430800966424827e-99
-9.465784595617563329e-100
-7.371960455452200722e-100
-5.741288575477604369e-100
-4.471320038420867954e-100
-3.482267547285036670e-100
-2.711992692689726698e-100
-2.112102032750687141e-100
-1.644906717032941215e-100
-1.281054639304668175e-100
-9.976863562477317182e-101
-7.769989155053900718e-101
-6.051273638412302288e-101
-4.712736648174849659e-101
-3.670282992007880467e-101
-2.858419268269396904e-101
-2.226139164474597959e-101
-1.733718924518739914e-101
-1.350221656040908546e-101
-1.051553683044628637e-101
-8.189508317967766448e-102
-6.377995491003080773e-102
-4.967187882819088040e-102
-3.868449812802299835e-102
-3.012751743482860834e-102
-2.346333417024192290e-102
-1.827326302525045837e-102
-1.423123155333480602e-102
-1.108329427780763137e-102
-8.631678262567405731e-103
-6.722357790107918195e-103
-5.235377511022205576e-103
-4.077316105258516662e-103
-3.175416975604983318e-103
-2.473017227179392947e-103
-1.925987753076385833e-103
-1.499960770281824773e-103
-1.168170622471872716e-103
-9.097721955421048921e-104
-7.085312983047825646e-104
-5.518047299503638467e-104
-4.297459557878484853e-104
-3.346864868893457527e-104
-2.606540980728399205e-104
-2.029976156898984985e-104
-1.580947020609210510e-104
-1.231242777644857663e-104
-9.588928393808267907e-105
-7.467864941913506943e-105
-5.815979064633730796e-105
-4.529489049863646269e-105
-3.527569618947161356e-105
-2.747273981574946285e-105
-2.139579128162264626e-105
-1.666305900456005445e-105
-1.297720340111639442e-105
-1.010665617086634625e-105
-7.871071740104156665e-106
-6.129996834804322574e-106
-4.774046335170840258e-106
-3.718031024250220690e-106
-2.895605473169849352e-106
-2.255099809970524454e-106
-1.756273497909220735e-106
-1.367787175459256395e-106
-1.065233723322694006e-106
-8.296048578777823595e-107
-6.460969129550583828e-107
-5.031807817494167940e-107
-3.918775868529274756e-107
-3.051945715091924221e-107
-2.376857712805009156e-107
-1.851098647981849378e-107
-1.441637076590683045e-107
-1.122748084153594994e-107
-8.743970871307393249e-108
-6.809811361727751790e-108
-5.303486421082122787e-108
-4.130359377747320010e-108
-3.216727117755933189e-108
-2.505189598235344015e-108
-1.951043620848024039e-108
-1.519474299722910245e-108
-1.183367774481077144e-108
-9.216077494273285832e-109
-7.177488369386785412e-109
-5.589833562564329249e-109
-4.353366755763920462e-109
-3.390405438385962110e-109
-2.640450410344537216e-109
-2.056384847237537636e-109
-1.601514129324765788e-109
-1.247260458018046716e-109
-9.713674213984538190e-110
-7.565017084351672339e-110
-5.891641229241638307e-110
-4.588414802909162473e-110
-3.573461041562081231e-110
-2.783014257443707249e-110
-2.167413682996043693e-110
-1.687983473556996378e-110
-1.314602851017778732e-110
-1.023813729800547426e-110
-7.973469344879221245e-111
-6.209744169587779345e-111
-4.836153621948052258e-111
-3.766400227826754333e-111
-2.933275446791794284e-111
-2.284437214925574190e-111
-1.779121491861496497e-111
-1.385581211040899570e-111
-1.079091732167678011e-111
-8.403974860180663553e-112
-6.545022202021100282e-112
-5.097268416153764557e-112
-3.969756634025690797e-112
-3.091649575182112259e-112
-2.407779110134205385e-112
-1.875180256435489615e-112
-1.460391852111996923e-112
-1.137354318015922735e-112
-8.857724335004441852e-113
-6.898402648332099255e-113
-5.372481384462891026e-113
-4.184092709256245157e-113
-3.258574678412119203e-113
-2.537780511244010014e-113
-1.976425449420185006e-113
-1.539241687690693651e-113
-1.198762631709662875e-113
-9.335972762922236406e-114
-7.270862898497144868e-114
-5.662553718954401125e-114
-4.410001270505583099e-114
-3.434512442815638847e-114
-2.674800979933302973e-114
-2.083137097732217318e-114
-1.622348802958944578e-114
-1.263486518159382332e-114
-9.840042897426898337e-115
-7.663433113972283496e-115
-5.968287710176950006e-115
-4.648107142281249707e-115
-3.619949482208427389e-115
-2.819219491422849913e-115
-2.195610347570283427e-115
-1.709943058007416081e-115
-1.331704992583688233e-115
-1.037132891044275859e-115
-8.077199076943920480e-116
-6.290528966147554484e-116
-4.899068884769070172e-116
-3.815398683778905376e-116
-2.971435482656619141e-116
-2.314156280739132689e-116
-1.802266723589246592e-116
-1.403606735634840534e-116
-1.093130024836712193e-116
-8.513305193416955703e-117
-6.630168751158983301e-117
-5.163580615298174683e-117
-4.021400626646545344e-117
-3.131869957076167489e-117
-2.439102775048726431e-117
-1.899575151199584903e-117
-1.479390615257218998e-117
-1.152150569630809578e-117
-8.972957658446396656e-118
-6.988146450864613753e-118
-5.442373928151019711e-118
-4.238525077011411931e-118
-3.300966649044274082e-118
-2.570795411168271825e-118
-2.002137479334224528e-118
-1.559266236722102765e-118
-1.214357766175976002e-118
-9.457427792266921620e-119
-7.365452170458746205e-119
-5.736219918028250056e-119
-4.467372564030190950e-119
-3.479193251138422423e-119
-2.709598428443350294e-119
-2.110237377880729275e-119
-1.643454522360060055e-119
-1.279923668956256580e-119
-9.968055556547581650e-120
-7.763129473138524517e-120
-6.045931312764985598e-120
-4.708576040777297630e-120
-3.667042707708614611e-120
-2.855895732319753980e-120
-2.224173832700907580e-120
-1.732188322594394676e-120
-1.349029622063657822e-120
-1.050625326049698116e-120
-8.182278266421549265e-121
-6.372364721197239870e-121
-4.962802634885004379e-121
-3.865034578277273149e-121
-3.010091956160397594e-121
-2.344261972574654257e-121
-1.825713059965657073e-121
-1.421866760764944399e-121
-1.107350946706940648e-121
-8.624057844302269026e-122
-6.716423002395699595e-122
-5.230755493704566953e-122
-4.073716474552169614e-122
-3.172613580392112223e-122
-2.470833940792350629e-122
-1.924287407928487820e-122
-1.498636540149150256e-122
-1.167139311007579064e-122
-9.089690093661225458e-123
-7.079057762819753137e-123
-5.513175729091731616e-123
-4.293665575026903680e-123
-3.343910112077686598e-123
-2.604239813806491652e-123
-2.028184006298225591e-123
-1.579551292317956958e-123
-1.230155783358674567e-123
-9.580462873795531534e-124
-7.461271988298481382e-124
-5.810844467195595395e-124
-4.525490221358069763e-124
-3.524455328175650632e-124
-2.744848569483381733e-124
-2.137690215326083212e-124
-1.664834813660033695e-124
-1.296574656562970547e-124
-1.009773357841779502e-124
-7.864122818118197733e-125
-6.124585008920155143e-125
-4.769831600934403603e-125
-3.714748585926446658e-125
-2.893049107632910519e-125
-2.253108910488539522e-125
-1.754722983833634646e-125
-1.366579633883026611e-125
-1.064293288997535007e-125
-8.288724468889213290e-126
-6.455265107034033795e-126
-5.027365520291621335e-126
-3.915316203989295012e-126
-3.049251325639023511e-126
-2.374759320189190953e-126
-1.849464418169458809e-126
-1.440364337133074843e-126
-1.121756873667363624e-126
-8.736251316278739020e-127
-6.803799366226472256e-127
-5.298804274277905020e-127
-4.126712918149740118e-127
-3.213887252165899638e-127
-2.502977908690008446e-127
-1.949321155298206007e-127
-1.518132842203898394e-127
-1.182323046314813556e-127
-9.207941143133456963e-128
-7.171151772747742335e-128
-5.584898616139835678e-128
-4.349523415624108607e-128
-3.387412242075467624e-128
-2.638119306714037168e-128
-2.054569381904684167e-128
-1.600100243501900483e-128
-1.246159322632025611e-128
-9.705098562975529932e-129
-7.558338360630508756e-129
-5.886439833977678549e-129
-4.584363952204526724e-129
-3.570306235861205723e-129
-2.780557292293426867e-129
-2.165500196613025979e-129
-1.686493248863506074e-129
-1.313442262859536188e-129
-1.022909862834084741e-129
-7.966430021866485692e-130
-6.204261939313167592e-130
-4.831884056717208109e-130
-3.763075087081598070e-130
-2.930685824575643607e-130
-2.282420415115777144e-130
-1.777550806590328080e-130
-1.384357960121754886e-130
-1.078139063393955387e-130
-8.396555468310834749e-131
-6.539243973822964643e-131
-5.092768327508290513e-131
-3.966251961464705375e-131
-3.088920133447208091e-131
-2.405653418773714281e-131
-1.873524766339370610e-131
-1.459102555128772930e-131
-1.136350212515776106e-131
-8.849904353506437644e-132
-6.892312440617847758e-132
-5.367738325925965753e-132
-4.180398811553533951e-132
-3.255697867988662756e-132
-2.535540049033473495e-132
-1.974680575696177294e-132
-1.537882778668075655e-132
-1.197704312298725355e-132
-9.327730563062458354e-133
-7.264443866792117990e-133
-5.657554572035966445e-133
-4.406107930970816658e-133
-3.431480306937199817e-133
-2.672439550136795900e-133
-2.081298014357529812e-133
-1.620916523386604034e-133
-1.262371057706866414e-133
-9.831355682687851292e-134
-7.656667504330805598e-134
-5.963018648090209699e-134
-4.644003592602046083e-134
-3.616753634504890982e-134
-2.816730562728759063e-134
-2.193671967954315909e-134
-1.708433446444611142e-134
-1.330529305916442186e-134
-1.036217265347178019e-134
-8.070068176844919386e-135
-6.284975415566448584e-135
-4.894743775227678216e-135
-3.812030285081200531e-135
-2.968812171113149745e-135
-2.312113243654838444e-135
-1.800675604708153974e-135
-1.402367571004285802e-135
-1.092164962452081799e-135
-8.505789280008327185e-136
-6.624315351910846261e-136
-5.159021983380096164e-136
-4.017850360539011458e-136
-3.129105007051508515e-136
-2.436949429804368694e-136
-1.897898124237055885e-136
-1.478084545345569510e-136
-1.151133401360871004e-136
-8.965035943994962155e-137
-6.981977013446567901e-137
-5.437569165458735643e-137
-4.234783124064188532e-137
-3.298052413158760350e-137
-2.568525801978578972e-137
-2.000369905920025380e-137
-1.557889649162988285e-137
-1.213285678706971611e-137
-9.449078366663102736e-138
-7.358949631260296332e-138
-5.731155735408545113e-138
-4.463428574640347920e-138
-3.476121669113187204e-138
-2.707206277956829405e-138
-2.108374369208602081e-138
-1.642003609747338599e-138
-1.278793697077300724e-138
-9.959255326705788374e-139
-7.756275847246526952e-139
-6.040593703553420279e-139
-4.704419106543600920e-139
-3.663805284072235591e-139
-2.853374424256607916e-139
-2.222210236006964959e-139
-1.730659071951515855e-139
-1.347838640465471476e-139
-1.049697788648406839e-139
-8.175054597877013617e-140
-6.366738922478107074e-140
-4.958421258437141877e-140
-3.861622358868746643e-140
-3.007434517013025761e-140
-2.342192356885716880e-140
-1.824101241646455557e-140
-1.420611475395781314e-140
-1.106373329478458436e-140
-8.616444153671408967e-141
-6.710493454170320930e-141
-5.226137556903382301e-141
-4.070120021755233319e-141
-3.169812660137579011e-141
-2.468652581904799506e-141
-1.922588563918703360e-141
-1.497313479104013725e-141
-1.166108910029575707e-141
-9.081665322775759174e-142
-7.072808064970184796e-142
-5.508308459512526463e-142
-4.289874941667199213e-142
-3.340957963848812615e-142
-2.601940678454101555e-142
-2.026393437885396950e-142
-1.578156796235903170e-142
-1.229069748717981012e-142
-9.572004827509384767e-143
-7.454684855227575926e-143
-5.805714402801778799e-143
-4.521494923190958819e-143
-3.521343786834500202e-143
-2.742425298650334708e-143
-2.135802970103712006e-143
-1.663365025603003570e-143
-1.295429984473206492e-143
-1.008881886321911076e-143
-7.857180030940603684e-144
-6.119177960829546819e-144
-4.765620587647333999e-144
-3.711469045480952765e-144
-2.890494998965845428e-144
-2.251119768658579752e-144
-1.753173838618821580e-144
-1.365373158376639283e-144
-1.063353684928403881e-144
-8.281406825041049046e-145
-6.449566120274844949e-145
-5.022927144940852659e-145
-3.911859593790551662e-145
-3.046559314909469368e-145
-2.372662780124977465e-145
-1.847831631125708950e-145
-1.439092721304813612e-145
-1.120766538264547789e-145
-8.728538576406575489e-146
-6.797792678374405768e-146
-5.294126261075050456e-146
-4.123069677804137864e-146
-3.211049893731827597e-146
-2.500768171719698387e-146
-1.947600210415346672e-146
-1.516792568981504864e-146
-1.181279240479683970e-146
-9.199811975115721769e-147
-7.164820770329812697e-147
-5.579968026499124013e-147
-4.345683468550919729e-147
-3.384421688287914521e-147
-2.635790261082474470e-147
-2.052755519343013694e-147
-1.598687605918487605e-147
-1.245059159375867476e-147
-9.696530482921506823e-148
-7.551665533175017334e-148
-5.881243030730041325e-148
-4.580316677765799239e-148
-3.567154215359019832e-148
-2.778102496258067350e-148
-2.163588399538407500e-148
-1.685004339804719286e-148
-1.312282699318630931e-148
-1.022006793840406870e-148
-7.959396913472046421e-149
-6.198784548988152939e-149
-4.827618260842899167e-149
-3.759752881914263029e-149
-2.928098488589798918e-149
-2.280405395823932380e-149
-1.775981507987935682e-149
-1.383135789141338905e-149
-1.077187235677360321e-149
-8.389142626600500501e-150
-6.533470846894172555e-150
-5.088272211735375285e-150
-3.962750382979980387e-150
-3.086193101381318218e-150
-2.403529604065338032e-150
-1.871870737781389068e-150
-1.457814396392594206e-150
-1.135346993483319695e-150
-8.842091275825745587e-151
-6.886227609601928665e-151
-5.362999454765909883e-151
-4.176708174983208788e-151
-3.252823597337661130e-151
-2.533301564799714690e-151
-1.972937242422033079e-151
-1.536525069349017386e-151
-1.196646927217859365e-151
-9.319495639772593388e-152
-7.258030502085438837e-152
-5.652559838580281409e-152
-4.402218028644297665e-152
-3.428450847959234968e-152
-2.670080205112474299e-152
-2.079460554605052306e-152
-1.619485508292512688e-152
-1.261256582031000943e-152
-9.822676137397071594e-153
-7.649907867661641653e-153
-5.957754237758987959e-153
-4.639903665713679948e-153
-3.613560608233695687e-153
-2.814243831368384689e-153
-2.191735299623568488e-153
-1.706925167632075605e-153
-1.329354657196149173e-153
-1.035302448003980107e-153
-8.062943572212421274e-154
-6.279426767899584482e-154
-4.890422484079736349e-154
-3.808664860151304151e-154
-2.966191175542378371e-154
-2.310072010251895215e-154
-1.799085890535510548e-154
-1.401129500361771269e-154
-1.091200752066193687e-154
-8.498280001972574702e-155
-6.618467120296301756e-155
-5.154467376019106239e-155
-4.014303228759689228e-155
-3.126342498044114994e-155
-2.434797985626168862e-155
-1.896222577826339283e-155
-1.476779628488831114e-155
-1.150117131091000066e-155
-8.957121223175084413e-156
-6.975813022674256232e-156
-5.432768644618413608e-156
-4.231044474674595410e-156
-3.295140750086515676e-156
-2.566258196497874872e-156
-1.998603892995956144e-156
-1.556514276914809022e-156
-1.212214537723074706e-156
-9.440736312292716356e-157
-7.352452832784213811e-157
-5.726096023667915893e-157
-4.459488067174629842e-157
-3.473052798813187603e-157
-2.704816239364045075e-157
-2.106513005280970802e-157
-1.640553978062918333e-157
-1.277664722786309260e-157
-9.950462866086871796e-158
-7.749428272031389898e-158
-6.035260806613730223e-158
-4.700265842230931889e-158
-3.660570718573226248e-158
-2.850855342113083428e-158
-2.220248372860967577e-158
-1.729131171397133880e-158
-1.346648710317263584e-158
-1.048771070117182245e-158
-8.167837306698968586e-159
-6.361118090456991333e-159
-4.954043750057584672e-159
-3.858213151914845840e-159
-3.004779423967675149e-159
-2.340124568342870056e-159
-1.822490846310060737e-159
-1.419357298246742580e-159
-1.105396575332676626e-159
-8.608837184735377395e-160
-6.704569140806140742e-160
-5.221523697016198089e-160
-4.066526744062112549e-160
-3.167014212656383567e-160
-2.466473148815060313e-160
-1.920891219721762609e-160
-1.495991586114294617e-160
-1.165079418734045629e-160
-9.073647636504520855e-161
-7.066563884623722230e-161
-5.503445486969063290e-161
-4.286087654842295778e-161
-3.338008421903861360e-161
-2.599643572877671791e-161
-2.024604450263675353e-161
-1.576763531275201703e-161
-1.227984672875560422e-161
-9.563554248351694879e-162
-7.448103537562161467e-162
-5.800588867450312348e-162
-4.517503152245575950e-162
-3.518234992496394438e-162
-2.740004167185410526e-162
-2.133917391022910433e-162
-1.661896535138331731e-162
-1.294286322949387148e-162
-1.007991201831591939e-162
-7.850243373155303527e-163
-6.113775686314457213e-163
-4.761413292024614729e-163
-3.708192400355366428e-163
-2.887943145176191079e-163
-2.249132382928913877e-163
-1.751626061056292944e-163
-1.364167747998921242e-163
-1.062414910382314918e-163
-8.274095641524831990e-164
-6.443872164827237780e-164
-5.018492687979481483e-164
-3.908406035236539256e-164
-3.043869680803221762e-164
-2.370568090976856459e-164
-1.846200285576860992e-164
-1.437822228113910752e-164
-1.119777077172585723e-164
-8.720832645674186285e-165
-6.791791293485728572e-165
-5.289452377824235145e-165
-4.119429653868418860e-165
-3.208215040240291283e-165
-2.498560385600597389e-165
-1.945880784856936758e-165
-1.515453479010181932e-165
-1.180236356161414474e-165
-9.191689983878512309e-166
-7.158495357194174045e-166
-5.575041789795838992e-166
-4.341846911548805748e-166
-3.381433774690370231e-166
-2.633463271632956891e-166
-2.050943258137530906e-166
-1.597276215472527335e-166
-1.243959967391334391e-166
-9.687969967138504522e-167
-7.544998596779720074e-167
-5.876050815444696383e-167
-4.576272976435696579e-167
-3.564004977596629530e-167
-2.775649867422639785e-167
-2.161678290280793347e-167
-1.683516745219137351e-167
-1.311124159490486842e-167
-1.021104522115028672e-167
-7.952370014209370125e-168
-6.193311994339816556e-168
-4.823356230997372949e-168
-3.756433609733094313e-168
-2.925513436815878119e-168
-2.278392155478122434e-168
-1.774413594830108164e-168
-1.381914697146234584e-168
-1.076236248275370767e-168
-8.381736329266896824e-169
-6.527702816731101932e-169
-5.083780065327597260e-169
-3.959251895839930692e-169
-3.083468476857082153e-169
-2.401407664352287706e-169
-1.870218169471235053e-169
-1.456527374898567236e-169
-1.134344660135941912e-169
-8.834285095867380248e-170
-6.880148150537558033e-170
-5.358264767285928289e-170
-4.173020796666199015e-170
-3.249951864216893996e-170
-2.531065056796489305e-170
-1.971195448237775803e-170
-1.535168558674368391e-170
-1.195590475642198180e-170
-9.311267986628573841e-171
-7.251622799374036547e-171
-5.647569514690952937e-171
-4.398331560491508062e-171
-3.425424063518460462e-171
-2.667722943019810712e-171
-2.077624717041381451e-171
-1.618055756560333916e-171
-1.260143090262382261e-171
-9.814004254783634532e-172
-7.643154198691593727e-172
-5.952494475076509527e-172
-4.635807358417795935e-172
-3.610370400903961012e-172
-2.811759295401826197e-172
-2.189800341067243870e-172
-1.705418220393199101e-172
-1.328181045506465322e-172
-1.034388438301032265e-172
-8.055825257488515428e-173
-6.273883018818457284e-173
-4.886105007954204381e-173
-3.805302406363847390e-173
-2.963572493899665658e-173
-2.308032578937935861e-173
-1.797497579831178575e-173
-1.399892522741476918e-173
-1.090237392926866577e-173
-8.490777353451706229e-174
-6.612624051753138754e-174
-5.149916789662150703e-174
-4.010759228541458428e-174
-3.123582427898951971e-174
-2.432648440835783951e-174
-1.894548510660340164e-174
-1.475475863669037110e-174
-1.149101758028403275e-174
-8.949213489812485789e-175
-6.969654473739144215e-175
-5.427972361885165663e-175
-4.227309125926109892e-175
-3.292231657556150308e-175
-2.563992592957199037e-175
-1.996839439184348689e-175
-1.555140118904635373e-175
-1.211144342388687748e-175
-9.432401622648118208e-176
-7.345961769962344194e-176
-5.721040778859277410e-176
-4.455551038559045304e-176
-3.469986637844394875e-176
-2.702428310800526355e-176
-2.104653284645784046e-176
-1.639105626175940805e-176
-1.276536745202568001e-176
-9.941678167831823723e-177
-7.742586742151314569e-177
-6.029932617785721584e-177
-4.696116244599326678e-177
-3.657339008688300294e-177
-2.848338483924043896e-177
-2.218288241732463882e-177
-1.727604619739332525e-177
-1.345459830690768709e-177
-1.047845169733090631e-177
-8.160626387257201485e-178
-6.355502220749077622e-178
-4.949670106331434127e-178
-3.854806954756044783e-178
-3.002126674953105179e-178
-2.338058605333031311e-178
-1.820881872700201383e-178
-1.418104228339443027e-178
-1.104420683507628568e-178
-8.601236931559973059e-179
-6.698650057681594744e-179
-5.216913910443738080e-179
-4.062936638669687534e-179
-3.164218235765454494e-179
-2.464295639822955223e-179
-1.919195374013566011e-179
-1.494670860148782924e-179
-1.164050836317882558e-179
-9.065637028592906393e-180
-7.060325216909278693e-180
-5.498586807667733356e-180
-4.282303711597726447e-180
-3.335061483941893538e-180
-2.597348495285227956e-180
-2.022817042037470870e-180
-1.575371496348964935e-180
-1.226900554984944960e-180
-9.555111129730162680e-181
-7.441528030168146766e-181
-5.795467857142760633e-181
-4.513514905407939665e-181
-3.515128942736161263e-181
-2.737585173199881504e-181
-2.132033476612735343e-181
-1.660429341120447917e-181
-1.293143671099341904e-181
-1.007101303675998644e-181
-7.843312839351004998e-182
-6.108378181160565429e-182
-4.757209710784132534e-182
-3.704918647993574116e-182
-2.885393544273246011e-182
-2.247146751749180320e-182
-1.750079649938625480e-182
-1.362963401809531612e-182
-1.061476964626929076e-182
-8.266790912637102769e-183
-6.438183236249349683e-183
-5.014062145948184825e-183
-3.904955525633135147e-183
-3.041182421222095526e-183
-2.368475251110758784e-183
-1.844570380250301249e-183
-1.436552856569253616e-183
-1.118788489619598422e-183
-8.713133518070174156e-184
-6.785795206878756906e-184
-5.284782620879361332e-184
-4.115792843502998070e-184
-3.205382689479818945e-184
-2.496354548610408942e-184
-1.944162877281649764e-184
-1.514115571245304535e-184
-1.179194392546450502e-184
-9.183575163085853523e-185
-7.152175528406367105e-185
-5.570119902187017353e-185
-4.338013741624866642e-185
-3.378448498951961367e-185
-2.631138336550199542e-185
-2.049132596874489379e-185
-1.595866071062993478e-185
-1.242861745820945597e-185
-9.679417008948456957e-186
-7.538337546243733417e-186
-5.870863184071192847e-186
-4.572232845059727156e-186
-3.560858520117312323e-186
-2.773199403873846578e-186
-2.159769867350105061e-186
-1.682030463946285954e-186
-1.309966642471325845e-186
-1.020203046954087837e-186
-7.945349318596767049e-187
-6.187844271099015495e-187
-4.819097963855820522e-187
-3.753117267948724982e-187
-2.922930667237279251e-187
-2.276380692507816566e-187
-1.772847065893714590e-187
-1.380694683183867426e-187
-1.075286100446121121e-187
-8.374336570532365506e-188
-6.521939878834109165e-188
-5.079291884780627617e-188
-3.955756497315384669e-188
-3.080746257749019362e-188
-2.399287597979236506e-188
-1.868567060119739183e-188
-1.455241489642685697e-188
-1.133343211691721282e-188
-8.826485807541735031e-189
-6.874074058682145335e-189
-5.353534259792485155e-189
-4.169336673725981578e-189
-3.247082666386120504e-189
-2.528830523279096083e-189
-1.969455191784630438e-189
-1.533813245585914211e-189
-1.194534956747603063e-189
-9.303047597211999305e-190
-7.245220753659256855e-190
-5.642583596475022272e-190
-4.394448523480612392e-190
-3.422399951253679406e-190
-2.665367762019903305e-190
-2.075790500234378464e-190
-1.616627267074717308e-190
-1.259030581532375111e-190
-9.805340028082599558e-191
-7.636406492152118990e-191
-5.947239355939630937e-191
-4.631714667518861668e-191
-3.607183010027001048e-191
-2.809276952890896211e-191
-2.187867090775879637e-191
-1.703912603552411692e-191
-1.327008469931854309e-191
-1.033475235525315087e-191
-8.048713227120199970e-192
-6.268344163998385920e-192
-4.881791343483013430e-192
-3.801942921095776401e-192
-2.960956124142175189e-192
-2.305994948121998071e-192
-1.795910671356115636e-192
-1.398656637178435229e-192
-1.089274884282583323e-192
-8.483281328592896730e-193
-6.606786141723175755e-193
-5.145370220759315778e-193
-4.007218357119642080e-193
-3.120824794462885776e-193
-2.430500793756351702e-193
-1.892875921433117914e-193
-1.474173249869119054e-193
-1.148087281380987877e-193
-8.941312737738337034e-194
-6.963501361836942915e-194
-5.423180313517405221e-194
-4.223577074904782812e-194
-3.289325133298278493e-194
-2.561728989589151927e-194
-1.995076543108750543e-194
-1.553767174060486322e-194
-1.210075091868950493e-194
-9.424074291227408980e-195
-7.339476437731000282e-195
-5.715989997039028691e-195
-4.451617485722312502e-195
-3.466923183814895731e-195
-2.700042490403449032e-195
-2.102795205852271918e-195
-1.637658552956545264e-195
-1.275409763446141441e-195
-9.932901225087701421e-196
-7.735751252269218501e-196
-6.024609132912868245e-196
-4.691970310411679188e-196
-3.654110151896398275e-196
-2.845823847726085223e-196
-2.216329841092353449e-196
-1.726079415787247172e-196
-1.344272000658541179e-196
-1.046920086773835976e-196
-8.153421833926466641e-197
-6.349891308973422203e-197
-4.945300323846809356e-197
-3.851403764735167241e-197
-2.999476267899904646e-197
-2.335994466244541074e-197
-1.819274319561716807e-197
-1.416852264696362346e-197
-1.103445653242020310e-197
-8.593643388216233324e-198
-6.692736200179203524e-198
-5.212308193589902530e-198
-4.059349702777316105e-198
-3.161424727283648289e-198
-2.462120053229807851e-198
-1.917501025471183203e-198
-1.493351300177179498e-198
-1.163023161978688041e-198
-9.057633492791834261e-199
-7.054092056960064911e-199
-5.493732417818275349e-199
-4.278523108981635847e-199
-3.332117147663999755e-199
-2.595055443886379032e-199
-2.021031211812423804e-199
-1.573980690371266076e-199
-1.225817394200412441e-199
-9.546675465058302490e-200
-7.434958327915973604e-200
-5.790351367884223289e-200
-4.509530179566813565e-200
-3.512025635130767632e-200
-2.735168314806689903e-200
-2.130151225403544703e-200
-1.658963442404793168e-200
-1.292002028031686631e-200
-1.006212191160920678e-200
-7.836388424121191179e-201
-6.102985441157276416e-201
-4.753009840646669746e-201
-3.701647785841720120e-201
-2.882846194268063542e-201
-2.245162873570387355e-201
-1.748534604059463289e-201
-1.361760118868958829e-201
-1.060539846930554477e-201
-8.259492632679437402e-202
-6.432499330103244902e-202
-5.009635515390693658e-202
-3.901508062288593506e-202
-3.038497534069756011e-202
-2.366384258894058902e-202
-1.842941913874538991e-202
-1.435284605680604561e-202
-1.117800774834387392e-202
-8.705441187588440040e-203
-6.779804413875937326e-203
-5.280116986597547109e-203
-4.112159243870796503e-203
-3.202552839240892748e-203
-2.494150659028357842e-203
-1.942446486349345661e-203
-1.512778844643169555e-203
-1.178153348821955357e-203
-9.175467506407369311e-204
-7.145861279036290093e-204
-5.565202359833094109e-204
-4.334183955788843551e-204
-3.375465858743870280e-204
-2.628815454020518655e-204
-2.047323534141390618e-204
-1.594457171589830907e-204
-1.241764493807977899e-204
-9.670871601679199109e-205
-7.531682376370769786e-205
-5.865680132562655768e-205
-4.568196280486177563e-205
-3.557714840466514561e-205
-2.770751103700079725e-205
-2.157863129257581143e-205
-1.680545494826716620e-205
-1.308810147358168264e-205
-1.019302367654342293e-205
-7.938334821157388206e-206
-6.182381375000374100e-206
-4.814843456096360655e-206
-3.749803853974074838e-206
-2.920350177839181879e-206
-2.274371005343870986e-206
-1.771281919956705290e-206
-1.379475746302503441e-206
-1.074336791448400315e-206
-8.366943344624347246e-207
-6.516182028707521618e-207
-5.074807666593232892e-207
-3.952264184679579033e-207
-3.078026441933523406e-207
-2.397169403292318135e-207
-1.866917408438869934e-207
-1.453956739621829600e-207
-1.132342647369427590e-207
-8.818693404764578586e-208
-6.868005329297287845e-208
-5.348807928595309707e-208
-4.165655803288566075e-208
-3.244216001607077560e-208
-2.526597962504374019e-208
-1.967716471705022176e-208
-1.532459129026373312e-208
-1.193480369710662553e-208
-9.294834465110138410e-209
-7.238824359946859012e-209
-5.637602080042974245e-209
-4.390568914582449110e-209
-3.419378508805779536e-209
-2.663014660275473728e-209
-2.073957902753170275e-209
-1.615200038721297398e-209
-1.257919054973110056e-209
-9.796683450534997087e-210
-7.629664742779328189e-210
-5.941988876248829542e-210
-4.627625589824165943e-210
-3.603998433116332014e-210
-2.806796801899115394e-210
-2.185935547241345901e-210
-1.702408315935180070e-210
-1.325836929557589945e-210
-1.032562838964437959e-210
-8.041607475559372275e-211
-6.262810199118502559e-211
-4.877481487301071917e-211
-3.798586401726354654e-211
-2.958342064228875404e-211
-2.303959116214524030e-211
-1.794325163872373509e-211
-1.397421842708531359e-211
-1.088313225382489739e-211
-8.475791921548492575e-212
-6.600953385652254247e-212
-5.140827665763817211e-212
-4.003680611732002666e-212
-3.118069595584684964e-212
-2.428355042712491186e-212
-1.891204808839883211e-212
-1.472871786072907475e-212
-1.147073700357358999e-212
-8.933418960789252536e-213
-6.957353682167606064e-213
-5.418392495776853709e-213
-4.219848318699237245e-213
-3.286421175045517398e-213
-2.559467384627895410e-213
-1.993315203393925458e-213
-1.552395441311325933e-213
-1.209006785329739872e-213
-9.415754311534432481e-214
-7.332996831030971851e-214
-5.710943674267051549e-214
-4.447687405595866007e-214
-3.463862434334885275e-214
-2.697658776311631299e-214
-2.100938767450946511e-214
-1.636212757275869197e-214
-1.274283776637869391e-214
-9.924132031007599507e-215
-7.728921797052730357e-215
-6.019290347842316551e-215
-4.687828036433744969e-215
-3.650884145678686311e-215
-2.843311431557538363e-215
-2.214373169412887848e-215
-1.724555558351065666e-215
-1.343085219293953757e-215
-1.045995820517760711e-215
-8.146223641086487103e-216
-6.344285350752947430e-216
-4.940934399194837775e-216
-3.848003579197381064e-216
-2.996828200740489009e-216
-2.333932149467162054e-216
-1.817668185640553189e-216
-1.415601406340842506e-216
-1.102471483775230121e-216
-8.586056548780428691e-217
-6.686827563685561356e-217
-5.207706542861769827e-217
-4.055765933586824955e-217
-3.158633685031746640e-217
-2.459946387338441571e-217
-1.915808172772851889e-217
-1.492032905170094106e-217
-1.161996394914772466e-217
-9.049637022857742026e-218
-7.047864399913587377e-218
-5.488882313633778684e-218
-4.274745844044771109e-218
-3.329175410773301145e-218
-2.592764416892313185e-218
-2.019246958195407714e-218
-1.572591112257135770e-218
-1.224735189676989092e-218
-9.538247247755446617e-219
-7.428394425680613673e-219
-5.785239395683321031e-219
-4.505548971613711663e-219
-3.508925067259321191e-219
-2.732753590120441411e-219
-2.128270635926992608e-219
-1.657498837847818771e-219
-1.290861392855824818e-219
-1.005323863592760644e-219
-7.829470122064122467e-220
-6.097597462097706363e-220
-4.748813678335904597e-220
-3.698379811348201047e-220
-2.880301093173453567e-220
-2.243180746844909401e-220
-1.746990922213514106e-220
-1.360557898238520544e-220
-1.059603556562144661e-220
-8.252200795958438604e-221
-6.426820441954903471e-221
-5.005212792853790110e-221
-3.898063642513545509e-221
-3.035815017251721737e-221
-2.364295112695571718e-221
-1.841314885179206467e-221
-1.434017474458599898e-221
-1.116813932046436094e-221
-8.697755648228190569e-222
-6.773818909803850683e-222
-5.275455471339127941e-222
-4.108528852137240094e-222
-3.199725487315942877e-222
-2.491948715135188888e-222
-1.940731610721066440e-222
-1.511443298160995521e-222
-1.177113224175810052e-222
-9.167367007518269486e-223
-7.139552604158190671e-223
-5.560289158897886917e-223
-4.330357551053117133e-223
-3.372485851739338705e-223
-2.626494622231830557e-223
-2.045516068526983744e-223
-1.593049515953956174e-223
-1.240668210496463684e-223
-9.662333738664442885e-224
-7.525033081969124370e-224
-5.860501656875780884e-224
-4.564163279566123625e-224
-3.554573936191848742e-224
-2.768304964991417920e-224
-2.155958074515774274e-224
-1.679061836702003327e-224
-1.307654673248831272e-224
-1.018402483513171950e-224
-7.931326516419217682e-225
-6.176923301782284990e-225
-4.810592704400051222e-225
-3.746493365224346863e-225
-2.917771966608544057e-225
-2.272363092418527270e-225
-1.769718155798107894e-225
-1.378257885551249195e-225
-1.073388320541651566e-225
-8.359556645775383402e-226
-6.510429261859634648e-226
-5.070327407267272657e-226
-3.948774955208157606e-226
-3.075309027288864633e-226
-2.395053078639128133e-226
-1.865269213141732281e-226
-1.452673123833764236e-226
-1.131342966388519554e-226
-8.810907881457050818e-227
-6.861941957648763985e-227
-5.344085770007386105e-227
-4.161978182482503917e-227
-3.241351867643476886e-227
-2.524367372730699997e-227
-1.965979286642574220e-227
-1.531106207939398591e-227
-1.192426713708693070e-227
-9.286628583915920518e-228
-7.232433613247010637e-228
-5.632624961508722038e-228
-4.386692730770534144e-228
-3.416359733817731519e-228
-2.660663635950865420e-228
-2.072126923168145508e-228
-1.613774070386692343e-228
-1.256808509717484500e-228
-9.788034515387822119e-229
-7.622928945313975108e-229
-5.936743031908202253e-229
-4.623540122143814302e-229
-3.600816667687661509e-229
-2.804318840491717314e-229
-2.184005708956843438e-229
-1.700905356368008659e-229
-1.324666423469752117e-229
-1.031651247906640142e-229
-8.034507997262832921e-230
-6.257281119861759406e-230
-4.873175436046255918e-230
-3.795232845637158716e-230
-2.955730312120535275e-230
-2.301925081627361102e-230
-1.792741056143096310e-230
-1.396188138368500917e-230
-1.087352415476395417e-230
-8.468309126476002475e-231
-6.595125778990235439e-231
-5.136289121132004630e-231
-4.000145989618742613e-231
-3.115316829115017060e-231
-2.426211186030301063e-231
-1.889535171577000631e-231
-1.471571471265129286e-231
-1.146061014166821967e-231
-8.925532152807294485e-232
-6.951211429935322991e-232
-5.413608904928529751e-232
-4.216122854400669760e-232
-3.283519780532488435e-232
-2.557207776309149209e-232
-1.991555418665851452e-232
-1.551024919587064388e-232
-1.207939421937668612e-232
-9.407441677078764400e-233
-7.326522944807512079e-233
-5.705901806606706142e-233
-4.443760795113846033e-233
-3.460804387016672004e-233
-2.695277166665537521e-233
-2.099083967993598118e-233
-1.634768238006045819e-233
-1.273158783899369419e-233
-9.915370578750662634e-234
-7.722098371174185761e-234
-6.013976258424875470e-234
-4.683689419434130637e-234
-3.647660987518555023e-234
-2.840801233458464150e-234
-2.212418225167664853e-234
-1.723033046242025182e-234
-1.341899485671197181e-234
-1.045072370243843882e-234
-8.139031803121947806e-235
-6.338684341714441547e-235
-4.936572328969659965e-235
-3.844606395490199819e-235
-2.994182471409098691e-235
-2.331871653392080472e-235
-1.816063469683763905e-235
-1.414351652297087847e-235
-1.101498174347307299e-235
-8.578476407334057613e-236
-6.680924143591337329e-236
-5.203108954669588068e-236
-4.052185328302513465e-236
-3.155845106832455330e-236
-2.457774640453178146e-236
-1.914116814597975409e-236
-1.490715674099046245e-236
-1.160970534325154311e-236
-9.041647612552575027e-237
-7.041642240911644851e-237
-5.484036491330670780e-237
-4.270971913840486475e-237
-3.326236270974947022e-237
-2.590475412515798191e-237
-2.017464279794524454e-237
-1.571202760922563547e-237
-1.223653940570445870e-237
-9.529826471246735002e-238
-7.421836318341559746e-238
-5.780131936552199454e-238
-4.501571278442889276e-238
-3.505827236703067276e-238
-2.730340997257408080e-238
-2.126391706716030035e-238
-1.656035526306985273e-238
-1.289721764681946050e-238
-1.004436320278533762e-238
-7.822557927782826175e-239
-6.092214239778690270e-239
-4.744621220578407821e-239
-3.695114721963668642e-239
-2.877758239003981901e-239
-2.241200370026488117e-239
-1.745448603196551304e-239
-1.359356738980364084e-239
-1.058668092791298735e-239
-8.244915396785741402e-240
-6.421146567374218596e-240
-5.000793974887305033e-240
-3.894622263620996651e-240
-3.033134868675359521e-240
-2.362207810885552747e-240
-1.839689292895057311e-240
-1.432751461914749979e-240
-1.115827960485907283e-240
-8.690076893993932866e-241
-6.767838689993195264e-241
-5.270798071467652470e-241
-4.104901665470257496e-241
-3.196900631499350843e-241
-2.489748715213163374e-241
-1.939018249059035818e-241
-1.510108930756921508e-241
-1.176074017796612253e-241
-9.159273660099351079e-242
-7.133249498850665945e-242
-5.555380295548604989e-242
-4.326534524432706063e-242
-3.369508475613660090e-242
-2.624175839373654278e-242
-2.043710198621262958e-242
-1.591643103057256151e-242
-1.239572895031191560e-242
-9.653803413243805409e-243
-7.518389657851676278e-243
-5.855327752970836502e-243
-4.560133839153417300e-243
-3.551435804843093538e-243
-2.765860985839626091e-243
-2.154054701638548849e-243
-1.677579488414743127e-243
-1.306500219241928753e-243
-1.017503393828576231e-243
-7.924324398915071233e-244
-6.171470047186898164e-244
-4.806345705450875870e-244
-3.743185799117026008e-244
-2.915196031534102312e-244
-2.270356952165410729e-244
-1.768155772198030032e-244
-1.377041099980050267e-244
-1.072440686985971764e-244
-8.352176468223103509e-245
-6.504681573802712855e-245
-5.065851103307691091e-245
-3.945288806179170046e-245
-3.072594011695185915e-245
-2.392938622368720032e-245
-1.863622472942567698e-245
-1.451390641277140001e-245
-1.130344167969145011e-245
-8.803129231545658353e-246
-6.855883939006532653e-246
-5.339367780344954991e-246
-4.158303808438880185e-246
-3.238490262261005055e-246
-2.522138752217990020e-246
-1.964243635242106889e-246
-1.529754481269575621e-246
-1.191373987919736084e-246
-9.278429947227930883e-247
-7.226048508574286091e-247
-5.627652236989611222e-247
-4.382819969021052857e-247
-3.413343623934586338e-247
-2.658314687212042363e-247
-2.070297560050955387e-247
-1.612349360958502949e-247
-1.255698944899161175e-247
-9.779393215894035939e-248
-7.616199094501460011e-248
-5.931501818825462384e-248
-4.619458261290732258e-248
-3.597637711258892412e-248
-2.801843066735642335e-248
-2.182077574416904714e-248
-1.699403723678437129e-248
-1.323496950755228329e-248
-1.030740461640788280e-248
-8.027414786692272461e-249
-6.251756921914917076e-249
-4.868873186359412832e-249
-3.791882250212077157e-249
-2.953120865779726005e-249
-2.299892842773755634e-249
-1.791158346932520433e-249
-1.394955523195929939e-249
-1.086392453814771516e-249
-8.460832937538092466e-250
-6.589303317191000174e-250
-5.131754583323356817e-250
-3.996614488022501436e-250
-3.112566492906445617e-250
-2.424069222037356529e-250
-1.887867008341984353e-250
-1.470272304431407840e-250
-1.145049222019379354e-250
-8.917652307639955619e-251
-6.945074600348518775e-251
-5.408829537240749887e-251
-4.212400679102840693e-251
-3.280620947495810185e-251
-2.554950162870190974e-251
-1.989797187551718071e-251
-1.549655607818557252e-251
-1.206873000860086088e-251
-9.399136381375713540e-252
-7.320054774010336998e-252
-5.700864390124825813e-252
-4.439837651213101465e-252
-3.457749039474670119e-252
-2.692897659607271671e-252
-2.097230806033296351e-252
-1.633324994020204783e-252
-1.272034784353033251e-252
-9.906616861482077586e-253
-7.715280969310625452e-253
-6.008666860515023295e-253
-4.679554456184299761e-253
-3.644440674901614793e-253
-2.838293251470656786e-253
-2.210465006831631502e-253
-1.721511878272412756e-253
-1.340714798865280088e-253
-1.044149735231701138e-253
-8.131846314422489955e-254
-6.333088277488552723e-254
-4.932214109768419991e-254
-3.841212210963476734e-254
-2.991539077841798658e-254
-2.329812976411901089e-254
-1.814460170439509271e-254
-1.413103001590164357e-254
-1.100525724198972839e-254
-8.570902957963849031e-255
-6.675025935291265512e-255
-5.198515425426774149e-255
-4.048607884131149304e-255
-3.153058990510402852e-255
-2.455604810879834791e-255
-1.912426949627124527e-255
-1.489399605936462904e-255
-1.159945579409558940e-255
-9.033665255643790116e-256
-7.035425575100327664e-256
-5.479194947128723291e-256
-4.267201315424734436e-256
-3.323299725976112223e-256
-2.588188428971181225e-256
-2.015683175219105373e-256
-1.569815635284494976e-256
-1.222573646037299566e-256
-9.521413128963114479e-257
-7.415284000782827963e-257
-5.775028986506527108e-257
-4.497597096951344790e-257
-3.502732141045384900e-257
-2.727930534335524321e-257
-2.124514436304902078e-257
-1.654573506640762064e-257
-1.288583142621025781e-257
-1.003549560525866634e-257
-7.815651835885091328e-258
-6.086835770000772409e-258
-4.740432464103639413e-258
-3.691852515141023272e-258
-2.875217629775964566e-258
-2.239221741570229799e-258
-1.743907645805410085e-258
-1.358156640157463475e-258
-1.057733454888260768e-258
-8.237636429478000381e-259
-6.415477701934998727e-259
-4.996379058044113665e-259
-3.891183922926324009e-259
-3.030457086249881911e-259
-2.360122351835696005e-259
-1.838065135753965744e-259
-1.431486567061436765e-259
-1.114842859383644132e-259
-8.682404918895461070e-260
-6.761863749778802511e-260
-5.266144783349877807e-260
-4.101277681040278659e-260
-3.194078269587444299e-260
-2.487550657546059450e-260
-1.937306400026659010e-260
-1.508775741390006518e-260
-1.175035728873676424e-260
-9.151187457836982574e-261
-7.126951958196660839e-261
-5.550475765955841232e-261
-4.322714872945265256e-261
-3.366533728044180853e-261
-2.621859103637104244e-261
-2.041905923015468559e-261
-1.590237931802586497e-261
-1.238478546557705690e-261
-9.645280618762764960e-262
-7.511752098835885826e-262
-5.850158416811656757e-262
-4.556107956104688564e-262
-3.548300443972189573e-262
-2.763419164338154913e-262
-2.152153009141081878e-262
-1.676098448808555113e-262
-1.305346784436869889e-262
-1.016605097899174479e-262
-7.917328463182593377e-263
-6.166021606960126173e-263
-4.802102455935747557e-263
-3.739881153071877188e-263
-2.912622370606366499e-263
-2.268352583019529518e-263
-1.766594767937653782e-263
-1.375825388639691490e-263
-1.071493890042111594e-263
-8.344802806210224361e-264
-6.498938960052978997e-264
-5.061378751222522202e-264
-3.941805734873068940e-264
-3.069881393034500661e-264
-2.390826032831604440e-264
-1.861977186556754045e-264
-1.450109290951491349e-264
-1.129346251332140934e-264
-8.795357448962270406e-265
-6.849831268644731030e-265
-5.334653955927510830e-265
-4.154632678291313256e-265
-3.235631183227322360e-265
-2.519912099227695094e-265
-1.962509516149636729e-265
-1.528403947962420932e-265
-1.190322191522560234e-265
-9.270238548650406007e-266
-7.219669040947660249e-266
-5.622683902606415824e-266
-4.378950626312859570e-266
-3.410330176803474336e-266
-2.655967812226588345e-266
-2.068469811974512611e-266
-1.610925909325312159e-266
-1.254590359652567980e-266
-9.770759545312554428e-267
-7.609475185091821242e-267
-5.926265232911933915e-267
-4.615380004080655366e-267
-3.594461561350118519e-267
-2.799369478699536964e-267
-2.180151142117389771e-267
-1.697903416695040905e-267
-1.322328510501711709e-267
-1.029830479456377371e-267
-8.020327838314270466e-268
-6.246237600968541420e-268
-4.864574734884353436e-268
-3.788534612837306574e-268
-2.950513723170815833e-268
-2.297862398068357852e-268
-1.789577035005973182e-268
-1.393723996229254900e-268
-1.085433339648751549e-268
-8.453363348902577622e-269
-6.583485995712441420e-269
-5.127224048800476847e-269
-3.993086104188350689e-269
-3.109818584813432634e-269
-2.421929149062709093e-269
-1.886200317833499332e-269
-1.468974284558261874e-269
-1.144038323125731309e-269
-8.909779419140164410e-270
-6.938943188619846864e-270
-5.404054388985127190e-270
-4.208681789902079327e-270
-3.277724673674101335e-270
-2.552694542549855229e-270
-1.988040508679928737e-270
-1.548287504937602577e-270
-1.205807521265076565e-270
-9.390838417946313179e-271
-7.313592313593620527e-271
-5.695831420891719717e-271
-4.435917970833183753e-271
-3.454696389325401367e-271
-2.690520253280577417e-271
-2.095379280124388190e-271
-1.631883024192470070e-271
-1.270911777122028120e-271
-9.897870872373061962e-272
-7.708469586143791468e-272
-6.003362149970891385e-272
-4.675423143458563456e-272
-3.641223205315698069e-272
-2.835787483637636519e-272
