-1.600000000000000089e+00
-1.354370759824982784e+00
-1.146450096918062878e+00
-9.704490555402135454e-01
-8.214673904521472281e-01
-6.953571336113251178e-01
-5.886071058743077566e-01
-4.982451582633563025e-01
-4.217554209851628322e-01
-3.570082562374877200e-01
-3.022009645400989264e-01
-2.558075937275102740e-01
-2.165364531785803348e-01
-1.832941503883003809e-01
-1.551551485830481025e-01
-1.313359977982380966e-01
-1.111735219564824739e-01
-9.410635462788781436e-02
-7.965930938858231669e-02
-6.743014961484225522e-02
-5.707838935560383131e-02
-4.831581347570960278e-02
-4.089845313041184927e-02
-3.461979315118894618e-02
-2.930502222197468865e-02
-2.480616575841490534e-02
-2.099796597910555049e-02
-1.777439446118769112e-02
-1.504570008239233120e-02
-1.273591015793031946e-02
-1.078071519853674755e-02
-9.125678396811843715e-03
-7.724719990130306420e-03
-6.538834301542506555e-03
-5.535003738343613824e-03
-4.685279511709101834e-03
-3.966003482666173585e-03
-3.357149468929444130e-03
-2.841765673175006626e-03
-2.405502708764115875e-03
-2.036214082143692622e-03
-1.723618008499552519e-03
-1.459011144887225990e-03
-1.235026270558768277e-03
-1.045427167787809069e-03
-8.849349922365338031e-04
-7.490812986444430168e-04
-6.340836297598497579e-04
-5.367402046440190302e-04
-4.543407742452106046e-04
-3.845911622712225460e-04
-3.255493904170306914e-04
-2.755716095372962417e-04
-2.332663313720130668e-04
-1.974556865386873088e-04
-1.671426301307285273e-04
-1.414831818558128255e-04
-1.197629278203209623e-04
-1.013771297192954472e-04
-8.581388762924865334e-05
-7.263988761997576397e-05
-6.148833736841748186e-05
-5.204875387627397494e-05
-4.405831895959545433e-05
-3.729456182869923114e-05
-3.156916502579693745e-05
-2.672272126439305550e-05
-2.262029518965453994e-05
-1.914766648967361265e-05
-1.620814975780913823e-05
-1.371990256427567631e-05
-1.161364678793921858e-05
-9.830739765325136029e-06
-8.321541553503176676e-06
-7.044032847958280623e-06
-5.962645075325873501e-06
-5.047270088272374309e-06
-4.272421890309596000e-06
-3.616527051169686953e-06
-3.061324056387684268e-06
-2.591354867700175804e-06
-2.193534538214535207e-06
-1.856786899514977152e-06
-1.571736177455731644e-06
-1.330445950565708773e-06
-1.126198183108594480e-06
-9.533061806064374914e-07
-8.069562601086208647e-07
-6.830737269680248850e-07
-5.782094266313533943e-07
-4.894437128029212574e-07
-4.143051582502833803e-07
-3.507017449867783061e-07
-2.968626180185565795e-07
-2.512887809558913887e-07
-2.127113607492023494e-07
-1.800562795508146075e-07
-1.524143500915599767e-07
-1.290159619635859111e-07
-1.092096540213579213e-07
-9.244397631070613369e-08
-7.825213652323377991e-08
-6.623900350056266930e-08
-5.607010593819164769e-08
-4.746231998936004314e-08
-4.017598649190371422e-08
-3.400823834484862510e-08
-2.878735225463865243e-08
-2.436796759154020863e-08
-2.062703923896551331e-08
-1.746041175438594676e-08
-1.477991945915295097e-08
-1.251093171752812930e-08
-1.059027506024192869e-08
-8.964474300059628852e-09
-7.588263668252046625e-09
-6.423326518826785949e-09
-5.437228511192113705e-09
-4.602514568778321599e-09
-3.895944471013662638e-09
-3.297845795901692757e-09
-2.791566197738121492e-09
-2.363009770207703915e-09
-2.000244586218788351e-09
-1.693170487545590687e-09
-1.433237874831476891e-09
-1.213209668465905221e-09
-1.026959812816988308e-09
-8.693027137466684302e-10
-7.358488605843707248e-10
-6.228826127662504442e-10
-5.272587484587493251e-10
-4.463148948590279732e-10
-3.777974020446425916e-10
-3.197985965419426947e-10
-2.707036676184208894e-10
-2.291457074998561081e-10
-1.939676537357587621e-10
-1.641900741072302481e-10
-1.389838971402058620e-10
-1.176473289832614105e-10
-9.958631396652452433e-11
-8.429799482188183677e-11
-7.135671206164676114e-11
-6.040215270846557137e-11
-5.112931841176815274e-11
-4.328003364167503762e-11
-3.663575753032884773e-11
-3.101149922694702811e-11
-2.625066735707012812e-11
-2.222071018394243537e-11
-1.880942508479800216e-11
-1.592183458998063675e-11
-1.347754200714983689e-11
-1.140849300549788836e-11
-9.657080837696381849e-12
-8.174542444901321129e-12
-6.919600788951598345e-12
-5.857315611386217278e-12
-4.958110621954920894e-12
-4.196950031470871786e-12
-3.552641501919188827e-12
-3.007246106462533424e-12
-2.545578871368985588e-12
-2.154785993881526422e-12
-1.823986964870968681e-12
-1.543971632201971457e-12
-1.306943770408504840e-12
-1.106304017110432645e-12
-9.364661326570533418e-13
-7.927014672731869385e-13
-6.710073053407272101e-13
-5.679954212390209802e-13
-4.807977439003785891e-13
-4.069865035803076604e-13
-3.445066375578585079e-13
-2.916185727962423744e-13
-2.468497925107020275e-13
-2.089538381533490179e-13
-1.768756053425614996e-13
-1.497219675014428021e-13
-1.267369093046376021e-13
-1.072804775954952136e-13
-9.081096372212356630e-14
-7.686982121048204191e-14
-6.506889885028211098e-14
-5.507963373551963306e-14
-4.662390337078585411e-14
-3.946628214643621992e-14
-3.340748658633493908e-14
-2.827882686986081833e-14
-2.393751014668288595e-14
-2.026266487855068275e-14
-1.715197551727608766e-14
-1.451883382114537495e-14
-1.228992749632335377e-14
-1.040319902586840263e-14
-8.806117855797399530e-15
-7.454217832165436064e-15
-6.309859168281787283e-15
-5.341180472583997970e-15
-4.521211659384977666e-15
-3.827123044031760801e-15
-3.239589715680607399e-15
-2.742253490467221115e-15
-2.321267464698005914e-15
-1.964910487450021051e-15
-1.663260818672355165e-15
-1.407919886732753518e-15
-1.191778454229333475e-15
-1.008818681623518276e-15
-8.539465777225529721e-16
-7.228501720750201892e-16
-6.118794604955417068e-16
-5.179447811454056406e-16
-4.384307917420525441e-16
-3.711236528389711513e-16
-3.141493898028384638e-16
-2.659217173536393097e-16
-2.250978739913834869e-16
-1.905412366454368519e-16
-1.612896746584192968e-16
-1.365287620119050578e-16
-1.155691019650178166e-16
-9.782713277540706024e-17
-8.280888009282991020e-17
-7.009620365723885767e-17
-5.933515538006304330e-17
-5.022612467276847846e-17
-4.251549664757619175e-17
-3.598859093682124198e-17
-3.046368453258323849e-17
-2.578695222966463939e-17
-2.182818380303828850e-17
-1.847715867682525964e-17
-1.564057714783665692e-17
-1.323946272238543445e-17
-1.120696324186983348e-17
-9.486489575763705935e-18
-8.030140059249253972e-18
-6.797366808466542502e-18
-5.753846780744981005e-18
-4.870526147721295802e-18
-4.122811374647969823e-18
-3.489884483810665310e-18
-2.954123437525028190e-18
-2.500611502935982148e-18
-2.116721938286566015e-18
-1.791766437434607828e-18
-1.516697544560761177e-18
-1.283856753657155004e-18
-1.086761279348167624e-18
-9.199235622869695835e-19
-7.786984837721941238e-19
-6.591540357131896117e-19
-5.579618451191114639e-19
-4.723045050795762883e-19
-3.997971321333656301e-19
-3.384209660145728935e-19
-2.864671630511642246e-19
-2.424892183040691462e-19
-2.052626917774055873e-19
-1.737511173914291491e-19
-1.470771455511678400e-19
-1.244981158581407554e-19
-1.053853798572307549e-19
-8.920679811980083386e-20
-7.551192434441797021e-20
-6.391946396887262530e-20
-5.410665811445450426e-20
-4.580029728879030093e-20
-3.876911464951821642e-20
-3.281734704100600244e-20
-2.777928452960471889e-20
-2.351465668484700905e-20
-1.990472715079981122e-20
-1.684898777208609878e-20
-1.426236023197634133e-20
-1.207282729017457402e-20
-1.021942766889347753e-20
-8.650558760559838434e-21
-7.322539900906270186e-21
-6.198396205899499154e-21
-5.246829111925258953e-21
-4.441344956868761139e-21
-3.759517339924507206e-21
-3.182362722655477916e-21
-2.693811886700987133e-21
-2.280262532385496247e-21
-1.930200561617119297e-21
-1.633879500782483366e-21
-1.383049138085775329e-21
-1.170725820015326807e-21
-9.909980115005476775e-22
-8.388617061381542801e-22
-7.100811039565099744e-22
-6.010706776893350673e-22
-5.087953440316399283e-22
-4.306859604322169941e-22
-3.645677946728320778e-22
-3.085999756742268701e-22
-2.612242397099217244e-22
-2.211215450128927107e-22
-1.871753468329914448e-22
-1.584405104441899166e-22
-1.341169965733466049e-22
-1.135275865965552586e-22
-9.609902732492088478e-23
-8.134607041030891065e-23
-6.885796199399179646e-23
-5.828700644112665494e-23
-4.933888575099499093e-23
-4.176446511468327944e-23
-3.535285646941106165e-23
-2.992554692403724146e-23
-2.533142857855411493e-23
-2.144259135711793206e-23
-1.815076171809767360e-23
-1.536428808721388206e-23
-1.300558908178115164e-23
-1.100899347916459609e-23
-9.318911789552790683e-24
-7.888288525724144300e-24
-6.677292077689780710e-24
-5.652205715521291818e-24
-4.784488843511062063e-24
-4.049982368975124059e-24
-3.428236061466646200e-24
-2.901939174642498505e-24
-2.456438478079015627e-24
-2.079330280012005212e-24
-1.760115082041849609e-24
-1.489905250652762514e-24
-1.261177566496136240e-24
-1.067563761880999057e-24
-9.036732145877365367e-25
-7.649428614216750114e-25
-6.475101527789830830e-25
-5.481055110085360047e-25
-4.639612983805581289e-25
-3.927347601356646199e-25
-3.324427971841374302e-25
-2.814067523878898939e-25
-2.382056731571675250e-25
-2.016367490928080572e-25
-1.706818231734165433e-25
-1.444790440873087446e-25
-1.222988704495716110e-25
-1.035237588103273718e-25
-8.763096992492602908e-26
-7.417801457588856546e-26
-6.279033372715941453e-26
-5.315086999982332296e-26
-4.499124011688702703e-26
-3.808426253911041529e-26
-3.223763224529325373e-26
-2.728856654938498630e-26
-2.309927288251576746e-26
-1.955311235331098204e-26
-1.655135227181057672e-26
-1.401041722031443321e-26
-1.185956213508895255e-26
-1.003890261255746248e-26
-8.497747599486553197e-27
-7.193188045698469307e-27
-6.088902224385357491e-27
-5.154144457588025919e-27
-4.362889090794521085e-27
-3.693105883082171636e-27
-3.126146638115078573e-27
-2.646225998492651952e-27
-2.239981947654437379e-27
-1.896103782774369487e-27
-1.605017200614470548e-27
-1.358617728455235364e-27
-1.150045078249758292e-27
-9.734921415388188384e-28
-8.240433071372333408e-28
-6.975376000100930083e-28
-5.904528308326040928e-28
-4.998075307097263108e-28
-4.230779407084887430e-28
-3.581277450140913507e-28
-3.031485913307126403e-28
-2.566097424877820862e-28
-2.172154574447930272e-28
-1.838689150907739275e-28
-1.556416763998034370e-28
-1.317478347037717699e-28
-1.115221343706532974e-28
-9.440144866555298134e-29
-7.990910109858967107e-29
-6.764159373239328982e-29
-5.725737293694614558e-29
-4.846731980637111773e-29
-4.102670047052243502e-29
-3.472835218085823370e-29
-2.939691545666145597e-29
-2.488395170221858058e-29
-2.106381035898861411e-29
-1.783013052544538371e-29
-1.509287964220394373e-29
-1.277584679309916776e-29
-1.081452083036075294e-29
-9.154294246349332000e-30
-7.748942783805969731e-30
-6.559338453714722283e-30
-5.552360128441825152e-30
-4.699971378737284912e-30
-3.978439879610035520e-30
-3.367676651665941802e-30
-2.850676740976020501e-30
-2.413045764806924977e-30
-2.042599141233776087e-30
-1.729022844331645791e-30
-1.463586239645120114e-30
-1.238899004660980742e-30
-1.048705366430686850e-30
-8.877099274782871081e-31
-7.514302306143494739e-31
-6.360719577453835647e-31
-5.384232879468594963e-31
-4.557654735025377155e-31
-3.857971441560137720e-31
-3.265702320430538260e-31
-2.764357333177349518e-31
-2.339977963601969734e-31
-1.980748582835812420e-31
-1.676667476973513755e-31
-1.419268377976527297e-31
-1.201384744672269240e-31
-1.016950230927461931e-31
-8.608297856033821410e-32
-7.286766817547650544e-32
-6.168114944593484273e-32
-5.221196577623041839e-32
-4.419647485019302342e-32
-3.741150826527639308e-32
-3.166815804715047205e-32
-2.680651704786038312e-32
-2.269122678898272821e-32
-1.920770879222211990e-32
-1.625897446963671509e-32
-1.376292475401067514e-32
-1.165006428531463063e-32
-9.861566511319620823e-33
-8.347635830625427444e-33
-7.066121176666471214e-33
-5.981342441910701966e-33
-5.063097067390056851e-33
-4.285819138892924784e-33
-3.627867577259272021e-33
-3.070923604473190828e-33
-2.599480709721756027e-33
-2.200412914985139319e-33
-1.862609319748222520e-33
-1.576664749777801332e-33
-1.334617896966135450e-33
-1.129729659493788962e-33
-9.562955108283838856e-34
-8.094866735111575161e-34
-6.852156756696964160e-34
-5.800225470629695036e-34
-4.909784861133074880e-34
-4.156043158093788670e-34
-3.518014581183048623e-34
-2.977935050870144083e-34
-2.520767598472801964e-34
-2.133783704803618274e-34
-1.806208910985643246e-34
-1.528922834483939393e-34
-1.294205238158605735e-34
-1.095521082358959241e-34
-9.273385754492532150e-35
-7.849751569038849748e-35
-6.644671248122777817e-35
-5.624592779442092423e-35
-4.761114997749412393e-35
-4.030196835697476035e-35
-3.411487969129926290e-35
-2.887762220552664371e-35
-2.444437945527357781e-35
-2.069172048518086207e-35
-1.751516324725026749e-35
-1.482626559727302497e-35
-1.255016287646616100e-35
-1.062348351932917570e-35
-8.992584653788729223e-36
-7.612058568964022340e-36
-6.443468467425013669e-36
-5.454278302584181513e-36
-4.616946905604952254e-36
-3.908161180384844464e-36
-3.308187017122685499e-36
-2.800319852514773283e-36
-2.370419579002124120e-36
-2.006516853948191439e-36
-1.698479847552169821e-36
-1.437732151047900992e-36
-1.217013991149714548e-36
-1.030180102444430474e-36
-8.720286300651469309e-37
-7.381562989315412879e-37
-6.248358171584486801e-37
-5.289121002817175607e-37
-4.477144269619835017e-37
-3.789820803931962993e-37
-3.208014051138646848e-37
-2.715525267481155323e-37
-2.298642512401516509e-37
-1.945758878804521171e-37
-1.647049331951670472e-37
-1.394197159490396829e-37
-1.180162416403020209e-37
-9.989859178878987041e-38
-8.456233229151900216e-38
-7.158046889889793578e-38
-6.059155878201778802e-38
-5.128964719161394098e-38
-4.341574902378820016e-38
-3.675063812107405932e-38
-3.110874354755782295e-38
-2.633298289731637816e-38
-2.229038878443530655e-38
-1.886840674673137438e-38
-1.597176148891079819e-38
-1.351980421467462944e-38
-1.144426719182128292e-38
-9.687363032641897466e-39
-8.200175769512244822e-39
-6.941298929783010392e-39
-5.875682691064067842e-39
-4.973658019241813217e-39
-4.210110619143885484e-39
-3.563781698873190282e-39
-3.016676079595766258e-39
-2.553561171292503946e-39
-2.161542864889365431e-39
-1.829706532696541159e-39
-1.548813141840607547e-39
-1.311042019838482416e-39
-1.109773110356948137e-39
-9.394026566921801326e-40
-7.951871812036182366e-40
-6.731114167561409013e-40
-5.697765130993085080e-40
-4.823054056104599645e-40
-4.082627116652074346e-40
-3.455869243788875122e-40
-2.925330158478815106e-40
-2.476238518423669136e-40
-2.096090652315866011e-40
-1.774302430899418421e-40
-1.501914582185342051e-40
-1.271343246166626232e-40
-1.076168823943153347e-40
-9.109572423648997363e-41
-7.711086578186447436e-41
-6.527293867484096946e-41
-5.525234971815839451e-41
-4.677010429368659266e-41
-3.959003855583355615e-41
-3.351224412522774634e-41
-2.836750221207839777e-41
-2.401257220331831889e-41
-2.032620353772521039e-41
-1.720575983109149969e-41
-1.456436125987590444e-41
-1.232846564118973475e-41
-1.043582086120905555e-41
-8.833731643245652430e-42
-7.477592398595344235e-42
-6.329645311591989980e-42
-5.357929081302150966e-42
-4.535389050582206678e-42
-3.839123946586867390e-42
-3.249748260375697871e-42
-2.750852512903079824e-42
-2.328546380041901282e-42
-1.971071956265654565e-42
-1.668476389423260523e-42
-1.412334772058278949e-42
-1.195515573974878571e-42
-1.011982085191842919e-42
-8.566243410315996488e-43
-7.251168497797106777e-43
-6.137981617487748202e-43
-5.195689266917960332e-43
-4.398056012656343595e-43
-3.722874039758861137e-43
-3.151344838725599064e-43
-2.667555814809566326e-43
-2.258037247361978662e-43
-1.911387264014239896e-43
-1.617954388176717700e-43
-1.369568821298159840e-43
-1.159314978208882367e-43
-9.813389424457749143e-44
-8.306854807038266489e-44
-7.031600785477707052e-44
-5.952121561633337991e-44
-5.038362126249978810e-44
-4.264881463251664963e-44
-3.610144217467257969e-44
-3.055921104305546550e-44
-2.586781367502213409e-44
-2.189663153878164662e-44
-1.853509843424202467e-44
-1.568962209363465693e-44
-1.328097837270168939e-44
-1.124210548115941177e-44
-9.516236839094136973e-45
-8.055320574023971708e-45
-6.818681654046632155e-45
-5.771889407997431649e-45
-4.885798901959508649e-45
-4.135739481999333816e-45
-3.500827890421043899e-45
-2.963386831228760571e-45
-2.508452796416640578e-45
-2.123359449917462438e-45
-1.797384969728910576e-45
-1.521453529468585306e-45
-1.287882607965493023e-45
-1.090169091447247830e-45
-9.228082129506955320e-46
-7.811402878417372646e-46
-6.612209782338215005e-46
-5.597114741892217103e-46
-4.737855341127652579e-46
-4.010507961439925426e-46
-3.394821696887192151e-46
-2.873654525677179078e-46
-2.432496039634926526e-46
-2.059063443419750299e-46
-1.742959575245174197e-46
-1.475383427668140143e-46
-1.248885108727547861e-46
-1.057158421025906747e-46
-8.948652837126433458e-47
-7.574871089018034265e-47
-6.411989945256090887e-47
-5.427632308841624987e-47
-4.594391558860262258e-47
-3.889068491566949639e-47
-3.292025404959314463e-47
-2.786639343173669136e-47
-2.358839277857718003e-47
-1.996714340660722272e-47
-1.690182199196305274e-47
-1.430708343355113440e-47
-1.211068466298623499e-47
-1.025147324313084649e-47
-8.677684753515457585e-48
-7.345501558212713304e-48
-6.217832829182562103e-48
-5.263281858327991288e-48
-4.455271906022934061e-48
-3.771306247866969381e-48
-3.192341817785212320e-48
-2.702259008359251891e-48
-2.287412866497128860e-48
-1.936253188769491981e-48
-1.639002939054543653e-48
-1.387386034951669370e-48
-1.174396923955050227e-48
-9.941055338956975590e-49
-8.414921670553308176e-49
-7.123077410509439262e-49
-6.029554852977371183e-49
-5.103907992270833720e-49
-4.320364840980447348e-49
-3.657109882749874517e-49
-3.095676681664610513e-49
-2.620433737199137304e-49
-2.218149269825873264e-49
-1.877622819987052506e-49
-1.589373403356633926e-49
-1.345375539968582907e-49
-1.138835807698241949e-49
-9.640036988676126998e-50
-8.160115138183849595e-50
-6.907388337475843970e-50
-5.846977994395919479e-50
-4.949360018093698012e-50
-4.189542805220573908e-50
-3.546371420266207107e-50
-3.001938596929701463e-50
-2.541086161544752024e-50
-2.150982997120091223e-50
-1.820767797612589243e-50
-1.541246665948381704e-50
-1.304637136273906448e-50
-1.104351493469482327e-50
-9.348133570775685803e-51
-7.913024229498134105e-51
-6.698230398886770763e-51
-5.669929621764392898e-51
-4.799491806239555627e-51
-4.062682102744008607e-51
-3.438986154012959340e-51
-2.911038931523856404e-51
-2.464141255980032324e-51
-2.085850540736092173e-51
-1.765634363586324123e-51
-1.494577221614686112e-51
-1.265132304534615225e-51
-1.070911375357308756e-51
-9.065069082174302650e-52
-7.673415312931443726e-52
-6.495405829892321181e-52
-5.498242330751776405e-52
-4.654161652001331759e-52
-3.939662783105874681e-52
-3.334852548130802224e-52
-2.822891737197607942e-52
-2.389526266882515723e-52
-2.022690316062132377e-52
-1.712170387659806902e-52
-1.449320943052918228e-52
-1.226823691795520069e-52
-1.038483834767738044e-52
-8.790575877252225554e-53
-7.441061831358251365e-53
-6.298722854025814556e-53
-5.331753786083753669e-53
-4.513232141536216884e-53
-3.820368527999318593e-53
-3.233872141298710109e-53
-2.737413668242222920e-53
-2.317170643632808930e-53
-1.961442603288213413e-53
-1.660325318105335384e-53
-1.405435039149355193e-53
-1.189675076160864919e-53
-1.007038210528017000e-53
-8.524394414785092200e-54
-7.215744087875269768e-54
-6.107995501873880072e-54
-5.170306568050289059e-54
-4.376570021936521952e-54
-3.704686541273362088e-54
-3.135949453636103816e-54
-2.654523902683692388e-54
-2.247005971907046154e-54
-1.902049490939378048e-54
-1.610050133917694498e-54
-1.362878014519007940e-54
-1.153651332545539632e-54
-9.765447698955130606e-55
-8.266273012540577639e-55
-6.997249038072048888e-55
-5.923043435236473170e-55
-5.013748023660974511e-55
-4.244046075235429387e-55
-3.592507442280561134e-55
-3.040991896424002820e-55
-2.574144065863357349e-55
-2.178965908988973797e-55
-1.844454821118822716e-55
-1.561297298463462670e-55
-1.321609630270420153e-55
-1.118718399463346743e-55
-9.469746804445962552e-56
-8.015967609304875312e-56
-6.785370088591651333e-56
-5.743691776612212050e-56
-4.861930122306787375e-56
-4.115534996227863699e-56
-3.483725162454682113e-56
-2.948909684559418161e-56
-2.496198156332516662e-56
-2.112986121041139254e-56
-1.788604136408797727e-56
-1.514020714533820682e-56
-1.281590865958720779e-56
-1.084843246820773061e-56
-9.182999828047908981e-57
-7.773241534116279687e-57
-6.579906901789987397e-57
-5.569770943846897423e-57
-4.714709315793189189e-57
-3.990915273990390540e-57
-3.378236845019715514e-57
-2.859615751661341816e-57
-2.420612473990616532e-57
-2.049004222275333403e-57
-1.734444628379791948e-57
-1.468175680758158453e-57
-1.242783882690629414e-57
-1.051993844686228302e-57
-8.904935642242905886e-58
-7.537865282485754684e-58
-6.380665206311678084e-58
-5.401116489788132598e-58
-4.571946402611040343e-58
-3.870069076989668148e-58
-3.275942747735978495e-58
-2.773025667746475453e-58
-2.347315550400005565e-58
-1.986959715965120280e-58
-1.681925087658335517e-58
-1.423718849337838683e-58
-1.205151987346751098e-58
-1.020139133004639152e-58
-8.635291329341907205e-59
-7.309616299394162026e-59
-6.187456613399776183e-59
-5.237568946796529814e-59
-4.433506396317759111e-59
-3.752882141668662897e-59
-3.176746148590901727e-59
-2.689057559398790523e-59
-2.276238081210054938e-59
-1.926793937244407126e-59
-1.630995855507392613e-59
-1.380608185059353543e-59
-1.168659597887152737e-59
-9.892489922294697079e-60
-8.373811932887110819e-60
-7.088278768859955627e-60
-6.000098438769979962e-60
-5.078973675963542091e-60
-4.299258397903681882e-60
-3.639243664407897808e-60
-3.080553254345265866e-60
-2.607632032355600105e-60
-2.207312860628343736e-60
-1.868449997637933928e-60
-1.581608776872436997e-60
-1.338802925549089483e-60
-1.133272209707404439e-60
-9.592942148437304956e-61
-8.120250216584928809e-61
-6.873643409878259103e-61
-5.818413529876805985e-61
-4.925180720896911442e-61
-4.169075472022855642e-61
-3.529046196757090919e-61
-2.987273111849546737e-61
-2.528672096437780983e-61
-2.140474717875438309e-61
-1.811872731271917003e-61
-1.533717154849335000e-61
-1.298263542731202607e-61
-1.098956363013686859e-61
-9.302464777433503691e-62
-7.874366430536168298e-62
-6.665507278540878316e-62
-5.642230098410278437e-62
-4.776044665932116923e-62
-4.042834526972758833e-62
-3.422185543839263032e-62
-2.896817522044810737e-62
-2.452103092753799642e-62
-2.075660455563865056e-62
-1.757008642712955058e-62
-1.487275706531350667e-62
-1.258951705452576480e-62
-1.065679611185487327e-62
-9.020783154570331329e-63
-7.635928084544960567e-63
-6.463673576146363103e-63
-5.471381557866153490e-63
-4.631424498637280791e-63
-3.920416198307170133e-63
-3.318560665832093750e-63
-2.809100956567722415e-63
-2.377852623107342093e-63
-2.012808789943536219e-63
-1.703805856386410238e-63
-1.442240520192712048e-63
-1.220830243239840354e-63
-1.033410490096297871e-63
-8.747630941767773528e-64
-7.404709728293951252e-64
-6.267951463120632906e-64
-5.305706366033051985e-64
-4.491183476482684350e-64
-3.801704735973323696e-64
-3.218073582431545735e-64
-2.724040476881521009e-64
-2.305850481542542969e-64
-1.951860292956002947e-64
-1.652214067526865366e-64
-1.398569013768691837e-64
-1.183863111153498460e-64
-1.002118488363563231e-64
-8.482749865747718499e-65
-7.180492738173822075e-65
-6.078155878573789692e-65
-5.145047872249215862e-65
-4.355188997546340933e-65
-3.686587894867581473e-65
-3.120629280208397823e-65
-2.641555655854985185e-65
-2.236028587962642697e-65
-1.892757336043360070e-65
-1.602184494613362074e-65
-1.356219894593289998e-65
-1.148015355706305816e-65
-9.717740184991949049e-66
-8.225889473830663024e-66
-6.963065110567791225e-66
-5.894107365319134191e-66
-4.989254169285719034e-66
-4.223312475134703179e-66
-3.574956828704106126e-66
-3.026135622770873859e-66
-2.561568501716046669e-66
-2.168320923758085270e-66
-1.835444035659118966e-66
-1.553669833244935436e-66
-1.315153120355698204e-66
-1.113253081813943660e-66
-9.423483889336678407e-67
-7.976806897124699514e-67
-6.752221261397336097e-67
-5.715631900190748368e-67
-4.838177949713329381e-67
-4.095429216200995392e-67
-3.466705987097267381e-67
-2.934503263646741354e-67
-2.484003384308783086e-67
-2.102663469383841891e-67
-1.779866200428534075e-67
-1.506624211413220157e-67
-1.275329861239035939e-67
-1.079543420746136942e-67
-9.138137768874865502e-68
-7.735266620885337702e-68
-6.547761831735874322e-68
-5.542560729500604427e-68
-4.691676366618696982e-68
-3.971418303443960967e-68
-3.361733015761336611e-68
-2.845645561803409096e-68
-2.408786963582693101e-68
-2.038994143827464215e-68
-1.725971279908948944e-68
-1.461003146129001955e-68
-1.236712463205868046e-68
-1.046854499048233129e-68
-8.861432020638564476e-69
-7.501040261830909655e-69
-6.349493499308631917e-69
-5.374730209476563309e-69
-4.549610898539325846e-69
-3.851162480976742109e-69
-3.259938659731240024e-69
-2.759478499726844590e-69
-2.335848120247365434e-69
-1.977252745909507298e-69
-1.673708314902151054e-69
-1.416763501362149413e-69
-1.199264412395109356e-69
-1.015155408404121608e-69
-8.593105011379648370e-70
-7.273906352198894364e-70
-6.157228795701996532e-70
-5.211981651532034067e-70
-4.411847218487109705e-70
-3.734548043458755781e-70
-3.161226669513865743e-70
-2.675920603980333388e-70
-2.265117888527563563e-70
-1.917380897361415947e-70
-1.623027889270819856e-70
-1.373863447255510400e-70
-1.162950300597020529e-70
-9.844161764114335502e-71
-8.332903030189573623e-71
-7.053650130341162660e-71
-5.970785929106148748e-71
-5.054161172222284551e-71
-4.278255066937928116e-71
-3.621464728583661289e-71
-3.065503710081958704e-71
-2.594892868168778192e-71
-2.196529390953880941e-71
-1.859321987627535839e-71
-1.573882083214016660e-71
-1.332262420573446434e-71
-1.127735791773934200e-71
-9.546077382416911652e-72
-8.080580048607622740e-72
-6.840063337661933441e-72
-5.789988612425179362e-72
-4.901119547742724367e-72
-4.148708128668289444e-72
-3.511805612822878378e-72
-2.972679272622878700e-72
-2.516318678236342688e-72
-2.130017775127989482e-72
-1.803021120338025799e-72
-1.526224427957910640e-72
-1.291921086348015260e-72
-1.093587589594434139e-72
-9.257019091588480455e-73
-7.835897487993236717e-73
-6.632944021702607551e-73
-5.614665896593603793e-73
-4.752712072833105477e-73
-4.023083913320250563e-73
-3.405467010326943046e-73
-2.882665588959660705e-73
-2.440123740025414613e-73
-2.065520152403210030e-73
-1.748425061402609997e-73
-1.480009861818073268e-73
-1.252801300686858069e-73
-1.060473405950626530e-73
-8.976713578697192242e-74
-7.598623993944453929e-74
-6.432096345189368844e-74
-5.444652008938562830e-74
-4.608798423955374784e-74
-3.901263639582926244e-74
-3.302348374887221342e-74
-2.795377548564198507e-74
-2.366236009029141554e-74
-2.002975538421289301e-74
-1.695482188676527330e-74
-1.435194687592234132e-74
-1.214866074706931833e-74
-1.028361930428993681e-74
-8.704895806813845624e-75
-7.368535217544927392e-75
-6.237330400864547993e-75
-5.279786196436538035e-75
-4.469242526613297555e-75
-3.783132122882038359e-75
-3.202352204866309020e-75
-2.710732618082520137e-75
-2.294585622271698178e-75
-1.942324795449768424e-75
-1.644142443150144801e-75
-1.391736531243576571e-75
-1.178079539560353982e-75
-9.972228007053983411e-76
-8.441308764413386663e-76
-7.145413603234968624e-76
-6.048462031923251417e-76
-5.119912573717685156e-76
-4.333912426689730734e-76
-3.668577666469225168e-76
-3.105383951007994385e-76
-2.628650763296902319e-76
-2.225104832250612528e-76
-1.883510576465903219e-76
-1.594357281616587498e-76
-1.349594301834732353e-76
-1.142406912519586728e-76
-9.670265738365497225e-77
-8.185703222362311161e-77
-6.929048183107776721e-77
-5.865312657887301176e-77
-4.964879975671241920e-77
-4.202680165680983607e-77
-3.557491955809244137e-77
-3.011351927037921684e-77
-2.549054373451686371e-77
-2.157727942879367696e-77
-1.826477270933220645e-77
-1.546079630773024752e-77
-1.308728152675006078e-77
-1.107814464089256755e-77
-9.377446984210275241e-78
-7.937837498264675678e-78
-6.719234377432542978e-78
-5.687709105753303104e-78
-4.814541814514152534e-78
-4.075421659707966233e-78
-3.449769956166103206e-78
-2.920167222971328577e-78
-2.471868187869828152e-78
-2.092391247370249007e-78
-1.771170952220008588e-78
-1.499263842711358425e-78
-1.269099443644416865e-78
-1.074269486113854971e-78
-9.093494876030181412e-79
-7.697477227945842514e-79
-6.515773801217881405e-79
-5.515483446252037314e-79
-4.668755941188964558e-79
-3.952016582190975070e-79
-3.345309813289357341e-79
-2.831743621046619634e-79
-2.397019224791558657e-79
-2.029032967997540323e-79
-1.717539326610447857e-79
-1.453865651756689199e-79
-1.230670704658230727e-79
-1.041740260851426980e-79
-8.818140928935225447e-80
-7.464395143853681702e-80
-6.318474076634268671e-80
-5.348472835066055839e-80
-4.527384510957350618e-80
-3.832348250078154925e-80
-3.244012757107713786e-80
-2.745997514203720437e-80
-2.324436712368459669e-80
-1.967593197684740248e-80
-1.665531683859234042e-80
-1.409842132613106692e-80
-1.193405600237815652e-80
-1.010196030983434452e-80
-8.551124787844935101e-81
-7.238370860169936048e-81
-6.127148651114663264e-81
-5.186519358856641201e-81
-4.390293853063573546e-81
-3.716303513517949150e-81
-3.145783008339662844e-81
-2.662847827030968186e-81
-2.254052021746418871e-81
-1.908013843361048685e-81
-1.615098849243445518e-81
-1.367151659776450728e-81
-1.157268895154614038e-81
-9.796069705327420511e-82
-8.292193981314323594e-82
-7.019190664430384310e-82
-5.941616620963182882e-82
-5.029469885951704980e-82
-4.257354344345718119e-82
-3.603772648872347642e-82
-3.050527687931110638e-82
-2.582215939106454505e-82
-2.185798602174889151e-82
-1.850238571032510865e-82
-1.566193137066715072e-82
-1.325753868176087394e-82
-1.122226421114108933e-82
-9.499441566624737429e-83
-8.041103682814180351e-83
-6.806647315452882295e-83
-5.761702560306513352e-83
-4.877175921554971169e-83
-4.128440286672861390e-83
-3.494649254970678324e-83
-2.958156729235307551e-83
-2.504025610659904067e-83
-2.119611918081628484e-83
-1.794212752516456920e-83
-1.518768305570881551e-83
-1.285609615008810641e-83
-1.088245044448626436e-83
-9.211795423285449711e-84
-7.797616479241986213e-84
-6.600539847384295845e-84
-5.587236355223141446e-84
-4.729493467340742880e-84
-4.003429788093521617e-84
-3.388830152503901780e-84
-2.868582792852771033e-84
-2.428202910485571825e-84
-2.055429388052255494e-84
-1.739883413789299557e-84
-1.472779513212950515e-84
-1.246680942728069000e-84
-1.055292634788692740e-84
-8.932859297603018945e-85
-7.561502146440234144e-85
-6.400673379682689235e-85
-5.418053042895290572e-85
-4.586282885298889293e-85
-3.882204647584032514e-85
-3.286215286465321451e-85
-2.781721184049095047e-85
-2.354676146038594476e-85
-1.993190325657551975e-85
-1.687199184897905442e-85
-1.428183276266390021e-85
-1.208931043153913800e-85
-1.023338034682744088e-85
-8.662369447444037995e-86
-7.332537431512254699e-86
-6.206858932851544717e-86
-5.253992655632791741e-86
-4.447408765702705954e-86
-3.764650243285699088e-86
-3.186707631546288218e-86
-2.697489772673411085e-86
-2.283375795647401220e-86
-1.932835882073053860e-86
-1.636110251387685280e-86
-1.384937427705877518e-86
-1.172324222670018982e-86
-9.923510301367753846e-87
-8.400070116871634189e-87
-7.110505841731468220e-87
-6.018913249753697996e-87
-5.094900069618530358e-87
-4.312739799075921083e-87
-3.650655424126220404e-87
-3.090213100395668704e-87
-2.615808915502448431e-87
-2.214234442778780187e-87
-1.874308990435607179e-87
-1.586568307201888265e-87
-1.343001077337048953e-87
-1.136825868474228825e-87
-9.623023220463172965e-88
-8.145713294320177213e-88
-6.895197439840614374e-88
-5.836658622337519264e-88
-4.940624858233984570e-88
-4.182148652035389558e-88
-3.540112404723805512e-88
-2.996640454657295032e-88
-2.536601380935324836e-88
-2.147186712294006877e-88
-1.817554311884854875e-88
-1.538526509006679480e-88
-1.302334573133884347e-88
-1.102402415851062536e-88
-9.331634984931962230e-89
-7.899058478094656810e-89
-6.686408645549456887e-89
-5.659922723608273447e-89
-4.791021149827422786e-89
-4.055511846893368739e-89
-3.432916663472651022e-89
-2.905901218702005969e-89
-2.459792275968635169e-89
-2.082169208634559557e-89
-1.762518183239073183e-89
-1.491939431899296295e-89
-1.262899463746451322e-89
-1.069021316435507178e-89
-9.049070078811716879e-90
-7.659872448968659397e-90
-6.483942043044960679e-90
-5.488538444687523147e-90
-4.645947489787586266e-90
-3.932709644906540402e-90
-3.328966843714474083e-90
-2.817909595971117683e-90
-2.385308975383400237e-90
-2.019120455879623175e-90
-1.709148566254922589e-90
-1.446763026457759227e-90
-1.224658462143940970e-90
-1.036651007437499748e-90
-8.775061328852708623e-91
-7.427929049668235382e-91
-6.287606194328327611e-91
-5.322343736807851349e-91
-4.505266706793909501e-91
-3.813625933059200957e-91
-3.228164657903468970e-91
-2.732582387853073447e-91
-2.313081053075604035e-91
-1.957980839619198528e-91
-1.657394998423647589e-91
-1.402954577090739116e-91
-1.187575410358928500e-91
-1.005260881798314069e-91
-8.509349651897047397e-92
-7.203008971035021377e-92
-6.097215458204349510e-92
-5.161181458090582533e-92
-4.368845783117888541e-92
-3.698148114274751058e-92
-3.130414794672292561e-92
-2.649838915017249195e-92
-2.243040215466095794e-92
-1.898692550586773655e-92
-1.607208545257621147e-92
-1.360472661648618747e-92
-1.151615245298858395e-92
-9.748212592508869053e-93
-8.251683809907389144e-93
-6.984899544662427006e-93
-5.912589814753404177e-93
-5.004899224963185563e-93
-4.236555728850574618e-93
-3.586167000952579626e-93
-3.035624828712168796e-93
-2.569600941129075687e-93
-2.175120236927443833e-93
-1.841199529998841266e-93
-1.558541754021222002e-93
-1.319277112257902222e-93
-1.116743965592787967e-93
-9.453033582561766389e-94
-8.001820172415633964e-94
-6.773394541810960334e-94
-5.733554695116867105e-94
-4.853349268077112544e-94
-4.108271459938552664e-94
-3.477576711727699829e-94
-2.943705133382637196e-94
-2.491792598875114026e-94
-2.109256897165492581e-94
-1.785447416550036695e-94
-1.511348608862779969e-94
-1.279328977341208307e-94
-1.082928599442310880e-94
-9.166792687893127948e-95
-7.759522486162516934e-95
-6.568293978414228565e-95
-5.559940816436762845e-95
-4.706388292587164588e-95
-3.983871679914099501e-95
-3.372274571356587716e-95
-2.854568795966707655e-95
-2.416340318228776242e-95
-2.045387920497049224e-95
-1.731383495012784759e-95
-1.465584487305534046e-95
-1.240590484787326787e-95
-1.050137173445669311e-95
-8.889219259500272770e-96
-7.524561651712730000e-96
-6.369403925987619761e-96
-5.391584021794947652e-96
-4.563877342661704113e-96
-3.863238765205508102e-96
-3.270161013635382675e-96
-2.768131535492144136e-96
-2.343172756887516246e-96
-1.983452916966802537e-96
-1.678956646393394909e-96
-1.421206118055655223e-96
-1.203025006236821936e-96
-1.018338682365896600e-96
-8.620050843719274254e-97
-7.296715506836145128e-97
-6.176536328262810051e-97
-5.228325124997493149e-97
-4.425681670096729746e-97
-3.746258653920289174e-97
-3.171139487256866341e-97
-2.684311623041878583e-97
-2.272220732816434839e-97
-1.923393325246689151e-97
-1.628117299597880351e-97
-1.378171540087875673e-97
-1.166597022448750006e-97
-9.875030598146536998e-98
-8.359032934066752322e-98
-7.075768616446341995e-98
-5.989508823376260495e-98
-5.070009760059136724e-98
-4.291670606907147027e-98
-3.632820737997041935e-98
-3.075116364518158874e-98
-2.603029804476709952e-98
-2.203417158835081468e-98
-1.865152357264313491e-98
-1.578817384560906092e-98
-1.336440062970378255e-98
-1.131272089716097497e-98
-9.576011498235008260e-99
-8.105918730598169250e-99
-6.861512068899940948e-99
-5.808144571440242502e-99
-4.916488235246700218e-99
-4.161717441776077045e-99
-3.522817758622000538e-99
-2.982000852793581918e-99
-2.524209225498017429e-99
-2.136696979184382783e-99
-1.808674944508526652e-99
-1.531010286794027899e-99
-1.295972228390694655e-99
-1.097016807298467277e-99
-9.286046792760098463e-100
-7.860468906550598026e-100
-6.653743278465862728e-100
-5.632272087335166048e-100
-4.767615391540775312e-100
-4.035699300246400086e-100
-3.416145704812448975e-100
-2.891704908687331818e-100
-2.447775358980261897e-100
-2.071997108014373863e-100
-1.753907685960387738e-100
-1.484650803310626334e-100
-1.256729772846626660e-100
-1.063798785840612315e-100
-9.004862311748853749e-101
-7.622451382051725501e-101
-6.452265793774049720e-101
-5.461725078566461758e-101
-4.623250465383307073e-101
-3.913497028539033373e-101
-3.312703715071950375e-101
-2.804143154785676470e-101
-2.373655934503210418e-101
-2.009256369735081931e-101
-1.700798797600821539e-101
-1.439695099885039308e-101
-1.218675591467229914e-101
-1.031586616747280009e-101
-8.732192187183188097e-102
-7.391641104683028250e-102
-6.256889112064513831e-102
-5.296342288029721973e-102
-4.483256955582415906e-102
-3.794995080889282134e-102
-3.212393982022585522e-102
-2.719232798930654856e-102
-2.301780870017975126e-102
-1.948415441173052484e-102
-1.649298063447640644e-102
-1.396100669605921685e-102
-1.181773702928973067e-102
-1.000349842485666202e-102
-8.467778601613289178e-103
-7.167819836685517670e-103
-6.067428499062601480e-103
-5.135967341537028556e-103
-4.347502494246166602e-103
-3.680081410295672724e-103
-3.115121659924993909e-103
-2.636893555937447050e-103
-2.232082205582832725e-103
-1.889416795479420420e-103
-1.599356788074731502e-103
-1.353826292684985549e-103
-1.145989215434262545e-103
-9.700589277868453080e-104
-8.211371544385329730e-104
-6.950775948609066200e-104
-5.883704814306850715e-104
-4.980448599961579178e-104
-4.215858721624562185e-104
-3.568647362575932201e-104
-3.020794774999558035e-104
-2.557047571682205188e-104
-2.164494039104929285e-104
-1.832204647736958041e-104
-1.550927750568994879e-104
-1.312831997482375492e-104
-1.111288293720450357e-104
-9.406852317192432348e-105
-7.962728575248395264e-105
-6.740304219211915349e-105
-5.705544341766040036e-105
-4.829639015858045820e-105
-4.088201164742449531e-105
-3.460587573631038899e-105
-2.929324138462254802e-105
-2.479619349489194469e-105
-2.098952464027775627e-105
-1.776724902213652595e-105
-1.503965159881891767e-105
-1.273079022712224133e-105
-1.077638127067510889e-105
-9.122009806079800691e-106
-7.721614595119598594e-106
-6.536205641417440542e-106
-5.532778625586692355e-106
-4.683395994424588626e-106
-3.964409119706356917e-106
-3.355799869821053842e-106
-2.840623262193851167e-106
-2.404535678746276698e-106
-2.035395508906133453e-106
-1.722925101213489344e-106
-1.458424611532543995e-106
-1.234529780792968154e-106
-1.045006898274473309e-106
-8.845792417739750797e-107
-7.487801623792518665e-107
-6.338287234146691485e-107
-5.365244310812701415e-107
-4.541581258676203606e-107
-3.844365537575155391e-107
-3.254185171356681145e-107
-2.754608276963409955e-107
-2.331725565681971634e-107
-1.973763078810036993e-107
-1.670754375476497469e-107
-1.414263045621899611e-107
-1.197147822307090057e-107
-1.013363753575528893e-107
-8.577938980682488504e-108
-7.261068584374619434e-108
-6.146361859850360131e-108
-5.202782988928064609e-108
-4.404060718699414551e-108
-3.727956913687607419e-108
-3.155647398616205844e-108
-2.671197853127250474e-108
-2.261120166239217292e-108
-1.913996898503142903e-108
-1.620163396080241040e-108
-1.371438706118611857e-108
-1.160897801537045520e-108
-9.826787734668093202e-109
-8.318196231775620558e-109
-7.041201094252099242e-109
-5.960248047564253033e-109
-5.045241048078008132e-109
-4.270704344866042416e-109
-3.615073180340081256e-109
-3.060093381300012698e-109
-2.590313123729210657e-109
-2.192652720981117361e-109
-1.856040457342159526e-109
-1.571104327797770530e-109
-1.329911101377378132e-109
-1.125745443045078083e-109
-9.529229444165550738e-110
-8.066318576775759405e-110
-6.827991262386219727e-110
-5.779769821322782786e-110
-4.892469527824072106e-110
-4.141386044887210427e-110
-3.505607602714077211e-110
-2.967432770335090511e-110
-2.511877609930133292e-110
-2.126258491967792529e-110
-1.799838955844229971e-110
-1.523530783868316649e-110
-1.289640965852814083e-110
-1.091657509264697978e-110
-9.240681314321556382e-111
-7.822067858111451916e-111
-6.621237492745674662e-111
-5.604756533769657552e-111
-4.744323978297324238e-111
-4.015983544589057027e-111
-3.399456677956003505e-111
-2.877577952447141856e-111
-2.435817148694681081e-111
-2.061874701545171960e-111
-1.745339253872293655e-111
-1.477397782137130538e-111
-1.250590222972982298e-111
-1.058601769073517792e-111
-8.960870514575897437e-112
-7.585213129699937875e-112
-6.420744293691214977e-112
-5.435042704805204452e-112
-4.600664323617832289e-112
-3.894378272298658924e-112
-3.296520037311835917e-112
-2.790443967320300225e-112
-2.362059822667851468e-112
-1.999440472986663070e-112
-1.692489820389919752e-112
-1.432661702523437838e-112
-1.212721949136740428e-112
-1.026546967318014460e-112
-8.689532475765652363e-113
-7.355530438578978684e-113
-6.226322093133985173e-113
-5.270467865120494502e-113
-4.461354729447663539e-113
-3.776455246731900439e-113
-3.196700351225767860e-113
-2.705948427263968652e-113
-2.290535892175535146e-113
-1.938896772932572061e-113
-1.641240684736777787e-113
-1.389280245776692902e-113
-1.176000338801489019e-113
-9.954627952606121363e-114
-8.426410639966670470e-114
-7.132802613155475076e-114
-6.037787059288011104e-114
-5.110876404468538251e-114
-4.326263474557186503e-114
-3.662102968274358592e-114
-3.099903237312034336e-114
-2.624011439313839677e-114
-2.221177729283039772e-114
-1.880186355572196242e-114
-1.591543389380520062e-114
-1.347212393481051163e-114
-1.140390670627896242e-114
-9.653198619222474238e-115
-8.171256217910978771e-115
-6.916819057860702746e-115
-5.854960926854089140e-115
-4.956117424530503729e-115
-4.195262826277167767e-115
-3.551213313556502256e-115
-3.006037171113764134e-115
-2.544555529689777621e-115
-2.153919753851712579e-115
-1.823253708516329671e-115
-1.543350944098170190e-115
-1.306418369271752046e-115
-1.105859274649914860e-115
-9.360896662919788169e-116
-7.923827953750985129e-116
-6.707375554027471768e-116
-5.677670828462528314e-116
-4.806044596237991100e-116
-4.068228919724672560e-116
-3.443681433218551090e-116
-2.915013399564565660e-116
-2.467505570542619557e-116
-2.088698371530194591e-116
-1.768045000309062401e-116
-1.496617781545813180e-116
-1.266859601224912103e-116
-1.072373500439078852e-116
-9.077445703786398422e-117
-7.683891896942296917e-117
-6.504274066796603346e-117
-5.505749131223173997e-117
-4.660516021412969041e-117
-3.945041640685917328e-117
-3.339405652773050577e-117
-2.826745857068905711e-117
-2.392788708919039226e-117
-2.025451913624535428e-117
-1.714508029527956780e-117
-1.451299714173605374e-117
-1.228498685386905230e-117
-1.039901686232198856e-117
-8.802577730784732059e-118
-7.451221181038225470e-118
-6.307322557866954803e-118
-5.339033278224598741e-118
-4.519394098599862441e-118
-3.825584512043418504e-118
-3.238287376469269926e-118
-2.741151084125157057e-118
-2.320334297876127460e-118
-1.964120578788999282e-118
-1.662592175426431871e-118
-1.407353892444657822e-118
-1.191299350408051213e-118
-1.008413128994456012e-118
-8.536032848336007304e-119
-7.225595809182268184e-119
-6.116334803918883781e-119
-5.177365634829948113e-119
-4.382545392960160146e-119
-3.709744583644260455e-119
-3.140230994066925471e-119
-2.658148148412688440e-119
-2.250073829683121935e-119
-1.904646376481471022e-119
-1.612248350070662826e-119
-1.364738764319835575e-119
-1.155226423246583528e-119
-9.778780553889639880e-120
-8.277559030583140083e-120
-7.006802446092160764e-120
-5.931130220535754006e-120
-5.020593339629857853e-120
-4.249840510104372014e-120
-3.597412325503087984e-120
-3.045143790434551080e-120
-2.577658568267079377e-120
-2.181940871045746929e-120
-1.846973072132097606e-120
-1.563428951924953615e-120
-1.323414035969334673e-120
-1.120245795911750464e-120
-9.482675936248732948e-121
-8.026911883094394731e-121
-6.794634216346580733e-121
-5.751533691454057709e-121
-4.868568159908419147e-121
-4.121153973746723301e-121
-3.488481524237067048e-121
-2.952935857885175347e-121
-2.499606238473941259e-121
-2.115871000290841191e-121
-1.791046133972186702e-121
-1.516087820843413504e-121
-1.283340633673233640e-121
-1.086324393213912040e-121
-9.195537461584443269e-122
-7.783854411778554675e-122
-6.588890508779602395e-122
-5.577375402987047982e-122
-4.721146351483138491e-122
-3.996364107064401042e-122
-3.382849182638748410e-122
-2.863520011164960695e-122
-2.423917358309660480e-122
-2.051801746454223053e-122
-1.736812681472210813e-122
-1.470180194424461854e-122
-1.244480666876413126e-122
-1.053430141490607912e-122
-8.917093632207165156e-123
-7.548156798801688894e-123
-6.389376786794711597e-123
-5.408490683461935134e-123
-4.578188522791588192e-123
-3.875352917647182895e-123
-3.280415422289798845e-123
-2.776811705017588391e-123
-2.350520361759824673e-123
-1.989672530212928816e-123
-1.684221435342080170e-123
-1.425662665686163938e-123
-1.206797392362152105e-123
-1.021531938280190416e-123
-8.647081171463006174e-124
-7.319596185289018794e-124
-6.195904404426089418e-124
-5.244719847516147874e-124
-4.439559503093423747e-124
-3.758005985932967766e-124
-3.181083389121911740e-124
-2.692728954244745480e-124
-2.279345849851948394e-124
-1.929424606605012568e-124
-1.633222669045374915e-124
-1.382493142023955296e-124
-1.170255179509926827e-124
-9.905996229137193188e-125
-8.385244774799809635e-125
-7.097956460602820827e-125
-6.008290427969439775e-125
-5.085908045111240741e-125
-4.305128214660977078e-125
-3.644212357021404996e-125
-3.084759161839111022e-125
-2.611192256185794271e-125
-2.210326525037123719e-125
-1.871001009484866145e-125
-1.583768161780889504e-125
-1.340630805411099198e-125
-1.134819476605858707e-125
-9.606039479968277078e-126
-8.131336868370730238e-126
-6.883028058004970056e-126
-5.826357463010761233e-126
-4.931905115118557262e-126
-4.174767548842320026e-126
-3.533864435761542346e-126
-2.991351663112970100e-126
-2.532124515546226191e-126
-2.143397127557461308e-126
-1.814346497660393039e-126
-1.535811152888785001e-126
-1.300036073803590479e-126
-1.100456778173264032e-126
-9.315165517556548333e-127
-7.885117374943135483e-127
-6.674607756506689189e-127
-5.649933486695946972e-127
-4.782565443335808322e-127
-4.048354245877062657e-127
-3.426857885018191927e-127
-2.900772573465311036e-127
-2.455450971502255327e-127
-2.078494373741523418e-127
-1.759407502660228216e-127
-1.489306297637289582e-127
-1.260670563714443169e-127
-1.067134593291865176e-127
-9.033099312201247340e-128
-7.646353486900188069e-128
-6.472498488714877167e-128
-5.478851685079158804e-128
-4.637747824805565367e-128
-3.925768778349257234e-128
-3.323091527018734963e-128
-2.812936247760150573e-128
-2.381099127011434144e-128
-2.015556896168135925e-128
-1.706132078083543634e-128
-1.444209624347420608e-128
-1.222497053921207212e-128
-1.034821414876897780e-128
-8.759574162187754236e-129
-7.414819446115806687e-129
-6.276509154500455800e-129
-5.312950295393477793e-129
-4.497315330302682865e-129
-3.806895238171544816e-129
-3.222467247685436223e-129
-2.727759634224226082e-129
-2.308998680265069829e-129
-1.954525185641001811e-129
-1.654469850483511678e-129
-1.400478492816772727e-129
-1.185479450271794217e-129
-1.003486689888426152e-129
-8.494331441615117353e-130
-7.190296330491212118e-130
-6.086454440308739050e-130
-5.152072453100581285e-130
-4.361135176862162766e-130
-3.691621226991346363e-130
-3.124889903866381332e-130
-2.645162195918179988e-130
-2.239081458216222733e-130
-1.895341534921423860e-130
-1.604371971737171839e-130
-1.358071554002210937e-130
-1.149582751556646485e-130
-9.731007904422051257e-131
-8.237120355859221576e-131
-6.972571846959171396e-131
-5.902154643937958059e-131
-4.996066043571655961e-131
-4.229078602229880596e-131
-3.579837749913672385e-131
-3.030267233375403116e-131
-2.565065834587071222e-131
-2.171281352119328913e-131
-1.837949984164759569e-131
-1.555791072858433101e-131
-1.316948710922675371e-131
-1.114773016414275887e-131
-9.436349857958510705e-132
-7.987697704436325002e-132
-6.761440130755930571e-132
-5.723435504626790189e-132
-4.844783558256851938e-132
-4.101020743114869247e-132
-3.471439112443996637e-132
-2.938509767754447686e-132
-2.487394816816655770e-132
-2.105534255022895502e-132
-1.782296268008122623e-132
-1.508681219209591156e-132
-1.277071080746584912e-132
-1.081017331238331024e-132
-9.150614151832534932e-133
-7.745827651051520771e-133
-6.556701550767751907e-133
-5.550128038286746425e-133
-4.698081955212636086e-133
-3.976840517126011678e-133
-3.366322820551644032e-133
-2.849530747679139200e-133
-2.412075702424370343e-133
-2.041778001154881753e-133
-1.728327764261261841e-133
-1.462997867068267040e-133
-1.238400958027212549e-133
-1.048283779057043739e-133
-8.873530614710914908e-134
-7.511281500610024494e-134
-6.358162520775212437e-134
-5.382068377720860974e-134
-4.555822523852296703e-134
-3.856420508285929994e-134
-3.264389483757536274e-134
-2.763246040925808377e-134
-2.339037275019994081e-134
-1.979952307142441384e-134
-1.675993444151053037e-134
-1.418697821510317507e-134
-1.200901779050655666e-134
-1.016541409354986849e-134
-8.604837256135286836e-135
-7.283837482976692692e-135
-6.165635316412902519e-135
-5.219097617683582515e-135
-4.417870753789460923e-135
-3.739646856011429214e-135
-3.165542721158256390e-135
-2.679574062821070620e-135
-2.268210474668887453e-135
-1.919998715012642169e-135
-1.625243824071725260e-135
-1.375739195568025745e-135
-1.164538087264026190e-135
-9.857602088081068118e-136
-8.344280018804024234e-136
-7.063280543287382130e-136
-5.978937897668442968e-136
-5.061061664632149027e-136
-4.284096207655502848e-136
-3.626409147453706378e-136
-3.069689070295656010e-136
-2.598435699101683154e-136
-2.199528332593025177e-136
-1.861860536919084774e-136
-1.576030918797001922e-136
-1.334081370624275974e-136
-1.129275499750450403e-136
-9.559110729054533099e-137
-8.091612538350763713e-137
-6.849402138609544562e-137
-5.797893736759558005e-137
-4.907811091024904874e-137
-4.154372397767969236e-137
-3.516600313100520307e-137
-2.976737898784314685e-137
-2.519754231110161048e-137
-2.132925907850511589e-137
-1.805482801541248507e-137
-1.528308196108945523e-137
-1.293684958006738546e-137
-1.095080674718627179e-137
-9.269657784301834136e-138
-7.846595910401375907e-138
-6.642000040756447058e-138
-5.622331651222938882e-138
-4.759200994034197799e-138
-4.028576666531345515e-138
-3.410116525539468597e-138
-2.886601318616582785e-138
-2.443455263254178897e-138
-2.068340225932407485e-138
-1.750812202107873550e-138
-1.482030532799863344e-138
-1.254511761744960245e-138
-1.061921279977416962e-138
-8.988969567733668521e-139
-7.608998464684287775e-139
-6.440878145075868870e-139
-5.452085642054286612e-139
-4.615090858537376109e-139
-3.906590070461549310e-139
-3.306857101284962857e-139
-2.799194103062418486e-139
-2.369466652663866453e-139
-2.005710219217775488e-139
-1.697797045994161886e-139
-1.437154172007300064e-139
-1.216524742454527729e-139
-1.029765962364999291e-139
-8.716780680563511286e-140
-7.378595545976862214e-140
-6.245846285028578657e-140
-5.286994736752524753e-140
-4.475344424254045288e-140
-3.788297267722083971e-140
-3.206724405579729358e-140
-2.714433606084061245e-140
-2.297718440979042236e-140
-1.944976669232875707e-140
-1.646387205844308168e-140
-1.393636681840902258e-140
-1.179687982315496549e-140
-9.985843181031874415e-141
-8.452833760366878139e-141
-7.155169301688834537e-141
-6.056720052378164562e-141
-5.126902837116542293e-141
-4.339829556908912024e-141
-3.673586409063664365e-141
-3.109623760078868359e-141
-2.632239684192347765e-141
-2.228142788200748353e-141
-1.886082150658716043e-141
-1.596534072174958634e-141
-1.351436915261346423e-141
-1.143966651111253269e-141
-9.683468640499747071e-142
-8.196879237734706654e-142
-6.938508475877605602e-142
-5.873320622828909755e-142
-4.971658571648019716e-142
-4.208418123295741787e-142
-3.562349032068233255e-142
-3.015463353327641807e-142
-2.552534620669169393e-142
-2.160673908547006613e-142
-1.828970977033084340e-142
-1.548190507413807741e-142
-1.310514971174890246e-142
-1.109326973295136585e-142
-9.390250098225333871e-143
-7.948675100299888272e-143
-6.728408209497179779e-143
-5.695474586943232925e-143
-4.821115152426274757e-143
-4.080985870122222834e-143
-3.454479958595217919e-143
-2.924154153951681558e-143
-2.475243052083167184e-143
-2.095248008250827801e-143
-1.773589148097750819e-143
-1.501310801329115828e-143
-1.270832156705955733e-143
-1.075736196054896262e-143
-9.105910307638509292e-144
-7.707986663908921142e-144
-6.524669846699349363e-144
-5.523013786176053074e-144
-4.675130236316858115e-144
-3.957412306525683855e-144
-3.349877195331330953e-144
-2.835609826475743874e-144
-2.400291897031916972e-144
-2.031803225240618638e-144
-1.719884298739959032e-144
-1.455850627809656938e-144
-1.232350950611448622e-144
-1.043162558344147252e-144
-8.830180417284428175e-145
-7.474586350718528600e-145
-6.327100746999939906e-145
-5.355775153877101364e-145
-4.533565790380354432e-145
-3.837580590146169870e-145
-3.248441837353609124e-145
-2.749746649690022926e-145
-2.327610287041753464e-145
-1.970279570648203637e-145
-1.667805649479092998e-145
-1.411767002953346847e-145
-1.195034967803579063e-145
-1.011575260851011358e-145
-8.562799716618206925e-146
-7.248253474015703918e-146
-6.135514103129431720e-146
-5.193600561107591421e-146
-4.396287961359131631e-146
-3.721377416647260000e-146
-3.150077974612490883e-146
-2.666483437489862657e-146
-2.257129499558758031e-146
-1.910618872087950201e-146
-1.617303958453536738e-146
-1.369018244424219844e-146
-1.158848924946911854e-146
-9.809444368766771329e-147
-8.303515389492533245e-147
-7.028774029553265624e-147
-5.949728764402486761e-147
-5.036336667122910900e-147
-4.263166949115967132e-147
-3.608692912584272239e-147
-3.054692601244984431e-147
-2.585741462112401634e-147
-2.188782892970042771e-147
-1.852764718652420773e-147
-1.568331474861344724e-147
-1.327563932040846596e-147
-1.123758607096544344e-147
-9.512411240957386218e-148
-8.052082275114323247e-148
-6.815940493200169503e-148
-5.769569065435754258e-148
-4.883834774385492174e-148
-4.134076883902751442e-148
-3.499420531516349150e-148
-2.962195527635532872e-148
-2.507444379696283648e-148
-2.122505843592545828e-148
-1.796662407574592196e-148
-1.520841893809921808e-148
-1.287364869558106502e-148
-1.089730835347105646e-148
-9.224372371711426925e-149
-7.808262636239464940e-149
-6.609551624722790427e-149
-5.594864660049120404e-149
-4.735950687967829354e-149
-4.008895707347821977e-149
-3.393456953262491619e-149
-2.872499295139627668e-149
-2.431518158096818847e-149
-2.058235684568722151e-149
-1.742258892505112754e-149
-1.474790312533710936e-149
-1.248383047605550791e-149
-1.056733435461328031e-149
-8.945055411988724130e-150
-7.571825934382625434e-150
-6.409412277507568448e-150
-5.425450360199583490e-150
-4.592544579210320828e-150
-3.887505057046917883e-150
-3.290701986209997843e-150
-2.785519093388113886e-150
-2.357891006886865490e-150
-1.995911646613622830e-150
-1.689502733354829428e-150
-1.430133187937576150e-150
-1.210581607748689219e-150
-1.024735207448002098e-150
-8.674196259567096346e-151
-7.342548611837929853e-151
-6.215333214041988847e-151
-5.261165979792088663e-151
-4.453480853510140163e-151
-3.769790154646730012e-151
-3.191058472580958307e-151
-2.701172680097086898e-151
-2.286493309476071708e-151
-1.935474800556117475e-151
-1.638344047657028176e-151
-1.386828295425044350e-151
-1.173924807638479377e-151
-9.937058960616834574e-152
-8.411538809322990608e-152
-7.120213880299932594e-152
-6.027130926986264532e-152
-5.101856183217092405e-152
-4.318628022113366886e-152
-3.655639697319394831e-152
-3.094432196565640630e-152
-2.619380303305885900e-152
-2.217257557286824122e-152
-1.876868001618971531e-152
-1.588734463402396860e-152
-1.344834688973999464e-152
-1.138377987215486756e-152
-9.636161621956523950e-153
-8.156834711078339815e-153
-6.904611515881489370e-153
-5.844627465662850714e-153
-4.947370338477254187e-153
-4.187858577787045556e-153
-3.544945752523064992e-153
-3.000731795239323438e-153
-2.540064625968387721e-153
-2.150118285923312340e-153
-1.820035835387181719e-153
-1.540627073301329497e-153
-1.304112662421263291e-153
-1.103907535938021255e-153
-9.344375551405990648e-154
-7.909843134779676538e-154
-6.695537660342355316e-154
-5.667650267796878291e-154
-4.797562374761361461e-154
-4.061048874258231199e-154
-3.437603655947323747e-154
-2.909868672176516829e-154
-2.463150652829091968e-154
-2.085012013272291238e-154
-1.764924565412347356e-154
-1.493976390432032920e-154
-1.264623711918808529e-154
-1.070480861002583960e-154
-9.061424856838397014e-155
-7.670330542783543828e-155
-6.492794628336451402e-155
-5.496031996354647579e-155
-4.652290644328464233e-155
-3.938079009303549638e-155
-3.333511912550726268e-155
-2.821756913679455648e-155
-2.388565659513355982e-155
-2.021877179479314412e-155
-1.711482082402684502e-155
-1.448738305231577169e-155
-1.226330499527507154e-155
-1.038066356526051796e-155
-8.787042000230709159e-156
-7.438070469041421497e-156
-6.296190720492359978e-156
-5.329610381322549717e-156
-4.511417788576750325e-156
-3.818832711376791895e-156
-3.232572100594866227e-156
-2.736313207544766221e-156
-2.316239123763550412e-156
-1.960654088742457361e-156
-1.659657854952518998e-156
-1.404870043788518357e-156
-1.189196817913234797e-156
-1.006633373661605582e-156
-8.520967544695661170e-157
-7.212843304970786866e-157
-6.105540042157273028e-157
-5.168228066274196955e-157
-4.374810608167783085e-157
-3.703197229671551295e-157
-3.134688778582636616e-157
-2.653456764289832587e-157
-2.246102658758682270e-157
-1.901284852867515933e-157
-1.609402881763661716e-157
-1.362330127399203626e-157
-1.153187556111371439e-157
-9.761521916195269995e-158
-8.262949909178348574e-158
-6.994436091806295870e-158
-5.920662327629246872e-158
-5.011732459586388856e-158
-4.242339937081126314e-158
-3.591063227512703159e-158
-3.039769395016150953e-158
-2.573109240763067584e-158
-2.178089948453058424e-158
-1.843713336533418554e-158
-1.560669645312696576e-158
-1.321078333348689313e-158
-1.118268666328595099e-158
-9.465939895649914125e-159
-8.012745130580467738e-159
-6.782642319242494439e-159
-5.741382769708679201e-159
-4.859975590160161964e-159
-4.113880520484976585e-159
-3.482324678974151485e-159
-2.947724200887137669e-159
-2.495194666068704248e-159
-2.112136684871776773e-159
-1.787885104214971033e-159
-1.513412066922095191e-159
-1.281075656878533043e-159
-1.084407131749896722e-159
-9.179308193673186425e-160
-7.770116633083319499e-160
-6.577261730173494589e-160
-5.567531854414178819e-160
-4.712813967508131461e-160
-3.989310896304786278e-160
-3.376878768628932998e-160
-2.858466164815620501e-160
-2.419639369734538895e-160
-2.048180507306092031e-160
-1.733747368711859532e-160
-1.467585463191750527e-160
-1.242284274306920159e-160
-1.051570935319846454e-160
-8.901355791743632400e-161
-7.534835004460063849e-161
-6.378100131341773828e-161
-5.398945200703134800e-161
-4.570108446081005580e-161
-3.868513280375960247e-161
-3.274625794334828187e-161
-2.771910890759790325e-161
-2.346371912053514718e-161
-1.986160943349909724e-161
-1.681248941237169022e-161
-1.423146503749011519e-161
-1.204667507265487117e-161
-1.019729029469746476e-161
-8.631819877866156547e-162
-7.306677779161094735e-162
-6.184969209724087484e-162
-5.235463405042782414e-162
-4.431724093702218443e-162
-3.751373455076275518e-162
-3.175469072961949149e-162
-2.687976538217578997e-162
-2.275323016535875009e-162
-1.926019351720675555e-162
-1.630340183017188590e-162
-1.380053170278843259e-162
-1.168189788018439781e-162
-9.888513067614310475e-163
-8.370445598077380672e-163
-7.085429227963856860e-163
-5.997686354477103259e-163
-5.076931890690581401e-163
-4.297530063984093103e-163
-3.637780661330457467e-163
-3.079314848976665630e-163
-2.606583744843147819e-163
-2.206425504406622173e-163
-1.867698866812725444e-163
-1.580972958355940993e-163
-1.338264716794528447e-163
-1.132816625832460154e-163
-9.589085714194625768e-164
-8.116985815475258545e-164
-6.870880153996014738e-164
-5.816074484271455018e-164
-4.923200761538296751e-164
-4.167399472609643191e-164
-3.527627493882979696e-164
-2.986072205793561928e-164
-2.527655551408007552e-164
-2.139614231085267669e-164
-1.811144344929527876e-164
-1.533100589121798995e-164
-1.297741631110686114e-164
-1.098514574364911696e-164
-9.298725117258717235e-165
-7.871200876541133501e-165
-6.662827694934926369e-165
-5.639961879857363942e-165
-4.774124660379153394e-165
-4.041209277360485633e-165
-3.420809799743991382e-165
-2.895652979810119395e-165
-2.451117329034270270e-165
-2.074826024590164613e-165
-1.756302312143084609e-165
-1.486677810612223812e-165
-1.258445597483612885e-165
-1.065251200038968547e-165
-9.017156732507655557e-166
-7.632858384541949623e-166
-6.461075131193100588e-166
-5.469182021700082015e-166
-4.629562631469333945e-166
-3.918840161775440629e-166
-3.317226579710225645e-166
-2.807971677046050361e-166
-2.376896708630021276e-166
-2.011999625807925454e-166
-1.703120913733130490e-166
-1.441660728754153646e-166
-1.220339460382852522e-166
-1.032995051376938649e-166
-8.744114328930527547e-167
-7.401732979793707600e-167
-6.265431699915403394e-167
-5.303573432528923133e-167
-4.489377987251033186e-167
-3.800176422334135964e-167
-3.216779892866163526e-167
-2.722945392306743503e-167
-2.304923512462718182e-167
-1.951075630570448476e-167
-1.651549865157284415e-167
-1.398006778601172931e-167
-1.183387189359136408e-167
-1.001715629262158546e-167
-8.479339737077029286e-168
-7.177606126574761138e-168
-6.075712414608327432e-168
-5.142979524656877746e-168
-4.353438179108829272e-168
-3.685105859056625870e-168
-3.119374763978701743e-168
-2.640493730793043790e-168
-2.235129687804506291e-168
-1.891996433486942245e-168
-1.601540404504977476e-168
-1.355674684087359583e-168
-1.147553844976784584e-168
-9.713833581008417731e-169
-8.222582604952219859e-169
-6.960265906495381966e-169
-5.891737890227767706e-169
-4.987248451923293672e-169
-4.221614672041994917e-169
-3.573519669413766997e-169
-3.024919093695845491e-169
-2.560538732086163288e-169
-2.167449242585604033e-169
-1.834706173476682142e-169
-1.553045246391970681e-169
-1.314624418999094023e-169
-1.112805545777653218e-169
-9.419695578576912945e-170
-7.973600161298579928e-170
-6.749506818123971971e-170
-5.713334173566431322e-170
-4.836232966117187343e-170
-4.093782823131649779e-170
-3.465312345451980782e-170
-2.933323571463043485e-170
-2.483004796434286480e-170
-2.101818182997323365e-170
-1.779150680950097797e-170
-1.506018537250920783e-170
-1.274817169129374907e-170
-1.079109436244843789e-170
-9.134464169382561231e-171
-7.732156986050315857e-171
-6.545129582677130147e-171
-5.540332578777017509e-171
-4.689790277750744560e-171
-3.969821763685833381e-171
-3.360381574033019975e-171
-2.844501591078053667e-171
-2.407818613269938348e-171
-2.038174452984425147e-171
-1.725277426590207072e-171
-1.460415811974973781e-171
-1.236215295578079146e-171
-1.046433655737073030e-171
-8.857869658919420126e-172
-7.498024787738204724e-172
-6.346940955597096392e-172
-5.372569527872915070e-172
-4.547781921048531509e-172
-3.849614284955438409e-172
-3.258628140092751311e-172
-2.758369168802752897e-172
-2.334909091893199726e-172
-1.976457875568607814e-172
-1.673035471684922134e-172
-1.416193951875008085e-172
-1.198782299162857605e-172
-1.014747308363692637e-172
-8.589650519117900935e-173
-7.270982187630755100e-173
-6.154753543834495628e-173
-5.209886396061544465e-173
-4.410073623022488211e-173
-3.733046727310604875e-173
-3.159955832831082983e-173
-2.674844863953113788e-173
-2.264207294253788567e-173
-1.916610095949820831e-173
-1.622375419962431009e-173
-1.373311143909907034e-173
-1.162482785908338549e-173
-9.840204337713740729e-174
-8.329553141063872521e-174
-7.050814510415644765e-174
-5.968385628660631789e-174
-5.052129361760908301e-174
-4.276535176513809263e-174
-3.620008872770933527e-174
-3.064271354742409182e-174
-2.593849701895204298e-174
-2.195646369767340759e-174
-1.858574526330438607e-174
-1.573249370885915819e-174
-1.331726841150633877e-174
-1.127282433580296046e-174
-9.542239788159199765e-175
-8.077331595201153142e-175
-6.837313581219197431e-175
-5.787660993848339353e-175
-4.899149261155053292e-175
-4.147040317079028034e-175
-3.510393840791908481e-175
-2.971484233399034637e-175
-2.515307099372831616e-175
-2.129161492106681265e-175
-1.802296292409205339e-175
-1.525610874362473976e-175
-1.291401724442200446e-175
-1.093147959232588729e-175
-9.253297700918387737e-176
-7.832747398799602353e-176
-6.630277528768608590e-176
-5.612408759055424590e-176
-4.750801447156336425e-176
-4.021466603601873797e-176
-3.404097987206848704e-176
-2.881506735907465880e-176
-2.439142792094967582e-176
-2.064689797907017686e-176
-1.747722181496352485e-176
-1.479414886822675314e-176
-1.252297665226487173e-176
-1.060047087737385486e-176
-8.973104872932483156e-177
-7.595569290464117641e-177
-6.429510594518122854e-177
-5.442463218250384388e-177
-4.606945652638220067e-177
-3.899695302522442941e-177
-3.301020806227147578e-177
-2.794253785954908496e-177
-2.365284764517194620e-177
-2.002170327326081052e-177
-1.694800592199754252e-177
-1.434617728630854793e-177
-1.214377689490146850e-177
-1.027948521268278536e-177
-8.701396373819120938e-178
-7.365573011467624257e-178
-6.234822947554751258e-178
-5.277663683033627940e-178
-4.467445857807025907e-178
-3.781611275571848620e-178
-3.201064835411793211e-178
-2.709642883366166814e-178
-2.293663181749326423e-178
-1.941543966405227160e-178
-1.643481485633723576e-178
-1.391177042784996821e-178
-1.177605942804845379e-178
-9.968219097069211069e-179
-8.437915295374546230e-179
-7.142541093709405551e-179
-6.046030505105459924e-179
-5.117854330702843152e-179
-4.332170161592160332e-179
-3.667102870904320748e-179
-3.104135563514353259e-179
-2.627594026097878497e-179
-2.224210323523689801e-179
-1.882753391175807994e-179
-1.593716338106120878e-179
-1.349051754866473403e-179
-1.141947656426060614e-179
-9.666378219463077576e-180
-8.182412508656479078e-180
-6.926262654093941217e-180
-5.862954758482771631e-180
-4.962884056916318234e-180
-4.200990656930573731e-180
-3.556061817527878830e-180
-3.010141341118764736e-180
-2.548029634594710048e-180
-2.156860520164090611e-180
-1.825743013457035560e-180
-1.545458095238069716e-180
-1.308202034203259547e-180
-1.107369114417827189e-180
-9.373677180629764439e-181
-7.934646428427120562e-181
-6.716533195132393679e-181
-5.685422604300628653e-181
-4.812606332820391861e-181
-4.073783309825452534e-181
-3.448383122931578590e-181
-2.918993293982749922e-181
-2.470874478434746786e-181
-2.091550090493601333e-181
