-1.199999999999999956e+00
-1.028884702992529432e+00
-8.821697767100213916e-01
-7.563758239160637276e-01
-6.485195957838408853e-01
-5.560432430774102652e-01
-4.767536558372534872e-01
-4.087704529889293892e-01
-3.504813884296969495e-01
-3.005041160324151139e-01
-2.576534068100366781e-01
-2.209130407839650090e-01
-1.894117069618219684e-01
-1.624023398839352372e-01
-1.392444026973121141e-01
-1.193886965938301403e-01
-1.023643363630067499e-01
-8.776758317989967473e-02
-7.525226979368600244e-02
-6.452159104682528290e-02
-5.532106503401522379e-02
-4.743249797229431158e-02
-4.066880965701482470e-02
-3.486959678751451464e-02
-2.989732894515927109e-02
-2.563408701000846265e-02
-2.197876666648101301e-02
-1.884468067815368159e-02
-1.615750306877601974e-02
-1.385350645501541231e-02
-1.187805072864469083e-02
-1.018428724672649013e-02
-8.732047799198989699e-03
-7.486892005329524348e-03
-6.419290547700507582e-03
-5.503924873827988583e-03
-4.719086757584757021e-03
-4.046163480811308492e-03
-3.469196426011470803e-03
-2.974502611999630189e-03
-2.550350197081451258e-03
-2.186680254209241205e-03
-1.874868219909752972e-03
-1.607519359659982964e-03
-1.378293399098752146e-03
-1.181754162140235620e-03
-1.013240650103202278e-03
-8.687565044511587299e-04
-7.448752317125486569e-04
-6.386589429558814108e-04
-5.475886806972371859e-04
-4.695046809177068586e-04
-4.025551534830141913e-04
-3.451523662745695307e-04
-2.959349915513156937e-04
-2.537358215728102674e-04
-2.175540878479220903e-04
-1.865317275501830838e-04
-1.599330342492947133e-04
-1.371272103685664695e-04
-1.175734075935472458e-04
-1.008079004597552748e-04
-8.643308893652987051e-05
-7.410806919932372337e-05
-6.354054897291326186e-05
-5.447991571498182636e-05
-4.671129324955595249e-05
-4.005044590122188857e-05
-3.433940927983089667e-05
-2.944274409818145125e-05
-2.524432418061869733e-05
-2.164458248901917825e-05
-1.855814985467651339e-05
-1.591183041776642545e-05
-1.364286576120923837e-05
-1.169744657224060561e-05
-1.002943653520896994e-05
-8.599278192259078227e-06
-7.373054823993851598e-06
-6.321686102277129439e-06
-5.420238439794497843e-06
-4.647333681063880740e-06
-3.984642111790493404e-06
-3.416447763100902120e-06
-2.929275701689638455e-06
-2.511572466930148990e-06
-2.153432076401368567e-06
-1.846361101952338036e-06
-1.583077244999326473e-06
-1.357336634196137489e-06
-1.163785749779809083e-06
-9.978344629242813678e-07
-8.555471791846334281e-07
-7.335495044595640268e-07
-6.289482200218301886e-07
-5.392626687957010197e-07
-4.623659256823525023e-07
-3.964343567662945963e-07
-3.399043711812697557e-07
-2.914353399905861862e-07
-2.498778026897839597e-07
-2.142462073374203470e-07
-1.836955378363647995e-07
-1.575012740731841396e-07
-1.350422096631109292e-07
-1.157857198172373872e-07
-9.927512995411217767e-08
-8.511888549781792828e-08
-7.298126602039772690e-08
-6.257442351117977878e-08
-5.365155595769083698e-08
-4.600105434717987269e-08
-3.944148428278449487e-08
-3.381728320156439238e-08
-2.899507115237978001e-08
-2.486048764238628855e-08
-2.131547953682173480e-08
-1.827597569365515565e-08
-1.566989318622090119e-08
-1.343542783069130405e-08
-1.151958847763199509e-08
-9.876940307837103386e-09
-8.468527329253273262e-09
-7.260948521619064869e-09
-6.225565719258401148e-09
-5.337824446683048603e-09
-4.576671600376462066e-09
-3.924056166873055754e-09
-3.364501136482658282e-09
-2.884736460439991902e-09
-2.473384346926269361e-09
-2.120689432644672803e-09
-1.818287430871676376e-09
-1.559006769389546147e-09
-1.336698514072251025e-09
-1.146090544701486820e-09
-9.826625247397803268e-10
-8.425386999239821713e-10
-7.223959833591656693e-10
-6.193851473179099528e-10
-5.310632527801416583e-10
-4.553357142557857996e-10
-3.904066259366297997e-10
-3.347361711442709670e-10
-2.870041050238583467e-10
-2.460784444625911400e-10
-2.109886227031307458e-10
-1.809024720039273977e-10
-1.551064884819794634e-10
-1.329889111116630973e-10
-1.140252135920195640e-10
-9.776566501690405673e-11
-8.382466434482042813e-11
-7.187159573155730869e-11
-6.162298785655211753e-11
-5.283579129858409835e-11
-4.530161453134916884e-11
-3.884178184347439595e-11
-3.330309597976983222e-11
-2.855420501323100765e-11
-2.448248728685491450e-11
-2.099138055054509312e-11
-1.799809195262563728e-11
-1.543163457759122684e-11
-1.323114396587850609e-11
-1.134443469132026201e-11
-9.726762764997634727e-12
-8.339764515452826153e-12
-7.150546780424435399e-12
-6.130906833675989635e-12
-5.256663547201328474e-12
-4.507083927078248537e-12
-3.864391423061924176e-12
-3.313344351303278977e-12
-2.840874432335543009e-12
-2.435776872127189778e-12
-2.088444636362214871e-12
-1.790640616166566601e-12
-1.535302282109082436e-12
-1.316374193776292844e-12
-1.128664392825460140e-12
-9.677212738253899685e-13
-8.297280128328242816e-13
-7.114120500400689509e-13
-6.099674798423193766e-13
-5.229885077772224159e-13
-4.484123962440600361e-13
-3.844705459397820357e-13
-3.296465528905237741e-13
-2.826402463860649060e-13
-2.423368549638849606e-13
-2.077805692030504912e-13
-1.781518743600822690e-13
-1.527481152821131415e-13
-1.309668326872547736e-13
-1.122914756260820953e-13
-9.627915129011200636e-14
-8.255012164958314156e-14
-7.077879782952380517e-14
-6.068601865249807028e-14
-5.203243023089550827e-14
-4.461280960341206099e-14
-3.825119779872409008e-14
-3.279672690520729817e-14
-2.812004218415944551e-14
-2.411023437565516842e-14
-2.067220944556355041e-14
-1.772443339633169201e-14
-1.519699865891301128e-14
-1.302996620962799261e-14
-1.117194409466316656e-14
-9.578868651405551767e-15
-8.212959522838215170e-15
-7.041823682787558177e-15
-6.037687223658867245e-15
-5.176736688230002403e-15
-4.438554324950050434e-15
-3.805633873618701761e-15
-3.262965398130408221e-15
-2.797679320441923290e-15
-2.398741213901026220e-15
-2.056690117850415442e-15
-1.763414167543497033e-15
-1.511958218354842163e-15
-1.296358902024280613e-15
-1.111503203234145347e-15
-9.530072026123412765e-16
-8.171121105079504889e-16
-7.005951259429718597e-16
-6.006930067282073385e-16
-5.150365381810345801e-16
-4.415943463472454962e-16
-3.786247232372217893e-16
-3.246343215946315594e-16
-2.783427396292283265e-16
-2.386521558279547308e-16
-2.046212937229768535e-16
-1.754430991817602443e-16
-1.504256008280953355e-16
-1.289754996920731244e-16
-1.105840989116598635e-16
-9.481523980368243540e-17
-8.129495820381443266e-17
-6.970261577193479859e-17
-5.976329593859130967e-17
-5.124128415969350447e-17
-4.393447786133506995e-17
-3.766959350457635268e-17
-3.229805710400448501e-17
-2.769248074224119183e-17
-2.374364151967266054e-17
-2.035789129410792507e-17
-1.745493578141037060e-17
-1.496593034767507874e-17
-1.283184733397871635e-17
-1.100207619422181537e-17
-9.433223247827583201e-18
-8.088082583002760582e-18
-6.934753705159875149e-18
-5.945885005216471855e-18
-5.098025106349906491e-18
-4.371066706162737808e-18
-3.747769724775654036e-18
-3.213352450133496263e-18
-2.755140984388267517e-18
-2.362268677854057982e-18
-2.025418422502024492e-18
-1.736601693392982700e-18
-1.488969097935803382e-18
-1.276647940078945388e-18
-1.094602947211792701e-18
-9.385168568639611582e-19
-8.046880312732995723e-19
-6.899426717152271876e-19
-5.915595507246618041e-19
-5.072054772081151677e-19
-4.348799639778800336e-19
-3.728677854789860912e-19
-3.196983005983575672e-19
-2.741105758819647385e-19
-2.350234820445205463e-19
-2.015100545997056521e-19
-1.727755105640222205e-19
-1.481383998925389670e-19
-1.270144446460196577e-19
-1.089026826294842427e-19
-9.337358689360555451e-20
-8.005887934864546306e-20
-6.864279691712157412e-20
-5.885460309887432956e-20
-5.046216735760712282e-20
-4.326646006174246182e-20
-3.709683242513671208e-20
-3.180696950975014995e-20
-2.727142031427645136e-20
-2.338262265853231622e-20
-2.004835230767535411e-20
-1.718953584131013767e-20
-1.473837539888819089e-20
-1.263674082906457409e-20
-1.083479111225473586e-20
-9.289792362931932169e-21
-7.965104380164579021e-21
-6.829311712075112318e-21
-5.855478627101507053e-21
-5.020510323437035162e-21
-4.304605227500340173e-21
-3.690785392497316431e-21
-3.164493860307308333e-21
-2.713249437986641975e-21
-2.326350701789612404e-21
-1.994622209056058037e-21
-1.710196899289122186e-21
-1.466329523986528497e-21
-1.257236680646714579e-21
-1.077959657298757919e-21
-9.242468348648015338e-22
-7.924528584847145037e-22
-6.794521866146891293e-22
-5.825649676855622010e-22
-4.994934864591771061e-22
-4.282676728852114875e-22
-3.671983811815023499e-22
-3.148373311343899144e-22
-2.699427616126396861e-22
-2.314499817556701291e-22
-1.984461214469243165e-22
-1.701484822707819017e-22
-1.458859755381693151e-22
-1.250832071769707143e-22
-1.072468320546921884e-22
-9.195385412123477147e-23
-7.884159490545367470e-23
-6.759909246479589734e-23
-5.795972681100508819e-23
-4.969489692122429285e-23
-4.260859938253188223e-23
-3.653278010052001234e-23
-3.132334883601245811e-23
-2.685676205322673941e-23
-2.302709304039604073e-23
-1.974351981970769885e-23
-1.692817127143923750e-23
-1.451428039235120082e-23
-1.244460089219547267e-23
-1.067004957735585228e-23
-9.148542325261122958e-24
-7.843996044284067707e-24
-6.725472950248161773e-24
-5.766446865750312738e-24
-4.944174142324764523e-24
-4.239154286640968680e-24
-3.634667499291752597e-24
-3.116378158737831090e-24
-2.671994846887817561e-24
-2.290978853698119137e-24
-1.964294247874463758e-24
-1.684193586511877451e-24
-1.444034181700154033e-24
-1.238120566791353611e-24
-1.061569426360054009e-24
-9.101937866220122326e-25
-7.804037198451960882e-25
-6.691212079226585581e-25
-5.737071460662562586e-25
-4.918987554875601560e-25
-4.217559207851778796e-25
-3.616151794103323457e-25
-3.100502720543252658e-25
-2.658383183961396361e-25
-2.279308160558715067e-25
-1.954287749837405645e-25
-1.675613975877832714e-25
-1.436677989917663643e-25
-1.231813339126950456e-25
-1.056161584641557519e-25
-9.055570819383740190e-26
-7.764281910774551164e-26
-6.657125739764624229e-26
-5.707845699618044494e-26
-4.893929272815584549e-26
-4.196074138606092420e-26
-3.597730411528638864e-26
-3.084708154927363790e-26
-2.644840861500877592e-26
-2.267696920206531815e-26
-1.944332226853143902e-26
-1.667078071453834553e-26
-1.429359272010948882e-26
-1.225538241710503411e-26
-1.050781291523582347e-26
-9.009439975327902792e-27
-7.724729144286897563e-27
-6.623213042764470668e-27
-5.678768820300811629e-27
-4.868998642532034218e-27
-4.174698518493836762e-27
-3.579402871069879931e-27
-3.068994049909452749e-27
-2.631367526272441091e-27
-2.256144829777507480e-27
-1.934427419244802765e-27
-1.658585650591912927e-27
-1.422077837080777205e-27
-1.219295110864262600e-27
-1.045428406668183820e-27
-8.963544130789569504e-28
-7.685377867306553343e-28
-6.589473103657555770e-28
-5.649840064278307805e-28
-4.844195013741869400e-28
-4.153431789959748814e-28
-3.561168694677057198e-28
-3.053359995607583397e-28
-2.617962826841651193e-28
-2.244651587950380649e-28
-1.924573068658365422e-28
-1.650136491778308708e-28
-1.414833495200393958e-28
-1.213083783744275381e-28
-1.040102790452326812e-28
-8.917882088635302849e-29
-7.646227053406668854e-29
-6.555905042381427691e-29
-5.621058676981578111e-29
-4.819517739474778306e-29
-4.132273398288977554e-29
-3.543027406735380864e-29
-3.037805584227793819e-29
-2.604626413564367247e-29
-2.233216894938877972e-29
-1.914768918055920151e-29
-1.641730374627733096e-29
-1.407626057410568421e-29
-1.206904098336173961e-29
-1.034804303964242022e-29
-8.872452657830278262e-30
-7.607275681389212269e-30
-6.522507983356984850e-30
-5.592423907685587684e-30
-4.794966176056141241e-30
-4.111222791592322047e-30
-3.524978534052963509e-30
-3.022330410053418032e-30
-2.591357938577603780e-30
-2.221840452483945427e-30
-1.905014711708957201e-30
-1.633367079877547541e-30
-1.400455335714665474e-30
-1.200755893450897948e-30
-1.029532808999804913e-30
-8.827254653406850529e-31
-7.568522735258333905e-31
-6.489281055465355706e-31
-5.563935009489643198e-31
-4.770539683090375859e-31
-4.090279420792071301e-31
-3.507021605848448322e-31
-3.006934069434784069e-31
-2.578157055790458007e-31
-2.210521963845868967e-31
-1.895310195191697788e-31
-1.625046389382091925e-31
-1.393321143073740593e-31
-1.194639008720523456e-31
-1.024288168058929253e-31
-8.782286896433887770e-32
-7.529967204193862342e-32
-6.456223392025365237e-32
-5.535591239297830157e-32
-4.746237623444200165e-32
-4.069442739607768994e-32
-3.489156153738731150e-32
-2.991616160778339438e-32
-2.565023420875080597e-32
-2.199261133796601880e-32
-1.885655115374456758e-32
-1.616768086106982528e-32
-1.386223293401663064e-32
-1.188553284594072507e-32
-1.019070244341980906e-32
-8.737548213985971607e-33
-7.491608082524837448e-33
-6.423334130770883284e-33
-5.507391857799945771e-33
-4.722059363230013116e-33
-4.048712204541644531e-33
-3.471381711726742774e-33
-2.976376284536370931e-33
-2.551956691257696541e-33
-2.188057668612047085e-33
-1.876049220417041406e-33
-1.608531954123451373e-33
-1.379161601560260963e-33
-1.182498562333350828e-33
-1.013878901746195761e-33
-8.693037439112788721e-34
-7.453444369703701883e-34
-6.390612413828328783e-34
-5.479336129451740693e-34
-4.698004271789361962e-34
-4.028087274864666584e-34
-3.453697816189293508e-34
-2.961214043196538261e-34
-2.538956526109667643e-34
-2.176911276064393886e-34
-1.866492259762183054e-34
-1.600337778602713598e-34
-1.372135883354472199e-34
-1.176474684008807473e-34
-1.008714004862186842e-34
-8.648753410808699334e-35
-7.415475070279564950e-35
-6.358057387694295485e-35
-5.451423322456050849e-35
-4.674071721676487867e-35
-4.007567412602385267e-35
-3.436104005864981244e-35
-2.946129041271506815e-35
-2.526022586338602856e-35
-2.165821665414498412e-35
-1.856983984128972427e-35
-1.592185345810363960e-35
-1.365145955527619434e-35
-1.170481492495415260e-35
-1.003575418970325320e-35
-8.604694973982452697e-36
-7.377699193872657490e-36
-6.325668203213293902e-36
-5.423652708743629322e-36
-4.650261088641966354e-36
-3.987152082520895691e-36
-3.418599821842157562e-36
-2.931120885288633181e-36
-2.513154534579479910e-36
-2.154788547404297216e-36
-1.847524145506466507e-36
-1.584074443100802011e-36
-1.358191635756512129e-36
-1.164518831468573017e-36
-9.984630100372853053e-37
-8.560860979427059905e-37
-7.340115755148407119e-37
-6.293444015555593973e-37
-5.396023563954156784e-37
-4.626571751616421636e-37
-3.966840752112880870e-37
-3.401184807546914681e-37
-2.916189183779697758e-37
-2.500352035185984966e-37
-2.143811634249265425e-37
-1.838112497147058626e-37
-1.576004858911685597e-37
-1.351272742646768778e-37
-1.158586545400026638e-37
-9.933766447125328085e-38
-8.517250283789814798e-38
-7.302723773791719647e-38
-6.261383984195195616e-38
-5.368535167417344662e-38
-4.603003092694256655e-38
-3.946632891583717987e-38
-3.383858508731362585e-38
-2.901333547270698880e-38
-2.487614754221546185e-38
-2.132890639630908002e-38
-1.828748793560149085e-38
-1.567976382758412413e-38
-1.344389095728066172e-38
-1.152684479553814396e-38
-9.883161903248475505e-39
-8.473861749542473399e-39
-7.265522274481422120e-39
-6.229487272887814327e-39
-5.341186802134142497e-39
-4.579554497117808111e-39
-3.926527973837662311e-39
-3.366620473461495909e-39
-2.886553588271689462e-39
-2.474942359450765179e-39
-2.122025278689291620e-39
-1.819432790505714567e-39
-1.559988805228629621e-39
-1.337540515449432610e-39
-1.146812479982228921e-39
-9.832815148788617301e-40
-8.430694244951463797e-40
-7.228510286864817551e-40
-6.197753049649419167e-40
-5.313977754758029912e-40
-4.556225353260906704e-40
-3.906525474464097375e-40
-3.349470252105597744e-40
-2.871848921266672914e-40
-2.462334520330714616e-40
-2.111215268015616278e-40
-1.810164244987938846e-40
-1.552041917976771980e-40
-1.330726823174563714e-40
-1.140970393521786904e-40
-9.782724870516185584e-41
-8.387746644048842474e-41
-7.191686845532371452e-41
-6.166180486734005980e-41
-5.286907315576414286e-41
-4.533015052613195710e-41
-3.886624871723857910e-41
-3.332407397322461233e-41
-2.857219162703545685e-41
-2.449790908002318968e-41
-2.100460325644820347e-41
-1.800942915248873662e-41
-1.544135513718604738e-41
-1.323947841177163212e-41
-1.135158067789297701e-41
-9.732889761891452720e-42
-8.345017826602210093e-42
-7.155050989992537283e-42
-6.134768760612355908e-42
-5.259974778492118375e-42
-4.509922989764186056e-42
-3.866825646535617429e-42
-3.315431464049724284e-42
-2.842663930984094611e-42
-2.437311195281772926e-42
-2.089760171048198240e-42
-1.791768560762132616e-42
-1.536269386225906084e-42
-1.317203392636307461e-42
-1.129375351177792290e-42
-9.683308523030460468e-43
-8.302506678085967070e-43
-7.118601764646698630e-43
-6.103517051950473504e-43
-5.233179441004958505e-43
-4.486948562387469143e-43
-3.847127282462352808e-43
-3.298542009492257697e-43
-2.828182846454000653e-43
-2.424895056652011508e-43
-2.079114525126201242e-43
-1.782640942226618148e-43
-1.528443330320954104e-43
-1.310493301631833230e-43
-1.123622092852632721e-43
-9.633979860671118756e-44
-8.260212089652125876e-44
-7.082338218764244076e-44
-6.072424545588202338e-44
-5.206520604193426759e-44
-4.464091171225003244e-44
-3.827529265697816997e-44
-3.281738593110619278e-44
-2.813775531393099247e-44
-2.412542168254214933e-44
-2.068523110200979117e-44
-1.773559821560278433e-44
-1.520657141871265690e-44
-1.303817393139748438e-44
-1.117898142747562738e-44
-9.584902488139460256e-45
-8.218132958101384947e-45
-7.046259406457770898e-45
-6.041490430517978781e-45
-5.179997572696382687e-45
-4.441350220071485521e-45
-3.808031085053355038e-45
-3.265020776609558800e-45
-2.799441610005285211e-45
-2.400252207879365833e-45
-2.057985650009256816e-45
-1.764524961893898440e-45
-1.512910617784246922e-45
-1.297175493027667507e-45
-1.112203351560792594e-45
-9.536075125316089520e-46
-8.176268185854358334e-46
-7.010364386658312756e-46
-6.010713899863665840e-46
-5.153609654695213293e-46
-4.418725115758798299e-46
-3.788632231944242957e-46
-3.248388123926589179e-46
-2.785180708408872020e-46
-2.388024854959839718e-46
-2.047501869695097312e-46
-1.755536127564921127e-46
-1.505203556001897795e-46
-1.290567428050269948e-46
-1.106537570751104961e-46
-9.487496498602653216e-47
-8.134616680922940508e-47
-6.974652223091184769e-47
-5.980094150859511735e-47
-5.127356161895342488e-47
-4.396215268140538059e-47
-3.769332200376642848e-47
-3.231840201220608713e-47
-2.770992454626800818e-47
-2.375859790561048370e-47
-2.037071495802734460e-47
-1.746593084111300306e-47
-1.497535755495541461e-47
-1.283993025844761171e-47
-1.100900652533980469e-47
-9.439165340889158692e-48
-8.093177356881828759e-48
-6.939121984250975302e-48
-5.949630384829210030e-48
-5.101236409508575456e-48
-4.373820090076624175e-48
-3.750130486934347292e-48
-3.215376576860587579e-48
-2.756876478576933906e-48
-2.363756697373117373e-48
-2.026694256269438918e-48
-1.737695598265361215e-48
-1.489907016260579620e-48
-1.277452114926451955e-48
-1.095292449877742695e-48
-9.391080391520117945e-49
-8.051949132840181972e-49
-6.903772743377641999e-49
-5.919321807165067043e-49
-5.075249716235161648e-49
-4.351538997417977452e-49
-3.731026590765647278e-49
-3.198996821414310366e-49
-2.742832412062405888e-49
-2.351715259702577946e-49
-2.016369880418420917e-49
-1.728843437947812710e-49
-1.482317139311277385e-49
-1.270944524684174653e-49
-1.089712816499723713e-49
-9.343240396262197791e-50
-8.010930933413424197e-50
-6.868603578432238409e-50
-5.889167627307276594e-50
-5.049395404246023040e-50
-4.329371408991294574e-50
-3.712020013570273035e-50
-3.182700507637125685e-50
-2.728859888762017910e-50
-2.339735163464264978e-50
-2.006098098951771914e-50
-1.720036372261548720e-50
-1.474765926675570955e-50
-1.264470085375906047e-50
-1.084161606862447957e-50
-9.295644107271382759e-51
-7.970121688695206442e-51
-6.833613572072859096e-51
-5.859167058723297595e-51
-5.023672799165077479e-51
-4.307316746583813956e-51
-3.693110259586392031e-51
-3.166487210460985925e-51
-2.714958544220683165e-51
-2.327816096172924757e-51
-1.995878643943439566e-51
-1.711274171485720840e-51
-1.467253181389905354e-51
-1.258028628124322351e-51
-1.078638676169835692e-51
-9.248290283060410457e-52
-7.929520334229483833e-52
-6.798801811630725875e-52
-5.829319318887255443e-52
-4.998081230051645119e-52
-4.285374434928491473e-52
-3.674296835577677913e-52
-3.150356506983088200e-52
-2.701128015839918450e-52
-2.315957746935197400e-52
-1.985711248832238755e-52
-1.702556607069724483e-52
-1.459778707494096662e-52
-1.251619984912393789e-52
-1.073143880363426864e-52
-9.201177688466400054e-53
-7.889125810982648770e-53
-6.764167389086369969e-53
-5.799623629259864251e-53
-4.972620029382947983e-53
-4.263543901688620155e-53
-3.655579250820450048e-53
-3.134307976455023433e-53
-2.687367942868389649e-53
-2.304159806441475196e-53
-1.975595648414899428e-53
-1.693883451627236995e-53
-1.452342310026219958e-53
-1.245243988579001422e-53
-1.067677076118608484e-53
-9.154305094618627686e-54
-7.848937065316354729e-54
-6.729709401045945575e-54
-5.770079215267621822e-54
-4.947288533036700628e-54
-4.241824577443149502e-54
-3.636957017090866800e-54
-3.118341200271756897e-54
-2.673677966392499325e-54
-2.292421966957832647e-54
-1.965531578839148185e-54
-1.685254478930284471e-54
-1.444943795017503786e-54
-1.238900472814578594e-54
-1.062238120840936366e-54
-9.107671278906482852e-55
-7.808953048959354569e-55
-6.695426948717680085e-55
-5.740685306282935667e-55
-4.922086080273784809e-55
-4.220215895671769902e-55
-3.618429648652194984e-55
-3.102455761960710331e-55
-2.660057729327026500e-55
-2.280743922318001753e-55
-1.955518777596799146e-55
-1.676669463903343636e-55
-1.437582969487353674e-55
-1.232589272156771474e-55
-1.056826872662324578e-55
-9.061275024947565872e-56
-7.769172718980617386e-56
-6.661319137888414302e-56
-5.711441135603941169e-56
-4.897012013721017897e-56
-4.198717292740137839e-56
-3.599996662242139941e-56
-3.086651247170897774e-56
-2.646506876405774371e-56
-2.269125367915353409e-56
-1.945556983517044988e-56
-1.668128182617469580e-56
-1.430259641438193378e-56
-1.226310221986106286e-56
-1.051443190437421299e-56
-9.015115122555973333e-57
-7.729595037762001991e-57
-6.627385078900195806e-57
-5.682345940434583627e-57
-4.872065679354002890e-57
-4.177328207885172219e-57
-3.581657577060185707e-57
-3.070927243662073604e-57
-2.633025054172490935e-57
-2.257566000695112230e-57
-1.935645936759339990e-57
-1.659630412284430858e-57
-1.422973619850560893e-57
-1.220063158521782764e-57
-1.046086933739836593e-57
-8.969190367710587977e-58
-7.690218972971305546e-58
-6.593623886627537782e-58
-5.653398961864315659e-58
-4.847246426480001831e-58
-4.156048083200370476e-58
-3.563411914755315379e-58
-3.055283341294199629e-58
-2.619611910971237372e-58
-2.246065519146097297e-58
-1.925785378807037109e-58
-1.651175931251017875e-58
-1.415724714678004810e-58
-1.213847918817210756e-58
-1.040757962858644382e-58
-8.923499562524328379e-59
-7.651043497534791875e-59
-6.560034680453298696e-59
-5.624599444849034657e-59
-4.822553607721310128e-59
-4.134876363621548944e-59
-3.545259199412966644e-59
-3.039719132016266317e-59
-2.606267096937778348e-59
-2.234623623293342200e-59
-1.915975052460204604e-59
-1.642764518993000774e-59
-1.408512736842346921e-59
-1.207664340756019342e-59
-1.035456138794514936e-59
-8.878041515211490940e-60
-7.612067589611385147e-60
-6.526616584247118085e-60
-5.595946638190974878e-60
-4.797986578997606092e-60
-4.113812496911718706e-60
-3.527198957543385774e-60
-3.024234209856301904e-60
-2.592990263989856714e-60
-2.223240014689755621e-60
-1.906214701829355089e-60
-1.634395956109730380e-60
-1.401337498228450308e-60
-1.201512263047553248e-60
-1.030181323256296514e-60
-8.832815040058572739e-61
-7.573290232565461490e-61
-6.493368726341073943e-61
-5.567439794518643236e-61
-4.773544699510191005e-61
-4.092855933647561375e-61
-3.509230718068463530e-61
-3.008828170910090635e-61
-2.579781065818710054e-61
-2.211914396408847679e-61
-1.896504072328335565e-61
-1.626070024318041350e-61
-1.394198811679593434e-61
-1.195391525222939463e-61
-1.024933378657319068e-61
-8.787818957391322640e-62
-7.534710414939693252e-62
-6.460290239508428758e-62
-5.539078170268436408e-62
-4.749227331724172784e-62
-4.072006127204164165e-62
-3.491354012310256782e-62
-2.993500613331326318e-62
-2.566639157879446842e-62
-2.200646473036477920e-62
-1.886842910668065968e-62
-1.617786506446929516e-62
-1.387096490992467008e-62
-1.189301967630629169e-62
-1.019712168111718866e-62
-8.743052093545976321e-63
-7.496327130430171622e-63
-6.427380260939532492e-63
-5.510861025663978460e-63
-4.725033841352927578e-63
-4.051262533741687991e-63
-3.473568373977960458e-63
-2.978251137320444630e-63
-2.553564197382574296e-63
-2.189435950663653629e-63
-1.877230964849770810e-63
-1.609545186431519601e-63
-1.380030350912198955e-63
-1.183243431432504307e-63
-1.014517555431071406e-63
-8.698513280836651791e-64
-7.458139377858444310e-64
-6.394637932220785004e-64
-5.482787624698085327e-64
-4.700963597340474005e-64
-4.030624612190262778e-64
-3.455873339156442499e-64
-2.963079345114879393e-64
-2.540555843284834842e-64
-2.178282536878362993e-64
-1.867667984158244710e-64
-1.601345849307794749e-64
-1.373000207127799683e-64
-1.177215758599465415e-64
-1.009349405120607014e-64
-8.654201357526873420e-65
-7.420146161147103520e-65
-6.362062399310788031e-65
-5.454857235112314572e-65
-4.677015971845955752e-65
-4.010091824236790984e-65
-3.438268446293845534e-65
-2.947984840978004732e-65
-2.527613756280095293e-65
-2.167185940758445193e-65
-1.858153719155686444e-65
-1.593188281206625167e-65
-1.366005876267038739e-65
-1.171218791907577335e-65
-1.004207582375907577e-65
-8.610115167797292566e-66
-7.382346489292109759e-66
-6.329652812519338036e-66
-5.427069128379109459e-66
-4.653190340226858021e-66
-3.989663634309989236e-66
-3.420753236189251737e-66
-2.932967231189491163e-66
-2.514737598791001580e-66
-2.156145872863507824e-66
-1.848687921674769994e-66
-1.585072269348553426e-66
-1.359047175891975362e-66
-1.165252374933701511e-66
-9.990919530791610852e-67
-8.566253561717266980e-67
-7.344739376338635439e-67
-6.297408326484719285e-67
-5.399422579681559320e-67
-4.629486081022318613e-67
-3.969339509567334607e-67
-3.403327251981394440e-67
-2.918026124034362946e-67
-2.501927034959598630e-67
-2.145162045227868880e-67
-1.839270344812590747e-67
-1.576997602037881089e-67
-1.352123924493888155e-67
-1.159316352051648726e-67
-9.940023837958911865e-68
-8.522615395214127280e-68
-7.307323841353656976e-68
-6.265328100151115463e-68
-5.371916867895725689e-68
-4.605902575937848029e-68
-3.949118919880256905e-68
-3.385990039135958540e-68
-2.903161129793450018e-68
-2.489181730639142659e-68
-2.134234171352556616e-68
-1.829900742923806805e-68
-1.568964068657464866e-68
-1.345235941488851483e-68
-1.153410568428019747e-68
-9.889387417712499082e-69
-8.479199530042596764e-69
-7.270098908402052761e-69
-6.233411296747926645e-69
-5.344551275570605784e-69
-4.582439209828142579e-69
-3.929001337821210748e-69
-3.368741145434501141e-69
-2.888371860732556325e-69
-2.476501353384813788e-69
-2.123361966198262455e-69
-1.820578871614650544e-69
-1.560971459663084914e-69
-1.338383047212714897e-69
-1.147534870018068174e-69
-9.839008949267808192e-70
-8.436004833756817560e-70
-7.233063606519474896e-70
-6.201657083766513109e-70
-5.317325088910637118e-70
-4.559095370682092998e-70
-3.908986238649025229e-70
-3.351580120961884267e-70
-2.873657931092926625e-70
-2.463885572445614435e-70
-2.112545146177723371e-70
-1.811304487736135490e-70
-1.553019566577847745e-70
-1.331565062916725540e-70
-1.141689103561912671e-70
-9.788887118567485588e-71
-8.393030179678865327e-71
-7.196216969688678716e-71
-6.170064632939906979e-71
-5.290237597755871794e-71
-4.535870449605772450e-71
-3.889073100295997015e-71
-3.334506518095308080e-71
-2.859018957080935631e-71
-2.451334058755175572e-71
-2.101783429148145063e-71
-1.802077349378130553e-71
-1.545108181987059029e-71
-1.324781810762560087e-71
-1.135873116580277519e-71
-9.739020618249360146e-72
-8.350274446871290111e-72
-7.159558036812684241e-72
-6.138633120219790306e-72
-5.263288095564501926e-72
-4.512763840807597333e-72
-3.869261403353934305e-72
-3.317519891491870517e-72
-2.844454556857833038e-72
-2.438846484923735874e-72
-2.091076534404263223e-72
-1.792897215862637012e-72
-1.537237099532458596e-72
-1.318033113817988058e-72
-1.130086757370775488e-72
-9.689408147610112562e-73
-8.307736520105967203e-73
-7.123085851691136481e-73
-6.107361725756403469e-73
-5.236475879393982071e-73
-4.489774941581489021e-73
-3.849550631060284424e-73
-3.300619798077710436e-73
-2.829964350530354138e-73
-2.426422525229042997e-73
-2.080424182670542220e-73
-1.783763847737919996e-73
-1.529406113907191070e-73
-1.311318796051957341e-73
-1.124329875003692257e-73
-9.640048412573285812e-74
-8.265415289836904868e-74
-7.086799462994750851e-74
-6.076249633875770410e-74
-5.209800249882247884e-74
-4.466903152292183104e-74
-3.829940269285421726e-74
-3.283805797035695285e-74
-2.815547960140163171e-74
-2.414061855608414988e-74
-2.069826096094368424e-74
-1.774677006771856067e-74
-1.521615020850100365e-74
-1.304638682330264016e-74
-1.118602319318306771e-74
-9.590940125654693874e-75
-8.223309652169415263e-75
-7.050697924239895528e-75
-6.045296033059807182e-75
-5.183260511230512248e-75
-4.444147876358564798e-75
-3.810429806518360796e-75
-3.267077449794676110e-75
-2.801205009654636998e-75
-2.401764153649731274e-75
-2.059281998238326560e-75
-1.765636455946074402e-75
-1.513863617140749106e-75
-1.297992598410871677e-75
-1.112903940918718765e-75
-9.542082005928035625e-76
-8.181418508833201060e-76
-7.014780293765313006e-76
-6.014500115923771685e-76
-5.156855971183936728e-76
-4.421508520239127539e-76
-3.791018733854286494e-76
-3.250434320017297743e-76
-2.786935124956416812e-76
-2.389529098583510431e-76
-2.048791614073462717e-76
-1.756641959449622077e-76
-1.506151700593772779e-76
-1.291380370939255835e-76
-1.107234591170206828e-76
-9.493472778993380095e-77
-8.139740767151834641e-77
-6.979045634705954975e-77
-5.983861079196585659e-77
-5.130585941014746658e-77
-4.398984493415475499e-77
-3.771706544980412242e-77
-3.233875973589271973e-77
-2.772737933834289914e-77
-2.377356371274328762e-77
-2.038354669971641252e-77
-1.747693282672661565e-77
-1.498479070053949717e-77
-1.284801827444141447e-77
-1.101594122195096674e-77
-9.445111176941757675e-78
-8.098275340016128252e-78
-6.943493014970137721e-78
-5.953378123698506759e-78
-5.104449735503100301e-78
-4.376575208377807190e-78
-3.752492736163638786e-78
-3.217401978607770985e-78
-2.758613065972842633e-78
-2.365245654212301021e-78
-2.027970893698872829e-78
-1.738790192200704651e-78
-1.490845525390611594e-78
-1.278256796332709132e-78
-1.095982386869158629e-78
-9.396995938324253965e-79
-8.057021145853912279e-79
-6.908121507213648632e-79
-5.923050454321477770e-79
-5.078446672920377710e-79
-4.354280080609206906e-79
-3.733376806236552076e-79
-3.201011905369889674e-79
-2.744560152943435297e-79
-2.353196631505265993e-79
-2.017640014407750639e-79
-1.729932455808123311e-79
-1.483250867492764291e-79
-1.271745106886412009e-79
-1.090399238817516899e-79
-9.349125808116948885e-80
-8.015977108603445554e-80
-6.872930188817126642e-80
-5.892877280007877341e-80
-5.052576075010243192e-80
-4.332098528570032630e-80
-3.714358256585208361e-80
-3.184705326362081011e-80
-2.730578828193962716e-80
-2.341208988870013173e-80
-2.007361762630847202e-80
-1.721119842452488755e-80
-1.475694898263555279e-80
-1.265266589256232841e-80
-1.084844532411051143e-80
-9.301499537690319031e-81
-7.975142157684658970e-81
-6.837918141860439823e-81
-5.862857813729385828e-81
-5.026837266972101672e-81
-4.310029973683612711e-81
-3.695436591135279145e-81
-3.168481816248268637e-81
-2.716668727039918282e-81
-2.329282413624617502e-81
-1.997135870273225905e-81
-1.712352122268151392e-81
-1.468177420615402336e-81
-1.258821074458541356e-81
-1.079318122762503827e-81
-9.254115884774550552e-82
-7.934515227970542166e-82
-6.803084453100293952e-82
-5.832991272467620351e-82
-5.001229577442354306e-82
-4.288073840320164708e-82
-3.676611316339953964e-82
-3.152340951859484805e-82
-2.702829486654260439e-82
-2.317416594679751096e-82
-1.986962070605849485e-82
-1.703629066560637886e-82
-1.460698238464725812e-82
-1.252408394370400425e-82
-1.073819865722609751e-82
-9.206973613429245743e-83
-7.894095259760953715e-83
-6.768428213944858385e-83
-5.803276877192389858e-83
-4.975752338478030371e-83
-4.266229555782765847e-83
-3.657881941166228194e-83
-3.136282312182106084e-83
-2.689060746058490810e-83
-2.305611222531100243e-83
-1.976840098258448870e-83
-1.694950447800294882e-83
-1.453257156726708171e-83
-1.246028381725466476e-83
-1.068349617876550448e-83
-9.160071494009080411e-84
-7.853881198753172007e-84
-6.733948520431621999e-84
-5.773713852842690020e-84
-4.950404885538221426e-84
-4.244496550291438188e-84
-3.639247977082828680e-84
-3.120305478347593224e-84
-2.675362146113004344e-84
-2.293865989250763909e-84
-1.966769689212434743e-84
-1.686316039616741456e-84
-1.445853981310498856e-84
-1.239680870109340787e-84
-1.062907236539967861e-84
-9.113408303133824967e-85
-7.813871996016197250e-85
-6.699644473202263065e-85
-5.744301428305172884e-85
-4.925186557467743783e-85
-4.222874256969257998e-85
-3.620708938047154797e-85
-3.104410033620848935e-85
-2.661733329507495942e-85
-2.282180588479747092e-85
-1.956750580794404431e-85
-1.677725616792581108e-85
-1.438488519113818321e-85
-1.233365693955514073e-85
-1.057492579755488265e-85
-9.066982823654352786e-86
-7.774066607961594859e-86
-6.665515177480544582e-86
-5.715038836395349391e-86
-4.900096696479467559e-86
-4.201362111826598911e-86
-3.602264340492291256e-86
-3.088595563390060055e-86
-2.648173940752171447e-86
-2.270554715419447120e-86
-1.946782511668841713e-86
-1.669178955257908472e-86
-1.431160578018252592e-86
-1.227082688540764049e-86
-1.052105506288775300e-86
-9.020793844622703381e-87
-7.734463996318058880e-87
-6.631559743048390090e-87
-5.685925313836260605e-87
-4.875134648136740456e-87
-4.179959553747391091e-87
-3.583913703315119136e-87
-3.072861655155174044e-87
-2.634683626167869427e-87
-2.258988066824223137e-87
-1.936865221831745105e-87
-1.660675832084085029e-87
-1.423869966883911955e-87
-1.220831689981105885e-87
-1.046745875625087940e-87
-8.974840161259722529e-88
-7.695063128102562982e-88
-6.597777284222099725e-88
-5.656960101239884360e-88
-4.850299761337291055e-88
-4.158666024473519188e-88
-3.565656547862943371e-88
-3.057207898517844500e-88
-2.621262033877438978e-88
-2.247480340992971134e-88
-1.926998452603405949e-88
-1.652216025478254994e-88
-1.416616495544774281e-88
-1.214612535227411319e-88
-1.041413547965375176e-88
-8.929120574922869834e-89
-7.655862975595169553e-89
-6.564166919830572531e-89
-5.628142443086018477e-89
-4.825591388295140976e-89
-4.137480968591219473e-89
-3.547492397921826711e-89
-3.041633885170025857e-89
-2.607908813795963063e-89
-2.236031237761701100e-89
-1.917181946622097250e-89
-1.643799314777419357e-89
-1.409399974803397924e-89
-1.208425062061052595e-89
-1.036108384222868609e-89
-8.883633893076740822e-90
-7.616862516310475912e-90
-6.530727773190820297e-90
-5.599471587703873412e-90
-4.801008884524807039e-90
-4.116403833515642142e-90
-3.529420779703352920e-90
-3.026139208883935070e-90
-2.594623617622219961e-90
-2.224640458495519021e-90
-1.907415447836926557e-90
-1.635425480442538363e-90
-1.402220216426310644e-90
-1.202269109089913100e-90
-1.030830246019216733e-90
-8.838378929259925807e-91
-7.578060732972690483e-91
-6.497458972086588103e-91
-5.570946787251175991e-91
-4.776551608823396250e-91
-4.095434069477263953e-91
-3.511441221833077968e-91
-3.010723465501189530e-91
-2.581406098829008716e-91
-2.213307706080643129e-91
-1.897698701501590814e-91
-1.627094304053133648e-91
-1.395077033138778284e-91
-1.196144515743901546e-91
-1.025578995681111689e-91
-8.793354503056087616e-92
-7.539456613487355177e-92
-6.464359648744123689e-92
-5.542567297695789302e-92
-4.752218923254969320e-92
-4.074571129507195910e-92
-3.493553255337433438e-92
-2.995386252922013482e-92
-2.568255912654699074e-92
-2.202032684917100447e-92
-1.888031454167299116e-92
-1.618805568301218420e-92
-1.387970238620240316e-92
-1.190051122271039197e-92
-1.020354496236463890e-92
-8.748559440061161305e-93
-7.501049150916466084e-93
-6.431428939811018757e-93
-5.514332378795813708e-93
-4.728010193132817811e-93
-4.053814469422567048e-93
-3.475756413632289506e-93
-2.980127171095345535e-93
-2.555172716093651160e-93
-2.190815100910511606e-93
-1.878413453676591355e-93
-1.610559056985999067e-93
-1.380899647499130790e-93
-1.183988769733018896e-93
-1.015156611411033203e-93
-8.703992571854718593e-94
-7.462837343451556157e-94
-6.398665986332218287e-94
-5.486241294079818899e-94
-4.703924787003990417e-94
-4.033163547813139154e-94
-3.458050232509992585e-94
-2.964945822007723513e-94
-2.542156167887853560e-94
-2.179654661464920182e-94
-1.868844449156335253e-94
-1.602354555007867397e-94
-1.373865075348321406e-94
-1.177957300001331475e-94
-1.009985205624786661e-94
-8.659652735967505058e-95
-7.424820194386928109e-95
-6.366069933729080744e-95
-5.458293310828728389e-95
-4.679962076631741891e-95
-4.012617826026266429e-95
-3.440434250128045676e-95
-2.949841809673581486e-95
-2.529205928517440455e-95
-2.168551075474662115e-95
-1.859324191011552962e-95
-1.594191848363157401e-95
-1.366866338680190099e-95
-1.171956555752870459e-95
-1.004840143988276692e-95
-8.615538775853093147e-96
-7.386996712095145049e-96
-6.333639931775629705e-96
-5.430487700055458254e-96
-4.656121436980222933e-96
-3.992176768153763102e-96
-3.422908006996277877e-96
-2.934814740124244514e-96
-2.516321660192343032e-96
-2.157504053317269832e-96
-1.849852430918752688e-96
-1.586070724138197716e-96
-1.359903254941721020e-96
-1.165986380466097675e-96
-9.997212922993230743e-97
-8.571649540855750440e-97
-7.349365909999469468e-97
-6.301375134577825727e-97
-5.402823736487145973e-97
-4.632402246197107278e-97
-3.971839841017005338e-97
-3.405471045965542122e-97
-2.919864221398326532e-97
-2.503503026843259429e-97
-2.146513306845423848e-97
-1.840428921819293356e-97
-1.577990970504121879e-97
-1.352975642510013506e-97
-1.160046618416694140e-97
-9.946285170392840239e-98
-8.527983886182384022e-98
-7.311926806549819387e-98
-6.269274700550063267e-98
-5.375300698544990940e-98
-4.608803885598302571e-98
-3.951606514153941721e-98
-3.388122912215497301e-98
-2.904989863530835659e-98
-2.490749694112677506e-98
-2.135578549379926773e-98
-1.831053417913307053e-98
-1.569952376710980446e-98
-1.346083320687235469e-98
-1.154137114673762001e-98
-9.895616853698008206e-99
-8.484540672870730419e-99
-7.274678425195484089e-99
-6.237337792394474449e-99
-5.347917868326673707e-99
-4.585325739651413569e-99
-3.931476259804344566e-99
-3.370863153242456501e-99
-2.890191278543668590e-99
-2.478061329346651533e-99
-2.124699495701738157e-99
-1.821725674652871604e-99
-1.561954733082605430e-99
-1.339226109696217843e-99
-1.148257715095520874e-99
-9.845206651291063886e-100
-8.441318767761346890e-100
-7.237619794361324389e-100
-6.205563577078545013e-100
-5.320674531586397310e-100
-4.561967195959292234e-100
-3.911448552896951452e-100
-3.353691318848261177e-100
-2.875468080434828720e-100
-2.465437601585557502e-100
-2.113875862045021539e-100
-1.812445448736045825e-100
-1.553997831010780144e-100
-1.332403830675459355e-100
-1.142408266325516358e-100
-9.795053248288043214e-101
-8.398317043467324937e-101
-7.200749947420767464e-101
-6.173951225812866338e-101
-5.293569977717477913e-101
-4.538727645244985695e-101
-3.891522871034866027e-101
-3.336606961127764372e-101
-2.860819885169018261e-101
-2.452878181556023873e-101
-2.103107366089257273e-101
-1.803212498100110259e-101
-1.546081462950114425e-101
-1.325616305674765354e-101
-1.136588615788522023e-101
-9.745155336502134063e-102
-8.355534378344163232e-102
-7.164067922672244118e-102
-6.142499914030743373e-102
-5.266603499732597490e-102
-4.515606481334796394e-102
-3.871698694482828202e-102
-3.319609634457919738e-102
-2.846246310666961204e-102
-2.440382741661783330e-102
-2.092393726952302138e-102
-1.794026581915665331e-102
-1.538205422412491915e-102
-1.318863357650303997e-102
-1.130798611686461993e-102
-9.695511614411795402e-103
-8.312969656462196061e-103
-7.127572763312468145e-103
-6.111208821365286609e-103
-5.239774394246571500e-103
-4.492603101143508576e-103
-3.851975506152771665e-103
-3.302698895485388706e-103
-2.831746976796014341e-103
-2.427950955975686984e-103
-2.081734665182880623e-103
-1.784887460579939130e-103
-1.530369503961557288e-103
-1.312144810460288439e-103
-1.125038102994678459e-103
-9.646120787124591219e-104
-8.270621767575570906e-104
-7.091263517413105553e-104
-6.080077131629413082e-104
-5.213081961456798411e-104
-4.469716904657630197e-104
-3.832352791591103959e-104
-3.285874303115741651e-104
-2.817321505360002097e-104
-2.415582500230644035e-104
-2.071129902753118543e-104
-1.775794895710945976e-104
-1.522573503207662262e-104
-1.305460488860083846e-104
-1.119306939457734157e-104
-9.596981566345609821e-105
-8.228489607095181969e-105
-7.055139237894322712e-105
-6.049104032793161352e-105
-5.186525505126052864e-105
-4.446947294920762150e-105
-3.812830038964959656e-105
-3.269135418501192800e-105
-2.802969520089113882e-105
-2.403277051811719974e-105
-2.060579163051706017e-105
-1.766748650140863078e-105
-1.514817216802185428e-105
-1.298810218497933931e-105
-1.113604971585750487e-105
-9.548092670341680517e-106
-8.186572076057986193e-106
-7.019198982501501474e-106
-6.018288716963899694e-106
-5.160104332563877891e-106
-4.424293678017013107e-106
-3.793406739048526008e-106
-3.252481805029906228e-106
-2.788690646630649712e-106
-2.391034289747168431e-106
-2.050082170876210948e-106
-1.757748487910247442e-106
-1.507100442432575613e-106
-1.292193825910116766e-106
-1.107932050650252006e-106
-9.499452823909841648e-107
-8.144868081100198479e-107
-6.983441813780047276e-107
-5.987630380363873034e-107
-5.133817754608075352e-107
-4.401755463056516438e-107
-3.774082385210515614e-107
-3.235913028313861411e-107
-2.774484512538618063e-107
-2.378853894700610044e-107
-2.039638652426369158e-107
-1.748794174261478650e-107
-1.499422978816729617e-107
-1.285611138516678816e-107
-1.102288028680541509e-107
-9.451060758343270077e-108
-8.103376534426918670e-108
-6.947866799050349087e-108
-5.957128223310608956e-108
-5.107665085607759496e-108
-4.379332062159015216e-108
-3.754856473400092551e-108
-3.219428656178262527e-108
-2.760350747264657006e-108
-2.366735548962154288e-108
-2.029248335296476132e-108
-1.739885475632988598e-108
-1.491784625698085241e-108
-1.279061984616821898e-108
-1.096672758459588007e-108
-9.402915211397364509e-109
-8.062096353785606625e-109
-6.912473010384837624e-109
-5.926781450194694238e-109
-5.081645643404301775e-109
-4.357022890439524994e-109
-3.735728502134578581e-109
-3.203028258649531576e-109
-2.746288982147733847e-109
-2.354678936440590677e-109
-2.018910948468746250e-109
-1.731022159653015437e-109
-1.484185183840056897e-109
-1.272546193384316199e-109
-1.091086093520437544e-109
-9.355014927258728007e-110
-8.021026462436009816e-110
-6.877259524582200092e-110
-5.896589269460380997e-110
-5.055758749314700703e-110
-4.334827365992087385e-110
-3.716697972485523264e-110
-3.186711407944732983e-110
-2.732298850405161849e-110
-2.342683742654938168e-110
-2.008626222305781892e-110
-1.722203995133397589e-110
-1.476624455021177063e-110
-1.266063594863299472e-110
-1.085527888142143086e-110
-9.307358656510244811e-111
-7.980165789123918048e-111
-6.842225423144877515e-111
-5.866550893583588568e-111
-5.030003728112724249e-111
-4.312744909875451806e-111
-3.697764388066537559e-111
-3.170477678460139309e-111
-2.718379987122403010e-111
-2.330749654726042834e-111
-1.998393888543998249e-111
-1.713430752063887148e-111
-1.469102242029589422e-111
-1.259614019963552914e-111
-1.079997997346212195e-111
-9.259945156100640521e-112
-7.939513268051381594e-112
-6.807369792253727030e-112
-5.836665539052540743e-112
-5.004379908012447697e-112
-4.290774946097490539e-112
-3.678927255019500220e-112
-3.154326646759952154e-112
-2.704532029244101437e-112
-2.318876361368884381e-112
-1.988213680286228859e-112
-1.704702201605757459e-112
-1.461618348658241144e-112
-1.253197300456344233e-112
-1.074496276892578205e-112
-9.212773189310193867e-113
-7.899067838850522679e-113
-6.772691722744782380e-113
-5.806932426346654285e-113
-4.978886620649580957e-113
-4.268916901600528910e-113
-3.660186082002413062e-113
-3.138257891565438452e-113
-2.690754615564448860e-113
-2.307063552883924168e-113
-1.978085331994931921e-113
-1.696018116086177775e-113
-1.454172579699428974e-113
-1.246813268969966832e-113
-1.069022583276053576e-113
-9.165841525719276009e-114
-7.858828446554950063e-114
-6.738190310085924892e-114
-5.777350779916707301e-114
-4.953523201065042835e-114
-4.247170206245435569e-114
-3.641540380176375892e-114
-3.122270993744118613e-114
-2.677047386717231489e-114
-2.295310921149491359e-114
-1.968008579485379667e-114
-1.687378268992173949e-114
-1.446764740940000811e-114
-1.240461758985124280e-114
-1.063576773722463142e-114
-9.119148941176776285e-115
-7.818794041572927978e-115
-6.703864654352699840e-115
-5.747919828163287838e-115
-4.928288987687320233e-115
-4.225534292798204894e-115
-3.622989663192103532e-115
-3.106365536298567894e-115
-2.663409985167376467e-115
-2.283618159613611369e-115
-1.957983159918595965e-115
-1.678782434964386128e-115
-1.439394639156122959e-115
-1.234142604831015749e-115
-1.058158706185011982e-115
-9.072694217767392976e-116
-7.778963579658207516e-116
-6.669713860205428136e-116
-5.718638803418649416e-116
-4.903183322314233834e-116
-4.204008596914190184e-116
-3.604533447178493184e-116
-3.090541104355802897e-116
-2.649842055201011289e-116
-2.271984963285555080e-116
-1.948008811794558144e-116
-1.670230389791765079e-116
-1.432062082108362020e-116
-1.227855641680728331e-116
-1.052768239340338077e-116
-9.026476143780629452e-117
-7.739336021885467335e-117
-6.635737036864324703e-117
-5.689506941925366607e-117
-4.878205550097452862e-117
-4.182592557123864088e-117
-3.586171250729167033e-117
-3.074797285155756824e-117
-2.636343242916338821e-117
-2.260411028728665277e-117
-1.938085274945484669e-117
-1.661721910405341938e-117
-1.424766878536347138e-117
-1.221600705547079022e-117
-1.047405232585189234e-117
-8.980493513677143372e-118
-7.699910334621434739e-118
-6.601933298088548163e-118
-5.660523483817062909e-118
-4.853355019524293939e-118
-4.161285614817221239e-118
-3.567902594890127027e-118
-3.059133668041570290e-118
-2.622913196214555660e-118
-2.248896054051921139e-118
-1.928212290528610802e-118
-1.653256774872598650e-118
-1.417508838154267713e-118
-1.215377633278059297e-118
-1.042069546032513179e-118
-8.934745128060381900e-119
-7.660685489498798612e-119
-6.568301762151562992e-119
-5.631687673097306134e-119
-4.828631082401007270e-119
-4.140087214230637624e-119
-3.549727003147460039e-119
-3.043549844448173477e-119
-2.609551564790072710e-119
-2.237439738902319404e-119
-1.918389601020095918e-119
-1.644834762391301692e-119
-1.410287771645585599e-119
-1.209186262552997120e-119
-1.036761040507928679e-119
-8.889229793643239379e-120
-7.621660463387640928e-120
-6.534841551818519797e-120
-5.602998757621821426e-120
-4.804033093836138559e-120
-4.118996802431420348e-120
-3.531644001414103520e-120
-3.028045407891981224e-120
-2.596258000122271272e-120
-2.226041784456533317e-120
-1.908616950207867472e-120
-1.636455653284309853e-120
-1.403103490658258207e-120
-1.203026431878044066e-120
-1.031479577545859272e-120
-8.843946323217450818e-121
-7.582834238371382610e-121
-6.501551794323745319e-121
-5.574455989077584250e-121
-4.779560412222618636e-121
-4.098013829303857371e-121
-3.513653118018691898e-121
-3.012619953959596556e-121
-2.583032155465816267e-121
-2.214701893413881296e-121
-1.898894083185153241e-121
-1.628119228993466317e-121
-1.395955807799504580e-121
-1.196897980582033049e-121
-1.026225019386275375e-121
-8.798893535623115244e-122
-7.544205801718467560e-122
-6.468431621346493174e-122
-5.546058622963933227e-122
-4.755212399222669209e-122
-4.077137747533931532e-122
-3.495753883692443939e-122
-2.997273080298300513e-122
-2.569873685841906918e-122
-2.203419769988062581e-122
-1.889220746343404379e-122
-1.619825272073992049e-122
-1.388844536631399180e-122
-1.190800748812354808e-122
-1.020997228970865454e-122
-8.754070255715896188e-123
-7.505774145856820054e-123
-6.435480168990526562e-123
-5.517805918571896872e-123
-4.730988419750056732e-123
-4.056368012596451183e-123
-3.477945831557322738e-123
-2.982004386604864497e-123
-2.556782248028694228e-123
-2.192195119899569258e-123
-1.879596687366325423e-123
-1.611573566188905167e-123
-1.381769491665687728e-123
-1.184734577530517376e-123
-1.015796069939577432e-123
-8.709475314339369409e-124
-7.467538268345855309e-124
-6.402696577760086643e-124
-5.489697138966763465e-124
-4.706887841954067554e-124
-4.035704082739907973e-124
-3.460228497113066897e-124
-2.966813474615283039e-124
-2.543757500553205702e-124
-2.181027650368134701e-124
-1.870021655222861958e-124
-1.603363896103012443e-124
-1.374730488359107505e-124
-1.178699308508404827e-124
-1.010621406626830568e-124
-8.665107548292521195e-125
-7.429497171852893317e-125
-6.370079992538224196e-125
-5.461731550967597161e-125
-4.682910037201955543e-125
-4.015145418972583850e-125
-3.442601418226260996e-125
-2.951699948094553780e-125
-2.530799103681853398e-125
-2.169917070104600450e-125
-1.860495400160867064e-125
-1.595196047677844949e-125
-1.367727343108260420e-125
-1.172694784323878948e-125
-1.005473104058324267e-125
-8.620965800300401657e-126
-7.391649864125436066e-126
-6.337629562563030959e-126
-5.433908425128425850e-126
-4.659054380064155315e-126
-3.994691485048714360e-126
-3.425064135117491158e-126
-2.936663412825668263e-126
-2.517906719411859833e-126
-2.158863089304062864e-126
-1.851017673700161721e-126
-1.587069807865705806e-126
-1.360759873245294451e-126
-1.166720848356806351e-126
-1.000351027947285653e-126
-8.577048918981977012e-127
-7.353995357965715169e-127
-6.305344441407634622e-127
-5.406227035719527640e-127
-4.635320248296895921e-127
-3.974341747453595314e-127
-3.407616190349743703e-127
-2.921703476600340203e-127
-2.505080011461873038e-127
-2.147865419637817996e-127
-1.841588228626691393e-127
-1.578984964704294296e-127
-1.353827897032825844e-127
-1.160777344784708588e-127
-9.952550446910249250e-128
-8.533355758823036619e-128
-7.316532671205353203e-128
-6.273223786956662483e-128
-5.378686660707265228e-128
-4.611707022826496518e-128
-3.954095675391030865e-128
-3.390257128815695641e-128
-2.906819749208100807e-128
-2.492318645264051222e-128
-2.136923774246085736e-128
-1.832206818985651640e-128
-1.570941307310817571e-128
-1.346931233659275022e-128
-1.154864118579095651e-128
-9.901850213675068819e-129
-8.489885180144359237e-129
-7.279260826678081464e-129
-6.241266761384997581e-129
-5.351286581737104679e-129
-4.588214087732174967e-129
-3.933952740768577756e-129
-3.372986497727012148e-129
-2.892011842426453830e-129
-2.479622287954763564e-129
-2.126037867730041086e-129
-1.822873200075181017e-129
-1.562938625877029890e-129
-1.340069703234229382e-129
-1.148981015501157653e-129
-9.851408257316577122e-130
-8.446636049072951000e-130
-7.242178852196760929e-130
-6.209472531134504705e-130
-5.324026084113642535e-130
-4.564840830231554287e-130
-3.913912418184222935e-130
-3.355803846601754906e-130
-2.877279370010092444e-130
-2.466990608366052219e-130
-2.115207416145100680e-130
-1.813587128440079457e-130
-1.554976711663400369e-130
-1.333243126783443979e-130
-1.143127882097870829e-130
-9.801223262122551748e-131
-8.403607237510544298e-131
-7.205285780526337970e-131
-6.177840266894416182e-131
-5.296904456782575014e-131
-4.541586640663628491e-131
-3.893974184911783565e-131
-3.338708727252830963e-131
-2.862621947681809091e-131
-2.454423277017132173e-131
-2.104432136993029119e-131
-1.804348361865045081e-131
-1.547055356993845603e-131
-1.326451326244632585e-131
-1.137304565697737971e-131
-9.751293919082699112e-132
-8.360797623107067901e-132
-7.168580649359459837e-132
-6.146369143578285970e-132
-5.269920992310942503e-132
-4.518450912473125915e-132
-3.874137520888614446e-132
-3.321700693776486717e-132
-2.848039193121816905e-132
-2.441919966105240034e-132
-2.093711749214810674e-132
-1.795156659368978781e-132
-1.539174355249961436e-132
-1.319694124462516047e-132
-1.131510914407193289e-132
-9.701618925855631929e-133
-8.318206089229438948e-133
-7.132062501289724857e-133
-6.115058340302815644e-133
-5.243074986870492042e-133
-4.495433042194937143e-133
-3.854401908701149794e-133
-3.304779302539923081e-133
-2.833530725958102047e-133
-2.429480349497921993e-133
-2.083045973182842486e-133
-1.786011781198282024e-133
-1.531333500866161120e-133
-1.312971345184354347e-133
-1.125746777106382421e-133
-9.652196986732691429e-134
-8.275831524932922391e-134
-7.095730383789173898e-134
-6.083907040366793405e-134
-5.216365740218107326e-134
-4.472532429437358994e-134
-3.834766833571845243e-134
-3.287944112170860523e-134
-2.819096167755855569e-134
-2.417104102723966730e-134
-2.072434530694356038e-134
-1.776913488820809531e-134
-1.523532589323961806e-134
-1.306282813055048422e-134
-1.120012003445285364e-134
-9.603026812607462704e-135
-8.233672824932619793e-135
-7.059583349181803214e-135
-6.052914431228404250e-135
-5.189792555678141101e-135
-4.449748476867964593e-135
-3.815231783344881167e-135
-3.271194683545266090e-135
-2.804735142008571605e-135
-2.404790902965218652e-135
-2.061877144963682777e-135
-1.767861544919241668e-135
-1.515771417146737346e-135
-1.299628353613017078e-135
-1.114306443839856977e-135
-9.554107120939940602e-136
-8.191728889572764866e-136
-7.023620454619652311e-136
-6.022079704486119622e-136
-5.163354740123064124e-136
-4.427080590197001265e-136
-3.795796248474111770e-136
-3.254530579776274583e-136
-2.790447274127583855e-136
-2.392540429047612770e-136
-2.051373540615155199e-136
-1.758855713385502942e-136
-1.508049781894497055e-136
-1.293007793285345179e-136
-1.108629949467872857e-136
-9.505436635724170463e-137
-8.149998624800857746e-137
-6.987840762056615464e-137
-5.991402055856216599e-137
-5.137051603957157944e-137
-4.404528178162394715e-137
-3.776459722008903728e-137
-3.237951366202055357e-137
-2.776232191432449717e-137
-2.380352361433615191e-137
-2.040923443676037424e-137
-1.749895759314197596e-137
-1.500367482158261902e-137
-1.286420959383405449e-137
-1.102982372265428178e-137
-9.457014087452795726e-138
-8.108480942137246317e-138
-6.952243338226374409e-138
-5.960880685152493517e-138
-5.110882461097345648e-138
-4.382090652513321371e-138
-3.757221699581125445e-138
-3.221456610375582025e-138
-2.762089523141394818e-138
-2.368226382213343584e-138
-2.030526581568918560e-138
-1.740981448996682143e-138
-1.492724317555326936e-138
-1.279867680098060304e-138
-1.097363564922820449e-138
-9.408838213087201839e-139
-8.067174758647666519e-139
-6.916827254616454365e-139
-5.930514796264032457e-139
-5.084846628955589830e-139
-4.359767427996376683e-139
-3.738081679392211933e-139
-3.205045882052614467e-139
-2.748018900361004743e-139
-2.356162175096543208e-139
-2.020182683105295598e-139
-1.732112549914573790e-139
-1.485120088723689317e-139
-1.273347784495621415e-139
-1.091773380880834706e-139
-9.360907756022400244e-140
-8.026078996913153142e-140
-6.881591587444399706e-140
-5.900303597136479829e-140
-5.058943428421378649e-140
-4.337557922339297033e-140
-3.719039162199215374e-140
-3.188718753180841393e-140
-2.734019956077553382e-140
-2.344159425403803148e-140
-2.009891478478038615e-140
-1.723288830734281793e-140
-1.477554597317019744e-140
-1.266861102513095955e-140
-1.086211674326669871e-140
-9.313221466054791016e-141
-7.985192585004702422e-141
-6.846535417634076044e-141
-5.870246299750020717e-141
-5.033172183842856457e-141
-4.315461556236276132e-141
-3.700093651303071302e-141
-3.172474797887990186e-141
-2.720092325146796172e-141
-2.332217820059151415e-141
-1.999652699254580496e-141
-1.714510061300572744e-141
-1.470027645999151577e-141
-1.260407464953826263e-141
-1.080678300190510920e-141
-9.265778099350081844e-142
-7.944514456453466573e-142
-6.811657830790134507e-142
-5.840342120099498982e-142
-5.007532223010935423e-142
-4.293477753331866608e-142
-3.681244652534780418e-142
-3.156313592471806340e-142
-2.706235644284758035e-142
-2.320337047581352010e-142
-1.989466078369461934e-142
-1.705776012630670761e-142
-1.462539038439439516e-142
-1.253986703483146021e-142
-1.075173114141493967e-142
-9.218576418408736735e-143
-7.904043550223846674e-143
-6.776957917176497626e-143
-5.810590278172637970e-143
-4.982022877140604158e-143
-4.271605940207424011e-143
-3.662491674242947462e-143
-3.140234715388279443e-143
-2.692449552057642502e-143
-2.308516798075916582e-143
-1.979331350118047002e-143
-1.697086456908378394e-143
-1.455088579307300058e-143
-1.247598650623704699e-143
-1.069695972584065956e-143
-9.171615192036861572e-144
-7.863778810684018676e-144
-6.742434771691076555e-144
-5.780989997931690857e-144
-4.956643480854051197e-144
-4.249845546365166256e-144
-3.643834227280120342e-144
-3.124237747240823898e-144
-2.678733688873329345e-144
-2.296756763227148929e-144
-1.969248250149137922e-144
-1.688441167477748862e-144
-1.447676074267284739e-144
-1.241243139751528588e-144
-1.064246732653995082e-144
-9.124893195311978770e-145
-7.823719187581103324e-145
-6.708087493842927709e-145
-5.751540507291868327e-145
-4.931393372162188391e-145
-4.228196004213536176e-145
-3.625271824991283453e-145
-3.108322270769519569e-145
-2.665087696971375665e-145
-2.285056636289581480e-145
-1.959216515458305107e-145
-1.679839918837755314e-145
-1.440301329973680649e-145
-1.234920005091386448e-145
-1.058825252215010091e-145
-9.078409209552120828e-146
-7.783863636011959875e-146
-6.673915187727243971e-146
-5.722241038101530551e-146
-4.906271892449071198e-146
-4.206656749052641054e-146
-3.606803983200329160e-146
-3.092487870839520197e-146
-2.651511220413991043e-146
-2.273416112080761197e-146
-1.949235884380580136e-146
-1.671282486636019858e-146
-1.432964154065962539e-146
-1.228629081712609301e-146
-1.053431389854848568e-146
-9.032162022281976017e-147
-7.744211116396393110e-147
-6.639916962004268207e-147
-5.693090826122475077e-147
-4.881278386453594100e-147
-4.185227219058557652e-147
-3.588430220197840089e-147
-3.076734134431285715e-147
-2.638003905076150659e-147
-2.261834886972761079e-147
-1.939306096584301365e-147
-1.662768647663153597e-147
-1.425664355163444765e-147
-1.222370205524507612e-147
-1.048065004881630380e-147
-8.986150427204365286e-148
-7.704760594450464183e-148
-6.606091929874528011e-148
-5.664089111008707552e-148
-4.856412202252952045e-148
-4.163906855270124477e-148
-3.570150056727711891e-148
-3.061060650629104481e-148
-2.624565398637261862e-148
-2.250312658884523459e-148
-1.929426893063875960e-148
-1.654298179846557277e-148
-1.418401742860372988e-148
-1.216143213272511015e-148
-1.042725957320245971e-148
-8.940373224166707823e-149
-7.665511041157772614e-149
-6.572439209056452357e-149
-5.635235136288555968e-149
-4.831672691244536477e-149
-4.142695101573398330e-149
-3.551963015975871365e-149
-3.045467010610719909e-149
-2.611195350571372951e-149
-2.238849127273466702e-149
-1.919598016133136512e-149
-1.645870862245195565e-149
-1.411176127721036282e-149
-1.209947942533629431e-149
-1.037414107908469106e-149
-8.894829219130737806e-150
-7.626461432745234291e-150
-6.538957921761861159e-150
-5.606528149343638044e-150
-4.807059208130676065e-150
-4.121591404687619196e-150
-3.533868623557029203e-150
-3.029952807635977847e-150
-2.597893412138178638e-150
-2.227443993128414600e-150
-1.909819209418727580e-150
-1.637486475043455251e-150
-1.403987321274505338e-150
-1.203784231712356785e-150
-1.032129318093679372e-150
-8.849517224139339140e-151
-7.587610750654631447e-151
-6.505647194675322259e-151
-5.577967401389873382e-151
-4.782571110900691867e-151
-4.100595214149848425e-151
-3.515866407502505848e-151
-3.014517637037255457e-151
-2.584659236374072397e-151
-2.216096958961285362e-151
-1.900090217852983317e-151
-1.629144799545599996e-151
-1.396835136010200131e-151
-1.197651920036179879e-151
-1.026871450029012096e-151
-8.804436057288595329e-152
-7.548957981516909680e-152
-6.472506158929866160e-152
-5.549552147456682315e-152
-4.758207760814436228e-152
-4.079705982302014576e-152
-3.497955898248121344e-152
-2.999161096208216284e-152
-2.571492478082505835e-152
-2.204807728799584062e-152
-1.890410787667928451e-152
-1.620845618169694076e-152
-1.389719385372675363e-152
-1.191550847551797592e-152
-1.021640366569878967e-152
-8.759584542694934651e-153
-7.510502117124023579e-153
-6.439533950084704015e-153
-5.521281646369463378e-153
-4.733968522385894613e-153
-4.058923164275687228e-153
-3.480136628621150216e-153
-2.983882784593644619e-153
-2.558392793825872105e-153
-2.193576008178181479e-153
-1.880780666388223135e-153
-1.612588714442484255e-153
-1.382639883756913940e-153
-1.185480855120673548e-153
-1.016435931270158918e-153
-8.714961510464967135e-154
-7.472242154405224697e-154
-6.406729708103040088e-154
-5.493155160728983952e-154
-4.709852763365537868e-154
-4.038246217978334789e-154
-3.462408133829332356e-154
-2.968682303678324455e-154
-2.545359841915953290e-154
-2.182401504132387373e-154
-1.871199602824792102e-154
-1.604373872993381589e-154
-1.375596446503171387e-154
-1.179441784414954386e-154
-1.011258008378988163e-154
-8.670565796665456982e-155
-7.434177095399177680e-155
-6.374092577328180160e-155
-5.465171956892778701e-155
-4.685859854725442606e-155
-4.017674604078258186e-155
-3.444769951447952592e-155
-2.953559256977662229e-155
-2.532393282405303504e-155
-2.171283925189805651e-155
-1.861667347067846365e-155
-1.596200879548937068e-155
-1.368588889892632159e-155
-1.173433477913406013e-155
-1.006106462836986321e-155
-8.626396243290997974e-156
-7.396305947228771157e-156
-6.341621706463406516e-156
-5.437331304954769011e-156
-4.661989170641812341e-156
-3.997207785991912288e-156
-3.427221621408170715e-156
-2.938513250026665125e-156
-2.519492777077803451e-156
-2.160222981362857148e-156
-1.852183650481007214e-156
-1.588069520927343199e-156
-1.361617031142300735e-156
-1.167455778897038709e-156
-1.000981160272848571e-156
-8.582451698236762363e-157
-7.358627722073545582e-157
-6.309316248548306991e-157
-5.409632478728090150e-157
-4.638240088479178199e-157
-3.976845229868980039e-157
-3.409762685984244263e-157
-2.923543890369821743e-157
-2.506657989440703247e-157
-2.149218384141338120e-157
-1.842748265694389912e-157
-1.579979585032510478e-157
-1.354680688400391766e-157
-1.161508531445419714e-157
-9.958819669996133068e-158
-8.538731015266478469e-158
-7.321141437146452496e-158
-6.277175360937410503e-158
-5.382074755724905126e-158
-4.614611988773109801e-158
-3.956586404578683526e-158
-3.392392689782757184e-158
-2.908650787551030673e-158
-2.493888584715270417e-158
-2.138269846484405856e-158
-1.833360946598364685e-158
-1.571930860849079295e-158
-1.347779680741276412e-158
-1.155591580432338497e-158
-9.908087500115169343e-159
-8.495233053983510196e-159
-7.283846114666532149e-159
-6.245198205276773327e-159
-5.354657417137872580e-159
-4.591104255215638697e-159
-3.936430781696153071e-159
-3.375111179729962605e-159
-2.893833553102754138e-159
-2.481184229828340496e-159
-2.127377082813825853e-159
-1.824021448336720523e-159
-1.563923138436554085e-159
-1.340913828161228148e-159
-1.149704771521892631e-159
-9.857613769802959263e-160
-8.451956679799173417e-160
-7.246740781833828796e-160
-6.213383947484260922e-160
-5.327379747821695145e-160
-4.567716274638125289e-160
-3.916377835487745303e-160
-3.357917705060351901e-160
-2.879091800536879649e-160
-2.468544593403066182e-160
-2.116539809006032776e-160
-1.814729527300904171e-160
-1.555956208924004189e-160
-1.334082951573416997e-160
-1.143847951164201869e-160
-9.807397162517934098e-161
-8.408900763906052208e-161
-7.209824470804434477e-161
-6.181731757726360754e-161
-5.300241036273261013e-161
-4.544447436995791519e-161
-3.896427042898678278e-161
-3.340811817304128545e-161
-2.864425145333975681e-161
-2.455969345751120844e-161
-2.105757742384962061e-161
-1.805484941123246387e-161
-1.548029864504263745e-161
-1.327286872803316230e-161
-1.138020966591794372e-161
-9.757436368425794783e-162
-8.366064183246606459e-162
-7.173096218663593700e-162
-6.150240810397241543e-162
-5.273240574614898671e-162
-4.521297135350770096e-162
-3.876577883538491139e-162
-3.323793070276663462e-162
-2.849833204933589527e-162
-2.443458158863534912e-162
-2.095030601714197005e-162
-1.796287448670747347e-162
-1.540143898429042585e-162
-1.320525414584130322e-162
-1.132223665815360264e-162
-9.707730084363128933e-163
-8.323445820484850226e-163
-7.136555067403055266e-163
-6.118910284095820201e-163
-5.246377658574701746e-163
-4.498264765857827753e-163
-3.856829839667910283e-163
-3.306861020066087022e-163
-2.835315598723619461e-163
-2.431010706402279652e-163
-2.084358107190352931e-163
-1.787136810038886837e-163
-1.532298105003177065e-163
-1.313798400551870083e-163
-1.126455897619917171e-163
-9.658277013806761638e-164
-8.281044563975301044e-164
-7.100200063894443531e-164
-6.087739361606443523e-164
-5.219651587468761536e-164
-4.475349727747578751e-164
-3.837182396184471558e-164
-3.290015225021904088e-164
-2.820871948031363182e-164
-2.418626663691892562e-164
-2.073739980435298485e-164
-1.778032786544960671e-164
-1.524492279579443052e-164
-1.307105655241203694e-164
-1.120717511560609372e-164
-9.609075866837699215e-165
-8.238859307736837719e-165
-7.064030259865199542e-165
-6.056727229876160320e-165
-5.193061664181696412e-165
-4.452551423311074453e-165
-3.817635040610399371e-165
-3.273255245743658137e-165
-2.806501876112988139e-165
-2.406305707710459568e-165
-2.063175944489132357e-165
-1.768975140722465499e-165
-1.516726218552868165e-165
-1.300447004080579545e-165
-1.115008357959167798e-165
-9.560125360108595181e-166
-8.196888951421947901e-166
-7.028044711872251517e-166
-6.025873079993872491e-166
-5.166607195150258186e-166
-4.429869257884463099e-166
-3.798187263078361769e-166
-3.256580645068728269e-166
-2.792205008144026452e-166
-2.394047517082016523e-166
-2.052665723802489527e-166
-1.759963636314496755e-166
-1.508999719355944015e-166
-1.293822273387820571e-166
-1.109328287899750528e-166
-9.511424216808093137e-167
-8.155132400288503877e-167
-6.992242481279813242e-167
-5.995176107169570737e-167
-5.140287490344047353e-167
-4.407302639832471652e-167
-3.778838556318602409e-167
-3.239990988062040497e-167
-2.777980971208965112e-167
-2.381851772067612212e-167
-2.042209044230057345e-167
-1.750998038267788632e-167
-1.501312580452993616e-167
-1.287231290365300273e-167
