-1.100000000000000089e+00
-4.046673852885865896e-01
-1.488688115602739837e-01
-5.476577520465034099e-02
-2.014720277760759931e-02
-7.411741698994014048e-03
-2.726627394332994773e-03
-1.003070162109968031e-03
-3.690088906927630765e-04
-1.357507844953475282e-04
-4.993992273873334027e-05
-1.837187086927022587e-05
-6.758633588661031549e-06
-2.486362347679159833e-06
-9.146815910139247283e-07
-3.364925525520084174e-07
-1.237886921911850427e-07
-4.553931490663683845e-08
-1.675297771918389240e-08
-6.163076081290994939e-09
-2.267268984682414029e-09
-8.340816470703097877e-10
-3.068414902155817413e-10
-1.128806759487208036e-10
-4.152647998707007628e-11
-1.527673825146042331e-11
-5.619997930869657771e-12
-2.067481698192991805e-12
-7.605840117634223927e-13
-2.798032212114615228e-13
-1.029338526572419343e-13
-3.786724819316974931e-14
-1.393058210400359498e-14
-5.124774759613737984e-15
-1.885299274696214615e-15
-6.935628436161689130e-16
-2.551475113267926696e-16
-9.386352388318473491e-17
-3.453046071252832740e-17
-1.270304659031736504e-17
-4.673189680820748066e-18
-1.719170408268487751e-18
-6.324474490722916850e-19
-2.326644141350188462e-19
-8.559245465247177234e-20
-3.148770438604333565e-20
-1.158367909330919442e-20
-4.261397391555905762e-21
-1.567680491015028764e-21
-5.767174229699810382e-22
-2.121624832760309673e-22
-7.805021578513174615e-23
-2.871306976634475278e-23
-1.056294805995954355e-23
-3.885891429420888263e-24
-1.429539567508253468e-24
-5.258982172274015703e-25
-1.934671422666743021e-25
-7.117258418210006095e-26
-2.618293049563840764e-26
-9.632161838966173189e-27
-3.543474314591767954e-27
-1.303571350657379179e-27
-4.795571000069389657e-28
-1.764191979603501899e-28
-6.490099595756767678e-29
-2.387574212434003497e-29
-8.783394670255678188e-30
-3.231230322881883508e-30
-1.188703205478006460e-30
-4.372994709499511788e-31
-1.608734849976354165e-31
-5.918204776023252835e-32
-2.177185865741595227e-32
-8.009419196153808903e-33
-2.946500657988885875e-33
-1.083957015472238373e-33
-3.987655011057915818e-34
-1.466976297052487590e-34
-5.396704203714209870e-35
-1.985336526629956855e-35
-7.303644919538808962e-36
-2.686860811514580778e-36
-9.884408538454319427e-37
-3.636270689436808021e-37
-1.337709229178108174e-37
-4.921157236799232694e-38
-1.810392574190501097e-38
-6.660062084941304589e-39
-2.450099917975318401e-39
-9.013413886389566811e-40
-3.315849663571912154e-40
-1.219832921243350292e-40
-4.487514533895316777e-41
-1.650864338978134487e-41
-6.073190504731386205e-42
-2.234201929008292087e-42
-8.219169571077290375e-43
-3.023663508701236620e-43
-1.112343641871493518e-43
-4.092083573622920180e-44
-1.505393418291238205e-44
-5.538032894641480860e-45
-2.037328446469773009e-45
-7.494912503699828732e-46
-2.757224223489948682e-46
-1.014326106521846457e-46
-3.731497212328616936e-47
-1.372741109204246623e-47
-5.050032321271241004e-48
-1.857803068246985675e-48
-6.834475545532920338e-49
-2.514263044390539110e-49
-9.249456837284008553e-50
-3.402685012439417265e-50
-1.251777860858655045e-50
-4.605033399234654751e-51
-1.694097113486272223e-51
-6.232234993994833536e-52
-2.292711126839926714e-52
-8.434412881094199895e-53
-3.102847097306149050e-53
-1.141473656197418105e-53
-4.199246907538292695e-54
-1.544816605686094267e-54
-5.683062696121647852e-55
-2.090681928791501848e-55
-7.691188996310509764e-56
-2.829430309906656519e-56
-1.040889241242001761e-56
-3.829217523894741625e-57
-1.408690402814291891e-57
-5.182282381708956788e-58
-1.906455146575701763e-58
-7.013456539406894173e-59
-2.580106472397205963e-59
-9.491681272283055609e-60
-3.491794402224935119e-60
-1.284559373376079610e-60
-4.725629844291303047e-61
-1.738462066300974642e-61
-6.395444534485533248e-62
-2.352752561389493227e-62
-8.655292974986463029e-63
-3.184104342813130645e-63
-1.171366526265657056e-63
-4.309216630895434954e-64
-1.585272206060498376e-64
-5.831890532701556257e-65
-2.145432630143273372e-65
-7.892605570480852222e-66
-2.903527326655108765e-66
-1.068148010355893129e-66
-3.929496931381139339e-67
-1.445581135201391218e-67
-5.317995801858669464e-68
-1.956381323739843908e-68
-7.197124680956603145e-69
-2.647674205671510264e-69
-9.740249071864777215e-70
-3.583237385428273823e-70
-1.318199366935973504e-70
-4.849384464609549480e-71
-1.783988846866035032e-71
-6.562928200411627640e-72
-2.414366358815728885e-72
-8.881957468642604753e-73
-3.267489550072760408e-73
-1.202042229714294334e-73
-4.422066237317690834e-74
-1.626787256207534696e-74
-5.984615867184519112e-75
-2.201617140845587451e-75
-8.099296834477432862e-76
-2.979564793349190109e-76
-1.096120631111403982e-76
-4.032402452297520038e-77
-1.483437960729565291e-77
-5.457263280056965008e-78
-2.007614965792788337e-78
-7.385602717032753522e-79
-2.717011400256295211e-79
-9.995326355827239739e-80
-3.677075074107913249e-80
-1.352720323408258990e-80
-4.976379966366831208e-81
-1.830707881083790686e-81
-6.734797922412602186e-82
-2.477593696099739077e-82
-9.114557843710602115e-83
-3.353058446069042816e-83
-1.233521267355064201e-83
-4.537871145076703507e-84
-1.669389500958830687e-84
-6.141340767102075239e-85
-2.259273009444908426e-85
-8.311400921683158268e-86
-3.057593526420610567e-86
-1.124825797829033697e-86
-4.138002859205667316e-87
-1.522286179410411406e-87
-5.600177889845122044e-88
-2.060190312576890509e-88
-7.579016608976055723e-89
-2.788164394739190834e-89
-1.025708359430766246e-89
-3.773370180722671891e-90
-1.388145313417240878e-90
-5.106701221646911961e-91
-1.878650391648987825e-91
-6.911168562363409480e-92
-2.542476828563891267e-92
-9.353249548834253460e-93
-3.440868217162190181e-93
-1.265824676874203384e-93
-4.656708747495035429e-94
-1.713107411726640959e-94
-6.302169972926526212e-95
-2.318438767807653972e-95
-8.529059582912872076e-96
-3.137665673079921630e-96
-1.154282694395458948e-96
-4.246368725680682235e-97
-1.562151753811299082e-97
-5.746835142170892303e-98
-2.114142500606234307e-98
-7.777495616798169686e-99
-2.861180741221053019e-99
-1.052569572170894117e-99
-3.872187060042926721e-100
-1.424498011759882094e-100
-5.240435325160561203e-101
-1.927848418915152474e-101
-7.092157990137550358e-102
-2.609059118111381566e-102
-9.598192103540712206e-103
-3.530977547306707566e-103
-1.298974046892101678e-103
-4.778658464668733013e-104
-1.757970205531516144e-104
-6.467210968069797239e-105
-2.379153956871339267e-105
-8.752418281146540796e-106
-3.219834746166904922e-106
-1.184511007084273863e-106
-4.357572473475850774e-107
-1.603061326406355404e-107
-5.897333049219211225e-108
-2.169507586548641399e-108
-7.981172385567187829e-109
-2.936109237095404457e-109
-1.080134225360967240e-109
-3.973591752159413387e-110
-1.461802713227857474e-110
-5.377671652451623654e-111
-1.978334842307409933e-111
-7.277887162380434359e-112
-2.677385062205328270e-112
-9.849549204848635279e-113
-3.623446657270339610e-113
-1.332991531391143202e-113
-4.903801796544389205e-114
-1.804007864528264665e-114
-6.636574050715451264e-115
-2.441459153070095357e-115
-8.981626288743295880e-116
-3.304155659913618987e-116
-1.215530937712480436e-116
-4.471688420922665417e-117
-1.645042237381839622e-117
-6.051772189914503070e-118
-2.226322571322622964e-118
-8.190183034055352092e-119
-3.012999957660110101e-119
-1.108420740673580831e-119
-4.077652026618331309e-120
-1.500084348843951014e-120
-5.518501919627396162e-121
-2.030143402296058213e-121
-7.468480203345645546e-122
-2.747500323606775783e-122
-1.010748883666817541e-122
-3.718337344880080195e-123
-1.367899864521388477e-123
-5.032222377386200473e-124
-1.851251156043262596e-124
-6.810372407531819661e-125
-2.505395995452215672e-125
-9.216836787201307311e-126
-3.390684766644008527e-126
-1.247363217141520214e-126
-4.588792832598349228e-127
-1.688122542907800563e-127
-6.210255777138357738e-128
-2.284625424825380543e-128
-8.404667245708299742e-129
-3.091904289583094790e-129
-1.137448022207414259e-129
-4.184437427712258497e-130
-1.539368502523653254e-130
-5.663020244653215334e-131
-2.083308722945589611e-131
-7.664064487848147036e-132
-2.819451760891472607e-132
-1.037218338206593939e-132
-3.815713026322138510e-133
-1.403722375793981254e-133
-5.164006031669391534e-134
-1.899731653136493198e-134
-6.988722189315534206e-135
-2.571007213507857661e-135
-9.458206969530177955e-136
-3.479479894434602647e-136
-1.280029119131870973e-136
-4.708963970294062006e-137
-1.732331033888235780e-137
-6.372889726707510670e-138
-2.344455111308384809e-138
-8.624768361996601686e-139
-3.172874965244445982e-139
-1.167235469120986483e-139
-4.294019320957148001e-140
-1.579681428173091625e-140
-5.811323210252229449e-141
-2.137866335054222106e-141
-7.864770726389866316e-142
-2.893287459765822661e-142
-1.064380973846992856e-142
-3.915638778523472921e-143
-1.440483005672444255e-143
-5.299240831437383570e-144
-1.949481755702073949e-144
-7.171742588616012447e-145
-2.638336655725491830e-145
-9.705898145304259910e-146
-3.570600385761469157e-146
-1.313550474560465902e-146
-4.832282145317870325e-147
-1.777697255202276228e-147
-6.539782728158203719e-148
-2.405851615417490214e-148
-8.850633478211982530e-149
-3.255966097977882410e-149
-1.197802988597265059e-149
-4.406470940786453647e-150
-1.621050067234720160e-150
-5.963509928452379416e-151
-2.193852699899409005e-151
-8.070733052514545718e-152
-2.969056765202940105e-152
-1.092254943589147775e-152
-4.018181382643209866e-153
-1.478206321572277366e-153
-5.438017155161027786e-154
-2.000534712121355506e-154
-7.359555919392764827e-155
-2.707429318896190583e-155
-9.960075848467093685e-156
-3.664107137159253189e-156
-1.347949686010439501e-156
-4.958829772167416294e-157
-1.824251525449259802e-157
-6.711046317384248930e-158
-2.468855968914983675e-158
-9.082413541772239407e-159
-3.341233218235111603e-159
-1.229171009147792490e-159
-4.521867439494277609e-160
-1.663502066692495648e-160
-6.119682106823747275e-161
-2.251305233605194404e-161
-8.282089112450224550e-162
-3.046810314420275210e-162
-1.120858875824317156e-162
-4.123409368703008722e-163
-1.516917534279552840e-163
-5.580427748139240732e-164
-2.052924641483074018e-164
-7.552287698758768391e-165
-2.778331378185334144e-165
-1.022090994795903855e-165
-3.760062639918806612e-166
-1.383249742742948655e-166
-5.088691423608173504e-167
-1.872024957210886182e-167
-6.886794951177340122e-168
-2.533510278101430580e-168
-9.320263453100597133e-169
-3.428733310697264510e-169
-1.261360494265219120e-169
-4.640285937460231190e-170
-1.707065797548571840e-170
-6.279944116450511766e-171
-2.310262332147701118e-171
-8.498980157099293409e-172
-3.126600070720865736e-172
-1.150211886783384003e-172
-4.231393061386215745e-173
-1.556642514799479685e-173
-5.726567784481412471e-174
-2.106686556385406453e-174
-7.750066730864536019e-175
-2.851090217991831844e-175
-1.048857476124200929e-175
-3.858531021850604844e-176
-1.419474236061074659e-176
-5.221953887194081426e-177
-1.921049477843999564e-177
-7.067146083719415892e-178
-2.599857751955646097e-178
-9.564342169146854516e-179
-3.518524852358205095e-179
-1.294392956433367889e-179
-4.761805574689585015e-180
-1.751770373783863265e-180
-6.444403061682963654e-181
-2.370763397015460247e-181
-8.721551136437577316e-182
-3.208479358220813436e-182
-1.180333593312380887e-182
-4.342204627036391035e-183
-1.597407811646198978e-183
-5.876534930713002096e-184
-2.161856386335159776e-184
-7.953025192978923158e-185
-2.925754463615488370e-185
-1.076324917079718797e-185
-3.959578090141859960e-186
-1.456647375076074197e-186
-5.358706223268345208e-187
-1.971357850817889062e-187
-7.252220245078205970e-188
-2.667942731011591030e-188
-9.814812809619557047e-189
-3.610667851605155869e-189
-1.328290471504197206e-189
-4.886507563703156640e-190
-1.797645671815143522e-190
-6.613168851716169315e-191
-2.432848861541733289e-191
-8.949950796385526569e-192
-3.292502897486212259e-192
-1.211244125982582335e-192
-4.455918121886645193e-193
-1.639240668585361769e-193
-6.030429411046843802e-194
-2.218471001759742799e-194
-8.161298723824241361e-195
-3.002374013753667014e-195
-1.104511674367359289e-195
-4.063271375335981956e-196
-1.494794002886519161e-196
-5.499039824483159013e-197
-2.022983697610370915e-197
-7.442141121758414592e-198
-2.737810716991495932e-198
-1.007184276600017287e-198
-3.705223888322777593e-199
-1.363075693451262098e-199
-5.014475243812265113e-200
-1.844722350461688080e-200
-6.786354274043154279e-201
-2.496560217926424882e-201
-9.184331778216273822e-202
-3.378726842103321747e-202
-1.242964142543922089e-202
-4.572609541551990132e-203
-1.682169042841351017e-203
-6.188354074363763243e-204
-2.276568238647959452e-204
-8.375026514224659751e-205
-3.081000073848980986e-205
-1.133436585416735528e-205
-4.169680176463763796e-206
-1.533939613181130467e-206
-5.643048476878126994e-207
-2.075961520177284116e-207
-7.637035639362371857e-208
-2.809508403215018063e-208
-1.033560381341212035e-208
-3.802256155047479243e-209
-1.398771869509543817e-209
-5.145794136815045283e-210
-1.893031871434803149e-210
-6.964075069831650832e-211
-2.561940044965641317e-211
-9.424850720566999099e-212
-3.467208816206452773e-212
-1.275514841730727888e-212
-4.692356871817808527e-213
-1.726221623781312594e-213
-6.350414462947290632e-214
-2.336186923836094193e-214
-8.594351400128532958e-215
-3.161685190310287356e-215
-1.163118980971373910e-215
-4.278875607356464141e-216
-1.574110367276412034e-216
-5.790828422558203046e-217
-2.130326724010416456e-217
-7.837034047415414370e-218
-2.883083705804749247e-218
-1.060627222541942231e-218
-3.901829499199487181e-219
-1.435402855711756179e-219
-5.280552004151332456e-220
-1.942606520363931977e-220
-7.146450011274834088e-221
-2.629032036507433434e-221
-9.671668364121735377e-222
-3.558007952988622524e-222
-1.308917977429001597e-222
-4.815240140758356532e-223
-1.771427852088481388e-223
-6.516718883018389280e-224
-2.397366900956190985e-224
-8.819419958066761973e-225
-3.244483285629865223e-225
-1.193578698007599885e-225
-4.390930644171735786e-226
-1.615333111600459379e-226
-5.942478424013041895e-227
-2.186115641799270863e-227
-8.042270006412647102e-228
-2.958585795708936352e-228
-1.088402889183170523e-228
-4.004010466420880125e-229
-1.472993132831519613e-229
-5.418838905554315358e-230
-1.993479428373391674e-230
-7.333600980967696126e-231
-2.697881030652737167e-231
-9.924949659035638473e-232
-3.651184934220727960e-232
-1.343195873214710652e-232
-4.941341472220153091e-233
-1.817817939437621650e-233
-6.687378477117350782e-234
-2.460149057063862057e-234
-9.050382603111044781e-235
-3.329449694420234640e-235
-1.224836092991745250e-235
-4.505920174164160298e-236
-1.657635395634639028e-236
-6.098099830120737389e-237
-2.243365557712484391e-237
-8.252880677145296892e-238
-3.036065131562806504e-238
-1.116905943959426763e-238
-4.108867345048562188e-239
-1.511567822744052732e-239
-5.560747259238159566e-240
-2.045684594224163507e-240
-7.525653053362139631e-241
-2.768533039721023097e-241
-1.018486387517244373e-241
-3.746802030805649520e-242
-1.378371437272807561e-242
-5.070745140705982382e-243
-1.865422888685723069e-243
-6.862507298381215108e-244
-2.524575349963425842e-244
-9.287393689397434887e-245
-3.416641200394708057e-245
-1.256912055484531122e-245
-4.623921045732982551e-246
-1.701045490325120937e-246
-6.257796643880074954e-247
-2.302114732315129217e-247
-8.469006812366344193e-248
-3.115573493410468268e-248
-1.146155435684401547e-248
-4.216470211751885990e-249
-1.551152705215316931e-249
-5.706371903661818206e-250
-2.099256907035528789e-250
-7.722734578355209618e-251
-2.841035281000688457e-251
-1.045158471522884813e-251
-3.844923144394376966e-252
-1.414468177706948161e-252
-5.203537627696204915e-253
-1.914274514591452313e-253
-7.042222386766375904e-254
-2.590688836248634875e-254
-9.530611613282421482e-255
-3.506116074316395202e-255
-1.289828022101726837e-255
-4.745012119780499652e-256
-1.745592406976571136e-256
-6.421675591916539353e-257
-2.362402428138547634e-257
-8.690792850856673027e-258
-3.197164017309918797e-258
-1.176170912021416414e-258
-4.326890978365443735e-259
-1.591774235130834650e-259
-5.855810160910315330e-260
-2.154232169601740111e-260
-7.924977267066320538e-261
-2.915436208304741873e-261
-1.072529043082137354e-261
-3.945613850091983866e-262
-1.451510218250142284e-262
-5.339807679445005660e-263
-1.964405465077205001e-263
-7.226643847267294232e-264
-2.658533700077734618e-264
-9.780198919200436889e-265
-3.597934112941000991e-265
-1.323605990840404494e-265
-4.869274322415412310e-266
-1.791305916640635237e-266
-6.589846195808551264e-267
-2.424268935919805051e-267
-8.918387013954649221e-268
-3.280891230844284750e-268
-1.206972432547281039e-268
-4.440203439948300844e-269
-1.633459560175696865e-269
-6.009161901735853007e-270
-2.210647122319307211e-270
-8.132516279860838106e-271
-2.991785544352862451e-271
-1.100616394161330284e-271
-4.048941440281980786e-272
-1.489522314386829915e-272
-5.479646366290203934e-273
-2.015849243047964641e-273
-7.415894930183602562e-274
-2.728155282702076330e-274
-1.003632240829358051e-274
-3.692156678979466286e-275
-1.358268535780374573e-275
-4.996790699036374367e-276
-1.838216570012161821e-276
-6.762420845281595923e-277
-2.487755601528306338e-277
-9.151941404613585804e-278
-3.366811089563031222e-278
-1.238580582158262611e-278
-4.556483324101813809e-279
-1.676236538977571195e-279
-6.166529612302215497e-280
-2.268539467740889324e-280
-8.345490316678796619e-281
-3.070134314001479097e-281
-1.129439295756133455e-281
-4.154974969598336970e-282
-1.528529869897166999e-282
-5.623147143516272323e-283
-2.068640228781558342e-283
-7.610102113489243589e-284
-2.799600112768034823e-284
-1.029915324988611568e-284
-3.788846742107148065e-285
-1.393838822170617596e-285
-5.127646469831882582e-286
-1.886355717846471600e-286
-6.939514873319150021e-287
-2.552904853597560803e-287
-9.391612109053335349e-288
-3.454981014377491958e-288
-1.271016484827134536e-288
-4.675808341578972077e-289
-1.720133759724840778e-289
-6.328018462677064745e-290
-2.327947895772208211e-290
-8.564041709729151071e-291
-3.150534878344083199e-291
-1.159017010436359332e-291
-4.263785301075236185e-292
-1.568558953834567998e-292
-5.770405913811229579e-293
-2.122813702905261513e-293
-7.809395187358676756e-294
-2.872915937412461150e-294
-1.056886709587826456e-294
-3.888068921046940766e-295
-1.430340621910801322e-295
-5.261929086733589002e-296
-1.935755531911310393e-296
-7.121246633240609934e-297
-2.619760231880570884e-297
-9.637559301073925378e-298
-3.545459929935711747e-298
-1.304301817720490668e-298
-4.798258238219105019e-299
-1.765180559272313829e-299
-6.493736377117927724e-300
-2.388912109528810101e-300
-8.788316518611498594e-301
-3.233040969704554511e-301
-1.189369305219289363e-301
-4.375445153505388031e-302
-1.609636317947857563e-302
-5.921521091359159458e-303
-2.178405869974116961e-303
-8.013907340906677210e-304
-2.948151754172467850e-304
-1.084564419813574805e-304
-3.989889526754474868e-305
-1.467798329438226800e-305
-5.399728291861113936e-306
-1.986449026487493661e-306
-7.307737577797747173e-307
-2.688366416347784697e-307
-9.889947349100961661e-308
-3.638308304002249053e-308
-1.338458825685765418e-308
-4.923914848242641268e-309
-1.811407042747273083e-309
-6.663794106198834223e-310
-2.451472851869965904e-310
-9.018464627928969045e-311
-3.317707727547050510e-311
-1.220516464780272631e-311
-4.490029150041953167e-312
-1.651789414559469225e-312
-6.076593667623839358e-313
-2.235453882684899189e-313
-8.223775251023250924e-314
-3.025357844066466050e-314
-1.112966952783739208e-314
-4.094376606280932028e-315
-1.506236976211511754e-315
-5.541136186350405952e-316
-2.038470092393470024e-316
-7.499112164998692991e-317
-2.758769187970456707e-317
-1.014894827717713414e-317
-3.733589857088340772e-318
-1.373512376751582218e-318
-5.052858766583012532e-319
-1.858823179348521873e-319
-6.838362604088693418e-320
-2.515782268623627403e-320
-9.253849546606547772e-321
-3.404112299846188689e-321
-1.249986083978353757e-321
-4.644217070907717515e-322
-1.679823195860238250e-322
-5.928787750094958530e-323
-1.976262583364986177e-323
-9.881312916824930884e-324
-4.940656458412465442e-324
0.000000000000000000e+00
0.000000000000000000e+00
0.000000000000000000e+00
0.000000000000000000e+00
0.000000000000000000e+00
0.000000000000000000e+00
0.000000000000000000e+00
0.000000000000000000e+00
0.000000000000000000e+00
0.000000000000000000e+00
0.000000000000000000e+00
0.000000000000000000e+00
0.000000000000000000e+00
0.000000000000000000e+00
0.000000000000000000e+00
0.000000000000000000e+00
0.000000000000000000e+00
0.000000000000000000e+00
0.000000000000000000e+00
0.000000000000000000e+00
0.000000000000000000e+00
0.000000000000000000e+00
0.000000000000000000e+00
0.000000000000000000e+00
0.000000000000000000e+00
0.000000000000000000e+00
0.000000000000000000e+00
0.000000000000000000e+00
0.000000000000000000e+00
0.000000000000000000e+00
0.000000000000000000e+00
0.000000000000000000e+00
0.000000000000000000e+00
0.000000000000000000e+00
0.000000000000000000e+00
0.000000000000000000e+00
0.000000000000000000e+00
0.000000000000000000e+00
0.000000000000000000e+00
0.000000000000000000e+00
0.000000000000000000e+00
0.000000000000000000e+00
0.000000000000000000e+00
0.000000000000000000e+00
0.000000000000000000e+00
0.000000000000000000e+00
0.000000000000000000e+00
0.000000000000000000e+00
0.000000000000000000e+00
0.000000000000000000e+00
0.000000000000000000e+00
0.000000000000000000e+00
0.000000000000000000e+00
0.000000000000000000e+00
0.000000000000000000e+00
0.000000000000000000e+00
0.000000000000000000e+00
0.000000000000000000e+00
0.000000000000000000e+00
0.000000000000000000e+00
0.000000000000000000e+00
0.000000000000000000e+00
0.000000000000000000e+00
0.000000000000000000e+00
0.000000000000000000e+00
0.000000000000000000e+00
0.000000000000000000e+00
0.000000000000000000e+00
0.000000000000000000e+00
0.000000000000000000e+00
0.000000000000000000e+00
0.000000000000000000e+00
0.000000000000000000e+00
0.000000000000000000e+00
0.000000000000000000e+00
0.000000000000000000e+00
0.000000000000000000e+00
0.000000000000000000e+00
0.000000000000000000e+00
0.000000000000000000e+00
0.000000000000000000e+00
0.000000000000000000e+00
0.000000000000000000e+00
0.000000000000000000e+00
0.000000000000000000e+00
0.000000000000000000e+00
0.000000000000000000e+00
0.000000000000000000e+00
0.000000000000000000e+00
0.000000000000000000e+00
0.000000000000000000e+00
0.000000000000000000e+00
0.000000000000000000e+00
0.000000000000000000e+00
0.000000000000000000e+00
0.000000000000000000e+00
0.000000000000000000e+00
0.000000000000000000e+00
0.000000000000000000e+00
0.000000000000000000e+00
0.000000000000000000e+00
0.000000000000000000e+00
0.000000000000000000e+00
0.000000000000000000e+00
0.000000000000000000e+00
0.000000000000000000e+00
0.000000000000000000e+00
0.000000000000000000e+00
0.000000000000000000e+00
0.000000000000000000e+00
0.000000000000000000e+00
0.000000000000000000e+00
0.000000000000000000e+00
0.000000000000000000e+00
0.000000000000000000e+00
0.000000000000000000e+00
0.000000000000000000e+00
0.000000000000000000e+00
0.000000000000000000e+00
0.000000000000000000e+00
0.000000000000000000e+00
0.000000000000000000e+00
0.000000000000000000e+00
0.000000000000000000e+00
0.000000000000000000e+00
0.000000000000000000e+00
0.000000000000000000e+00
0.000000000000000000e+00
0.000000000000000000e+00
0.000000000000000000e+00
0.000000000000000000e+00
0.000000000000000000e+00
0.000000000000000000e+00
0.000000000000000000e+00
0.000000000000000000e+00
0.000000000000000000e+00
0.000000000000000000e+00
0.000000000000000000e+00
0.000000000000000000e+00
0.000000000000000000e+00
0.000000000000000000e+00
0.000000000000000000e+00
0.000000000000000000e+00
0.000000000000000000e+00
0.000000000000000000e+00
0.000000000000000000e+00
0.000000000000000000e+00
0.000000000000000000e+00
0.000000000000000000e+00
0.000000000000000000e+00
0.000000000000000000e+00
0.000000000000000000e+00
0.000000000000000000e+00
0.000000000000000000e+00
0.000000000000000000e+00
0.000000000000000000e+00
0.000000000000000000e+00
0.000000000000000000e+00
0.000000000000000000e+00
0.000000000000000000e+00
0.000000000000000000e+00
0.000000000000000000e+00
0.000000000000000000e+00
0.000000000000000000e+00
0.000000000000000000e+00
0.000000000000000000e+00
0.000000000000000000e+00
0.000000000000000000e+00
0.000000000000000000e+00
0.000000000000000000e+00
0.000000000000000000e+00
0.000000000000000000e+00
0.000000000000000000e+00
0.000000000000000000e+00
0.000000000000000000e+00
0.000000000000000000e+00
0.000000000000000000e+00
0.000000000000000000e+00
0.000000000000000000e+00
0.000000000000000000e+00
0.000000000000000000e+00
0.000000000000000000e+00
0.000000000000000000e+00
0.000000000000000000e+00
0.000000000000000000e+00
0.000000000000000000e+00
0.000000000000000000e+00
0.000000000000000000e+00
0.000000000000000000e+00
0.000000000000000000e+00
0.000000000000000000e+00
0.000000000000000000e+00
0.000000000000000000e+00
0.000000000000000000e+00
0.000000000000000000e+00
0.000000000000000000e+00
0.000000000000000000e+00
0.000000000000000000e+00
0.000000000000000000e+00
0.000000000000000000e+00
0.000000000000000000e+00
0.000000000000000000e+00
0.000000000000000000e+00
0.000000000000000000e+00
0.000000000000000000e+00
0.000000000000000000e+00
0.000000000000000000e+00
0.000000000000000000e+00
0.000000000000000000e+00
0.000000000000000000e+00
0.000000000000000000e+00
0.000000000000000000e+00
0.000000000000000000e+00
0.000000000000000000e+00
0.000000000000000000e+00
0.000000000000000000e+00
0.000000000000000000e+00
0.000000000000000000e+00
0.000000000000000000e+00
0.000000000000000000e+00
0.000000000000000000e+00
0.000000000000000000e+00
0.000000000000000000e+00
0.000000000000000000e+00
0.000000000000000000e+00
0.000000000000000000e+00
0.000000000000000000e+00
0.000000000000000000e+00
0.000000000000000000e+00
0.000000000000000000e+00
0.000000000000000000e+00
0.000000000000000000e+00
0.000000000000000000e+00
0.000000000000000000e+00
0.000000000000000000e+00
0.000000000000000000e+00
0.000000000000000000e+00
0.000000000000000000e+00
0.000000000000000000e+00
0.000000000000000000e+00
0.000000000000000000e+00
0.000000000000000000e+00
0.000000000000000000e+00
0.000000000000000000e+00
0.000000000000000000e+00
0.000000000000000000e+00
0.000000000000000000e+00
0.000000000000000000e+00
0.000000000000000000e+00
0.000000000000000000e+00
0.000000000000000000e+00
0.000000000000000000e+00
0.000000000000000000e+00
0.000000000000000000e+00
0.000000000000000000e+00
0.000000000000000000e+00
0.000000000000000000e+00
0.000000000000000000e+00
0.000000000000000000e+00
0.000000000000000000e+00
0.000000000000000000e+00
0.000000000000000000e+00
0.000000000000000000e+00
0.000000000000000000e+00
0.000000000000000000e+00
0.000000000000000000e+00
0.000000000000000000e+00
0.000000000000000000e+00
0.000000000000000000e+00
0.000000000000000000e+00
0.000000000000000000e+00
0.000000000000000000e+00
0.000000000000000000e+00
0.000000000000000000e+00
0.000000000000000000e+00
0.000000000000000000e+00
0.000000000000000000e+00
0.000000000000000000e+00
0.000000000000000000e+00
0.000000000000000000e+00
0.000000000000000000e+00
0.000000000000000000e+00
0.000000000000000000e+00
0.000000000000000000e+00
0.000000000000000000e+00
0.000000000000000000e+00
0.000000000000000000e+00
0.000000000000000000e+00
0.000000000000000000e+00
0.000000000000000000e+00
0.000000000000000000e+00
0.000000000000000000e+00
0.000000000000000000e+00
0.000000000000000000e+00
0.000000000000000000e+00
0.000000000000000000e+00
0.000000000000000000e+00
0.000000000000000000e+00
0.000000000000000000e+00
0.000000000000000000e+00
0.000000000000000000e+00
0.000000000000000000e+00
0.000000000000000000e+00
0.000000000000000000e+00
0.000000000000000000e+00
0.000000000000000000e+00
0.000000000000000000e+00
0.000000000000000000e+00
0.000000000000000000e+00
0.000000000000000000e+00
0.000000000000000000e+00
0.000000000000000000e+00
0.000000000000000000e+00
0.000000000000000000e+00
0.000000000000000000e+00
0.000000000000000000e+00
0.000000000000000000e+00
0.000000000000000000e+00
0.000000000000000000e+00
0.000000000000000000e+00
0.000000000000000000e+00
0.000000000000000000e+00
0.000000000000000000e+00
0.000000000000000000e+00
0.000000000000000000e+00
0.000000000000000000e+00
0.000000000000000000e+00
0.000000000000000000e+00
0.000000000000000000e+00
0.000000000000000000e+00
0.000000000000000000e+00
0.000000000000000000e+00
0.000000000000000000e+00
0.000000000000000000e+00
0.000000000000000000e+00
0.000000000000000000e+00
0.000000000000000000e+00
0.000000000000000000e+00
0.000000000000000000e+00
0.000000000000000000e+00
0.000000000000000000e+00
0.000000000000000000e+00
0.000000000000000000e+00
0.000000000000000000e+00
0.000000000000000000e+00
0.000000000000000000e+00
0.000000000000000000e+00
0.000000000000000000e+00
0.000000000000000000e+00
0.000000000000000000e+00
0.000000000000000000e+00
0.000000000000000000e+00
0.000000000000000000e+00
0.000000000000000000e+00
0.000000000000000000e+00
0.000000000000000000e+00
0.000000000000000000e+00
0.000000000000000000e+00
0.000000000000000000e+00
0.000000000000000000e+00
0.000000000000000000e+00
0.000000000000000000e+00
0.000000000000000000e+00
0.000000000000000000e+00
0.000000000000000000e+00
0.000000000000000000e+00
0.000000000000000000e+00
0.000000000000000000e+00
0.000000000000000000e+00
0.000000000000000000e+00
0.000000000000000000e+00
0.000000000000000000e+00
0.000000000000000000e+00
0.000000000000000000e+00
0.000000000000000000e+00
0.000000000000000000e+00
0.000000000000000000e+00
0.000000000000000000e+00
0.000000000000000000e+00
0.000000000000000000e+00
0.000000000000000000e+00
0.000000000000000000e+00
0.000000000000000000e+00
0.000000000000000000e+00
0.000000000000000000e+00
0.000000000000000000e+00
0.000000000000000000e+00
0.000000000000000000e+00
0.000000000000000000e+00
0.000000000000000000e+00
0.000000000000000000e+00
0.000000000000000000e+00
0.000000000000000000e+00
0.000000000000000000e+00
0.000000000000000000e+00
0.000000000000000000e+00
0.000000000000000000e+00
0.000000000000000000e+00
0.000000000000000000e+00
0.000000000000000000e+00
0.000000000000000000e+00
0.000000000000000000e+00
0.000000000000000000e+00
0.000000000000000000e+00
0.000000000000000000e+00
0.000000000000000000e+00
0.000000000000000000e+00
0.000000000000000000e+00
0.000000000000000000e+00
0.000000000000000000e+00
0.000000000000000000e+00
0.000000000000000000e+00
0.000000000000000000e+00
0.000000000000000000e+00
0.000000000000000000e+00
0.000000000000000000e+00
0.000000000000000000e+00
0.000000000000000000e+00
0.000000000000000000e+00
0.000000000000000000e+00
0.000000000000000000e+00
0.000000000000000000e+00
0.000000000000000000e+00
0.000000000000000000e+00
0.000000000000000000e+00
0.000000000000000000e+00
0.000000000000000000e+00
0.000000000000000000e+00
0.000000000000000000e+00
0.000000000000000000e+00
0.000000000000000000e+00
0.000000000000000000e+00
0.000000000000000000e+00
0.000000000000000000e+00
0.000000000000000000e+00
0.000000000000000000e+00
0.000000000000000000e+00
0.000000000000000000e+00
0.000000000000000000e+00
0.000000000000000000e+00
0.000000000000000000e+00
0.000000000000000000e+00
0.000000000000000000e+00
0.000000000000000000e+00
0.000000000000000000e+00
0.000000000000000000e+00
0.000000000000000000e+00
0.000000000000000000e+00
0.000000000000000000e+00
0.000000000000000000e+00
0.000000000000000000e+00
0.000000000000000000e+00
0.000000000000000000e+00
0.000000000000000000e+00
0.000000000000000000e+00
0.000000000000000000e+00
0.000000000000000000e+00
0.000000000000000000e+00
0.000000000000000000e+00
0.000000000000000000e+00
0.000000000000000000e+00
0.000000000000000000e+00
0.000000000000000000e+00
0.000000000000000000e+00
0.000000000000000000e+00
0.000000000000000000e+00
0.000000000000000000e+00
0.000000000000000000e+00
0.000000000000000000e+00
0.000000000000000000e+00
0.000000000000000000e+00
0.000000000000000000e+00
0.000000000000000000e+00
0.000000000000000000e+00
0.000000000000000000e+00
0.000000000000000000e+00
0.000000000000000000e+00
0.000000000000000000e+00
0.000000000000000000e+00
0.000000000000000000e+00
0.000000000000000000e+00
0.000000000000000000e+00
0.000000000000000000e+00
0.000000000000000000e+00
0.000000000000000000e+00
0.000000000000000000e+00
0.000000000000000000e+00
0.000000000000000000e+00
0.000000000000000000e+00
0.000000000000000000e+00
0.000000000000000000e+00
0.000000000000000000e+00
0.000000000000000000e+00
0.000000000000000000e+00
0.000000000000000000e+00
0.000000000000000000e+00
0.000000000000000000e+00
0.000000000000000000e+00
0.000000000000000000e+00
0.000000000000000000e+00
0.000000000000000000e+00
0.000000000000000000e+00
0.000000000000000000e+00
0.000000000000000000e+00
0.000000000000000000e+00
0.000000000000000000e+00
0.000000000000000000e+00
0.000000000000000000e+00
0.000000000000000000e+00
0.000000000000000000e+00
0.000000000000000000e+00
0.000000000000000000e+00
0.000000000000000000e+00
0.000000000000000000e+00
0.000000000000000000e+00
0.000000000000000000e+00
0.000000000000000000e+00
0.000000000000000000e+00
0.000000000000000000e+00
0.000000000000000000e+00
0.000000000000000000e+00
0.000000000000000000e+00
0.000000000000000000e+00
0.000000000000000000e+00
0.000000000000000000e+00
0.000000000000000000e+00
0.000000000000000000e+00
0.000000000000000000e+00
0.000000000000000000e+00
0.000000000000000000e+00
0.000000000000000000e+00
0.000000000000000000e+00
0.000000000000000000e+00
0.000000000000000000e+00
0.000000000000000000e+00
0.000000000000000000e+00
0.000000000000000000e+00
0.000000000000000000e+00
0.000000000000000000e+00
0.000000000000000000e+00
0.000000000000000000e+00
0.000000000000000000e+00
0.000000000000000000e+00
0.000000000000000000e+00
0.000000000000000000e+00
0.000000000000000000e+00
0.000000000000000000e+00
0.000000000000000000e+00
0.000000000000000000e+00
0.000000000000000000e+00
0.000000000000000000e+00
0.000000000000000000e+00
0.000000000000000000e+00
0.000000000000000000e+00
0.000000000000000000e+00
0.000000000000000000e+00
0.000000000000000000e+00
0.000000000000000000e+00
0.000000000000000000e+00
0.000000000000000000e+00
0.000000000000000000e+00
0.000000000000000000e+00
0.000000000000000000e+00
0.000000000000000000e+00
0.000000000000000000e+00
0.000000000000000000e+00
0.000000000000000000e+00
0.000000000000000000e+00
0.000000000000000000e+00
0.000000000000000000e+00
0.000000000000000000e+00
0.000000000000000000e+00
0.000000000000000000e+00
0.000000000000000000e+00
0.000000000000000000e+00
0.000000000000000000e+00
0.000000000000000000e+00
0.000000000000000000e+00
0.000000000000000000e+00
0.000000000000000000e+00
0.000000000000000000e+00
0.000000000000000000e+00
0.000000000000000000e+00
0.000000000000000000e+00
0.000000000000000000e+00
0.000000000000000000e+00
0.000000000000000000e+00
0.000000000000000000e+00
0.000000000000000000e+00
0.000000000000000000e+00
0.000000000000000000e+00
0.000000000000000000e+00
0.000000000000000000e+00
0.000000000000000000e+00
0.000000000000000000e+00
0.000000000000000000e+00
0.000000000000000000e+00
0.000000000000000000e+00
0.000000000000000000e+00
0.000000000000000000e+00
0.000000000000000000e+00
0.000000000000000000e+00
0.000000000000000000e+00
0.000000000000000000e+00
0.000000000000000000e+00
0.000000000000000000e+00
0.000000000000000000e+00
0.000000000000000000e+00
0.000000000000000000e+00
0.000000000000000000e+00
0.000000000000000000e+00
0.000000000000000000e+00
0.000000000000000000e+00
0.000000000000000000e+00
0.000000000000000000e+00
0.000000000000000000e+00
0.000000000000000000e+00
0.000000000000000000e+00
0.000000000000000000e+00
0.000000000000000000e+00
0.000000000000000000e+00
0.000000000000000000e+00
0.000000000000000000e+00
0.000000000000000000e+00
0.000000000000000000e+00
0.000000000000000000e+00
0.000000000000000000e+00
0.000000000000000000e+00
0.000000000000000000e+00
0.000000000000000000e+00
0.000000000000000000e+00
0.000000000000000000e+00
0.000000000000000000e+00
0.000000000000000000e+00
0.000000000000000000e+00
0.000000000000000000e+00
0.000000000000000000e+00
0.000000000000000000e+00
0.000000000000000000e+00
0.000000000000000000e+00
0.000000000000000000e+00
0.000000000000000000e+00
0.000000000000000000e+00
0.000000000000000000e+00
0.000000000000000000e+00
0.000000000000000000e+00
0.000000000000000000e+00
0.000000000000000000e+00
0.000000000000000000e+00
0.000000000000000000e+00
0.000000000000000000e+00
0.000000000000000000e+00
0.000000000000000000e+00
0.000000000000000000e+00
0.000000000000000000e+00
0.000000000000000000e+00
0.000000000000000000e+00
0.000000000000000000e+00
0.000000000000000000e+00
0.000000000000000000e+00
0.000000000000000000e+00
0.000000000000000000e+00
0.000000000000000000e+00
0.000000000000000000e+00
0.000000000000000000e+00
0.000000000000000000e+00
0.000000000000000000e+00
0.000000000000000000e+00
0.000000000000000000e+00
0.000000000000000000e+00
0.000000000000000000e+00
0.000000000000000000e+00
0.000000000000000000e+00
0.000000000000000000e+00
0.000000000000000000e+00
0.000000000000000000e+00
0.000000000000000000e+00
0.000000000000000000e+00
0.000000000000000000e+00
0.000000000000000000e+00
0.000000000000000000e+00
0.000000000000000000e+00
0.000000000000000000e+00
0.000000000000000000e+00
0.000000000000000000e+00
0.000000000000000000e+00
0.000000000000000000e+00
0.000000000000000000e+00
0.000000000000000000e+00
0.000000000000000000e+00
0.000000000000000000e+00
0.000000000000000000e+00
0.000000000000000000e+00
0.000000000000000000e+00
0.000000000000000000e+00
0.000000000000000000e+00
0.000000000000000000e+00
0.000000000000000000e+00
0.000000000000000000e+00
0.000000000000000000e+00
0.000000000000000000e+00
0.000000000000000000e+00
0.000000000000000000e+00
0.000000000000000000e+00
0.000000000000000000e+00
0.000000000000000000e+00
0.000000000000000000e+00
0.000000000000000000e+00
0.000000000000000000e+00
0.000000000000000000e+00
0.000000000000000000e+00
0.000000000000000000e+00
0.000000000000000000e+00
0.000000000000000000e+00
0.000000000000000000e+00
0.000000000000000000e+00
0.000000000000000000e+00
0.000000000000000000e+00
0.000000000000000000e+00
0.000000000000000000e+00
0.000000000000000000e+00
0.000000000000000000e+00
0.000000000000000000e+00
0.000000000000000000e+00
0.000000000000000000e+00
0.000000000000000000e+00
0.000000000000000000e+00
0.000000000000000000e+00
0.000000000000000000e+00
0.000000000000000000e+00
0.000000000000000000e+00
0.000000000000000000e+00
0.000000000000000000e+00
0.000000000000000000e+00
0.000000000000000000e+00
0.000000000000000000e+00
0.000000000000000000e+00
0.000000000000000000e+00
0.000000000000000000e+00
0.000000000000000000e+00
0.000000000000000000e+00
0.000000000000000000e+00
0.000000000000000000e+00
0.000000000000000000e+00
0.000000000000000000e+00
0.000000000000000000e+00
0.000000000000000000e+00
0.000000000000000000e+00
0.000000000000000000e+00
0.000000000000000000e+00
0.000000000000000000e+00
0.000000000000000000e+00
0.000000000000000000e+00
0.000000000000000000e+00
0.000000000000000000e+00
0.000000000000000000e+00
0.000000000000000000e+00
0.000000000000000000e+00
0.000000000000000000e+00
0.000000000000000000e+00
0.000000000000000000e+00
0.000000000000000000e+00
0.000000000000000000e+00
0.000000000000000000e+00
0.000000000000000000e+00
0.000000000000000000e+00
0.000000000000000000e+00
0.000000000000000000e+00
0.000000000000000000e+00
0.000000000000000000e+00
0.000000000000000000e+00
0.000000000000000000e+00
0.000000000000000000e+00
0.000000000000000000e+00
0.000000000000000000e+00
0.000000000000000000e+00
0.000000000000000000e+00
0.000000000000000000e+00
0.000000000000000000e+00
0.000000000000000000e+00
0.000000000000000000e+00
0.000000000000000000e+00
0.000000000000000000e+00
0.000000000000000000e+00
0.000000000000000000e+00
0.000000000000000000e+00
0.000000000000000000e+00
0.000000000000000000e+00
0.000000000000000000e+00
0.000000000000000000e+00
0.000000000000000000e+00
0.000000000000000000e+00
0.000000000000000000e+00
0.000000000000000000e+00
0.000000000000000000e+00
0.000000000000000000e+00
0.000000000000000000e+00
0.000000000000000000e+00
0.000000000000000000e+00
0.000000000000000000e+00
0.000000000000000000e+00
0.000000000000000000e+00
0.000000000000000000e+00
0.000000000000000000e+00
0.000000000000000000e+00
0.000000000000000000e+00
0.000000000000000000e+00
0.000000000000000000e+00
0.000000000000000000e+00
0.000000000000000000e+00
0.000000000000000000e+00
0.000000000000000000e+00
0.000000000000000000e+00
0.000000000000000000e+00
0.000000000000000000e+00
0.000000000000000000e+00
0.000000000000000000e+00
0.000000000000000000e+00
0.000000000000000000e+00
0.000000000000000000e+00
0.000000000000000000e+00
0.000000000000000000e+00
0.000000000000000000e+00
0.000000000000000000e+00
0.000000000000000000e+00
0.000000000000000000e+00
0.000000000000000000e+00
0.000000000000000000e+00
0.000000000000000000e+00
0.000000000000000000e+00
0.000000000000000000e+00
0.000000000000000000e+00
0.000000000000000000e+00
0.000000000000000000e+00
0.000000000000000000e+00
0.000000000000000000e+00
0.000000000000000000e+00
0.000000000000000000e+00
0.000000000000000000e+00
0.000000000000000000e+00
0.000000000000000000e+00
0.000000000000000000e+00
0.000000000000000000e+00
0.000000000000000000e+00
0.000000000000000000e+00
0.000000000000000000e+00
0.000000000000000000e+00
0.000000000000000000e+00
0.000000000000000000e+00
0.000000000000000000e+00
0.000000000000000000e+00
0.000000000000000000e+00
0.000000000000000000e+00
0.000000000000000000e+00
0.000000000000000000e+00
0.000000000000000000e+00
0.000000000000000000e+00
0.000000000000000000e+00
0.000000000000000000e+00
0.000000000000000000e+00
0.000000000000000000e+00
0.000000000000000000e+00
0.000000000000000000e+00
0.000000000000000000e+00
0.000000000000000000e+00
0.000000000000000000e+00
0.000000000000000000e+00
0.000000000000000000e+00
0.000000000000000000e+00
0.000000000000000000e+00
0.000000000000000000e+00
0.000000000000000000e+00
0.000000000000000000e+00
0.000000000000000000e+00
0.000000000000000000e+00
0.000000000000000000e+00
0.000000000000000000e+00
0.000000000000000000e+00
0.000000000000000000e+00
0.000000000000000000e+00
0.000000000000000000e+00
0.000000000000000000e+00
0.000000000000000000e+00
0.000000000000000000e+00
0.000000000000000000e+00
0.000000000000000000e+00
0.000000000000000000e+00
0.000000000000000000e+00
0.000000000000000000e+00
0.000000000000000000e+00
0.000000000000000000e+00
0.000000000000000000e+00
0.000000000000000000e+00
0.000000000000000000e+00
0.000000000000000000e+00
0.000000000000000000e+00
0.000000000000000000e+00
0.000000000000000000e+00
0.000000000000000000e+00
0.000000000000000000e+00
0.000000000000000000e+00
0.000000000000000000e+00
0.000000000000000000e+00
0.000000000000000000e+00
0.000000000000000000e+00
0.000000000000000000e+00
0.000000000000000000e+00
0.000000000000000000e+00
0.000000000000000000e+00
0.000000000000000000e+00
0.000000000000000000e+00
0.000000000000000000e+00
0.000000000000000000e+00
0.000000000000000000e+00
0.000000000000000000e+00
0.000000000000000000e+00
0.000000000000000000e+00
0.000000000000000000e+00
0.000000000000000000e+00
0.000000000000000000e+00
0.000000000000000000e+00
0.000000000000000000e+00
0.000000000000000000e+00
0.000000000000000000e+00
0.000000000000000000e+00
0.000000000000000000e+00
0.000000000000000000e+00
0.000000000000000000e+00
0.000000000000000000e+00
0.000000000000000000e+00
0.000000000000000000e+00
0.000000000000000000e+00
0.000000000000000000e+00
0.000000000000000000e+00
0.000000000000000000e+00
0.000000000000000000e+00
0.000000000000000000e+00
0.000000000000000000e+00
0.000000000000000000e+00
0.000000000000000000e+00
0.000000000000000000e+00
0.000000000000000000e+00
0.000000000000000000e+00
0.000000000000000000e+00
0.000000000000000000e+00
0.000000000000000000e+00
0.000000000000000000e+00
0.000000000000000000e+00
0.000000000000000000e+00
0.000000000000000000e+00
0.000000000000000000e+00
0.000000000000000000e+00
0.000000000000000000e+00
0.000000000000000000e+00
0.000000000000000000e+00
0.000000000000000000e+00
0.000000000000000000e+00
0.000000000000000000e+00
0.000000000000000000e+00
0.000000000000000000e+00
0.000000000000000000e+00
0.000000000000000000e+00
0.000000000000000000e+00
0.000000000000000000e+00
0.000000000000000000e+00
0.000000000000000000e+00
0.000000000000000000e+00
0.000000000000000000e+00
0.000000000000000000e+00
0.000000000000000000e+00
0.000000000000000000e+00
0.000000000000000000e+00
0.000000000000000000e+00
0.000000000000000000e+00
0.000000000000000000e+00
0.000000000000000000e+00
0.000000000000000000e+00
0.000000000000000000e+00
0.000000000000000000e+00
0.000000000000000000e+00
0.000000000000000000e+00
0.000000000000000000e+00
0.000000000000000000e+00
0.000000000000000000e+00
0.000000000000000000e+00
0.000000000000000000e+00
0.000000000000000000e+00
0.000000000000000000e+00
0.000000000000000000e+00
0.000000000000000000e+00
0.000000000000000000e+00
0.000000000000000000e+00
0.000000000000000000e+00
0.000000000000000000e+00
0.000000000000000000e+00
0.000000000000000000e+00
0.000000000000000000e+00
0.000000000000000000e+00
0.000000000000000000e+00
0.000000000000000000e+00
0.000000000000000000e+00
0.000000000000000000e+00
0.000000000000000000e+00
0.000000000000000000e+00
0.000000000000000000e+00
0.000000000000000000e+00
0.000000000000000000e+00
0.000000000000000000e+00
0.000000000000000000e+00
0.000000000000000000e+00
0.000000000000000000e+00
0.000000000000000000e+00
0.000000000000000000e+00
0.000000000000000000e+00
0.000000000000000000e+00
0.000000000000000000e+00
0.000000000000000000e+00
0.000000000000000000e+00
0.000000000000000000e+00
0.000000000000000000e+00
0.000000000000000000e+00
0.000000000000000000e+00
0.000000000000000000e+00
0.000000000000000000e+00
0.000000000000000000e+00
0.000000000000000000e+00
0.000000000000000000e+00
0.000000000000000000e+00
0.000000000000000000e+00
0.000000000000000000e+00
0.000000000000000000e+00
0.000000000000000000e+00
0.000000000000000000e+00
0.000000000000000000e+00
0.000000000000000000e+00
0.000000000000000000e+00
0.000000000000000000e+00
0.000000000000000000e+00
0.000000000000000000e+00
0.000000000000000000e+00
0.000000000000000000e+00
0.000000000000000000e+00
0.000000000000000000e+00
0.000000000000000000e+00
0.000000000000000000e+00
0.000000000000000000e+00
0.000000000000000000e+00
0.000000000000000000e+00
0.000000000000000000e+00
0.000000000000000000e+00
0.000000000000000000e+00
0.000000000000000000e+00
0.000000000000000000e+00
0.000000000000000000e+00
0.000000000000000000e+00
0.000000000000000000e+00
0.000000000000000000e+00
0.000000000000000000e+00
0.000000000000000000e+00
0.000000000000000000e+00
0.000000000000000000e+00
0.000000000000000000e+00
0.000000000000000000e+00
0.000000000000000000e+00
0.000000000000000000e+00
0.000000000000000000e+00
0.000000000000000000e+00
0.000000000000000000e+00
0.000000000000000000e+00
0.000000000000000000e+00
0.000000000000000000e+00
0.000000000000000000e+00
0.000000000000000000e+00
0.000000000000000000e+00
0.000000000000000000e+00
0.000000000000000000e+00
0.000000000000000000e+00
0.000000000000000000e+00
0.000000000000000000e+00
0.000000000000000000e+00
0.000000000000000000e+00
0.000000000000000000e+00
0.000000000000000000e+00
0.000000000000000000e+00
0.000000000000000000e+00
0.000000000000000000e+00
0.000000000000000000e+00
0.000000000000000000e+00
0.000000000000000000e+00
0.000000000000000000e+00
0.000000000000000000e+00
0.000000000000000000e+00
0.000000000000000000e+00
0.000000000000000000e+00
0.000000000000000000e+00
0.000000000000000000e+00
0.000000000000000000e+00
0.000000000000000000e+00
0.000000000000000000e+00
0.000000000000000000e+00
0.000000000000000000e+00
0.000000000000000000e+00
0.000000000000000000e+00
0.000000000000000000e+00
0.000000000000000000e+00
0.000000000000000000e+00
0.000000000000000000e+00
0.000000000000000000e+00
0.000000000000000000e+00
0.000000000000000000e+00
0.000000000000000000e+00
0.000000000000000000e+00
0.000000000000000000e+00
0.000000000000000000e+00
0.000000000000000000e+00
0.000000000000000000e+00
0.000000000000000000e+00
0.000000000000000000e+00
0.000000000000000000e+00
0.000000000000000000e+00
0.000000000000000000e+00
0.000000000000000000e+00
0.000000000000000000e+00
0.000000000000000000e+00
0.000000000000000000e+00
0.000000000000000000e+00
0.000000000000000000e+00
0.000000000000000000e+00
0.000000000000000000e+00
0.000000000000000000e+00
0.000000000000000000e+00
0.000000000000000000e+00
0.000000000000000000e+00
0.000000000000000000e+00
0.000000000000000000e+00
0.000000000000000000e+00
0.000000000000000000e+00
0.000000000000000000e+00
0.000000000000000000e+00
0.000000000000000000e+00
0.000000000000000000e+00
0.000000000000000000e+00
0.000000000000000000e+00
0.000000000000000000e+00
0.000000000000000000e+00
0.000000000000000000e+00
0.000000000000000000e+00
0.000000000000000000e+00
0.000000000000000000e+00
0.000000000000000000e+00
0.000000000000000000e+00
0.000000000000000000e+00
0.000000000000000000e+00
0.000000000000000000e+00
0.000000000000000000e+00
0.000000000000000000e+00
0.000000000000000000e+00
0.000000000000000000e+00
0.000000000000000000e+00
0.000000000000000000e+00
0.000000000000000000e+00
0.000000000000000000e+00
0.000000000000000000e+00
0.000000000000000000e+00
0.000000000000000000e+00
0.000000000000000000e+00
0.000000000000000000e+00
0.000000000000000000e+00
0.000000000000000000e+00
0.000000000000000000e+00
0.000000000000000000e+00
0.000000000000000000e+00
0.000000000000000000e+00
0.000000000000000000e+00
0.000000000000000000e+00
0.000000000000000000e+00
0.000000000000000000e+00
0.000000000000000000e+00
0.000000000000000000e+00
0.000000000000000000e+00
0.000000000000000000e+00
0.000000000000000000e+00
0.000000000000000000e+00
0.000000000000000000e+00
0.000000000000000000e+00
0.000000000000000000e+00
0.000000000000000000e+00
0.000000000000000000e+00
0.000000000000000000e+00
0.000000000000000000e+00
0.000000000000000000e+00
0.000000000000000000e+00
0.000000000000000000e+00
0.000000000000000000e+00
0.000000000000000000e+00
0.000000000000000000e+00
0.000000000000000000e+00
0.000000000000000000e+00
0.000000000000000000e+00
0.000000000000000000e+00
0.000000000000000000e+00
0.000000000000000000e+00
0.000000000000000000e+00
0.000000000000000000e+00
0.000000000000000000e+00
0.000000000000000000e+00
0.000000000000000000e+00
0.000000000000000000e+00
0.000000000000000000e+00
0.000000000000000000e+00
0.000000000000000000e+00
0.000000000000000000e+00
0.000000000000000000e+00
0.000000000000000000e+00
0.000000000000000000e+00
0.000000000000000000e+00
0.000000000000000000e+00
0.000000000000000000e+00
0.000000000000000000e+00
0.000000000000000000e+00
0.000000000000000000e+00
0.000000000000000000e+00
0.000000000000000000e+00
0.000000000000000000e+00
0.000000000000000000e+00
0.000000000000000000e+00
0.000000000000000000e+00
0.000000000000000000e+00
0.000000000000000000e+00
0.000000000000000000e+00
0.000000000000000000e+00
0.000000000000000000e+00
0.000000000000000000e+00
0.000000000000000000e+00
0.000000000000000000e+00
0.000000000000000000e+00
0.000000000000000000e+00
0.000000000000000000e+00
0.000000000000000000e+00
0.000000000000000000e+00
0.000000000000000000e+00
0.000000000000000000e+00
0.000000000000000000e+00
0.000000000000000000e+00
0.000000000000000000e+00
0.000000000000000000e+00
0.000000000000000000e+00
0.000000000000000000e+00
0.000000000000000000e+00
0.000000000000000000e+00
0.000000000000000000e+00
0.000000000000000000e+00
0.000000000000000000e+00
0.000000000000000000e+00
0.000000000000000000e+00
0.000000000000000000e+00
0.000000000000000000e+00
0.000000000000000000e+00
0.000000000000000000e+00
0.000000000000000000e+00
0.000000000000000000e+00
0.000000000000000000e+00
0.000000000000000000e+00
0.000000000000000000e+00
0.000000000000000000e+00
0.000000000000000000e+00
0.000000000000000000e+00
0.000000000000000000e+00
0.000000000000000000e+00
0.000000000000000000e+00
0.000000000000000000e+00
0.000000000000000000e+00
0.000000000000000000e+00
0.000000000000000000e+00
0.000000000000000000e+00
0.000000000000000000e+00
0.000000000000000000e+00
0.000000000000000000e+00
0.000000000000000000e+00
0.000000000000000000e+00
0.000000000000000000e+00
0.000000000000000000e+00
0.000000000000000000e+00
0.000000000000000000e+00
0.000000000000000000e+00
0.000000000000000000e+00
0.000000000000000000e+00
0.000000000000000000e+00
0.000000000000000000e+00
0.000000000000000000e+00
0.000000000000000000e+00
0.000000000000000000e+00
0.000000000000000000e+00
0.000000000000000000e+00
0.000000000000000000e+00
0.000000000000000000e+00
0.000000000000000000e+00
0.000000000000000000e+00
0.000000000000000000e+00
0.000000000000000000e+00
0.000000000000000000e+00
0.000000000000000000e+00
0.000000000000000000e+00
0.000000000000000000e+00
0.000000000000000000e+00
0.000000000000000000e+00
0.000000000000000000e+00
0.000000000000000000e+00
0.000000000000000000e+00
0.000000000000000000e+00
0.000000000000000000e+00
0.000000000000000000e+00
0.000000000000000000e+00
0.000000000000000000e+00
0.000000000000000000e+00
0.000000000000000000e+00
0.000000000000000000e+00
0.000000000000000000e+00
0.000000000000000000e+00
0.000000000000000000e+00
0.000000000000000000e+00
0.000000000000000000e+00
0.000000000000000000e+00
0.000000000000000000e+00
0.000000000000000000e+00
0.000000000000000000e+00
0.000000000000000000e+00
0.000000000000000000e+00
0.000000000000000000e+00
0.000000000000000000e+00
0.000000000000000000e+00
0.000000000000000000e+00
0.000000000000000000e+00
0.000000000000000000e+00
0.000000000000000000e+00
0.000000000000000000e+00
0.000000000000000000e+00
0.000000000000000000e+00
0.000000000000000000e+00
0.000000000000000000e+00
0.000000000000000000e+00
0.000000000000000000e+00
0.000000000000000000e+00
0.000000000000000000e+00
0.000000000000000000e+00
0.000000000000000000e+00
0.000000000000000000e+00
0.000000000000000000e+00
0.000000000000000000e+00
0.000000000000000000e+00
0.000000000000000000e+00
0.000000000000000000e+00
0.000000000000000000e+00
0.000000000000000000e+00
0.000000000000000000e+00
0.000000000000000000e+00
0.000000000000000000e+00
0.000000000000000000e+00
0.000000000000000000e+00
0.000000000000000000e+00
0.000000000000000000e+00
0.000000000000000000e+00
0.000000000000000000e+00
0.000000000000000000e+00
0.000000000000000000e+00
0.000000000000000000e+00
0.000000000000000000e+00
0.000000000000000000e+00
0.000000000000000000e+00
0.000000000000000000e+00
0.000000000000000000e+00
0.000000000000000000e+00
0.000000000000000000e+00
0.000000000000000000e+00
0.000000000000000000e+00
0.000000000000000000e+00
0.000000000000000000e+00
0.000000000000000000e+00
0.000000000000000000e+00
0.000000000000000000e+00
0.000000000000000000e+00
0.000000000000000000e+00
0.000000000000000000e+00
0.000000000000000000e+00
0.000000000000000000e+00
0.000000000000000000e+00
0.000000000000000000e+00
0.000000000000000000e+00
0.000000000000000000e+00
0.000000000000000000e+00
0.000000000000000000e+00
0.000000000000000000e+00
0.000000000000000000e+00
0.000000000000000000e+00
0.000000000000000000e+00
0.000000000000000000e+00
0.000000000000000000e+00
0.000000000000000000e+00
0.000000000000000000e+00
0.000000000000000000e+00
0.000000000000000000e+00
0.000000000000000000e+00
0.000000000000000000e+00
0.000000000000000000e+00
0.000000000000000000e+00
0.000000000000000000e+00
0.000000000000000000e+00
0.000000000000000000e+00
0.000000000000000000e+00
0.000000000000000000e+00
0.000000000000000000e+00
0.000000000000000000e+00
0.000000000000000000e+00
0.000000000000000000e+00
0.000000000000000000e+00
0.000000000000000000e+00
0.000000000000000000e+00
0.000000000000000000e+00
0.000000000000000000e+00
0.000000000000000000e+00
0.000000000000000000e+00
0.000000000000000000e+00
0.000000000000000000e+00
0.000000000000000000e+00
0.000000000000000000e+00
0.000000000000000000e+00
0.000000000000000000e+00
0.000000000000000000e+00
0.000000000000000000e+00
0.000000000000000000e+00
0.000000000000000000e+00
0.000000000000000000e+00
0.000000000000000000e+00
0.000000000000000000e+00
0.000000000000000000e+00
0.000000000000000000e+00
0.000000000000000000e+00
0.000000000000000000e+00
0.000000000000000000e+00
0.000000000000000000e+00
0.000000000000000000e+00
0.000000000000000000e+00
0.000000000000000000e+00
0.000000000000000000e+00
0.000000000000000000e+00
0.000000000000000000e+00
0.000000000000000000e+00
0.000000000000000000e+00
0.000000000000000000e+00
0.000000000000000000e+00
0.000000000000000000e+00
0.000000000000000000e+00
0.000000000000000000e+00
0.000000000000000000e+00
0.000000000000000000e+00
0.000000000000000000e+00
0.000000000000000000e+00
0.000000000000000000e+00
0.000000000000000000e+00
0.000000000000000000e+00
0.000000000000000000e+00
0.000000000000000000e+00
0.000000000000000000e+00
0.000000000000000000e+00
0.000000000000000000e+00
0.000000000000000000e+00
0.000000000000000000e+00
0.000000000000000000e+00
0.000000000000000000e+00
0.000000000000000000e+00
0.000000000000000000e+00
0.000000000000000000e+00
0.000000000000000000e+00
0.000000000000000000e+00
0.000000000000000000e+00
0.000000000000000000e+00
0.000000000000000000e+00
0.000000000000000000e+00
0.000000000000000000e+00
0.000000000000000000e+00
0.000000000000000000e+00
0.000000000000000000e+00
0.000000000000000000e+00
0.000000000000000000e+00
0.000000000000000000e+00
0.000000000000000000e+00
0.000000000000000000e+00
0.000000000000000000e+00
0.000000000000000000e+00
0.000000000000000000e+00
0.000000000000000000e+00
0.000000000000000000e+00
0.000000000000000000e+00
0.000000000000000000e+00
0.000000000000000000e+00
0.000000000000000000e+00
0.000000000000000000e+00
0.000000000000000000e+00
0.000000000000000000e+00
0.000000000000000000e+00
0.000000000000000000e+00
0.000000000000000000e+00
0.000000000000000000e+00
0.000000000000000000e+00
0.000000000000000000e+00
0.000000000000000000e+00
0.000000000000000000e+00
0.000000000000000000e+00
0.000000000000000000e+00
0.000000000000000000e+00
0.000000000000000000e+00
0.000000000000000000e+00
0.000000000000000000e+00
0.000000000000000000e+00
0.000000000000000000e+00
0.000000000000000000e+00
0.000000000000000000e+00
0.000000000000000000e+00
0.000000000000000000e+00
0.000000000000000000e+00
0.000000000000000000e+00
0.000000000000000000e+00
0.000000000000000000e+00
0.000000000000000000e+00
0.000000000000000000e+00
0.000000000000000000e+00
0.000000000000000000e+00
0.000000000000000000e+00
0.000000000000000000e+00
0.000000000000000000e+00
0.000000000000000000e+00
0.000000000000000000e+00
0.000000000000000000e+00
0.000000000000000000e+00
0.000000000000000000e+00
0.000000000000000000e+00
0.000000000000000000e+00
0.000000000000000000e+00
0.000000000000000000e+00
0.000000000000000000e+00
0.000000000000000000e+00
0.000000000000000000e+00
0.000000000000000000e+00
0.000000000000000000e+00
0.000000000000000000e+00
0.000000000000000000e+00
0.000000000000000000e+00
0.000000000000000000e+00
0.000000000000000000e+00
0.000000000000000000e+00
0.000000000000000000e+00
0.000000000000000000e+00
0.000000000000000000e+00
0.000000000000000000e+00
0.000000000000000000e+00
0.000000000000000000e+00
0.000000000000000000e+00
0.000000000000000000e+00
0.000000000000000000e+00
0.000000000000000000e+00
0.000000000000000000e+00
0.000000000000000000e+00
0.000000000000000000e+00
0.000000000000000000e+00
0.000000000000000000e+00
0.000000000000000000e+00
0.000000000000000000e+00
0.000000000000000000e+00
0.000000000000000000e+00
0.000000000000000000e+00
0.000000000000000000e+00
0.000000000000000000e+00
0.000000000000000000e+00
0.000000000000000000e+00
0.000000000000000000e+00
0.000000000000000000e+00
0.000000000000000000e+00
0.000000000000000000e+00
0.000000000000000000e+00
0.000000000000000000e+00
0.000000000000000000e+00
0.000000000000000000e+00
0.000000000000000000e+00
0.000000000000000000e+00
0.000000000000000000e+00
0.000000000000000000e+00
0.000000000000000000e+00
0.000000000000000000e+00
0.000000000000000000e+00
0.000000000000000000e+00
0.000000000000000000e+00
0.000000000000000000e+00
0.000000000000000000e+00
0.000000000000000000e+00
0.000000000000000000e+00
0.000000000000000000e+00
0.000000000000000000e+00
0.000000000000000000e+00
0.000000000000000000e+00
0.000000000000000000e+00
0.000000000000000000e+00
0.000000000000000000e+00
0.000000000000000000e+00
0.000000000000000000e+00
0.000000000000000000e+00
0.000000000000000000e+00
0.000000000000000000e+00
0.000000000000000000e+00
0.000000000000000000e+00
0.000000000000000000e+00
0.000000000000000000e+00
0.000000000000000000e+00
0.000000000000000000e+00
0.000000000000000000e+00
0.000000000000000000e+00
0.000000000000000000e+00
0.000000000000000000e+00
0.000000000000000000e+00
0.000000000000000000e+00
0.000000000000000000e+00
0.000000000000000000e+00
0.000000000000000000e+00
0.000000000000000000e+00
0.000000000000000000e+00
0.000000000000000000e+00
0.000000000000000000e+00
0.000000000000000000e+00
0.000000000000000000e+00
0.000000000000000000e+00
0.000000000000000000e+00
0.000000000000000000e+00
0.000000000000000000e+00
0.000000000000000000e+00
0.000000000000000000e+00
0.000000000000000000e+00
0.000000000000000000e+00
0.000000000000000000e+00
0.000000000000000000e+00
0.000000000000000000e+00
0.000000000000000000e+00
0.000000000000000000e+00
0.000000000000000000e+00
0.000000000000000000e+00
0.000000000000000000e+00
0.000000000000000000e+00
0.000000000000000000e+00
0.000000000000000000e+00
0.000000000000000000e+00
0.000000000000000000e+00
0.000000000000000000e+00
0.000000000000000000e+00
0.000000000000000000e+00
0.000000000000000000e+00
0.000000000000000000e+00
0.000000000000000000e+00
0.000000000000000000e+00
0.000000000000000000e+00
0.000000000000000000e+00
0.000000000000000000e+00
0.000000000000000000e+00
0.000000000000000000e+00
0.000000000000000000e+00
0.000000000000000000e+00
0.000000000000000000e+00
0.000000000000000000e+00
0.000000000000000000e+00
0.000000000000000000e+00
0.000000000000000000e+00
0.000000000000000000e+00
0.000000000000000000e+00
0.000000000000000000e+00
0.000000000000000000e+00
0.000000000000000000e+00
0.000000000000000000e+00
0.000000000000000000e+00
0.000000000000000000e+00
0.000000000000000000e+00
0.000000000000000000e+00
0.000000000000000000e+00
0.000000000000000000e+00
0.000000000000000000e+00
0.000000000000000000e+00
0.000000000000000000e+00
0.000000000000000000e+00
0.000000000000000000e+00
0.000000000000000000e+00
0.000000000000000000e+00
0.000000000000000000e+00
0.000000000000000000e+00
0.000000000000000000e+00
0.000000000000000000e+00
0.000000000000000000e+00
0.000000000000000000e+00
0.000000000000000000e+00
0.000000000000000000e+00
0.000000000000000000e+00
0.000000000000000000e+00
0.000000000000000000e+00
0.000000000000000000e+00
0.000000000000000000e+00
0.000000000000000000e+00
0.000000000000000000e+00
0.000000000000000000e+00
0.000000000000000000e+00
0.000000000000000000e+00
0.000000000000000000e+00
0.000000000000000000e+00
0.000000000000000000e+00
0.000000000000000000e+00
0.000000000000000000e+00
0.000000000000000000e+00
0.000000000000000000e+00
0.000000000000000000e+00
0.000000000000000000e+00
0.000000000000000000e+00
0.000000000000000000e+00
0.000000000000000000e+00
0.000000000000000000e+00
0.000000000000000000e+00
0.000000000000000000e+00
0.000000000000000000e+00
0.000000000000000000e+00
0.000000000000000000e+00
0.000000000000000000e+00
0.000000000000000000e+00
0.000000000000000000e+00
0.000000000000000000e+00
0.000000000000000000e+00
0.000000000000000000e+00
0.000000000000000000e+00
0.000000000000000000e+00
0.000000000000000000e+00
0.000000000000000000e+00
0.000000000000000000e+00
0.000000000000000000e+00
0.000000000000000000e+00
0.000000000000000000e+00
0.000000000000000000e+00
0.000000000000000000e+00
0.000000000000000000e+00
0.000000000000000000e+00
0.000000000000000000e+00
0.000000000000000000e+00
0.000000000000000000e+00
0.000000000000000000e+00
0.000000000000000000e+00
0.000000000000000000e+00
0.000000000000000000e+00
0.000000000000000000e+00
0.000000000000000000e+00
0.000000000000000000e+00
0.000000000000000000e+00
0.000000000000000000e+00
0.000000000000000000e+00
